212
5 5 8 17 18 11
5 9 8 17 18 11
5 14 21 4 3 2
5 14 21 11 3 2
5 14 9 11 3 2
5 14 5 8 4 18
5 25 14 21 11 2
5 25 14 21 5 11
5 25 9 17 11 2
5 25 9 8 17 2
5 25 9 8 17 11
5 25 14 9 11 2
5 25 5 8 18 11
5 25 14 5 18 11
5 25 14 5 8 18
5 25 21 8 4 2
5 25 14 8 4 2
5 25 14 21 4 2
5 25 21 5 8 4
5 25 14 5 8 4
5 25 14 21 5 4
5 25 9 8 18 11
5 25 14 9 18 11
5 1 17 11 3 2
5 1 9 11 3 2
5 1 9 17 11 2
5 12 5 8 17 16
5 12 5 8 17 18
5 12 19 0 22 16
5 12 19 0 22 18
5 12 5 8 4 16
5 12 0 8 4 16
5 12 0 5 4 16
5 15 14 0 22 4
5 15 0 22 4 3
5 15 0 8 4 3
5 15 14 22 4 3
5 15 14 8 4 18
5 15 0 22 3 16
5 15 8 4 3 2
5 15 14 4 3 2
5 15 14 8 4 2
5 15 12 0 22 18
5 15 12 0 8 18
5 15 12 0 22 16
5 15 12 0 8 16
5 15 14 9 3 2
5 15 25 9 8 2
5 15 25 14 8 2
5 15 25 14 9 2
5 15 12 8 17 18
5 15 9 8 17 18
5 15 25 9 8 18
5 15 25 14 8 18
5 15 25 14 9 18
5 15 12 19 22 18
5 15 9 8 17 2
5 6 14 9 22 18
5 6 0 22 3 24
5 6 14 9 11 3
5 6 14 9 22 3
5 6 0 21 3 24
5 6 0 21 4 24
5 6 0 21 4 3
5 6 1 9 22 3
5 6 1 9 11 3
5 20 19 0 22 16
5 20 19 0 22 24
5 20 1 19 17 16
5 20 6 22 3 24
5 20 6 1 3 24
5 20 6 1 22 3
5 20 6 19 22 24
5 20 6 1 19 22
5 20 12 19 0 16
5 20 12 19 17 16
5 20 12 0 5 24
5 23 1 9 17 2
5 23 15 9 17 2
5 23 1 17 3 2
5 23 1 9 3 2
5 23 15 9 3 2
5 23 1 19 9 17
5 23 1 9 22 3
5 23 19 9 17 18
5 23 15 9 17 18
5 23 8 17 16 2
5 23 15 8 16 2
5 23 15 8 17 2
5 23 15 22 3 16
5 23 14 9 22 3
5 23 15 14 22 3
5 23 15 14 9 3
5 23 12 19 17 18
5 23 15 12 17 18
5 23 15 12 19 18
5 23 1 19 17 16
5 23 12 19 17 16
5 23 19 9 22 18
5 23 1 19 9 22
5 23 15 19 22 18
5 23 12 8 17 16
5 23 15 12 8 16
5 23 15 12 8 17
5 23 1 19 22 16
5 23 14 9 22 18
5 23 15 14 22 18
5 23 15 14 9 18
5 23 12 19 22 16
5 23 15 12 22 16
5 23 15 12 19 22
5 10 14 0 22 4
5 10 0 22 4 3
5 10 6 0 4 3
5 10 6 0 22 3
5 10 14 22 4 3
5 10 6 14 22 3
5 10 6 14 22 18
5 10 14 21 4 3
5 10 6 21 4 3
5 10 6 14 21 3
5 10 15 14 4 18
5 10 15 14 0 4
5 10 14 5 4 18
5 10 15 0 22 18
5 10 15 14 22 18
5 10 15 14 0 22
5 10 19 0 22 18
5 10 6 19 22 18
5 10 15 8 4 18
5 10 15 0 8 18
5 10 15 0 8 4
5 10 12 0 5 4
5 10 19 0 22 24
5 10 6 0 22 24
5 10 6 19 22 24
5 10 12 0 8 18
5 10 12 0 8 4
5 10 5 8 4 18
5 10 12 5 8 18
5 10 12 5 8 4
5 10 20 12 0 5
5 10 20 0 5 24
5 10 20 19 0 24
5 10 12 19 0 18
5 10 20 12 19 18
5 10 20 12 19 0
5 7 10 6 14 21
5 7 14 21 5 11
5 7 14 21 5 4
5 7 10 14 5 4
5 7 10 14 21 4
5 7 10 6 21 4
5 7 10 14 5 18
5 7 10 6 14 18
5 7 14 21 11 3
5 7 6 21 11 3
5 7 6 14 11 3
5 7 6 14 21 3
5 7 6 21 4 24
5 7 6 14 9 11
5 7 0 5 4 24
5 7 10 0 5 24
5 7 10 0 5 4
5 7 6 0 4 24
5 7 10 6 0 24
5 7 10 6 0 4
5 13 10 20 5 24
5 13 7 10 5 24
5 13 10 20 19 24
5 13 7 10 5 18
5 13 7 6 11 24
5 13 20 6 19 24
5 13 10 6 19 24
5 13 7 10 6 24
5 13 10 20 19 18
5 13 10 12 5 18
5 13 10 20 12 18
5 13 10 20 12 5
5 13 5 17 18 11
5 13 10 6 19 18
5 13 7 10 6 18
5 13 12 5 17 18
5 13 1 17 11 24
5 13 6 1 11 24
5 13 20 1 17 24
5 13 20 6 1 24
5 13 7 6 9 11
5 13 9 17 18 11
5 13 14 5 18 11
5 13 7 14 5 11
5 13 7 14 5 18
5 13 12 19 17 18
5 13 20 12 19 18
5 13 20 12 19 17
5 13 19 9 17 18
5 13 1 9 17 11
5 13 6 1 9 11
5 13 20 1 19 17
5 13 20 6 1 19
5 13 14 9 18 11
5 13 7 14 9 11
5 13 1 19 9 17
5 13 19 9 22 18
5 13 6 9 22 18
5 13 6 19 22 18
5 13 6 14 9 18
5 13 7 6 14 18
5 13 7 6 14 9
5 13 1 19 9 22
5 13 6 1 9 22
5 13 6 1 19 22
