331
5 32 20 2 11 10
5 32 28 20 11 10
5 32 28 20 2 11
5 1 18 2 8 11
5 1 18 2 15 8
5 1 32 28 2 11
5 1 12 18 15 8
5 1 32 28 11 10
5 1 32 28 8 10
5 1 18 17 8 11
5 1 0 17 8 11
5 1 28 20 11 10
5 1 0 20 11 10
5 14 28 20 2 11
5 14 32 28 20 2
5 14 31 12 13 15
5 29 14 31 12 13
5 29 14 12 13 15
5 29 32 28 20 10
5 29 14 32 28 20
5 29 14 31 12 15
5 9 0 22 20 11
5 9 14 20 2 11
5 9 14 28 20 11
5 9 1 18 2 11
5 9 1 18 2 15
5 9 18 2 15 5
5 9 1 28 2 11
5 9 14 28 2 11
5 9 1 28 2 15
5 9 14 28 2 15
5 23 31 12 13 15
5 23 18 2 15 5
5 23 14 2 15 5
5 16 1 32 28 8
5 16 1 32 28 2
5 16 14 32 28 2
5 16 14 28 2 15
5 16 1 2 15 8
5 16 1 28 15 8
5 16 1 28 2 15
5 16 23 14 2 15
5 16 23 14 2 5
5 16 18 2 15 8
5 16 23 18 2 15
5 16 12 18 13 8
5 16 12 18 15 8
5 30 1 18 17 8
5 30 1 12 18 8
5 30 12 18 13 17
5 30 1 0 17 8
5 30 1 18 17 11
5 30 9 1 18 11
5 30 1 12 18 15
5 30 9 1 18 15
5 30 1 0 17 11
5 30 9 1 0 11
5 30 23 12 18 15
5 30 0 22 17 11
5 30 9 0 22 11
5 30 9 0 22 20
5 30 9 18 15 5
5 30 23 18 15 5
5 6 14 2 15 5
5 6 9 2 15 5
5 6 9 14 2 15
5 6 9 14 20 2
5 6 30 9 15 5
5 6 22 20 2 11
5 6 9 20 2 11
5 6 9 22 20 11
5 4 16 12 13 8
5 4 16 32 28 8
5 4 29 12 28 13
5 4 12 28 15 8
5 4 16 28 15 8
5 4 16 12 15 8
5 4 29 13 8 10
5 4 29 32 13 10
5 4 16 32 8 10
5 4 16 32 13 10
5 4 29 32 31 13
5 4 16 32 31 13
5 4 32 28 8 10
5 4 29 28 8 10
5 4 29 32 28 10
5 4 29 14 32 28
5 4 16 14 32 28
5 4 29 12 13 15
5 4 29 12 28 15
5 4 29 14 31 13
5 4 29 14 32 31
5 4 29 14 28 15
5 4 16 14 28 15
5 4 23 12 13 15
5 4 16 23 12 15
5 4 16 23 12 13
5 4 29 14 13 15
5 4 16 23 31 13
5 4 16 23 14 31
5 4 16 23 14 15
5 4 14 31 13 15
5 4 23 31 13 15
5 4 23 14 31 15
5 27 0 13 17 8
5 27 30 0 17 8
5 27 18 13 17 8
5 27 30 18 17 8
5 27 30 18 13 17
5 27 30 12 13 17
5 27 12 18 13 8
5 27 30 12 18 8
5 27 30 12 18 13
5 27 29 0 12 13
5 27 0 13 8 10
5 27 29 13 8 10
5 27 29 0 13 10
5 27 30 1 0 8
5 27 4 29 13 8
5 27 4 29 28 8
5 27 4 29 28 13
5 27 29 28 8 10
5 27 1 28 8 10
5 27 1 0 8 10
5 27 1 28 20 10
5 27 1 0 20 10
5 27 30 9 0 20
5 27 30 9 1 0
5 27 1 0 20 11
5 27 9 0 20 11
5 27 9 1 20 11
5 27 9 1 0 11
5 26 30 23 15 5
5 26 6 23 15 5
5 26 6 30 15 5
5 26 30 23 18 5
5 26 30 23 12 15
5 26 6 23 12 15
5 26 6 30 12 15
5 26 30 9 18 5
5 26 6 30 9 5
5 26 9 18 2 5
5 26 6 9 2 5
5 26 30 12 18 17
5 26 30 23 12 18
5 26 9 18 2 11
5 26 6 9 2 11
5 26 30 18 17 11
5 26 30 9 18 11
5 26 30 22 17 11
5 26 30 9 22 11
5 26 6 9 22 11
5 3 6 30 9 15
5 3 30 9 20 15
5 3 30 9 22 20
5 3 6 9 22 20
5 3 6 30 12 15
5 3 26 30 9 22
5 3 26 6 9 22
5 3 26 6 30 9
5 3 6 23 12 15
5 3 29 12 20 15
5 3 26 30 22 17
5 3 29 0 12 20
5 3 30 0 22 20
5 3 27 30 0 20
5 3 29 31 12 13
5 3 0 22 20 10
5 3 29 0 20 10
5 3 29 0 12 13
5 3 26 6 23 5
5 3 26 21 23 5
5 3 0 22 13 10
5 3 29 0 13 10
5 3 21 23 31 5
5 3 32 31 13 10
5 3 29 32 13 10
5 3 29 32 31 13
5 19 23 18 2 5
5 19 26 18 2 5
5 19 16 23 2 5
5 19 26 23 18 5
5 19 26 21 23 5
5 19 16 23 18 2
5 19 16 23 31 5
5 19 21 23 31 5
5 19 26 23 12 18
5 19 16 23 31 13
5 19 26 12 18 17
5 19 16 12 18 13
5 19 16 23 12 13
5 19 23 31 12 13
5 19 12 18 13 17
5 19 23 12 18 15
5 19 16 12 18 15
5 19 16 23 18 15
5 19 16 23 12 15
5 24 27 12 13 8
5 24 4 12 13 8
5 24 4 12 28 8
5 24 4 12 28 13
5 24 27 4 13 8
5 24 27 4 28 8
5 24 27 4 28 13
5 24 27 1 28 8
5 24 29 12 28 13
5 24 27 29 28 13
5 24 27 29 12 13
5 24 12 28 15 8
5 24 1 28 15 8
5 24 1 12 15 8
5 24 30 1 12 8
5 24 27 30 12 8
5 24 27 30 1 8
5 24 29 12 28 15
5 24 30 1 12 15
5 24 9 1 28 15
5 24 29 12 20 15
5 24 30 9 1 15
5 24 27 30 9 1
5 24 9 14 28 15
5 24 27 1 28 20
5 24 27 9 1 20
5 24 29 14 20 15
5 24 29 14 28 15
5 24 29 14 28 20
5 24 29 28 20 10
5 24 27 28 20 10
5 24 27 29 28 10
5 24 29 0 12 20
5 24 27 29 0 12
5 24 3 12 20 15
5 24 3 30 20 15
5 24 3 30 12 15
5 24 30 9 20 15
5 24 27 30 9 20
5 24 3 27 30 20
5 24 3 27 30 12
5 24 9 14 20 15
5 24 9 14 28 20
5 24 1 28 20 11
5 24 9 28 20 11
5 24 9 1 20 11
5 24 9 1 28 11
5 24 29 0 20 10
5 24 27 0 20 10
5 24 27 29 0 10
5 24 3 0 12 20
5 24 3 27 0 20
5 24 3 27 0 12
5 7 3 9 20 15
5 7 3 6 9 15
5 7 3 6 9 20
5 7 9 14 20 15
5 7 6 9 14 15
5 7 6 9 14 20
5 7 29 14 20 15
5 7 3 29 20 15
5 7 6 14 15 5
5 7 3 6 22 20
5 7 29 14 31 15
5 7 29 14 32 20
5 7 23 14 15 5
5 7 6 23 15 5
5 7 3 6 23 5
5 7 3 6 23 15
5 7 6 14 2 5
5 7 6 22 20 2
5 7 6 14 20 2
5 7 23 14 31 15
5 7 29 31 12 15
5 7 3 29 12 15
5 7 3 29 31 12
5 7 29 14 32 31
5 7 3 29 32 31
5 7 29 32 20 10
5 7 3 29 20 10
5 7 3 29 32 10
5 7 3 23 31 5
5 7 14 32 20 2
5 7 32 22 20 10
5 7 3 22 20 10
5 7 3 32 22 10
5 7 23 31 12 15
5 7 3 23 12 15
5 7 3 23 31 12
5 7 16 23 31 5
5 7 16 23 14 5
5 7 16 23 14 31
5 7 16 14 2 5
5 7 16 14 32 2
5 7 4 14 32 31
5 7 4 16 32 31
5 7 4 16 14 31
5 7 4 16 14 32
5 25 3 26 21 23
5 25 19 26 23 12
5 25 19 26 21 23
5 25 3 23 31 12
5 25 3 21 23 31
5 25 26 6 23 12
5 25 3 6 23 12
5 25 3 26 6 23
5 25 19 23 31 12
5 25 19 21 23 31
5 25 19 26 12 17
5 25 19 26 21 17
5 25 3 31 12 13
5 25 26 6 30 12
5 25 3 6 30 12
5 25 3 26 6 30
5 25 26 30 12 17
5 25 3 26 30 17
5 25 19 31 12 13
5 25 19 21 31 13
5 25 19 12 13 17
5 25 19 21 13 17
5 25 3 0 12 13
5 25 27 12 13 17
5 25 27 0 13 17
5 25 27 0 12 13
5 25 0 22 13 17
5 25 3 0 22 13
5 25 27 30 12 17
5 25 27 30 0 17
5 25 30 0 22 17
5 25 3 30 22 17
5 25 3 30 0 22
5 25 3 27 0 12
5 25 3 27 30 12
5 25 3 27 30 0
