322
5 2 5 25 16 23
5 24 2 17 23 21
5 6 5 25 16 18
5 6 25 16 18 28
5 6 24 2 25 23
5 32 19 5 15 18
5 32 12 17 8 21
5 32 19 5 8 18
5 32 19 12 8 18
5 29 6 24 2 4
5 29 6 24 2 23
5 29 2 5 25 23
5 29 6 5 25 23
5 29 6 2 25 23
5 3 2 17 22 21
5 3 24 2 17 21
5 3 19 12 17 28
5 30 24 2 17 23
5 30 24 2 25 23
5 30 24 13 25 23
5 30 3 24 2 17
5 30 3 24 17 28
5 30 3 2 17 22
5 30 24 2 25 22
5 30 3 24 2 22
5 1 3 24 17 28
5 1 3 19 17 28
5 1 3 19 17 15
5 26 2 5 16 23
5 26 29 2 5 23
5 26 32 5 8 21
5 10 32 5 16 18
5 10 5 25 16 18
5 10 13 5 25 18
5 10 32 12 8 18
5 10 13 5 8 18
5 10 32 5 8 18
5 10 32 2 16 22
5 10 5 25 16 23
5 10 13 5 25 23
5 10 13 5 8 23
5 10 26 5 16 23
5 10 26 32 5 16
5 10 26 32 2 22
5 10 26 2 16 23
5 10 26 32 2 16
5 10 26 5 8 23
5 10 26 32 5 8
5 10 30 17 8 23
5 10 30 13 8 23
5 10 30 13 17 8
5 10 17 8 23 21
5 10 26 8 23 21
5 10 26 32 8 21
5 11 29 2 15 21
5 11 3 2 22 21
5 11 3 2 15 21
5 27 29 6 2 25
5 27 6 25 16 4
5 27 2 5 25 16
5 27 29 2 5 25
5 27 6 5 25 16
5 27 29 6 5 16
5 27 29 6 5 25
5 27 29 6 2 4
5 27 6 24 25 4
5 27 6 24 2 4
5 27 6 24 2 25
5 27 26 2 5 16
5 27 26 29 2 5
5 27 29 24 2 4
5 27 32 2 16 22
5 27 26 32 2 16
5 27 26 29 2 21
5 27 11 29 2 21
5 27 3 24 2 22
5 27 11 3 2 22
5 27 11 3 24 2
5 27 26 32 2 22
5 27 26 2 22 21
5 27 11 2 22 21
5 27 11 26 22 21
5 20 32 19 5 15
5 20 32 5 8 21
5 20 32 19 5 8
5 20 3 24 17 21
5 20 3 19 17 15
5 20 12 17 8 21
5 20 19 12 17 8
5 20 26 32 5 21
5 20 32 19 15 22
5 20 32 12 8 21
5 20 32 19 12 8
5 20 11 29 15 21
5 20 24 2 15 21
5 20 3 2 15 21
5 20 3 24 2 21
5 20 3 24 2 15
5 20 3 19 15 22
5 20 3 17 22 21
5 20 32 19 12 22
5 20 11 3 22 21
5 20 11 3 15 21
5 20 11 3 15 22
5 20 3 12 17 22
5 20 3 19 12 22
5 20 3 19 12 17
5 20 32 17 22 21
5 20 32 12 17 21
5 20 32 12 17 22
5 9 10 32 16 18
5 9 10 32 16 22
5 9 10 32 12 18
5 9 25 16 18 28
5 9 10 25 16 18
5 9 32 12 17 22
5 9 2 25 16 22
5 9 10 2 16 22
5 9 32 17 22 21
5 9 32 12 17 8
5 9 10 32 12 8
5 9 2 25 16 23
5 9 10 25 16 23
5 9 10 2 16 23
5 9 10 30 17 23
5 9 26 32 22 21
5 9 10 26 32 21
5 9 10 26 32 22
5 9 32 17 8 21
5 9 10 17 8 21
5 9 10 32 8 21
5 9 3 12 22 28
5 9 3 12 17 28
5 9 3 12 17 22
5 9 30 3 17 28
5 9 30 3 17 22
5 9 30 13 25 23
5 9 10 13 25 23
5 9 10 30 13 23
5 9 3 24 25 28
5 9 30 24 25 28
5 9 30 3 24 28
5 9 3 24 25 22
5 9 30 24 25 22
5 9 30 3 24 22
5 9 30 2 25 23
5 9 30 2 25 22
5 9 30 2 17 23
5 9 30 2 17 22
5 9 2 17 22 21
5 9 26 2 22 21
5 9 10 17 23 21
5 9 10 26 23 21
5 9 10 26 2 22
5 9 10 26 2 23
5 9 2 17 23 21
5 9 26 2 23 21
5 0 11 29 15 4
5 0 11 1 15 4
5 0 27 29 6 4
5 0 27 11 29 4
5 0 1 29 15 4
5 0 11 6 16 4
5 0 27 6 16 4
5 0 27 11 16 4
5 0 27 29 6 16
5 0 29 6 5 16
5 0 27 11 32 16
5 0 32 5 15 18
5 0 1 5 15 18
5 0 27 29 5 16
5 0 20 32 5 15
5 0 20 26 32 5
5 0 27 26 29 5
5 0 20 11 29 15
5 0 32 19 15 18
5 0 1 19 15 18
5 0 1 32 19 18
5 0 1 32 19 15
5 0 32 5 16 18
5 0 6 5 16 18
5 0 1 6 16 18
5 0 1 6 5 18
5 0 26 32 5 16
5 0 27 26 5 16
5 0 27 26 32 16
5 0 27 26 32 22
5 0 27 11 32 22
5 0 27 11 26 22
5 0 27 26 29 21
5 0 27 11 29 21
5 0 27 11 26 21
5 0 11 32 15 22
5 0 20 32 15 22
5 0 20 11 15 22
5 0 20 26 32 21
5 0 20 26 29 21
5 0 20 11 29 21
5 0 26 32 22 21
5 0 11 26 22 21
5 0 20 32 22 21
5 0 20 11 22 21
5 7 3 24 2 15
5 7 11 3 2 15
5 7 11 3 24 2
5 7 11 29 2 15
5 7 1 3 24 15
5 7 11 1 3 15
5 7 24 2 15 21
5 7 11 29 15 4
5 7 27 29 24 2
5 7 27 11 24 2
5 7 27 11 29 2
5 7 11 1 15 4
5 7 20 24 15 21
5 7 27 29 24 4
5 7 27 11 24 4
5 7 27 11 29 4
5 7 1 3 24 28
5 7 6 24 25 4
5 7 6 24 25 28
5 14 10 13 25 18
5 14 9 10 25 18
5 14 9 10 13 25
5 14 9 25 18 28
5 14 9 10 12 18
5 14 9 12 18 28
5 14 9 30 25 28
5 14 9 30 13 25
5 14 10 12 8 18
5 14 10 13 8 18
5 14 9 10 12 8
5 14 9 12 17 28
5 14 24 13 25 28
5 14 30 24 25 28
5 14 30 24 13 28
5 14 30 24 13 25
5 14 9 30 17 28
5 14 9 12 17 8
5 14 10 13 17 8
5 14 9 10 17 8
5 14 12 17 8 28
5 14 30 13 17 8
5 14 10 30 13 17
5 14 9 10 30 17
5 14 9 10 30 13
5 31 7 1 6 4
5 31 7 11 1 4
5 31 0 1 6 4
5 31 0 11 6 4
5 31 0 11 1 4
5 31 11 6 16 4
5 31 0 1 6 16
5 31 0 11 6 16
5 31 6 25 16 4
5 31 7 6 25 4
5 31 7 1 6 28
5 31 0 11 32 16
5 31 6 25 16 28
5 31 7 6 25 28
5 31 27 25 16 4
5 31 27 11 16 4
5 31 7 24 25 4
5 31 7 11 24 4
5 31 6 16 18 28
5 31 1 6 18 28
5 31 1 6 16 18
5 31 7 11 1 3
5 31 0 32 16 18
5 31 0 1 16 18
5 31 0 1 32 18
5 31 0 1 32 15
5 31 0 11 32 15
5 31 0 11 1 15
5 31 27 24 25 4
5 31 27 11 24 4
5 31 7 11 3 24
5 31 7 1 3 28
5 31 27 32 16 22
5 31 27 11 32 22
5 31 27 11 32 16
5 31 1 32 19 15
5 31 9 25 16 28
5 31 9 3 25 28
5 31 3 24 25 28
5 31 7 24 25 28
5 31 7 3 24 28
5 31 2 25 16 22
5 31 27 2 16 22
5 31 27 2 25 16
5 31 3 24 25 22
5 31 9 25 16 22
5 31 9 3 25 22
5 31 1 19 18 28
5 31 1 32 19 18
5 31 9 3 22 28
5 31 1 3 19 28
5 31 32 19 15 22
5 31 11 32 15 22
5 31 3 19 15 22
5 31 11 3 15 22
5 31 1 3 19 15
5 31 11 1 3 15
5 31 24 2 25 22
5 31 27 24 2 22
5 31 27 24 2 25
5 31 27 3 24 22
5 31 27 11 3 22
5 31 27 11 3 24
5 31 9 16 18 28
5 31 9 32 16 18
5 31 9 32 16 22
5 31 19 12 18 28
5 31 32 19 12 18
5 31 32 19 12 22
5 31 3 12 22 28
5 31 3 19 12 28
5 31 3 19 12 22
5 31 9 12 18 28
5 31 9 32 12 18
5 31 9 12 22 28
5 31 9 32 12 22
