98
5 2 13 15 4 0
5 2 13 11 4 0
5 9 16 11 4 0
5 9 13 11 4 0
5 9 16 15 4 0
5 9 16 15 4 8
5 9 10 16 11 4
5 9 13 15 4 0
5 9 13 11 15 0
5 9 2 13 11 4
5 9 2 15 4 8
5 9 2 13 15 8
5 9 2 13 15 4
5 1 9 11 15 0
5 1 9 11 15 8
5 1 9 16 15 0
5 1 9 16 15 8
5 1 9 16 11 0
5 1 9 10 16 8
5 1 9 10 16 11
5 1 16 11 4 0
5 1 10 16 4 0
5 1 10 16 11 4
5 17 2 13 15 8
5 3 9 2 4 8
5 3 9 10 11 18
5 3 9 2 11 4
5 3 9 10 11 4
5 3 9 10 16 4
5 3 9 13 8 18
5 3 9 2 13 8
5 3 2 13 11 18
5 3 9 13 11 18
5 3 9 2 13 11
5 3 17 13 8 18
5 3 17 2 13 8
5 5 1 11 4 0
5 5 1 10 4 0
5 5 1 10 11 4
5 5 9 10 8 18
5 5 9 10 11 18
5 5 1 9 11 8
5 5 1 9 10 8
5 5 1 9 10 11
5 14 17 13 15 8
5 14 9 11 15 8
5 14 9 13 15 8
5 14 9 13 11 15
5 14 17 13 8 18
5 14 9 13 8 18
5 14 9 13 11 18
5 14 5 9 8 18
5 14 5 9 11 18
5 14 5 9 11 8
5 14 1 11 15 8
5 14 5 1 11 8
5 14 5 1 11 15
5 12 3 2 13 18
5 12 3 17 13 18
5 12 3 17 2 13
5 12 3 2 11 18
5 12 2 13 11 18
5 6 3 10 11 4
5 6 5 10 11 4
5 6 3 2 11 4
5 6 5 10 4 0
5 6 2 11 4 0
5 6 5 11 4 0
5 6 12 3 2 11
5 6 3 10 11 18
5 6 12 3 11 18
5 6 5 10 11 18
5 6 2 13 11 0
5 6 12 2 13 11
5 7 6 13 11 0
5 7 6 5 11 0
5 7 13 11 15 0
5 7 6 12 13 11
5 7 1 11 15 0
5 7 5 1 15 0
5 7 5 1 11 0
5 7 5 1 11 15
5 7 17 13 15 0
5 7 14 13 11 15
5 7 14 5 11 15
5 7 6 2 13 0
5 7 12 13 11 18
5 7 6 5 11 18
5 7 6 12 11 18
5 7 14 17 13 15
5 7 14 5 17 15
5 7 12 17 2 13
5 7 6 12 2 13
5 7 12 17 13 18
5 7 14 13 11 18
5 7 14 17 13 18
5 7 14 5 11 18
5 7 14 5 17 18
