316
5 7 12 8 5 3
5 7 12 8 5 31
5 7 6 20 21 5
5 7 6 20 19 31
5 7 6 20 19 28
5 2 11 12 0 1
5 15 7 20 21 3
5 15 23 2 0 1
5 22 23 11 0 1
5 14 15 20 21 3
5 30 0 32 27 1
5 30 23 0 27 1
5 30 22 0 32 1
5 30 22 23 0 1
5 30 22 23 11 1
5 30 22 23 11 13
5 10 6 28 21 5
5 10 11 8 5 31
5 10 11 12 8 5
5 10 22 11 5 31
5 10 11 12 5 1
5 10 15 12 21 5
5 10 30 22 13 31
5 10 30 22 11 13
5 10 30 22 11 1
5 10 30 23 11 1
5 10 30 23 11 13
5 10 30 28 32 27
5 10 6 28 32 31
5 10 30 22 32 31
5 10 30 23 27 1
5 10 30 32 27 1
5 10 30 22 32 1
5 17 10 8 13 31
5 17 10 11 8 31
5 17 10 11 8 13
5 17 10 22 13 31
5 17 10 22 11 31
5 17 10 22 11 13
5 16 19 28 32 27
5 16 14 19 32 27
5 16 14 19 28 27
5 16 19 28 32 31
5 16 30 28 32 31
5 16 30 19 32 31
5 16 30 28 32 27
5 16 7 19 13 31
5 16 7 20 19 28
5 16 14 20 19 28
5 16 14 7 20 19
5 16 6 19 28 31
5 16 7 6 19 31
5 16 7 6 19 28
5 16 14 15 7 20
5 4 10 11 12 8
5 4 2 11 12 8
5 4 10 11 12 1
5 4 10 15 12 1
5 4 10 11 8 13
5 4 10 23 11 13
5 4 2 12 8 3
5 4 15 12 8 3
5 4 15 2 12 3
5 4 2 11 12 1
5 4 15 2 12 1
5 4 10 23 11 1
5 4 10 15 23 1
5 4 17 11 8 13
5 4 17 2 8 3
5 4 17 15 8 3
5 4 2 11 0 8
5 4 15 23 2 1
5 4 22 23 11 13
5 4 17 22 11 13
5 4 17 2 0 8
5 4 2 11 0 1
5 4 23 11 0 1
5 4 23 2 0 1
5 25 10 15 28 21
5 25 10 6 28 21
5 25 10 6 21 5
5 25 4 10 8 13
5 25 10 15 21 5
5 25 16 7 6 28
5 25 15 7 20 21
5 25 16 15 7 20
5 25 10 6 5 31
5 25 4 17 8 13
5 25 4 17 15 8
5 25 10 15 12 5
5 25 4 10 15 12
5 25 16 7 13 31
5 25 16 7 6 31
5 25 6 20 28 21
5 25 7 6 20 21
5 25 7 6 20 28
5 25 16 7 20 28
5 25 14 15 20 21
5 25 16 14 15 21
5 25 16 14 15 20
5 25 7 6 21 5
5 25 10 8 5 31
5 25 10 8 13 31
5 25 15 12 21 5
5 25 4 15 12 8
5 25 10 12 8 5
5 25 4 10 12 8
5 25 17 7 13 31
5 25 15 7 21 3
5 25 17 7 8 3
5 25 17 15 8 3
5 25 17 15 7 3
5 25 17 8 13 31
5 25 7 21 5 3
5 25 7 8 5 3
5 25 7 8 5 31
5 25 7 6 5 31
5 25 12 21 5 3
5 25 12 8 5 3
5 25 15 12 21 3
5 25 15 12 8 3
5 25 17 7 8 31
5 26 10 12 21 5
5 26 10 28 21 5
5 26 10 15 12 21
5 26 10 15 28 21
5 26 10 15 12 1
5 26 14 15 28 21
5 26 15 2 12 1
5 26 10 23 27 1
5 26 15 12 21 3
5 26 15 2 12 3
5 26 14 20 28 21
5 26 15 2 0 1
5 26 23 0 27 1
5 26 15 23 0 1
5 26 14 15 2 0
5 26 14 15 21 3
5 26 14 15 2 3
5 26 14 23 0 27
5 26 14 15 23 0
5 18 16 14 7 19
5 18 16 7 19 13
5 18 4 17 23 13
5 18 7 19 13 31
5 18 17 7 13 31
5 18 17 7 19 31
5 18 14 7 20 19
5 18 4 23 2 0
5 18 16 14 15 23
5 18 16 14 15 7
5 18 16 15 23 13
5 18 4 15 23 13
5 18 4 17 2 0
5 18 14 0 20 3
5 18 15 23 2 0
5 18 14 15 2 0
5 18 14 15 23 0
5 18 4 15 23 2
5 18 14 2 0 3
5 18 17 2 0 3
5 18 17 15 7 3
5 18 25 17 7 13
5 18 25 17 15 7
5 18 25 16 7 13
5 18 25 16 15 13
5 18 25 16 15 7
5 18 25 4 15 13
5 18 25 4 17 13
5 18 25 4 17 15
5 18 15 7 20 3
5 18 14 15 20 3
5 18 14 15 7 20
5 18 14 15 2 3
5 18 4 15 2 3
5 18 4 17 2 3
5 18 4 17 15 3
5 29 22 23 11 0
5 29 4 23 11 0
5 29 4 22 23 11
5 29 18 4 17 0
5 29 4 17 22 11
5 29 4 22 23 13
5 29 4 17 23 13
5 29 4 17 22 13
5 29 4 11 0 8
5 29 4 17 0 8
5 29 4 17 11 8
5 29 18 17 0 3
5 29 18 17 19 31
5 29 17 22 13 31
5 29 18 17 13 31
5 29 18 7 19 3
5 29 18 17 7 3
5 29 18 17 7 19
5 29 22 11 0 1
5 29 17 11 8 31
5 29 17 22 11 31
5 29 2 11 0 8
5 29 2 11 12 8
5 29 2 11 12 0
5 29 17 7 8 3
5 29 17 7 8 31
5 29 17 7 19 31
5 29 22 11 5 31
5 29 2 12 8 3
5 29 2 12 0 3
5 29 17 2 8 3
5 29 17 2 0 3
5 29 17 2 0 8
5 29 12 8 5 31
5 29 11 8 5 31
5 29 11 12 8 5
5 9 25 15 28 21
5 9 25 16 15 21
5 9 14 15 28 21
5 9 16 14 15 21
5 9 25 16 14 21
5 9 25 16 15 13
5 9 26 14 15 28
5 9 14 20 28 21
5 9 25 20 28 21
5 9 25 14 20 21
5 9 16 14 20 28
5 9 25 16 20 28
5 9 25 16 14 20
5 9 16 15 23 13
5 9 25 10 15 28
5 9 25 16 6 28
5 9 16 14 28 27
5 9 26 14 28 27
5 9 16 14 15 23
5 9 26 14 15 23
5 9 16 30 23 13
5 9 25 10 6 28
5 9 25 4 15 13
5 9 25 4 10 13
5 9 25 4 10 15
5 9 16 6 28 31
5 9 25 16 13 31
5 9 25 16 6 31
5 9 26 10 15 28
5 9 16 14 23 27
5 9 26 14 23 27
5 9 10 30 23 13
5 9 4 15 23 13
5 9 4 10 23 13
5 9 4 10 15 23
5 9 16 30 13 31
5 9 16 30 28 31
5 9 16 30 28 27
5 9 16 30 23 27
5 9 10 6 28 31
5 9 25 10 13 31
5 9 25 10 6 31
5 9 26 10 28 27
5 9 26 10 23 27
5 9 10 15 23 1
5 9 26 15 23 1
5 9 26 10 23 1
5 9 26 10 15 1
5 9 10 30 13 31
5 9 10 30 28 27
5 9 10 30 23 27
5 9 30 28 32 31
5 9 10 28 32 31
5 9 10 30 32 31
5 9 10 30 28 32
5 24 30 22 23 0
5 24 29 22 23 0
5 24 30 22 0 32
5 24 29 22 0 32
5 24 30 22 23 13
5 24 29 22 23 13
5 24 18 14 23 0
5 24 18 4 23 0
5 24 29 4 23 0
5 24 29 18 4 0
5 24 29 22 19 32
5 24 30 22 13 31
5 24 29 22 13 31
5 24 14 23 0 27
5 24 30 23 0 27
5 24 18 16 14 23
5 24 18 4 17 23
5 24 29 4 17 23
5 24 29 18 4 17
5 24 29 0 19 32
5 24 29 18 0 19
5 24 16 30 23 13
5 24 18 16 23 13
5 24 18 17 23 13
5 24 29 17 23 13
5 24 29 18 17 13
5 24 22 19 32 31
5 24 30 19 32 31
5 24 30 22 32 31
5 24 29 22 19 31
5 24 14 0 32 27
5 24 30 0 32 27
5 24 16 14 23 27
5 24 16 30 23 27
5 24 14 0 19 32
5 24 18 14 0 19
5 24 16 30 19 32
5 24 18 16 19 13
5 24 18 19 13 31
5 24 29 18 13 31
5 24 29 18 19 31
5 24 16 19 13 31
5 24 16 30 13 31
5 24 16 30 19 31
5 24 16 14 32 27
5 24 16 30 32 27
5 24 16 14 19 32
5 24 18 16 14 19
