206
5 24 18 12 10 21
5 17 23 18 12 1
5 22 23 18 7 0
5 5 24 11 10 21
5 4 18 12 10 21
5 25 11 7 0 21
5 25 5 11 10 21
5 25 4 5 10 21
5 25 4 18 10 21
5 25 4 18 12 21
5 6 11 1 7 0
5 6 23 1 7 0
5 6 23 18 1 0
5 6 17 23 18 0
5 6 17 23 18 1
5 6 4 17 18 0
5 6 25 5 11 10
5 6 17 18 12 1
5 6 4 17 12 1
5 6 4 17 18 12
5 6 25 4 5 10
5 6 25 18 12 0
5 6 25 4 18 0
5 6 25 4 18 12
5 6 4 5 12 1
5 6 25 4 5 12
5 15 6 11 1 7
5 15 6 23 1 7
5 15 6 17 23 1
5 15 6 5 11 1
5 15 6 23 7 0
5 15 6 17 23 0
5 15 6 5 11 10
5 14 11 1 7 0
5 14 6 25 12 0
5 14 6 11 1 0
5 14 6 25 11 0
5 14 25 11 0 21
5 14 6 18 1 0
5 14 6 18 12 0
5 14 6 18 12 1
5 14 23 18 1 0
5 14 22 23 18 0
5 14 23 18 12 1
5 14 23 1 7 0
5 14 22 23 7 0
5 14 22 23 1 7
5 14 11 7 0 21
5 14 6 5 12 1
5 14 6 25 5 12
5 14 6 5 11 1
5 14 6 25 5 11
5 14 25 18 0 21
5 14 25 18 12 21
5 14 25 18 12 0
5 14 25 5 11 21
5 14 22 18 7 0
5 14 24 18 12 21
5 14 5 24 11 21
5 3 14 24 18 12
5 9 24 12 10 21
5 9 5 24 10 21
5 9 4 12 10 21
5 9 4 5 10 21
5 9 14 24 12 21
5 9 14 5 24 21
5 9 25 4 12 21
5 9 25 4 5 21
5 9 25 4 5 12
5 9 14 25 12 21
5 9 14 25 5 21
5 9 14 25 5 12
5 9 3 14 24 12
5 9 3 14 22 12
5 9 14 5 24 11
5 9 3 14 24 11
5 9 4 5 12 1
5 9 14 22 12 1
5 9 14 5 12 1
5 9 3 14 22 11
5 9 14 22 11 1
5 9 14 5 11 1
5 19 15 23 7 20
5 19 3 22 7 20
5 19 15 17 23 20
5 19 9 22 11 1
5 19 9 3 22 11
5 8 22 23 18 7
5 8 3 24 18 12
5 8 19 3 22 20
5 8 17 23 18 12
5 8 4 17 18 12
5 8 3 14 18 12
5 8 3 14 22 12
5 8 3 14 22 18
5 8 14 23 18 12
5 8 14 22 23 18
5 8 9 3 22 12
5 8 19 9 3 22
5 8 17 23 12 1
5 8 19 22 23 1
5 8 14 23 12 1
5 8 14 22 12 1
5 8 14 22 23 1
5 8 9 22 12 1
5 8 19 9 22 1
5 16 9 4 5 1
5 16 6 4 17 1
5 16 6 4 5 1
5 16 15 6 17 1
5 16 15 6 5 1
5 16 6 4 17 10
5 16 6 4 5 10
5 16 4 17 12 1
5 16 8 17 12 1
5 16 8 19 9 1
5 16 15 6 17 10
5 16 15 6 5 10
5 16 15 17 23 1
5 16 19 15 23 1
5 16 19 15 17 23
5 16 19 15 17 20
5 16 15 5 11 1
5 16 19 15 11 1
5 16 9 5 11 1
5 16 19 9 11 1
5 16 8 17 23 1
5 16 8 19 23 1
5 16 8 19 17 23
5 16 8 19 17 20
5 16 5 24 10 20
5 16 9 5 24 20
5 16 9 5 24 10
5 16 15 5 11 10
5 16 19 9 24 20
5 2 19 3 22 7
5 2 19 3 22 11
5 2 3 14 22 7
5 2 3 14 22 11
5 2 19 22 11 1
5 2 14 11 1 7
5 2 14 22 1 7
5 2 14 22 11 1
5 2 3 14 24 7
5 2 3 14 24 11
5 2 15 11 1 7
5 2 19 15 11 1
5 2 22 23 1 7
5 2 19 22 23 7
5 2 19 22 23 1
5 2 3 24 7 20
5 2 19 3 7 20
5 2 19 3 24 20
5 2 9 3 24 11
5 2 19 9 3 11
5 2 19 9 3 24
5 2 14 11 7 21
5 2 14 24 7 21
5 2 14 24 11 21
5 2 15 23 1 7
5 2 19 15 23 7
5 2 19 15 23 1
5 2 19 15 7 20
5 2 19 9 24 20
5 2 16 19 15 20
5 2 16 19 15 11
5 2 5 24 10 20
5 2 5 24 11 10
5 2 9 5 24 20
5 2 9 5 24 11
5 2 16 19 9 20
5 2 16 19 9 11
5 2 16 5 10 20
5 2 16 5 11 10
5 2 16 9 5 20
5 2 16 9 5 11
5 13 9 4 12 1
5 13 16 4 12 1
5 13 16 9 4 1
5 13 8 9 12 1
5 13 16 8 12 1
5 13 16 8 9 1
5 13 9 4 12 10
5 13 8 4 17 12
5 13 16 4 17 12
5 13 16 8 17 12
5 13 4 18 12 10
5 13 8 4 18 12
5 13 9 24 12 10
5 13 16 9 24 10
5 13 9 3 24 12
5 13 8 3 24 12
5 13 8 9 3 12
5 13 9 4 5 10
5 13 16 4 5 10
5 13 16 9 5 10
5 13 16 9 4 5
5 13 19 9 3 24
5 13 16 19 9 24
5 13 8 3 24 20
5 13 8 19 9 3
5 13 16 8 19 9
5 13 19 3 24 20
5 13 16 19 24 20
5 13 8 19 3 20
5 13 16 8 19 20
