339
5 23 15 16 30 8
5 23 15 19 26 30
5 23 15 16 26 30
5 23 15 16 19 26
5 2 15 19 26 30
5 2 20 5 26 30
5 29 15 16 26 30
5 29 23 16 26 30
5 29 20 5 26 30
5 29 23 5 26 30
5 29 23 16 30 8
5 29 23 16 19 26
5 29 20 5 30 8
5 29 23 5 30 8
5 13 29 20 5 8
5 17 29 23 19 26
5 17 29 27 19 26
5 17 29 27 23 5
5 17 29 23 16 19
5 17 29 23 16 8
5 17 29 27 16 8
5 17 29 27 23 8
5 22 2 15 19 30
5 22 23 15 16 19
5 22 2 19 26 28
5 22 2 15 26 28
5 22 2 15 19 26
5 22 17 23 16 19
5 22 17 4 23 19
5 22 17 4 23 16
5 22 15 16 19 26
5 22 29 16 19 26
5 22 17 29 16 19
5 22 17 29 27 19
5 22 17 29 27 16
5 22 29 27 26 28
5 22 29 27 19 26
5 22 17 19 26 28
5 22 17 27 26 28
5 22 17 27 19 26
5 3 13 2 20 28
5 21 20 5 30 8
5 21 2 20 5 30
5 21 13 20 5 8
5 21 13 2 20 5
5 1 2 20 26 30
5 1 29 20 26 30
5 1 13 2 20 28
5 1 29 27 26 28
5 1 13 29 27 20
5 1 29 20 5 26
5 1 13 29 20 5
5 1 29 27 5 26
5 1 13 29 27 5
5 6 21 2 20 30
5 6 29 15 16 30
5 6 1 2 20 30
5 6 1 29 20 30
5 6 21 20 30 8
5 6 29 16 30 8
5 6 29 20 30 8
5 6 1 2 26 30
5 6 29 15 26 30
5 6 1 29 26 30
5 6 1 2 20 28
5 6 29 27 16 8
5 6 1 29 27 20
5 6 1 2 26 28
5 6 1 29 26 28
5 6 1 29 27 28
5 6 17 27 16 8
5 7 22 23 15 19
5 7 22 4 23 19
5 7 22 23 15 16
5 7 22 4 15 16
5 7 22 4 23 16
5 7 21 2 31 30
5 7 23 15 30 8
5 7 23 15 16 8
5 7 17 4 23 19
5 7 17 23 16 8
5 7 17 4 23 16
5 32 1 27 5 26
5 32 1 3 5 26
5 32 17 27 26 28
5 32 1 27 26 28
5 32 1 3 26 28
5 32 1 3 13 5
5 32 17 23 5 8
5 32 17 27 23 8
5 32 17 27 23 5
5 32 29 23 5 8
5 32 29 27 5 8
5 32 29 27 23 8
5 32 29 27 23 5
5 24 7 22 2 15
5 24 6 2 20 28
5 24 3 17 4 28
5 24 12 3 17 4
5 24 32 3 17 28
5 24 32 12 3 17
5 9 7 21 2 31
5 9 6 21 2 30
5 9 7 21 2 30
5 9 6 21 30 8
5 9 7 21 30 8
5 9 7 2 15 30
5 9 24 7 2 15
5 9 7 15 30 8
5 9 2 15 26 30
5 9 6 15 26 30
5 9 6 2 26 30
5 9 24 6 2 28
5 9 15 16 30 8
5 9 6 16 30 8
5 9 6 15 16 30
5 9 7 15 16 8
5 9 2 15 26 28
5 9 6 2 26 28
5 9 22 2 15 28
5 9 24 22 2 28
5 9 24 22 2 15
5 9 7 4 15 16
5 9 7 22 4 15
5 9 24 7 22 15
5 9 24 7 22 4
5 9 22 15 26 28
5 9 22 4 15 16
5 9 22 29 26 28
5 9 6 29 26 28
5 9 22 15 16 26
5 9 22 29 16 28
5 9 6 29 16 28
5 9 22 29 16 26
5 9 29 15 16 26
5 9 6 29 15 26
5 9 6 29 15 16
5 14 6 21 2 20
5 14 3 13 2 20
5 14 21 13 2 20
5 14 21 3 13 2
5 14 9 21 2 31
5 14 3 2 20 28
5 14 24 2 20 28
5 14 24 12 2 31
5 14 3 13 20 28
5 10 32 1 3 13
5 10 24 32 12 3
5 10 14 3 13 28
5 10 1 3 13 28
5 10 32 1 3 28
5 10 32 3 13 5
5 10 24 32 3 28
5 10 24 32 12 17
5 10 14 24 3 28
5 10 1 13 27 20
5 10 6 1 27 20
5 10 1 13 27 5
5 10 32 1 27 5
5 10 32 1 13 5
5 10 6 1 27 28
5 10 32 1 27 28
5 10 32 27 5 8
5 10 24 6 27 28
5 10 1 13 20 28
5 10 14 13 20 28
5 10 6 1 20 28
5 10 13 29 27 20
5 10 6 29 27 20
5 10 6 29 27 8
5 10 6 17 27 8
5 10 32 17 27 8
5 10 29 27 5 8
5 10 13 29 5 8
5 10 13 29 27 5
5 10 32 17 27 28
5 10 24 32 17 28
5 10 13 29 20 8
5 10 6 29 20 8
5 10 6 13 20 8
5 11 7 17 4 16
5 11 9 7 4 16
5 11 7 17 16 8
5 11 9 7 16 8
5 11 9 12 7 4
5 11 6 17 27 16
5 11 6 17 16 8
5 11 9 6 16 8
5 11 22 17 27 16
5 11 22 17 4 16
5 11 9 22 4 16
5 11 9 24 22 4
5 11 9 6 16 28
5 11 9 24 6 28
5 11 24 12 17 4
5 11 22 17 27 28
5 11 22 17 4 28
5 11 24 6 27 28
5 11 24 17 4 28
5 11 10 6 17 27
5 11 10 24 6 27
5 11 9 22 16 28
5 11 9 24 22 28
5 11 24 22 4 28
5 11 6 29 16 28
5 11 6 29 27 28
5 11 6 29 27 16
5 11 10 17 27 28
5 11 10 24 27 28
5 11 10 24 17 28
5 11 22 29 16 28
5 11 22 29 27 28
5 11 22 29 27 16
5 0 14 21 3 31
5 0 21 31 5 8
5 0 21 3 31 5
5 0 14 21 3 13
5 0 14 12 3 31
5 0 10 32 17 8
5 0 10 14 3 13
5 0 7 17 31 8
5 0 21 13 5 8
5 0 21 3 13 5
5 0 10 32 12 3
5 0 11 7 17 8
5 0 10 13 5 8
5 0 10 3 13 5
5 0 7 17 4 31
5 0 12 7 4 31
5 0 17 31 5 8
5 0 32 17 5 8
5 0 10 32 5 8
5 0 10 32 3 5
5 0 3 17 31 5
5 0 32 3 17 5
5 0 32 12 3 17
5 0 11 7 17 4
5 0 11 12 17 4
5 0 11 12 7 4
5 0 3 17 4 31
5 0 12 3 4 31
5 0 12 3 17 4
5 25 14 12 2 31
5 25 14 9 2 31
5 25 14 9 12 31
5 25 9 7 2 31
5 25 9 12 7 31
5 25 14 24 12 2
5 25 24 7 2 31
5 25 24 12 2 31
5 25 24 12 7 31
5 25 9 24 7 2
5 25 9 24 6 2
5 25 24 12 7 4
5 25 9 12 7 4
5 25 9 24 7 4
5 25 24 6 2 20
5 25 14 6 2 20
5 25 14 24 2 20
5 25 11 9 24 6
5 25 11 24 12 4
5 25 11 9 12 4
5 25 11 9 24 4
5 25 11 10 24 6
5 25 14 24 12 3
5 25 10 24 12 3
5 25 10 24 12 17
5 25 11 24 12 17
5 25 11 10 12 17
5 25 11 10 24 17
5 18 14 9 21 31
5 18 9 6 21 8
5 18 0 14 21 31
5 18 14 9 12 31
5 18 9 6 21 2
5 18 14 6 21 2
5 18 14 9 21 2
5 18 0 21 31 8
5 18 7 21 31 8
5 18 9 7 21 8
5 18 9 7 21 31
5 18 0 14 12 31
5 18 25 14 9 12
5 18 25 9 6 2
5 18 25 14 6 2
5 18 25 14 9 2
5 18 0 7 31 8
5 18 0 21 13 8
5 18 0 14 21 13
5 18 9 12 7 31
5 18 0 12 7 31
5 18 25 11 9 6
5 18 25 11 9 12
5 18 11 9 6 8
5 18 0 10 14 13
5 18 0 14 12 3
5 18 0 10 12 3
5 18 0 10 14 3
5 18 21 13 20 8
5 18 6 13 20 8
5 18 6 21 20 8
5 18 14 21 13 20
5 18 14 6 21 20
5 18 10 6 13 8
5 18 0 10 13 8
5 18 25 11 10 6
5 18 25 11 10 12
5 18 25 10 24 6
5 18 25 14 12 3
5 18 25 10 12 3
5 18 11 9 7 8
5 18 11 9 12 7
5 18 0 11 7 8
5 18 0 11 12 7
5 18 11 6 17 8
5 18 0 11 17 8
5 18 0 11 12 17
5 18 11 10 6 17
5 18 11 10 12 17
5 18 10 6 17 8
5 18 0 10 17 8
5 18 10 32 12 17
5 18 0 32 12 17
5 18 0 10 32 17
5 18 0 10 32 12
5 18 10 6 13 20
5 18 10 14 13 20
5 18 10 24 6 28
5 18 10 14 24 28
5 18 25 24 6 20
5 18 25 14 6 20
5 18 25 14 24 20
5 18 10 14 24 3
5 18 25 14 24 3
5 18 25 10 24 3
5 18 10 6 20 28
5 18 10 14 20 28
5 18 24 6 20 28
5 18 14 24 20 28
