318
5 30 12 4 21 28
5 30 12 21 28 26
5 16 30 32 21 28
5 7 2 22 32 31
5 7 22 32 31 26
5 7 22 12 31 26
5 19 25 5 24 14
5 3 16 5 21 28
5 3 16 32 21 28
5 3 2 16 22 14
5 3 30 25 32 21
5 3 16 30 32 21
5 3 16 30 25 32
5 9 30 25 5 21
5 9 3 25 5 21
5 9 3 16 5 21
5 9 3 16 25 5
5 9 30 5 21 28
5 9 16 5 21 28
5 9 16 30 21 28
5 9 3 30 25 21
5 9 3 16 30 21
5 9 3 16 30 25
5 9 19 25 5 24
5 9 16 25 5 32
5 9 19 25 5 32
5 9 19 16 5 32
5 9 16 30 25 32
5 9 16 30 32 28
5 9 29 30 25 24
5 9 19 29 25 24
5 0 7 1 32 31
5 0 7 2 1 31
5 0 19 1 24 14
5 0 16 22 31 14
5 0 2 22 31 14
5 0 2 16 22 14
5 0 16 22 32 31
5 0 2 22 32 31
5 0 2 16 22 32
5 13 7 22 12 15
5 13 7 22 12 32
5 13 22 12 28 15
5 13 22 12 32 28
5 13 7 2 22 32
5 13 30 12 32 28
5 13 22 4 28 15
5 13 2 22 4 15
5 13 7 2 22 31
5 13 12 4 28 15
5 13 30 12 4 15
5 13 30 12 4 28
5 13 30 32 21 28
5 13 30 4 21 28
5 13 3 22 4 28
5 13 3 2 22 4
5 13 3 32 21 28
5 13 3 4 21 28
5 13 16 22 32 28
5 13 3 16 32 28
5 13 3 16 22 28
5 13 2 16 22 32
5 13 3 2 16 32
5 13 3 2 16 22
5 11 7 22 12 15
5 11 7 22 12 31
5 11 7 12 31 26
5 11 2 1 22 31
5 11 22 12 31 26
5 11 13 7 22 15
5 11 13 7 22 31
5 11 7 2 1 31
5 11 13 7 2 31
5 11 29 7 12 26
5 11 29 1 31 26
5 11 29 7 31 26
5 11 29 7 1 31
5 11 13 2 22 15
5 11 13 2 22 31
5 6 30 12 28 26
5 6 30 12 32 28
5 6 7 22 32 26
5 6 7 22 12 26
5 6 7 22 12 32
5 6 29 7 12 26
5 6 22 12 28 26
5 6 22 12 32 28
5 6 9 30 28 26
5 6 9 30 32 28
5 6 9 29 30 26
5 6 7 32 31 26
5 6 16 22 28 26
5 6 16 22 32 28
5 6 9 16 28 26
5 6 9 16 32 28
5 6 22 32 31 26
5 6 16 22 31 26
5 6 16 22 32 31
5 20 0 2 1 14
5 20 19 25 24 14
5 20 19 1 24 14
5 20 0 19 1 14
5 20 13 2 4 15
5 20 19 29 25 24
5 20 11 2 1 15
5 20 11 13 2 15
5 20 11 29 30 4
5 20 11 7 2 1
5 20 11 13 7 2
5 23 9 19 29 24
5 23 29 7 32 31
5 23 6 7 32 31
5 23 6 29 7 32
5 23 6 16 32 31
5 23 6 9 16 32
5 23 6 9 29 26
5 23 0 16 32 31
5 23 9 19 16 32
5 23 29 24 31 26
5 23 9 29 24 26
5 23 29 1 24 31
5 23 0 1 24 31
5 23 0 29 1 31
5 23 29 7 31 26
5 23 6 7 31 26
5 23 6 29 7 26
5 23 6 16 31 26
5 23 6 9 16 26
5 23 16 24 31 26
5 23 9 16 24 26
5 23 16 24 31 14
5 23 0 24 31 14
5 23 0 16 31 14
5 23 9 16 5 24
5 23 9 19 5 24
5 23 9 19 16 5
5 23 0 19 24 14
5 23 16 5 32 14
5 23 19 5 32 14
5 23 19 16 5 32
5 23 16 5 24 14
5 23 19 5 24 14
5 10 13 3 2 4
5 10 20 25 4 21
5 10 3 25 5 21
5 10 3 2 16 14
5 10 3 16 5 14
5 10 3 16 25 32
5 10 3 16 25 5
5 8 20 11 4 15
5 8 20 11 30 4
5 8 30 12 4 15
5 8 11 12 4 15
5 8 11 30 12 4
5 8 13 30 4 15
5 8 20 13 4 15
5 8 13 30 12 15
5 8 11 7 12 15
5 8 11 29 30 12
5 8 13 7 12 15
5 8 11 13 7 15
5 8 20 11 13 15
5 8 20 11 13 7
5 8 11 29 7 12
5 8 13 30 12 32
5 8 13 7 12 32
5 8 20 13 7 32
5 8 11 29 7 1
5 8 20 11 7 1
5 8 6 30 12 32
5 8 6 7 12 32
5 27 9 29 30 25
5 27 6 9 29 30
5 27 9 30 25 32
5 27 6 9 30 32
5 27 9 19 29 25
5 27 8 6 30 32
5 27 8 29 30 12
5 27 8 6 30 12
5 27 20 11 29 30
5 27 8 11 29 30
5 27 8 20 11 30
5 27 8 20 11 29
5 27 9 19 25 32
5 27 8 13 30 32
5 27 8 20 13 32
5 27 8 6 7 32
5 27 29 30 12 26
5 27 6 30 12 26
5 27 6 29 12 26
5 27 6 29 30 26
5 27 6 29 7 12
5 27 8 29 7 12
5 27 8 6 7 12
5 27 8 13 30 4
5 27 8 20 30 4
5 27 8 20 13 4
5 17 20 13 2 4
5 17 10 13 2 4
5 17 10 20 2 4
5 17 10 20 25 4
5 17 20 30 25 4
5 17 10 25 4 21
5 17 13 7 2 32
5 17 20 13 7 32
5 17 20 13 7 2
5 17 13 3 2 32
5 17 10 13 3 2
5 17 30 25 4 21
5 17 13 30 4 21
5 17 27 13 30 4
5 17 27 20 30 4
5 17 27 20 13 4
5 17 27 20 30 25
5 17 13 3 4 21
5 17 10 3 4 21
5 17 10 13 3 4
5 17 27 20 13 32
5 17 3 2 16 32
5 17 10 3 16 32
5 17 10 3 2 16
5 17 13 3 32 21
5 17 20 0 2 14
5 17 10 20 2 14
5 17 30 25 32 21
5 17 13 30 32 21
5 17 27 30 25 32
5 17 27 13 30 32
5 17 3 25 32 21
5 17 10 3 25 21
5 17 10 3 25 32
5 17 10 20 25 14
5 17 7 2 32 31
5 17 0 2 32 31
5 17 0 7 32 31
5 17 0 7 2 31
5 17 0 7 1 32
5 17 20 7 1 32
5 17 0 7 2 1
5 17 20 7 2 1
5 17 20 0 2 1
5 17 10 2 16 14
5 17 0 2 16 14
5 17 0 2 16 32
5 17 20 19 25 14
5 17 20 0 19 14
5 17 10 25 5 14
5 17 16 5 32 14
5 17 10 16 5 14
5 17 23 16 32 14
5 17 23 0 16 14
5 17 23 0 16 32
5 17 19 5 32 14
5 17 19 25 5 14
5 17 19 25 5 32
5 17 23 19 32 14
5 17 23 0 19 14
5 17 23 0 19 32
5 17 16 25 5 32
5 17 10 16 25 32
5 17 10 16 25 5
5 18 27 19 25 32
5 18 17 19 25 32
5 18 17 20 19 25
5 18 17 27 25 32
5 18 17 27 20 32
5 18 17 27 20 25
5 18 20 19 29 25
5 18 27 19 29 25
5 18 27 20 29 25
5 18 17 0 19 32
5 18 17 20 0 19
5 18 20 0 19 1
5 18 17 0 1 32
5 18 17 20 1 32
5 18 17 20 0 1
5 18 20 7 1 32
5 18 20 29 1 24
5 18 20 19 1 24
5 18 20 19 29 24
5 18 6 29 7 32
5 18 27 6 7 32
5 18 27 6 29 7
5 18 27 9 19 32
5 18 27 6 9 32
5 18 27 9 19 29
5 18 27 6 9 29
5 18 8 20 7 32
5 18 27 8 7 32
5 18 27 8 20 32
5 18 27 8 29 7
5 18 27 8 20 29
5 18 0 1 32 31
5 18 0 29 1 31
5 18 23 0 19 32
5 18 23 0 29 1
5 18 7 1 32 31
5 18 29 7 32 31
5 18 29 7 1 31
5 18 8 29 7 1
5 18 8 20 7 1
5 18 23 29 1 24
5 18 23 19 29 24
5 18 23 9 19 32
5 18 23 9 19 29
5 18 23 6 29 32
5 18 23 6 9 32
5 18 23 6 9 29
5 18 23 29 32 31
5 18 23 0 32 31
5 18 23 0 29 31
5 18 0 19 1 24
5 18 23 0 1 24
5 18 23 0 19 24
5 18 20 11 29 1
5 18 8 11 29 1
5 18 8 20 11 1
5 18 8 20 11 29
