203
5 6 24 2 3 9
5 6 3 5 10 17
5 15 3 5 10 17
5 16 12 5 14 10
5 16 15 3 5 10
5 16 15 12 5 10
5 16 4 7 0 14
5 18 19 2 5 17
5 18 6 2 5 17
5 18 12 0 5 13
5 18 15 12 0 5
5 18 19 2 5 9
5 18 6 2 5 9
5 21 19 4 0 13
5 21 19 4 7 0
5 21 12 0 14 13
5 21 4 0 14 13
5 21 4 7 0 14
5 21 12 14 10 13
5 21 12 5 10 13
5 21 12 5 14 10
5 21 16 4 7 14
5 21 18 6 5 9
5 21 16 4 3 14
5 21 18 5 10 13
5 21 18 6 5 10
5 21 6 3 5 10
5 21 16 5 14 10
5 21 16 3 14 10
5 21 16 3 5 10
5 1 19 7 2 23
5 1 19 7 2 9
5 1 19 4 2 9
5 1 16 4 7 23
5 1 16 24 7 23
5 1 16 24 4 7
5 20 15 2 17 23
5 20 16 4 0 14
5 20 16 12 0 14
5 20 16 15 12 23
5 20 15 12 0 5
5 20 16 4 7 23
5 20 16 4 7 0
5 20 1 19 2 23
5 20 1 19 4 2
5 20 19 2 5 17
5 20 18 2 0 17
5 20 18 19 2 17
5 20 18 19 2 0
5 20 19 4 7 0
5 20 1 4 7 23
5 20 1 19 7 23
5 20 1 19 4 7
5 20 19 7 2 23
5 20 18 19 5 17
5 20 18 15 5 17
5 20 18 15 0 17
5 20 18 15 0 5
5 11 15 12 5 10
5 11 18 15 12 5
5 11 12 5 10 13
5 11 18 5 10 13
5 11 18 12 5 13
5 11 15 5 10 17
5 11 18 15 5 17
5 11 6 5 10 17
5 11 18 6 10 17
5 11 18 6 5 17
5 11 18 6 5 10
5 11 15 12 0 17
5 11 18 15 0 17
5 11 18 15 12 0
5 11 18 12 0 13
5 11 12 14 10 13
5 22 21 6 4 3
5 22 21 16 4 3
5 22 21 16 4 7
5 22 21 6 3 5
5 22 21 6 7 5
5 22 16 24 4 7
5 22 6 24 3 9
5 22 21 16 3 5
5 22 16 24 3 23
5 22 16 24 7 23
5 22 6 3 5 17
5 22 24 3 17 23
5 22 6 2 5 17
5 22 24 2 3 17
5 22 6 2 3 17
5 22 6 24 2 3
5 22 24 2 5 9
5 22 6 2 5 9
5 22 6 24 2 9
5 22 16 15 5 23
5 22 16 15 3 23
5 22 16 15 3 5
5 22 15 5 17 23
5 22 15 3 17 23
5 22 15 3 5 17
5 22 2 5 17 23
5 22 24 2 17 23
5 22 24 2 5 23
5 25 21 19 4 7
5 25 1 19 7 9
5 25 1 19 4 9
5 25 1 19 4 7
5 25 22 21 4 7
5 25 1 24 7 9
5 25 1 24 4 9
5 25 1 24 4 7
5 25 22 24 7 9
5 25 22 24 4 9
5 25 22 24 4 7
5 25 22 6 7 9
5 25 22 21 6 7
5 25 22 21 6 4
5 25 21 6 5 9
5 25 18 19 5 9
5 25 21 18 5 9
5 25 21 18 19 5
5 25 19 4 2 9
5 25 18 19 2 9
5 25 21 18 6 9
5 25 21 19 4 13
5 25 21 18 19 13
5 25 18 19 2 0
5 25 19 4 0 13
5 25 18 19 0 13
5 25 20 19 2 0
5 25 20 19 4 0
5 25 20 19 4 2
5 8 20 16 7 23
5 8 22 16 5 23
5 8 22 16 7 23
5 8 20 7 2 23
5 8 20 16 12 23
5 8 22 24 5 23
5 8 22 24 7 23
5 8 22 21 7 5
5 8 22 21 16 5
5 8 22 21 16 7
5 8 1 7 2 23
5 8 2 5 17 23
5 8 20 2 17 23
5 8 20 2 5 17
5 8 20 19 2 5
5 8 20 19 7 2
5 8 16 15 5 23
5 8 16 15 12 23
5 8 16 15 12 5
5 8 20 15 12 23
5 8 20 15 12 5
5 8 16 12 5 14
5 8 20 12 0 5
5 8 20 16 7 0
5 8 20 16 12 0
5 8 1 24 7 23
5 8 22 24 5 9
5 8 22 24 7 9
5 8 21 16 5 14
5 8 21 16 7 14
5 8 24 2 5 23
5 8 1 24 2 23
5 8 1 7 2 9
5 8 15 5 17 23
5 8 20 15 17 23
5 8 20 15 5 17
5 8 19 2 5 9
5 8 19 7 2 9
5 8 20 19 7 0
5 8 16 7 0 14
5 8 16 12 0 14
5 8 1 24 7 9
5 8 22 6 5 9
5 8 22 6 7 9
5 8 22 6 7 5
5 8 21 7 0 14
5 8 24 2 5 9
5 8 1 24 2 9
5 8 25 19 5 9
5 8 25 19 7 9
5 8 21 19 7 0
5 8 20 18 0 5
5 8 20 18 19 5
5 8 20 18 19 0
5 8 21 12 5 14
5 8 21 12 0 14
5 8 25 6 5 9
5 8 25 6 7 9
5 8 25 21 19 5
5 8 25 21 19 7
5 8 21 18 19 5
5 8 12 0 5 13
5 8 21 12 5 13
5 8 21 12 0 13
5 8 21 6 7 5
5 8 25 21 6 5
5 8 25 21 6 7
5 8 18 0 5 13
5 8 21 18 5 13
5 8 18 19 0 13
5 8 21 19 0 13
5 8 21 18 19 13
