337
5 19 3 24 15 23
5 11 19 3 31 23
5 29 11 19 3 31
5 7 19 22 25 24
5 16 7 19 24 23
5 16 7 19 31 23
5 16 29 19 3 31
5 16 19 3 24 23
5 16 19 3 31 23
5 13 29 11 25 26
5 13 29 11 3 26
5 13 29 20 25 26
5 13 29 20 3 26
5 13 29 11 19 3
5 13 29 11 19 31
5 13 11 19 3 23
5 4 16 20 26 27
5 4 16 20 24 15
5 4 14 20 24 15
5 4 16 20 3 15
5 4 29 20 3 26
5 4 16 29 3 26
5 4 16 29 20 26
5 4 16 29 20 3
5 4 14 28 20 26
5 0 16 7 20 24
5 0 29 19 31 25
5 0 16 29 19 31
5 0 7 19 25 24
5 0 16 7 19 24
5 0 16 7 19 31
5 0 13 29 20 25
5 0 13 29 19 25
5 0 7 19 22 25
5 0 19 25 24 15
5 0 13 19 25 15
5 0 16 20 24 15
5 0 16 20 3 15
5 0 16 29 20 3
5 0 19 3 24 15
5 0 16 3 24 15
5 0 16 19 3 24
5 0 16 29 19 3
5 8 13 29 11 25
5 8 13 29 11 31
5 8 29 11 25 26
5 8 13 11 19 31
5 8 29 19 31 25
5 8 13 29 19 25
5 8 13 29 19 31
5 8 0 29 31 25
5 8 0 29 20 25
5 8 29 11 31 26
5 8 13 19 22 25
5 8 0 19 31 25
5 8 0 19 22 25
5 8 11 19 31 23
5 8 0 7 22 25
5 8 0 7 19 31
5 8 0 7 19 22
5 8 7 19 31 23
5 8 7 19 22 23
5 8 0 16 7 31
5 12 11 28 3 26
5 12 13 28 3 26
5 12 13 11 3 26
5 12 21 11 25 26
5 12 13 11 25 26
5 12 8 21 11 25
5 12 8 13 11 25
5 12 8 21 22 25
5 12 8 13 22 25
5 12 8 13 19 22
5 12 13 11 19 23
5 12 8 11 19 23
5 12 8 13 11 19
5 6 13 19 22 25
5 6 19 25 24 15
5 6 19 22 25 24
5 6 7 22 25 24
5 6 19 24 15 23
5 6 7 19 24 23
5 6 7 19 22 23
5 6 7 19 22 24
5 1 6 14 7 24
5 1 4 14 24 15
5 1 4 14 28 15
5 1 14 7 20 24
5 1 4 14 20 24
5 1 4 14 28 27
5 1 6 14 24 15
5 1 16 7 20 24
5 1 4 16 20 24
5 1 4 16 20 27
5 1 6 14 7 22
5 30 4 14 28 15
5 30 4 28 3 15
5 30 4 14 20 15
5 30 4 20 3 15
5 30 13 28 3 26
5 30 4 28 3 26
5 30 13 29 20 3
5 30 13 20 3 26
5 30 4 20 3 26
5 30 0 13 25 15
5 30 0 13 20 25
5 30 0 20 3 15
5 30 0 29 20 3
5 30 0 13 29 20
5 30 13 19 3 15
5 30 0 19 3 15
5 30 0 13 19 15
5 30 13 29 19 3
5 30 0 29 19 3
5 30 0 13 29 19
5 2 8 0 20 25
5 2 0 7 20 25
5 2 8 0 7 25
5 2 29 20 25 26
5 2 8 29 25 26
5 2 8 29 20 25
5 2 21 11 25 26
5 2 8 11 25 26
5 2 8 21 11 25
5 2 21 7 22 25
5 2 8 7 22 25
5 2 8 21 22 25
5 2 1 14 7 20
5 2 1 21 14 7
5 2 8 29 31 26
5 2 21 11 26 27
5 2 21 28 26 27
5 2 0 16 7 20
5 2 8 0 16 7
5 2 1 21 14 27
5 2 16 29 31 26
5 2 16 29 20 26
5 2 8 0 29 31
5 2 8 0 29 20
5 2 12 21 11 27
5 2 12 8 11 27
5 2 12 8 21 11
5 2 4 20 26 27
5 2 4 28 26 27
5 2 4 28 20 26
5 2 21 14 28 27
5 2 14 28 20 26
5 2 21 14 28 26
5 2 16 20 26 27
5 2 1 16 20 27
5 2 1 16 7 20
5 2 8 0 16 31
5 2 1 4 20 27
5 2 1 4 14 27
5 2 1 4 14 20
5 2 0 16 29 31
5 2 0 16 29 20
5 2 4 14 28 27
5 2 4 14 28 20
5 18 11 28 26 27
5 18 12 11 28 27
5 18 12 11 28 26
5 18 21 28 26 27
5 18 21 11 26 27
5 18 12 21 11 27
5 18 12 21 11 26
5 18 21 14 28 27
5 18 12 13 28 26
5 18 1 14 28 27
5 18 1 21 14 27
5 18 12 21 25 26
5 18 12 13 25 26
5 18 12 21 22 25
5 18 1 21 14 22
5 18 1 6 14 22
5 5 12 8 11 23
5 5 8 19 22 23
5 5 12 8 19 23
5 5 12 8 19 22
5 5 8 7 22 23
5 5 18 1 6 22
5 5 6 19 22 23
5 5 6 7 22 23
5 5 1 6 7 22
5 5 12 13 19 22
5 5 6 13 19 22
5 9 13 20 25 26
5 9 30 13 20 26
5 9 30 13 20 25
5 9 4 14 20 26
5 9 30 4 20 26
5 9 30 4 14 20
5 9 30 14 20 15
5 9 18 13 25 26
5 9 30 13 28 26
5 9 30 13 25 15
5 9 30 13 14 15
5 9 2 20 25 26
5 9 2 21 25 26
5 9 18 21 25 26
5 9 2 14 20 26
5 9 2 21 14 26
5 9 4 14 28 26
5 9 30 4 28 26
5 9 30 4 14 28
5 9 14 20 24 15
5 9 30 0 25 15
5 9 30 0 20 15
5 9 30 0 20 25
5 9 18 13 28 26
5 9 21 14 28 26
5 9 18 21 28 26
5 9 18 21 14 28
5 9 18 21 22 25
5 9 18 21 14 22
5 9 2 7 20 25
5 9 2 14 7 20
5 9 2 21 7 25
5 9 2 21 14 7
5 9 0 25 24 15
5 9 0 20 24 15
5 9 6 25 24 15
5 9 6 14 24 15
5 9 14 7 20 24
5 9 6 13 22 25
5 9 18 6 14 22
5 9 13 19 25 15
5 9 6 19 25 15
5 9 6 13 19 15
5 9 6 13 19 25
5 9 21 7 22 25
5 9 0 7 25 24
5 9 0 7 20 24
5 9 0 7 20 25
5 9 6 7 25 24
5 9 6 14 7 24
5 9 6 7 22 25
5 9 6 14 7 22
5 9 1 14 7 22
5 9 1 21 7 22
5 9 1 21 14 22
5 9 1 21 14 7
5 32 2 11 26 27
5 32 2 8 11 27
5 32 2 8 11 26
5 32 8 11 31 26
5 32 2 8 31 26
5 32 2 16 26 27
5 32 2 16 31 26
5 32 2 8 16 31
5 32 12 8 11 27
5 32 5 12 8 11
5 32 2 8 16 7
5 32 5 12 8 22
5 32 2 1 16 27
5 32 2 1 16 7
5 32 2 8 7 22
5 32 5 18 1 27
5 32 5 18 1 22
5 32 5 8 7 22
5 32 5 1 7 22
5 32 8 16 7 31
5 32 5 18 12 27
5 32 5 18 12 22
5 32 2 8 21 22
5 32 18 1 21 27
5 32 18 1 21 22
5 32 18 12 21 27
5 32 12 8 21 22
5 32 18 12 21 22
5 32 2 1 21 27
5 32 1 21 7 22
5 32 2 21 7 22
5 32 2 1 21 7
5 32 2 12 21 27
5 32 2 12 8 27
5 32 2 12 8 21
5 17 18 12 13 28
5 17 5 18 1 6
5 17 12 13 28 3
5 17 18 1 14 28
5 17 18 1 6 14
5 17 30 13 28 3
5 17 1 14 28 15
5 17 1 6 14 15
5 17 30 28 3 15
5 17 30 13 3 15
5 17 9 30 14 28
5 17 9 30 13 28
5 17 9 30 13 14
5 17 9 18 14 28
5 17 9 18 13 28
5 17 30 14 28 15
5 17 19 3 15 23
5 17 13 19 3 23
5 17 13 19 3 15
5 17 9 18 6 14
5 17 30 13 14 15
5 17 6 19 15 23
5 17 6 13 19 15
5 17 9 13 14 15
5 17 9 6 14 15
5 17 9 6 13 15
5 10 17 18 12 13
5 10 17 5 18 12
5 10 5 12 13 22
5 10 5 18 12 22
5 10 17 5 18 6
5 10 12 13 22 25
5 10 18 12 22 25
5 10 18 12 13 25
5 10 5 6 13 22
5 10 5 18 6 22
5 10 12 13 19 23
5 10 5 12 19 23
5 10 5 12 13 19
5 10 17 13 3 23
5 10 17 12 13 3
5 10 17 13 19 23
5 10 5 12 3 23
5 10 17 9 6 13
5 10 17 9 18 13
5 10 17 9 18 6
5 10 5 6 13 19
5 10 17 6 13 19
5 10 9 13 22 25
5 10 9 18 22 25
5 10 9 18 13 25
5 10 9 6 13 22
5 10 9 18 6 22
5 10 13 11 3 23
5 10 12 11 3 23
5 10 12 13 11 23
5 10 12 13 11 3
5 10 5 6 19 23
5 10 17 6 19 23
5 10 17 5 6 23
