230
5 4 21 23 11 8
5 6 0 8 12 14
5 6 24 0 8 12
5 6 4 21 8 14
5 6 4 21 23 8
5 3 4 0 14 2
5 3 18 4 14 2
5 3 18 13 12 14
5 1 18 21 12 14
5 1 18 13 12 14
5 1 6 21 8 14
5 1 21 8 12 14
5 1 21 23 11 8
5 1 24 23 11 8
5 1 18 13 11 12
5 1 21 11 8 12
5 1 24 11 8 12
5 9 4 23 11 8
5 9 6 4 23 8
5 9 4 21 23 11
5 22 9 3 18 13
5 22 3 18 4 2
5 19 1 24 23 11
5 19 22 1 24 23
5 25 6 8 12 14
5 25 1 8 12 14
5 25 1 6 8 14
5 25 6 24 8 12
5 25 1 24 8 12
5 25 1 6 24 8
5 25 6 0 12 14
5 25 6 24 0 12
5 25 3 0 12 14
5 25 3 24 0 12
5 25 22 6 24 0
5 25 22 3 24 0
5 25 6 4 0 14
5 25 1 6 21 14
5 25 3 4 0 14
5 17 9 4 21 11
5 17 4 21 11 8
5 17 9 4 11 8
5 17 22 18 4 2
5 17 22 9 4 2
5 17 18 4 21 23
5 17 9 4 21 23
5 17 9 3 18 2
5 17 22 3 18 2
5 17 22 9 3 2
5 17 22 9 3 18
5 17 22 18 4 23
5 17 22 9 4 23
5 17 22 9 18 23
5 20 1 6 24 8
5 20 1 24 23 8
5 20 22 1 24 23
5 20 22 6 23 8
5 20 25 1 6 24
5 20 25 22 6 24
5 20 6 21 23 8
5 20 1 21 23 8
5 20 1 6 21 8
5 20 22 1 13 23
5 20 1 18 13 23
5 20 22 18 13 23
5 16 22 3 24 0
5 16 22 9 3 2
5 16 19 22 9 3
5 16 3 24 0 12
5 16 19 9 3 2
5 16 22 9 4 2
5 16 6 24 0 8
5 16 22 6 24 0
5 16 19 22 24 23
5 16 19 22 9 23
5 16 6 4 0 2
5 16 6 0 8 2
5 16 20 6 24 8
5 16 20 22 6 8
5 16 20 22 6 24
5 16 20 24 23 8
5 16 20 22 23 8
5 16 20 22 24 23
5 16 24 23 11 8
5 16 19 24 11 8
5 16 19 24 23 11
5 16 9 6 23 8
5 16 22 6 23 8
5 16 9 23 11 8
5 16 19 9 11 8
5 16 19 9 23 11
5 16 6 4 8 2
5 16 9 6 4 8
5 16 9 6 4 23
5 16 22 6 4 23
5 16 22 9 4 23
5 16 17 4 8 2
5 16 17 9 8 2
5 16 17 9 4 2
5 16 17 9 4 8
5 7 17 9 8 2
5 7 19 9 11 8
5 7 17 9 11 8
5 7 19 9 23 11
5 7 16 9 8 2
5 7 16 19 9 2
5 7 16 19 9 8
5 15 25 22 3 24
5 15 19 3 24 12
5 15 19 22 1 24
5 15 22 9 3 13
5 15 19 22 9 3
5 15 16 22 3 24
5 15 16 19 3 24
5 15 16 19 22 24
5 15 16 19 22 3
5 15 25 3 24 12
5 15 19 13 11 12
5 15 19 24 11 12
5 15 19 3 18 13
5 15 19 1 13 11
5 15 19 1 24 11
5 15 22 1 13 23
5 15 19 22 1 23
5 15 25 1 24 12
5 15 3 13 12 14
5 15 25 3 12 14
5 15 25 3 13 14
5 15 20 22 1 13
5 15 20 25 1 13
5 15 20 25 22 13
5 15 20 22 1 24
5 15 20 25 1 24
5 15 20 25 22 24
5 15 1 13 11 12
5 15 1 24 11 12
5 15 1 13 12 14
5 15 25 1 12 14
5 15 25 1 13 14
5 10 25 6 4 0
5 10 25 22 6 0
5 10 16 6 4 0
5 10 16 22 6 0
5 10 16 22 6 4
5 10 25 3 4 0
5 10 25 22 3 0
5 10 20 25 22 6
5 10 16 22 3 0
5 10 22 6 4 23
5 10 20 22 6 23
5 10 20 25 22 13
5 10 3 4 0 2
5 10 16 4 0 2
5 10 16 3 0 2
5 10 22 3 4 2
5 10 16 22 4 2
5 10 16 22 3 2
5 10 22 3 18 13
5 10 22 3 18 4
5 10 25 3 13 14
5 10 25 3 4 14
5 10 15 22 3 13
5 10 15 25 3 13
5 10 15 25 22 13
5 10 15 25 22 3
5 10 6 4 21 23
5 10 20 6 21 23
5 10 22 18 4 23
5 10 20 22 18 23
5 10 6 4 21 14
5 10 25 6 21 14
5 10 25 6 4 14
5 10 25 1 6 21
5 10 20 1 6 21
5 10 20 25 1 6
5 10 20 22 18 13
5 10 3 18 13 14
5 10 3 18 4 14
5 10 20 1 21 23
5 10 20 1 18 23
5 10 25 1 21 14
5 10 25 1 13 14
5 10 20 25 1 13
5 10 18 4 21 23
5 10 1 18 21 23
5 10 18 4 21 14
5 10 1 18 21 14
5 10 1 18 13 14
5 10 20 1 18 13
5 5 17 9 18 2
5 5 7 19 9 2
5 5 7 17 9 2
5 5 9 3 18 2
5 5 19 9 3 2
5 5 9 3 18 13
5 5 19 3 18 13
5 5 19 18 13 11
5 5 7 19 18 11
5 5 7 19 9 23
5 5 17 18 21 23
5 5 17 9 21 23
5 5 17 9 18 23
5 5 17 18 21 11
5 5 7 17 18 11
5 5 17 9 21 11
5 5 7 17 9 11
5 5 15 9 3 13
5 5 15 19 3 13
5 5 15 19 9 3
5 5 22 18 13 23
5 5 22 9 18 23
5 5 22 9 18 13
5 5 7 19 23 11
5 5 19 22 9 23
5 5 9 21 23 11
5 5 7 9 23 11
5 5 15 22 9 13
5 5 15 19 22 9
5 5 1 18 13 11
5 5 1 18 13 23
5 5 19 1 23 11
5 5 19 1 13 11
5 5 15 22 13 23
5 5 15 19 22 23
5 5 1 21 23 11
5 5 1 18 21 11
5 5 1 18 21 23
5 5 15 1 13 23
5 5 15 19 1 23
5 5 15 19 1 13
