215
5 2 10 3 8 9
5 19 23 5 6 12
5 15 21 0 16 12
5 7 19 2 9 12
5 7 15 19 9 12
5 7 2 23 6 12
5 7 19 23 6 12
5 22 2 9 16 12
5 22 15 9 16 12
5 22 15 23 16 12
5 22 19 2 9 12
5 22 2 10 9 16
5 22 15 19 9 12
5 22 15 19 23 12
5 22 7 2 23 12
5 22 7 19 23 12
5 22 7 19 2 12
5 22 7 19 2 23
5 22 19 2 8 9
5 14 2 23 5 8
5 14 10 3 8 20
5 14 2 10 3 8
5 14 23 5 16 20
5 1 21 3 5 6
5 1 15 21 5 12
5 1 15 19 5 12
5 1 15 19 21 5
5 1 7 19 6 12
5 1 7 15 19 12
5 13 7 19 2 23
5 13 22 2 23 8
5 13 22 19 23 8
5 13 22 19 2 8
5 13 22 19 2 23
5 13 7 2 23 6
5 13 7 19 23 6
5 13 19 2 8 9
5 13 7 19 2 9
5 13 2 23 5 6
5 13 2 23 5 8
5 13 7 2 3 6
5 13 19 23 5 6
5 13 19 23 5 8
5 13 1 7 19 6
5 13 2 3 8 9
5 13 7 2 3 9
5 13 14 2 5 8
5 13 14 2 3 8
5 13 1 19 5 6
5 13 2 3 5 6
5 13 14 2 3 5
5 25 2 10 8 9
5 25 22 2 8 9
5 25 22 2 10 9
5 25 14 2 10 8
5 25 14 10 8 20
5 25 22 2 23 8
5 25 14 2 23 8
5 25 14 10 16 20
5 25 14 2 23 5
5 25 10 0 16 20
5 25 14 23 16 20
5 25 14 23 5 16
5 11 22 15 23 16
5 11 25 22 8 9
5 11 25 22 23 16
5 11 22 15 9 16
5 11 25 10 8 9
5 11 25 10 0 8
5 11 25 10 0 16
5 11 22 10 9 16
5 11 25 22 10 16
5 11 25 22 10 9
5 11 15 9 16 12
5 11 15 0 16 12
5 24 1 15 19 21
5 24 13 19 5 8
5 24 13 1 19 5
5 24 14 21 5 8
5 24 13 14 5 8
5 24 1 21 5 6
5 24 13 1 5 6
5 24 14 21 8 20
5 24 14 21 3 20
5 24 13 14 3 8
5 24 1 21 3 6
5 24 14 21 3 5
5 24 13 14 3 5
5 24 21 3 5 6
5 24 13 3 5 6
5 24 1 7 3 6
5 24 13 7 3 6
5 24 13 1 7 6
5 4 11 25 0 8
5 4 11 15 0 16
5 4 11 15 23 16
5 4 25 22 23 8
5 4 11 25 22 8
5 4 11 25 22 23
5 4 11 25 0 16
5 4 11 25 23 16
5 4 19 23 5 8
5 4 24 19 5 8
5 4 24 15 21 0
5 4 24 15 19 21
5 4 15 19 21 5
5 4 10 0 8 20
5 4 25 10 8 20
5 4 25 10 0 20
5 4 25 10 0 8
5 4 25 14 8 20
5 4 25 14 23 20
5 4 25 14 23 8
5 4 25 0 16 20
5 4 25 23 16 20
5 4 23 5 16 20
5 4 15 21 0 16
5 4 24 21 5 8
5 4 23 5 16 12
5 4 19 23 5 12
5 4 15 19 5 12
5 4 15 23 16 12
5 4 15 19 23 12
5 4 14 23 5 20
5 4 14 23 5 8
5 4 21 5 16 20
5 4 21 0 16 20
5 4 21 5 16 12
5 4 15 21 16 12
5 4 15 21 5 12
5 4 1 19 21 5
5 4 24 1 21 5
5 4 24 1 19 5
5 4 24 1 19 21
5 4 14 21 8 20
5 4 14 21 5 20
5 4 14 21 5 8
5 18 11 22 15 23
5 18 4 11 15 23
5 18 4 22 23 8
5 18 4 11 22 8
5 18 4 11 22 23
5 18 11 22 8 9
5 18 11 22 15 9
5 18 4 19 23 8
5 18 4 15 19 23
5 18 4 24 19 8
5 18 4 11 0 8
5 18 4 11 15 0
5 18 4 24 21 8
5 18 4 24 21 0
5 18 11 10 8 9
5 18 11 10 0 9
5 18 11 10 0 8
5 18 24 0 3 9
5 18 24 13 19 8
5 18 24 21 8 20
5 18 24 21 0 20
5 18 4 0 8 20
5 18 4 21 8 20
5 18 4 21 0 20
5 18 10 3 8 9
5 18 10 0 3 9
5 18 13 3 8 9
5 18 24 13 3 8
5 18 24 0 3 20
5 18 13 7 3 9
5 18 24 13 7 3
5 18 10 3 8 20
5 18 10 0 8 20
5 18 10 0 3 20
5 18 14 3 8 20
5 18 24 14 8 20
5 18 24 14 3 20
5 18 24 14 3 8
5 17 18 22 15 9
5 17 18 22 15 23
5 17 22 15 19 9
5 17 22 15 19 23
5 17 18 15 19 23
5 17 18 22 8 9
5 17 18 22 23 8
5 17 22 19 8 9
5 17 22 19 23 8
5 17 18 19 23 8
5 17 13 19 8 9
5 17 18 13 8 9
5 17 18 13 19 8
5 17 7 15 19 9
5 17 1 7 15 9
5 17 1 7 15 19
5 17 24 1 15 19
5 17 13 7 19 9
5 17 18 13 7 9
5 17 13 1 7 19
5 17 18 24 0 9
5 17 4 24 15 19
5 17 18 4 15 19
5 17 18 4 24 19
5 17 24 13 1 19
5 17 18 24 13 19
5 17 1 7 3 9
5 17 24 1 7 3
5 17 18 7 3 9
5 17 18 24 3 9
5 17 18 24 7 3
5 17 24 13 1 7
5 17 18 24 13 7
5 17 11 15 0 9
5 17 18 11 0 9
5 17 18 11 15 9
5 17 18 11 15 0
5 17 4 24 15 0
5 17 18 4 15 0
5 17 18 4 24 0
