226
5 0 25 10 7 20
5 2 0 25 10 20
5 21 4 2 10 20
5 21 2 0 11 20
5 22 0 10 7 17
5 22 0 25 10 7
5 22 2 0 25 10
5 22 2 0 25 11
5 22 4 2 25 10
5 18 3 7 17 5
5 18 13 0 7 5
5 18 10 7 17 5
5 18 0 10 7 5
5 18 0 10 7 17
5 18 13 0 11 5
5 18 0 11 10 5
5 1 0 10 7 20
5 1 0 10 7 5
5 1 0 25 7 20
5 12 22 3 25 7
5 12 4 2 25 20
5 12 21 4 2 20
5 12 1 25 7 20
5 15 18 0 7 17
5 15 18 13 0 7
5 15 22 0 7 17
5 15 18 3 7 17
5 15 18 13 3 17
5 15 18 13 3 7
5 15 18 13 0 11
5 15 22 3 7 17
5 15 18 11 10 17
5 15 18 0 10 17
5 15 18 0 11 10
5 15 22 0 10 17
5 15 22 0 11 10
5 15 22 0 25 11
5 19 18 3 17 5
5 23 19 12 4 17
5 23 22 4 10 17
5 23 15 11 10 17
5 23 15 22 10 17
5 23 15 22 11 10
5 23 19 12 21 4
5 23 22 4 2 25
5 23 12 4 2 25
5 23 12 22 4 25
5 23 12 21 4 2
5 23 4 2 11 10
5 23 22 4 2 10
5 23 21 4 2 11
5 23 22 2 25 11
5 23 15 22 25 11
5 23 2 0 11 10
5 23 22 0 11 10
5 23 22 2 0 10
5 23 22 2 0 11
5 6 19 18 3 17
5 6 19 12 3 17
5 6 15 18 13 17
5 6 19 15 18 17
5 6 23 19 12 17
5 6 23 15 13 17
5 6 23 19 15 17
5 6 15 18 13 11
5 6 18 13 11 5
5 6 23 19 12 21
5 6 23 21 4 11
5 6 23 19 21 4
5 24 4 2 11 10
5 24 21 4 2 10
5 24 21 4 2 11
5 24 2 0 11 10
5 24 21 2 0 11
5 24 2 0 10 20
5 24 21 2 10 20
5 24 21 2 0 20
5 24 1 0 10 5
5 24 1 0 11 5
5 24 6 1 11 5
5 24 1 0 10 20
5 24 1 21 10 20
5 24 21 0 11 20
5 24 1 0 11 20
5 8 23 15 11 17
5 8 23 19 15 17
5 8 15 18 11 17
5 8 19 15 18 17
5 8 23 11 10 17
5 8 6 23 15 11
5 8 6 23 19 15
5 8 18 11 10 17
5 8 19 18 10 17
5 8 6 15 18 11
5 8 6 19 15 18
5 8 19 4 10 17
5 8 23 4 10 17
5 8 23 19 4 17
5 8 23 4 11 10
5 8 6 23 4 11
5 8 6 23 19 4
5 8 18 11 10 5
5 8 19 18 10 5
5 8 6 18 11 5
5 8 6 19 18 5
5 8 24 4 11 10
5 8 6 21 4 11
5 8 6 19 21 4
5 8 24 6 11 5
5 8 24 6 19 5
5 8 24 21 4 10
5 8 24 21 4 11
5 8 24 6 21 11
5 8 24 6 19 21
5 8 0 11 10 5
5 8 24 0 10 5
5 8 24 0 11 5
5 8 24 0 11 10
5 9 18 13 3 17
5 9 6 13 3 17
5 9 6 18 3 17
5 9 6 18 13 17
5 9 18 13 3 7
5 9 18 3 7 5
5 9 18 13 7 5
5 9 6 18 13 5
5 9 1 3 7 5
5 9 19 18 3 5
5 9 6 19 18 5
5 9 6 19 18 3
5 9 13 0 7 5
5 9 1 0 7 5
5 9 24 6 1 5
5 9 24 6 19 5
5 9 13 0 11 5
5 9 6 13 11 5
5 9 1 0 11 5
5 9 6 1 11 5
5 14 6 12 3 17
5 14 9 6 13 3
5 14 12 1 3 7
5 14 9 1 3 7
5 14 6 19 12 3
5 14 6 19 12 21
5 14 9 6 19 3
5 14 24 6 19 21
5 14 9 24 6 19
5 14 9 24 6 1
5 14 9 6 1 11
5 14 9 1 0 11
5 14 24 6 1 11
5 14 1 0 11 20
5 14 9 24 1 5
5 14 9 24 19 5
5 14 24 21 11 20
5 14 24 1 11 20
5 14 24 1 21 20
5 16 6 13 3 17
5 16 14 6 3 17
5 16 14 6 13 3
5 16 14 12 3 17
5 16 14 6 12 17
5 16 15 13 3 17
5 16 14 12 3 7
5 16 6 23 13 17
5 16 6 23 12 17
5 16 14 6 12 21
5 16 12 22 3 17
5 16 15 22 3 17
5 16 23 15 13 17
5 16 12 22 3 7
5 16 9 13 3 7
5 16 14 9 3 7
5 16 14 9 13 3
5 16 6 23 12 21
5 16 23 12 22 17
5 16 23 15 22 17
5 16 15 13 3 7
5 16 15 22 3 7
5 16 12 22 25 7
5 16 9 13 0 7
5 16 12 1 25 7
5 16 14 12 1 7
5 16 6 23 15 13
5 16 14 21 11 20
5 16 14 12 21 20
5 16 6 15 13 11
5 16 24 6 21 11
5 16 14 24 21 11
5 16 14 24 6 11
5 16 14 24 6 21
5 16 9 6 13 11
5 16 14 9 6 11
5 16 14 9 6 13
5 16 23 12 22 25
5 16 23 15 22 25
5 16 9 1 0 7
5 16 14 9 1 7
5 16 14 9 1 0
5 16 9 13 0 11
5 16 14 9 0 11
5 16 15 13 0 7
5 16 1 0 25 7
5 16 12 1 25 20
5 16 14 12 1 20
5 16 6 23 21 11
5 16 6 23 15 11
5 16 21 2 11 20
5 16 12 21 2 20
5 16 14 0 11 20
5 16 23 15 25 11
5 16 23 21 2 11
5 16 23 12 21 2
5 16 22 0 25 7
5 16 15 22 0 7
5 16 15 22 0 25
5 16 15 0 25 11
5 16 15 13 0 11
5 16 1 0 25 20
5 16 14 1 0 20
5 16 12 2 25 20
5 16 23 2 25 11
5 16 23 12 2 25
5 16 2 0 11 20
5 16 2 0 25 20
5 16 2 0 25 11
