4
19
9.70093 -5.2901 3.24814 -1.7805
3.5874 -5.24634 2.39812 -4.51249
2.96641 2.01786 4.29269 9.20073
-1.16634 5.37035 8.85041 6.33929
5.34581 2.61766 9.85967 2.87315
-0 -5.6444 1.90274 -1.59987
-0 -1.95415 4.77979 7.63597
-0 -5.41887 0.512402 4.43272
-0 5.91696 -4.01875 -7.17764
-0 5.81851 1.48606 -6.24341
-0 -0.0706469 8.31286 -4.71659
-0 -2.66415 1.11113 -0.0453885
-2.75542 -0 1.17593 9.36363
2.94775 -0 -2.83561 6.354
-1.08104 -0 -6.45941 -1.15158
6.33416 -0 -9.42239 -1.77522
7.81664 -0 7.07188 -8.38517
-0.225445 -0 -9.4151 6.40229
-5.52431 -0 -2.22773 4.75067
