4
26
-6.63898 -8.3588 4.38024 -0.768542
1.64073 -4.82195 0.975929 -0.603677
3.63754 0.694512 -5.16205 -7.87853
1.63499 3.75568 -9.62101 0.391659
-0.30501 -1.04138 5.14614 9.64955
-0 4.25615 5.13668 -1.11546
-0 -6.44021 4.53644 -0.156246
-0 -3.89631 -5.98676 -9.519
-0 -2.26794 -7.39722 6.31731
-0 6.17157 1.45157 3.50552
-0 9.87895 9.90914 6.68134
-0 1.78524 3.9248 -4.56972
-4.33179 -1.51241 -0 7.75397
2.74563 4.26327 -0 7.88838
-7.4429 -0.206699 -0 -0.246047
5.14847 -5.53688 -0 -2.62365
7.63581 0.686146 -0 4.99997
5.82983 -8.19158 -0 5.67616
-7.36213 -4.27755 -0 7.8637
5.07719 -0.267508 -7.80476 -0
7.90033 3.76287 -9.00076 -0
-8.65736 6.551 7.76414 -0
-0.753374 -0.440332 -8.85648 -0
2.42303 -7.41816 -3.77663 -0
3.50776 9.52633 -7.77678 -0
-5.92652 -1.32364 9.3993 -0
