4
33
-4.4831 -5.96855 3.8191 0.0950963
7.28655 3.74865 4.34772 3.01153
4.25505 0.398055 -6.04555 7.22333
0.0450117 -7.01643 8.34906 4.56832
2.41312 -1.97309 2.4647 -7.56317
-7.34146 -0 9.7548 8.53225
1.51038 -0 0.327113 -0.295099
-4.70995 -0 -2.13089 -8.94096
-8.43678 -0 3.19589 0.104872
1.30196 -0 -1.18228 -2.93152
0.598613 -0 7.35105 1.5995
1.63898 -0 3.40328 -5.78513
-0 -5.6444 1.90274 -1.59987
-0 -1.95415 4.77979 7.63597
-0 -5.41887 0.512402 4.43272
-0 5.91696 -4.01875 -7.17764
-0 5.81851 1.48606 -6.24341
-0 -0.0706469 8.31286 -4.71659
-0 -2.66415 1.11113 -0.0453885
9.55064 9.09892 -0 -9.23958
2.74547 0.311509 -0 6.82351
-7.81529 -4.73804 -0 5.51905
7.90088 3.96404 -0 -8.91254
-5.36434 9.89959 -0 -7.75027
5.96945 -2.35731 -0 -2.7299
2.85804 -2.92088 -0 -2.24921
9.32866 9.95641 4.02321 -0
2.18619 3.63105 7.45625 -0
9.84824 1.12617 2.66341 -0
2.40414 7.34078 5.2207 -0
-2.563 9.34736 -7.85549 -0
-7.29906 -7.62657 1.40124 -0
0.0649149 -0.0272576 9.16044 -0
