4
26
0.0708156 -0.829044 -2.91369 2.26739
2.17202 -7.99708 -5.26306 -4.13515
-4.69196 0.0467479 0.414509 4.46747
6.11791 7.35512 -4.74879 -7.95147
-7.07391 3.89024 6.19621 7.61091
9.62698 -0 -1.36767 0.0677694
4.95002 -0 2.22362 -2.59741
4.31167 -0 -8.78024 -4.48472
7.79151 -0 4.04688 1.37451
5.65143 -0 -1.4237 -5.21458
0.700783 -0 -0.895545 9.34863
1.10266 -0 0.471404 1.0128
-8.35239 4.49852 -0 -6.12198
2.25942 2.03076 -0 -2.37871
2.71397 -2.64926 -0 -6.71912
1.47017 2.7988 -0 -1.49763
0.846982 1.2564 -0 -3.01882
3.7027 9.54016 -0 -1.43345
8.02854 2.28166 -0 0.0820788
8.71952 1.31741 3.89093 -0
-8.96318 -7.82105 1.29536 -0
-3.14082 -7.81483 7.41674 -0
-3.775 6.37621 -2.46486 -0
-3.07995 6.497 1.03473 -0
3.48008 -6.34313 4.50144 -0
-5.84233 4.5271 -3.04767 -0
