4
26
-2.29036 7.0831 -0.797089 7.10501
5.22954 -8.14474 0.961598 7.62588
4.12495 -5.37592 8.86494 8.7669
6.57862 -3.85904 1.9324 -7.84494
-7.78104 -1.79235 -8.53726 7.80309
-0 -0.722883 1.27511 -1.59887
-0 -4.28586 6.02694 -5.05092
-0 -2.44131 -2.79297 3.14816
-0 -0.871952 -0.688955 0.616888
-0 -8.60068 5.2899 8.18767
-0 5.8022 3.26944 -9.77204
-0 8.64564 5.55041 -4.21101
0.585424 9.99476 1.24595 -0
-9.32151 4.47205 2.47692 -0
-2.25854 8.78376 -8.62218 -0
6.19068 6.21296 5.4289 -0
4.56918 3.24887 -8.37263 -0
6.01886 2.4105 9.5898 -0
-7.62342 0.347404 7.36958 -0
-4.33179 -1.51241 -0 7.75397
2.74563 4.26327 -0 7.88838
-7.4429 -0.206699 -0 -0.246047
5.14847 -5.53688 -0 -2.62365
7.63581 0.686146 -0 4.99997
5.82983 -8.19158 -0 5.67616
-7.36213 -4.27755 -0 7.8637
