4
26
-4.98325 -5.0623 1.15411 -7.20298
8.74192 -3.70495 6.55549 2.65315
-1.19383 2.88549 -5.25392 5.78049
0.0337651 -6.26159 -6.54802 8.31329
-3.29074 -0.0484847 4.0153 -2.17865
-1.63594 -0 9.24624 5.51142
8.04388 -0 1.74329 8.33787
8.5942 -0 -0.686344 7.04571
-1.08717 -0 0.113291 2.05269
4.11472 -0 -8.60819 -2.76552
-8.08224 -0 -8.39416 -2.27031
-3.61165 -0 -4.51846 -8.50395
9.55064 9.09892 -0 -9.23958
2.74547 0.311509 -0 6.82351
-7.81529 -4.73804 -0 5.51905
7.90088 3.96404 -0 -8.91254
-5.36434 9.89959 -0 -7.75027
5.96945 -2.35731 -0 -2.7299
2.85804 -2.92088 -0 -2.24921
8.71952 1.31741 3.89093 -0
-8.96318 -7.82105 1.29536 -0
-3.14082 -7.81483 7.41674 -0
-3.775 6.37621 -2.46486 -0
-3.07995 6.497 1.03473 -0
3.48008 -6.34313 4.50144 -0
-5.84233 4.5271 -3.04767 -0
