4
33
8.55322 1.13438 -2.91283 -5.14115
7.49455 7.16057 1.34258 0.851873
-3.01422 8.88967 -6.41604 9.65792
-1.00882 -1.21235 -6.7812 -7.67887
3.11502 -7.43835 4.205 4.57949
-8.676 3.53768 -5.25415 -0
-3.65297 5.57812 -7.80196 -0
-2.99642 -1.69957 -7.38514 -0
8.34399 5.84045 9.03263 -0
3.1319 6.13995 -2.79089 -0
8.63558 -6.59806 -0.762179 -0
6.64302 9.31689 -4.79077 -0
-0 -0.722883 1.27511 -1.59887
-0 -4.28586 6.02694 -5.05092
-0 -2.44131 -2.79297 3.14816
-0 -0.871952 -0.688955 0.616888
-0 -8.60068 5.2899 8.18767
-0 5.8022 3.26944 -9.77204
-0 8.64564 5.55041 -4.21101
-7.5816 -0 2.43555 -4.64358
6.62203 -0 -5.93066 -2.45393
-7.68293 -0 0.671423 -6.68676
4.94783 -0 -8.74353 -7.68571
-7.44299 -0 -0.0635298 -3.10657
4.47426 -0 -0.401015 -0.193848
-2.9532 -0 -0.529421 -9.28889
-5.38253 7.26206 -0 -6.64697
5.72074 1.20686 -0 -1.52225
4.48847 -3.13915 -0 3.06701
5.20952 -5.91925 -0 1.10544
3.10144 5.31798 -0 -2.16765
-8.09642 -2.23746 -0 -6.10691
6.06389 -7.59605 -0 3.01079
