4
33
6.23464 0.611781 4.58744 -3.88561
-7.00244 -8.41151 -5.16526 -5.57357
-3.88773 0.947286 3.28105 -2.11273
8.57293 9.45631 -3.60468 6.46119
2.43549 6.7788 -6.31311 -3.98088
-0 -9.11349 -1.36012 9.72752
-0 -9.15123 -4.24764 3.13985
-0 -7.60361 2.13178 -5.64345
-0 -0.173028 7.68495 2.48535
-0 -0.393752 -2.65163 0.382668
-0 -1.89509 -3.6139 8.64458
-0 5.96961 6.55383 8.2864
-2.75542 -0 1.17593 9.36363
2.94775 -0 -2.83561 6.354
-1.08104 -0 -6.45941 -1.15158
6.33416 -0 -9.42239 -1.77522
7.81664 -0 7.07188 -8.38517
-0.225445 -0 -9.4151 6.40229
-5.52431 -0 -2.22773 4.75067
8.87435 -5.49702 -0 6.25038
3.1089 4.76157 -0 -4.15232
-3.43671 -0.850573 -0 0.595546
-1.09478 -6.27875 -0 2.34066
9.81783 -9.02519 -0 8.78432
7.68956 -6.55834 -0 -8.60839
0.386614 -1.25717 -0 1.12003
0.585424 9.99476 1.24595 -0
-9.32151 4.47205 2.47692 -0
-2.25854 8.78376 -8.62218 -0
6.19068 6.21296 5.4289 -0
4.56918 3.24887 -8.37263 -0
6.01886 2.4105 9.5898 -0
-7.62342 0.347404 7.36958 -0
