4
26
8.64304 8.35345 -7.67252 2.93549
3.63487 1.77503 1.55616 -4.93418
-9.36696 -9.61598 0.650387 6.99257
-0.696124 9.32124 6.51357 6.37581
2.60698 -5.86936 -1.60772 0.45652
-7.5816 -0 2.43555 -4.64358
6.62203 -0 -5.93066 -2.45393
-7.68293 -0 0.671423 -6.68676
4.94783 -0 -8.74353 -7.68571
-7.44299 -0 -0.0635298 -3.10657
4.47426 -0 -0.401015 -0.193848
-2.9532 -0 -0.529421 -9.28889
9.32866 9.95641 4.02321 -0
2.18619 3.63105 7.45625 -0
9.84824 1.12617 2.66341 -0
2.40414 7.34078 5.2207 -0
-2.563 9.34736 -7.85549 -0
-7.29906 -7.62657 1.40124 -0
0.0649149 -0.0272576 9.16044 -0
-8.35239 4.49852 -0 -6.12198
2.25942 2.03076 -0 -2.37871
2.71397 -2.64926 -0 -6.71912
1.47017 2.7988 -0 -1.49763
0.846982 1.2564 -0 -3.01882
3.7027 9.54016 -0 -1.43345
8.02854 2.28166 -0 0.0820788
