4
33
-3.42735 0.62378 3.4578 5.85525
1.63159 -4.51355 6.59051 8.04713
-5.77117 -5.85115 -2.2437 2.99902
-6.90599 -1.89731 -6.74759 -6.3525
0.694735 -8.44451 -4.96609 -6.24187
-5.38253 7.26206 -0 -6.64697
5.72074 1.20686 -0 -1.52225
4.48847 -3.13915 -0 3.06701
5.20952 -5.91925 -0 1.10544
3.10144 5.31798 -0 -2.16765
-8.09642 -2.23746 -0 -6.10691
6.06389 -7.59605 -0 3.01079
7.88226 -3.97474 -2.75641 -0
1.06964 -7.21999 -3.02545 -0
-8.27343 4.8402 5.3452 -0
3.41524 -8.95238 -3.12167 -0
-1.38313 5.97464 -6.02899 -0
-2.96624 -2.73379 2.09149 -0
3.45403 -0.834174 3.80067 -0
-0 4.25615 5.13668 -1.11546
-0 -6.44021 4.53644 -0.156246
-0 -3.89631 -5.98676 -9.519
-0 -2.26794 -7.39722 6.31731
-0 6.17157 1.45157 3.50552
-0 9.87895 9.90914 6.68134
-0 1.78524 3.9248 -4.56972
9.62698 -0 -1.36767 0.0677694
4.95002 -0 2.22362 -2.59741
4.31167 -0 -8.78024 -4.48472
7.79151 -0 4.04688 1.37451
5.65143 -0 -1.4237 -5.21458
0.700783 -0 -0.895545 9.34863
1.10266 -0 0.471404 1.0128
