4
33
2.94332 -7.82705 2.15698 0.217518
-7.96904 -7.3596 8.39364 2.83627
2.72092 -4.21019 -6.12681 0.356764
-3.47392 -0.142373 -0.318488 3.22163
-5.04212 -9.92308 -0.705685 -2.4987
7.85508 -4.26033 -0 -7.60534
-4.58885 -8.26641 -0 -7.41559
-8.092 -8.02482 -0 -0.574321
8.1536 9.65065 -0 3.38539
0.0832891 3.7691 -0 -1.01139
3.11761 3.54482 -0 -3.61876
-1.29837 -6.52464 -0 1.34238
-0 5.30307 5.89285 2.9209
-0 6.61294 -6.3422 -3.36995
-0 8.33639 -0.131858 -1.91857
-0 -5.6415 7.10025 6.91178
-0 -2.86861 0.710925 -6.5033
-0 6.55264 -2.39611 4.70022
-0 1.86539 5.16028 -9.13782
-1.63594 -0 9.24624 5.51142
8.04388 -0 1.74329 8.33787
8.5942 -0 -0.686344 7.04571
-1.08717 -0 0.113291 2.05269
4.11472 -0 -8.60819 -2.76552
-8.08224 -0 -8.39416 -2.27031
-3.61165 -0 -4.51846 -8.50395
7.88226 -3.97474 -2.75641 -0
1.06964 -7.21999 -3.02545 -0
-8.27343 4.8402 5.3452 -0
3.41524 -8.95238 -3.12167 -0
-1.38313 5.97464 -6.02899 -0
-2.96624 -2.73379 2.09149 -0
3.45403 -0.834174 3.80067 -0
