4
33
-5.51521 8.90231 6.43216 -3.72166
-3.22998 9.67843 3.39734 8.59811
-8.61806 3.34011 7.70803 -0.494143
-9.24972 -1.76085 9.51808 -0.914746
-1.21535 1.53819 6.25822 2.18359
-0 -9.11349 -1.36012 9.72752
-0 -9.15123 -4.24764 3.13985
-0 -7.60361 2.13178 -5.64345
-0 -0.173028 7.68495 2.48535
-0 -0.393752 -2.65163 0.382668
-0 -1.89509 -3.6139 8.64458
-0 5.96961 6.55383 8.2864
-7.34146 -0 9.7548 8.53225
1.51038 -0 0.327113 -0.295099
-4.70995 -0 -2.13089 -8.94096
-8.43678 -0 3.19589 0.104872
1.30196 -0 -1.18228 -2.93152
0.598613 -0 7.35105 1.5995
1.63898 -0 3.40328 -5.78513
7.85508 -4.26033 -0 -7.60534
-4.58885 -8.26641 -0 -7.41559
-8.092 -8.02482 -0 -0.574321
8.1536 9.65065 -0 3.38539
0.0832891 3.7691 -0 -1.01139
3.11761 3.54482 -0 -3.61876
-1.29837 -6.52464 -0 1.34238
-8.676 3.53768 -5.25415 -0
-3.65297 5.57812 -7.80196 -0
-2.99642 -1.69957 -7.38514 -0
8.34399 5.84045 9.03263 -0
3.1319 6.13995 -2.79089 -0
8.63558 -6.59806 -0.762179 -0
6.64302 9.31689 -4.79077 -0
