119
5 14 16 6 0 1
5 14 4 6 0 15
5 9 16 6 0 1
5 9 14 16 6 0
5 9 14 4 6 0
5 9 14 4 16 6
5 10 14 6 0 15
5 10 14 6 0 1
5 18 14 16 6 1
5 18 14 8 16 1
5 18 10 8 6 1
5 18 10 14 6 1
5 18 10 14 8 1
5 18 10 8 6 15
5 18 10 14 6 15
5 18 14 4 6 15
5 18 14 4 16 6
5 18 9 4 16 6
5 18 2 9 4 6
5 13 9 16 11 0
5 13 9 4 11 0
5 13 9 14 16 0
5 13 9 14 4 0
5 13 9 14 4 16
5 13 2 9 16 11
5 13 2 9 4 11
5 13 2 9 4 16
5 13 18 14 4 16
5 12 10 14 0 15
5 12 10 14 11 15
5 12 10 14 0 1
5 12 10 14 11 1
5 12 13 16 11 0
5 12 13 14 16 0
5 12 13 14 16 11
5 12 14 16 0 1
5 12 14 16 11 1
5 7 18 8 16 1
5 7 9 16 6 1
5 7 18 16 6 1
5 7 18 9 16 6
5 7 18 2 9 16
5 7 2 9 16 11
5 7 14 8 16 1
5 7 13 18 2 16
5 7 18 14 8 16
5 7 12 16 0 1
5 7 12 16 11 1
5 7 12 16 11 0
5 17 13 4 11 0
5 17 13 2 4 11
5 17 12 13 11 0
5 17 14 4 0 15
5 17 13 14 4 0
5 17 12 14 0 15
5 17 12 13 14 0
5 17 12 14 11 15
5 17 12 13 14 11
5 17 10 14 11 15
5 3 17 2 11 15
5 3 17 10 11 15
5 3 10 2 8 15
5 3 17 10 14 11
5 3 18 2 8 15
5 3 13 18 2 16
5 3 18 10 8 15
5 3 17 10 14 15
5 3 18 2 4 15
5 3 13 2 4 16
5 3 17 13 2 4
5 3 13 18 4 16
5 3 18 10 14 15
5 3 13 18 10 14
5 3 17 14 4 15
5 3 17 13 14 4
5 3 2 9 4 16
5 3 18 9 4 16
5 3 18 2 9 16
5 3 18 2 9 4
5 3 18 14 4 15
5 3 13 18 14 4
5 5 3 10 2 8
5 5 3 10 14 11
5 5 3 13 10 14
5 5 3 18 10 8
5 5 3 13 18 10
5 5 10 8 11 1
5 5 10 14 11 1
5 5 10 14 8 1
5 5 18 10 14 8
5 5 13 18 10 14
5 5 2 8 11 15
5 5 10 8 11 15
5 5 10 2 8 15
5 5 3 2 11 15
5 5 3 10 11 15
5 5 3 10 2 15
5 5 17 13 2 11
5 5 3 17 2 11
5 5 3 17 13 2
5 5 3 18 2 8
5 5 3 13 18 2
5 5 17 13 14 11
5 5 3 17 14 11
5 5 3 17 13 14
5 5 7 14 8 1
5 5 13 14 16 11
5 5 7 18 14 8
5 5 13 2 16 11
5 5 7 2 16 11
5 5 7 13 2 16
5 5 7 18 2 8
5 5 7 13 18 2
5 5 14 16 11 1
5 5 7 16 11 1
5 5 7 14 16 1
5 5 13 18 14 16
5 5 7 18 14 16
5 5 7 13 18 16
