195
5 8 14 17 22 15
5 7 8 17 22 15
5 7 8 23 17 15
5 7 8 23 17 13
5 25 10 9 23 0
5 18 25 9 0 13
5 18 25 9 23 0
5 18 16 7 9 23
5 18 10 9 23 0
5 18 10 16 23 0
5 18 10 16 9 0
5 18 10 16 9 23
5 18 25 11 0 13
5 18 25 11 23 13
5 18 25 11 23 0
5 18 7 8 23 13
5 18 16 7 8 23
5 18 7 9 22 13
5 18 16 7 9 22
5 18 8 23 17 13
5 18 11 23 17 13
5 18 11 8 17 13
5 18 11 8 23 17
5 18 7 8 22 13
5 18 16 7 8 22
5 12 18 7 9 13
5 12 25 10 1 9
5 12 10 9 0 13
5 12 25 9 0 13
5 12 25 10 9 0
5 24 5 11 14 0
5 24 5 10 14 0
5 24 25 10 9 23
5 24 25 10 1 9
5 24 1 7 23 15
5 24 1 7 9 23
5 21 10 16 23 0
5 21 24 5 10 0
5 21 10 16 9 23
5 21 25 10 23 0
5 21 24 25 10 0
5 21 24 25 10 23
5 21 24 10 9 23
5 21 10 16 9 22
5 21 5 10 14 22
5 3 18 16 23 0
5 3 18 16 8 23
5 3 18 11 23 0
5 3 18 11 8 23
5 3 18 16 8 22
5 3 5 11 23 0
5 3 5 11 8 23
5 3 21 16 23 0
5 3 21 5 23 0
5 3 21 10 16 22
5 3 21 10 16 0
5 3 21 5 10 22
5 3 21 5 10 0
5 4 11 23 17 13
5 4 25 11 23 13
5 4 7 23 17 13
5 4 12 7 17 13
5 4 18 25 23 13
5 4 18 7 23 13
5 4 12 18 7 13
5 4 7 23 17 15
5 4 12 7 17 15
5 4 18 25 9 13
5 4 12 25 9 13
5 4 12 18 9 13
5 4 18 25 9 23
5 4 18 7 9 23
5 4 12 18 7 9
5 4 1 7 23 15
5 4 12 1 7 15
5 4 12 25 1 9
5 4 24 1 23 15
5 4 24 25 1 15
5 4 1 7 9 23
5 4 12 1 7 9
5 4 24 1 9 23
5 4 24 25 9 23
5 4 24 25 1 9
5 20 4 11 17 13
5 20 4 12 17 13
5 20 4 25 11 13
5 20 4 12 25 13
5 20 4 25 11 17
5 20 4 12 17 15
5 20 4 12 1 15
5 20 4 12 25 1
5 20 25 11 0 13
5 20 12 25 0 13
5 20 12 25 10 1
5 20 12 10 0 13
5 20 12 25 10 0
5 2 5 11 14 17
5 2 24 11 14 17
5 2 24 5 11 14
5 2 5 8 14 17
5 2 8 14 17 15
5 2 24 14 17 15
5 2 11 8 23 17
5 2 5 11 8 17
5 2 5 11 8 23
5 2 8 23 17 15
5 2 4 11 23 17
5 2 4 25 11 17
5 2 4 25 11 23
5 2 20 25 11 17
5 2 25 11 23 0
5 2 5 11 23 0
5 2 21 24 25 23
5 2 21 24 5 23
5 2 24 25 11 0
5 2 24 5 11 0
5 2 4 23 17 15
5 2 4 24 23 15
5 2 4 24 25 15
5 2 4 24 25 23
5 2 21 25 23 0
5 2 21 5 23 0
5 2 21 24 25 0
5 2 21 24 5 0
5 2 20 4 17 15
5 2 20 4 25 17
5 6 21 16 9 22
5 6 16 7 9 22
5 6 16 7 8 22
5 6 3 16 8 22
5 6 3 21 16 22
5 6 10 14 9 22
5 6 21 10 9 22
5 6 21 10 14 22
5 6 5 8 14 22
5 6 21 5 14 22
5 6 3 5 8 22
5 6 3 21 5 22
5 6 3 16 8 23
5 6 3 21 16 23
5 6 16 7 9 23
5 6 21 16 9 23
5 6 16 7 8 23
5 6 1 14 9 22
5 6 1 7 9 22
5 6 8 14 22 15
5 6 7 8 22 15
5 6 24 10 14 9
5 6 21 24 10 9
5 6 21 24 9 23
5 6 3 5 8 23
5 6 3 21 5 23
5 6 24 7 9 23
5 6 1 14 22 15
5 6 1 7 22 15
5 6 24 5 10 14
5 6 21 5 10 14
5 6 21 24 5 10
5 6 2 5 8 14
5 6 2 24 5 14
5 6 21 24 5 23
5 6 7 8 23 15
5 6 24 7 23 15
5 6 24 1 14 15
5 6 24 1 14 9
5 6 24 1 7 15
5 6 24 1 7 9
5 6 2 8 14 15
5 6 2 24 14 15
5 6 2 5 8 23
5 6 2 24 5 23
5 6 2 8 23 15
5 6 2 24 23 15
5 19 24 25 10 1
5 19 20 25 10 1
5 19 24 25 1 15
5 19 24 25 10 0
5 19 20 25 10 0
5 19 4 25 1 15
5 19 20 4 1 15
5 19 20 4 25 1
5 19 2 24 25 15
5 19 24 25 11 0
5 19 20 25 11 0
5 19 24 14 17 15
5 19 2 4 25 15
5 19 2 20 4 15
5 19 2 20 4 25
5 19 2 24 17 15
5 19 2 20 17 15
5 19 2 24 25 11
5 19 2 20 25 11
5 19 24 11 14 17
5 19 2 24 11 17
5 19 2 20 11 17
