207
5 11 14 4 1 20
5 13 14 4 1 20
5 13 14 19 1 20
5 24 11 14 23 1
5 24 11 14 9 1
5 24 13 14 23 1
5 24 8 14 9 1
5 24 8 14 19 1
5 24 13 14 19 1
5 24 13 14 19 20
5 7 12 18 17 10
5 7 13 12 18 4
5 7 12 9 17 10
5 7 11 23 17 10
5 7 11 9 17 10
5 7 11 9 23 10
5 25 19 4 1 20
5 25 11 4 1 20
5 25 8 19 1 17
5 25 8 11 1 17
5 25 7 12 9 17
5 25 8 11 9 17
5 25 8 19 3 17
5 25 8 11 9 1
5 25 11 14 1 20
5 6 25 19 4 20
5 6 25 8 19 3
5 6 24 13 19 3
5 6 24 8 19 3
5 6 25 12 9 3
5 6 24 13 19 20
5 22 13 14 4 20
5 22 13 14 4 23
5 22 11 14 4 20
5 22 14 4 23 1
5 22 11 4 23 1
5 22 11 14 23 1
5 22 11 14 4 1
5 21 11 9 23 10
5 21 11 9 17 10
5 21 8 11 9 17
5 21 12 9 17 10
5 21 24 8 3 17
5 21 24 8 9 3
5 21 8 11 1 17
5 21 24 8 1 17
5 21 8 11 9 1
5 21 24 11 9 1
5 21 24 8 9 1
5 21 12 18 17 10
5 21 12 18 3 17
5 21 25 12 3 17
5 21 25 12 9 17
5 21 25 12 9 3
5 21 25 8 3 17
5 21 25 8 9 17
5 21 25 8 9 3
5 5 7 12 4 17
5 5 25 12 4 17
5 5 25 7 12 17
5 5 7 11 23 17
5 5 7 11 9 17
5 5 25 11 9 17
5 5 25 7 9 17
5 5 25 7 12 9
5 5 22 11 4 23
5 5 25 11 4 20
5 5 22 11 4 20
5 5 6 12 4 20
5 5 6 25 4 20
5 5 6 25 12 20
5 5 6 25 12 4
5 5 7 11 9 23
5 5 22 11 9 23
5 5 22 11 14 20
5 16 5 25 12 20
5 16 5 22 14 20
5 16 5 25 12 9
5 16 6 25 12 20
5 16 6 25 12 9
5 16 24 13 14 20
5 16 6 24 13 20
5 16 25 11 14 20
5 16 5 11 14 20
5 16 5 25 11 20
5 16 5 22 11 14
5 16 5 25 11 9
5 16 5 22 11 9
5 16 24 14 19 20
5 16 6 24 19 20
5 16 22 11 14 9
5 16 24 8 14 19
5 16 6 24 8 19
5 16 24 8 14 9
5 16 11 14 9 1
5 16 25 11 9 1
5 16 25 11 14 1
5 16 6 25 19 20
5 16 6 25 8 19
5 16 8 14 9 1
5 16 25 8 9 1
5 16 25 8 9 3
5 16 6 25 9 3
5 16 6 25 8 3
5 16 24 8 9 3
5 16 6 24 8 3
5 16 14 19 1 20
5 16 25 19 1 20
5 16 25 14 1 20
5 16 8 14 19 1
5 16 25 8 19 1
5 2 21 24 23 10
5 2 21 12 9 10
5 2 7 18 23 10
5 2 7 12 9 10
5 2 21 12 18 10
5 2 21 24 18 10
5 2 21 12 18 3
5 2 21 24 18 3
5 2 7 12 18 10
5 2 7 13 12 18
5 2 24 13 18 3
5 2 6 24 13 3
5 2 6 12 18 3
5 2 6 13 18 3
5 2 6 13 12 18
5 15 16 22 14 9
5 15 16 24 14 9
5 15 16 24 13 14
5 15 24 13 14 23
5 15 22 13 14 23
5 15 16 5 22 9
5 15 24 11 14 23
5 15 24 11 14 9
5 15 22 11 9 23
5 15 22 11 14 23
5 15 22 11 14 9
5 15 2 24 13 23
5 15 16 6 24 13
5 15 2 6 24 13
5 15 5 22 9 23
5 15 2 6 13 12
5 15 21 11 9 23
5 15 21 24 11 23
5 15 21 24 11 9
5 15 2 21 24 23
5 15 16 24 9 3
5 15 16 6 9 3
5 15 16 6 24 3
5 15 16 6 12 9
5 15 5 7 9 23
5 15 5 7 12 9
5 15 2 7 12 9
5 15 21 9 23 10
5 15 2 21 23 10
5 15 2 21 9 10
5 15 21 24 9 3
5 15 2 21 24 3
5 15 6 12 9 3
5 15 2 6 12 3
5 15 2 6 24 3
5 15 7 9 23 10
5 15 2 7 23 10
5 15 2 7 9 10
5 15 21 12 9 3
5 15 2 21 12 3
5 15 2 21 12 9
5 0 15 16 5 22
5 0 16 5 12 9
5 0 15 5 12 9
5 0 15 16 12 9
5 0 15 16 5 9
5 0 5 12 4 20
5 0 16 5 12 20
5 0 5 22 4 20
5 0 16 5 22 20
5 0 15 2 13 12
5 0 15 6 13 12
5 0 15 16 6 12
5 0 15 16 6 13
5 0 15 22 13 14
5 0 15 16 13 14
5 0 15 16 22 14
5 0 7 13 12 4
5 0 5 7 12 4
5 0 22 13 4 20
5 0 2 7 13 12
5 0 15 5 7 12
5 0 15 2 7 12
5 0 15 22 13 23
5 0 15 2 13 23
5 0 16 6 12 20
5 0 16 6 13 20
5 0 22 13 14 20
5 0 16 13 14 20
5 0 16 22 14 20
5 0 7 13 4 23
5 0 22 13 4 23
5 0 5 7 4 23
5 0 5 22 4 23
5 0 6 12 4 20
5 0 6 13 4 20
5 0 6 13 12 4
5 0 2 7 13 23
5 0 15 2 7 23
5 0 15 5 7 23
5 0 15 5 22 23
