311
5 4 7 29 30 24
5 20 23 6 25 12
5 20 23 6 29 12
5 20 29 30 24 12
5 20 4 7 30 24
5 20 4 7 9 24
5 20 4 6 29 5
5 1 7 29 30 24
5 1 29 30 24 12
5 1 0 29 30 12
5 14 1 7 8 30
5 14 9 8 24 12
5 14 7 9 8 24
5 14 1 0 30 12
5 14 1 0 8 12
5 14 1 0 8 30
5 14 20 30 24 12
5 14 20 7 30 24
5 14 20 9 24 12
5 14 20 7 9 24
5 14 1 30 24 12
5 14 1 7 30 24
5 14 1 8 24 12
5 14 1 7 8 24
5 11 4 29 30 5
5 11 4 7 30 5
5 11 4 7 29 30
5 11 1 7 29 30
5 11 28 25 5 31
5 11 23 28 25 31
5 11 6 29 25 5
5 11 23 6 25 5
5 11 23 6 29 5
5 11 23 6 29 25
5 16 20 23 6 25
5 16 14 20 7 30
5 16 6 28 25 5
5 16 11 7 30 5
5 16 23 6 25 5
5 16 4 7 30 5
5 16 20 4 7 30
5 16 11 28 25 5
5 16 11 23 25 5
5 16 11 23 28 25
5 16 4 29 30 5
5 16 20 4 29 5
5 16 23 6 29 5
5 16 20 6 29 5
5 16 20 23 6 29
5 16 11 29 30 5
5 16 11 23 29 5
5 16 11 23 29 30
5 16 20 29 30 12
5 16 20 23 29 12
5 16 4 29 30 24
5 16 20 29 30 24
5 16 20 4 30 24
5 16 20 4 29 24
5 16 0 29 30 12
5 16 23 0 30 12
5 16 23 0 29 12
5 16 23 0 29 30
5 15 1 7 8 24
5 15 7 9 8 24
5 15 1 7 8 31
5 27 1 7 8 31
5 27 14 0 8 30
5 27 15 7 8 31
5 27 1 0 8 30
5 27 11 1 29 31
5 27 1 0 29 30
5 27 11 1 29 30
5 17 23 28 25 31
5 17 15 28 31 21
5 17 27 15 8 31
5 17 27 14 0 8
5 3 11 4 7 5
5 3 16 11 28 5
5 3 16 11 7 5
5 3 16 4 7 5
5 3 16 11 7 30
5 3 11 7 28 31
5 3 16 20 4 7
5 3 17 15 28 31
5 10 14 23 0 30
5 10 23 0 29 30
5 10 27 0 29 30
5 10 11 23 29 30
5 10 27 11 29 30
5 10 23 0 29 31
5 10 27 0 29 31
5 10 17 27 0 31
5 10 11 23 29 31
5 10 27 11 29 31
5 10 17 23 28 31
5 26 11 7 28 31
5 26 10 17 28 31
5 26 3 7 28 31
5 26 3 17 28 31
5 26 3 11 7 30
5 26 3 11 7 28
5 26 10 17 27 31
5 26 27 15 7 31
5 26 17 27 15 31
5 26 3 15 7 31
5 26 3 17 15 31
5 26 3 17 15 7
5 26 10 27 11 31
5 26 10 27 11 30
5 26 11 23 28 31
5 26 10 23 28 31
5 26 10 11 23 31
5 26 10 11 23 30
5 26 11 1 7 31
5 26 27 1 7 31
5 26 27 11 1 31
5 26 11 1 7 30
5 26 27 11 1 30
5 26 3 16 11 30
5 26 3 16 11 28
5 26 10 17 23 28
5 26 14 7 8 30
5 26 27 14 8 30
5 26 3 16 7 30
5 26 16 11 23 30
5 26 16 11 23 28
5 26 1 7 8 30
5 26 27 1 8 30
5 26 27 1 7 8
5 26 27 14 0 30
5 26 10 14 0 30
5 26 10 27 0 30
5 26 10 27 14 0
5 26 27 15 7 8
5 26 17 27 15 8
5 2 17 0 8 12
5 2 23 0 25 12
5 2 20 23 25 12
5 2 23 0 30 12
5 2 14 0 30 12
5 2 14 23 0 30
5 2 16 20 23 12
5 2 16 20 23 25
5 2 16 23 30 12
5 2 16 14 23 30
5 2 14 20 30 12
5 2 16 20 30 12
5 2 16 14 20 30
5 18 11 4 29 5
5 18 3 11 4 5
5 18 11 28 29 5
5 18 3 11 28 5
5 18 11 4 7 29
5 18 3 11 4 7
5 18 11 28 29 31
5 18 3 11 28 31
5 18 4 7 29 24
5 18 11 1 7 29
5 18 11 1 29 31
5 18 1 7 29 24
5 18 11 1 7 31
5 18 3 11 7 31
5 18 15 28 31 21
5 18 3 15 28 31
5 18 4 9 24 21
5 18 4 7 9 24
5 18 3 4 7 9
5 18 15 1 7 31
5 18 3 15 7 31
5 18 15 1 31 21
5 18 17 15 28 21
5 18 3 17 15 28
5 18 15 1 24 21
5 18 15 1 7 24
5 18 15 9 24 21
5 18 15 7 9 21
5 18 15 7 9 24
5 19 14 20 7 9
5 19 20 4 7 9
5 19 3 4 7 9
5 19 3 20 4 7
5 19 16 14 20 7
5 19 3 16 20 7
5 19 20 4 6 5
5 19 2 16 20 25
5 19 2 16 14 20
5 19 16 20 6 25
5 19 16 20 6 5
5 19 3 16 6 5
5 19 16 20 4 5
5 19 3 16 4 5
5 19 3 16 20 4
5 13 26 16 23 28
5 13 26 17 23 28
5 13 16 23 28 25
5 13 17 23 28 25
5 13 17 16 28 25
5 13 26 3 16 28
5 13 26 3 17 28
5 13 26 3 16 7
5 13 26 3 17 7
5 13 2 16 23 25
5 13 2 16 14 23
5 13 16 14 23 30
5 13 26 16 23 30
5 13 26 10 17 23
5 13 19 16 14 7
5 13 19 3 16 7
5 13 16 14 7 30
5 13 26 14 7 30
5 13 26 16 7 30
5 13 19 2 16 25
5 13 19 2 16 14
5 13 10 14 23 30
5 13 26 10 23 30
5 13 26 10 14 30
5 13 17 23 0 25
5 13 2 23 0 25
5 13 2 17 0 25
5 13 19 2 17 25
5 13 26 17 27 14
5 13 26 10 27 14
5 13 26 10 17 27
5 13 10 17 23 0
5 13 10 14 23 0
5 13 2 14 23 0
5 13 2 17 14 0
5 13 17 27 14 0
5 13 10 27 14 0
5 13 10 17 27 0
5 32 26 17 15 7
5 32 26 14 7 8
5 32 26 15 7 8
5 32 13 26 14 7
5 32 13 26 17 7
5 32 13 26 17 14
5 32 26 17 15 8
5 32 14 7 9 8
5 32 15 7 9 8
5 32 17 27 14 8
5 32 26 27 14 8
5 32 26 17 27 8
5 32 26 17 27 14
5 32 14 9 8 12
5 32 15 9 8 12
5 32 19 14 7 9
5 32 13 19 14 7
5 32 13 3 17 7
5 32 17 14 0 8
5 32 2 17 0 8
5 32 2 17 14 0
5 32 2 17 8 12
5 32 13 2 17 14
5 32 13 19 2 14
5 32 13 19 2 17
5 32 14 20 9 12
5 32 2 14 20 12
5 32 19 14 20 9
5 32 19 2 14 20
5 32 14 0 8 12
5 32 2 0 8 12
5 32 2 14 0 12
5 22 18 17 28 21
5 22 18 3 17 28
5 22 18 17 15 21
5 22 18 3 17 15
5 22 19 3 16 6
5 22 32 17 15 21
5 22 32 13 3 17
5 22 32 13 19 17
5 22 13 17 16 28
5 22 13 3 16 28
5 22 13 3 17 28
5 22 17 16 28 25
5 22 13 19 3 16
5 22 6 28 5 21
5 22 18 28 5 21
5 22 18 3 28 5
5 22 18 15 7 21
5 22 18 3 15 7
5 22 16 6 28 25
5 22 19 16 6 25
5 22 16 6 28 5
5 22 3 16 28 5
5 22 3 16 6 5
5 22 3 17 15 7
5 22 32 17 15 7
5 22 32 3 17 7
5 22 19 3 7 9
5 22 32 19 7 9
5 22 13 19 3 7
5 22 32 13 3 7
5 22 32 13 19 7
5 22 13 17 16 25
5 22 13 19 16 25
5 22 13 19 17 25
5 22 4 6 5 21
5 22 18 4 5 21
5 22 18 3 4 5
5 22 18 7 9 21
5 22 18 3 7 9
5 22 18 4 9 21
5 22 18 3 4 9
5 22 19 3 4 9
5 22 19 4 6 5
5 22 19 3 6 5
5 22 19 3 4 5
5 22 15 7 9 21
5 22 32 15 9 21
5 22 32 15 7 9
5 22 19 20 4 9
