194
5 25 22 7 2 21
5 25 22 17 3 21
5 25 17 7 12 21
5 25 22 17 7 21
5 25 22 17 16 3
5 25 17 7 16 12
5 25 22 17 7 16
5 1 25 17 12 21
5 1 25 17 3 21
5 1 25 20 16 12
5 1 25 17 16 12
5 1 25 20 16 3
5 1 25 17 16 3
5 14 22 3 2 21
5 14 25 20 16 3
5 14 25 22 3 2
5 14 25 22 16 3
5 10 1 17 16 12
5 10 1 17 16 11
5 10 1 20 16 12
5 9 15 7 11 2
5 8 9 15 7 11
5 8 17 7 16 12
5 8 10 17 16 12
5 8 9 15 7 12
5 6 14 11 2 21
5 6 14 22 2 21
5 6 7 11 2 21
5 6 22 7 2 21
5 6 14 22 3 21
5 6 22 17 7 16
5 6 8 17 7 16
5 6 8 22 7 16
5 4 25 7 16 12
5 4 8 7 16 12
5 4 8 15 7 12
5 4 8 15 7 16
5 4 25 7 12 21
5 4 25 22 7 16
5 4 25 22 7 2
5 4 25 7 2 21
5 0 10 17 16 11
5 0 8 10 16 11
5 0 8 10 17 16
5 0 10 1 17 11
5 18 6 14 11 21
5 18 6 14 3 21
5 18 0 1 17 11
5 18 0 17 16 11
5 18 1 17 16 11
5 18 1 17 16 3
5 18 22 17 16 3
5 18 6 22 17 3
5 18 6 22 17 16
5 18 14 22 16 3
5 18 6 14 22 3
5 18 6 14 22 16
5 18 6 8 16 11
5 18 0 8 16 11
5 18 6 8 17 16
5 18 0 8 17 16
5 18 1 20 16 11
5 18 14 20 16 11
5 18 14 1 20 11
5 18 1 20 16 3
5 18 14 20 16 3
5 18 14 1 20 3
5 23 6 14 22 2
5 23 6 14 11 2
5 23 6 14 22 16
5 23 6 8 22 16
5 23 14 25 22 2
5 23 14 25 22 16
5 23 6 22 7 2
5 23 6 8 22 7
5 23 6 7 11 2
5 23 6 8 7 11
5 23 6 8 16 11
5 23 4 25 22 2
5 23 4 25 22 16
5 23 8 15 7 16
5 23 8 22 7 16
5 23 4 15 7 2
5 23 4 22 7 2
5 23 15 7 11 2
5 23 8 15 7 11
5 23 9 15 11 2
5 23 18 14 16 11
5 23 18 6 16 11
5 23 18 6 14 11
5 23 18 6 14 16
5 23 14 25 20 2
5 23 14 25 20 16
5 23 4 25 20 16
5 23 4 15 7 16
5 23 4 22 7 16
5 23 14 20 16 11
5 23 8 10 16 11
5 23 8 9 15 11
5 13 23 25 20 2
5 13 23 4 25 2
5 13 23 4 25 20
5 13 9 15 7 12
5 13 4 15 7 12
5 13 23 4 15 2
5 13 25 20 16 12
5 13 4 25 16 12
5 13 4 25 20 16
5 13 23 4 20 16
5 13 23 4 15 16
5 13 23 10 20 16
5 13 10 20 16 12
5 13 8 9 15 12
5 13 8 9 10 12
5 13 4 8 16 12
5 13 4 8 15 12
5 13 4 8 15 16
5 13 23 8 15 16
5 13 23 8 10 16
5 13 8 10 16 12
5 5 0 10 1 11
5 5 0 8 10 11
5 5 1 20 16 11
5 5 10 1 16 11
5 5 10 1 20 16
5 5 23 9 20 11
5 5 10 1 20 12
5 5 23 8 10 11
5 5 23 8 9 11
5 5 23 20 16 11
5 5 23 10 16 11
5 5 23 10 20 16
5 5 13 10 20 12
5 5 13 9 20 12
5 5 13 9 10 12
5 5 13 8 9 10
5 5 13 23 10 20
5 5 13 23 8 10
5 5 13 23 9 20
5 5 23 8 9 15
5 5 13 8 9 15
5 5 13 23 9 15
5 5 13 23 8 15
5 19 6 8 7 11
5 19 8 9 7 11
5 19 6 7 11 21
5 19 18 6 8 11
5 19 18 0 8 11
5 19 6 8 17 7
5 19 9 7 11 21
5 19 18 6 11 21
5 19 18 6 8 17
5 19 18 0 8 17
5 19 22 17 7 21
5 19 6 22 7 21
5 19 6 22 17 7
5 19 17 7 12 21
5 19 18 6 3 21
5 19 18 6 17 3
5 19 22 17 3 21
5 19 6 22 3 21
5 19 6 22 17 3
5 19 1 17 3 21
5 19 18 1 17 3
5 19 18 0 1 17
5 24 5 0 10 1
5 24 5 10 1 12
5 24 5 9 1 12
5 24 5 9 10 12
5 24 5 0 1 11
5 24 5 8 9 10
5 24 5 0 8 10
5 24 10 1 17 12
5 24 0 10 1 17
5 24 5 8 9 11
5 24 5 0 8 11
5 24 0 8 10 17
5 24 19 0 1 17
5 24 8 10 17 12
5 24 8 9 10 12
5 24 19 8 9 11
5 24 19 0 8 11
5 24 19 0 8 17
5 24 1 17 12 21
5 24 19 17 12 21
5 24 19 1 17 21
5 24 8 17 7 12
5 24 19 17 7 12
5 24 19 8 17 7
5 24 8 9 7 12
5 24 19 8 9 7
5 24 9 7 12 21
5 24 19 7 12 21
5 24 19 9 7 21
