220
5 15 24 5 3 21
5 0 1 4 21 22
5 19 13 15 24 22
5 19 6 13 15 22
5 19 6 15 1 3
5 18 0 1 4 21
5 2 13 15 24 22
5 2 15 24 5 21
5 2 0 24 21 22
5 2 0 24 5 21
5 2 15 5 3 21
5 2 15 1 21 22
5 2 15 1 3 21
5 2 19 15 1 22
5 9 15 24 5 3
5 9 2 15 24 5
5 9 2 15 5 3
5 10 19 13 4 22
5 25 10 19 1 20
5 25 10 18 1 20
5 17 9 24 5 3
5 17 25 10 13 20
5 17 25 10 18 20
5 8 25 19 1 20
5 8 19 6 13 20
5 8 17 6 13 20
5 8 17 25 13 20
5 8 19 15 1 3
5 8 2 15 1 3
5 8 2 19 15 1
5 8 2 19 1 22
5 8 19 6 15 3
5 8 10 19 13 20
5 8 25 10 13 20
5 8 25 10 19 20
5 8 9 2 6 15
5 8 19 6 15 22
5 8 2 6 15 22
5 8 2 19 15 22
5 8 25 10 19 1
5 8 19 1 4 22
5 8 10 19 1 4
5 23 8 25 1 20
5 23 6 1 3 20
5 23 8 25 6 20
5 23 25 18 5 3
5 23 25 10 18 1
5 23 8 10 18 1
5 23 8 25 10 1
5 23 8 25 10 18
5 23 19 6 1 20
5 23 8 19 1 20
5 23 8 19 6 20
5 23 19 6 1 3
5 23 8 19 1 3
5 23 8 19 6 3
5 23 2 1 3 21
5 23 8 2 1 3
5 14 17 9 3 20
5 14 17 25 3 20
5 14 9 6 3 20
5 14 17 9 6 20
5 14 23 6 3 20
5 14 23 25 3 20
5 14 23 25 6 20
5 14 8 25 6 20
5 14 8 17 6 20
5 14 8 17 25 20
5 14 23 8 6 3
5 14 23 8 25 6
5 14 9 6 15 3
5 14 8 6 15 3
5 14 8 9 6 15
5 14 17 25 5 3
5 14 23 25 5 3
5 14 9 2 15 3
5 14 8 2 15 3
5 14 8 9 2 15
5 14 23 8 2 3
5 11 10 0 24 4
5 11 10 18 0 4
5 11 10 13 24 4
5 11 17 25 10 13
5 11 17 25 10 18
5 11 18 0 4 21
5 11 10 18 1 4
5 11 8 10 18 1
5 16 19 6 13 22
5 16 8 19 6 22
5 16 8 19 6 13
5 16 8 2 6 22
5 16 10 19 13 22
5 16 8 10 19 13
5 16 6 13 15 22
5 16 2 13 15 22
5 16 2 6 15 22
5 16 8 9 2 6
5 16 10 19 4 22
5 16 8 19 4 22
5 16 8 10 19 4
5 16 9 6 13 15
5 16 9 2 6 15
5 16 2 13 24 22
5 16 14 8 9 2
5 16 10 13 4 22
5 16 11 10 13 4
5 16 2 13 15 24
5 16 9 13 15 24
5 16 9 2 15 24
5 16 13 24 4 22
5 16 11 13 24 4
5 16 2 0 24 22
5 16 8 2 1 22
5 16 23 8 2 1
5 16 8 1 4 22
5 16 8 10 1 4
5 16 11 10 1 4
5 16 11 8 10 1
5 16 0 24 4 22
5 16 11 0 24 4
5 16 2 0 21 22
5 16 2 1 21 22
5 16 23 8 18 1
5 16 11 8 18 1
5 16 1 4 21 22
5 16 0 4 21 22
5 16 11 18 1 4
5 7 17 9 5 3
5 7 14 17 5 3
5 7 14 17 9 3
5 7 9 2 5 3
5 7 14 9 2 3
5 7 17 9 24 5
5 7 14 23 5 3
5 7 14 23 2 3
5 7 16 14 9 2
5 7 2 5 3 21
5 7 23 5 3 21
5 7 23 2 3 21
5 7 9 2 24 5
5 7 16 9 2 24
5 7 14 23 8 2
5 7 16 23 8 2
5 7 16 14 8 2
5 7 2 0 24 5
5 7 16 2 0 24
5 7 11 17 24 5
5 7 11 17 13 24
5 7 11 17 18 5
5 7 2 0 5 21
5 7 16 2 0 21
5 7 23 18 5 21
5 7 23 2 1 21
5 7 16 2 1 21
5 7 16 23 2 1
5 7 23 25 18 5
5 7 14 23 25 5
5 7 11 0 24 5
5 7 16 11 0 24
5 7 17 25 18 5
5 7 14 17 25 5
5 7 23 18 1 21
5 7 16 23 18 1
5 7 18 0 5 21
5 7 11 18 0 21
5 7 11 18 0 5
5 7 11 18 4 21
5 7 16 11 18 4
5 7 11 0 4 21
5 7 16 0 4 21
5 7 16 11 0 4
5 7 18 1 4 21
5 7 16 1 4 21
5 7 16 18 1 4
5 12 14 8 17 25
5 12 8 17 25 13
5 12 7 14 17 25
5 12 14 23 8 25
5 12 14 8 17 6
5 12 8 25 10 13
5 12 16 8 10 13
5 12 8 17 6 13
5 12 16 8 6 13
5 12 7 14 23 25
5 12 7 14 17 9
5 12 7 16 14 9
5 12 23 8 25 18
5 12 16 23 8 18
5 12 7 14 23 8
5 12 7 16 23 8
5 12 7 16 14 8
5 12 14 17 9 6
5 12 14 8 9 6
5 12 16 8 9 6
5 12 16 14 8 9
5 12 11 17 25 13
5 12 7 11 17 13
5 12 11 25 10 13
5 12 16 11 10 13
5 12 16 11 8 10
5 12 17 9 6 13
5 12 16 9 6 13
5 12 7 23 25 18
5 12 7 16 23 18
5 12 16 11 8 18
5 12 11 17 25 18
5 12 7 17 25 18
5 12 7 11 17 18
5 12 16 11 13 24
5 12 7 11 13 24
5 12 7 16 11 24
5 12 7 16 11 18
5 12 17 9 13 24
5 12 7 17 13 24
5 12 7 17 9 24
5 12 16 9 13 24
5 12 7 16 9 24
5 12 8 25 10 18
5 12 11 25 10 18
5 12 11 8 10 18
