4
26
6.4722 2.59302 7.74921 4.18507
8.25964 -2.95491 0.933234 -5.03979
-3.48193 -4.71975 6.00417 -6.09612
-5.66089 1.55903 6.54825 8.59934
-5.36556 2.47413 -8.56589 3.8428
-7.61263 -0 -5.43002 9.3257
4.71343 -0 -6.95926 1.86666
-4.7309 -0 -5.95781 1.21533
3.5076 -0 -1.38945 3.326
-3.29725 -0 2.39907 -0.132988
-8.33092 -0 -2.34789 5.27814
8.0621 -0 -6.88093 -3.33621
-8.30898 -1.14625 -0 -7.62957
-8.52335 3.37323 -0 0.762856
5.83566 0.0998456 -0 -3.40566
-4.37301 4.65543 -0 4.49194
0.797356 6.16188 -0 9.02522
0.758458 5.35578 -0 -8.94861
-3.70059 -4.44345 -0 -0.654157
-5.26555 -7.61521 0.724714 -0
8.13758 7.79523 -2.16529 -0
-9.5618 -9.31075 7.88035 -0
-5.83674 2.11133 6.15697 -0
-1.73481 7.90559 -1.38556 -0
1.21963 -7.22874 -4.77205 -0
5.43335 8.64282 6.48657 -0
