4
26
6.11459 3.67166 9.555 0.222873
-7.24836 -3.69093 1.10618 -7.41948
-4.9156 -3.46858 3.80721 4.82497
5.22008 6.42189 3.04127 1.12957
-0.461584 -6.23631 1.74071 -3.73645
-0 8.22203 1.97443 5.91451
-0 7.41334 -3.34825 2.29304
-0 -1.91324 -4.28876 -6.26247
-0 4.63874 -5.26995 5.98029
-0 2.84704 0.683161 -8.83262
-0 6.22691 7.13403 -2.81091
-0 -6.62905 9.14943 7.14821
-3.16811 -7.54441 -0 -9.1469
9.79914 -7.22247 -0 -9.44623
-7.8169 9.74205 -0 6.25758
-9.05251 -5.22615 -0 -2.11878
5.69623 4.17247 -0 -3.01554
-7.24796 -7.63633 -0 8.13434
8.59154 -1.56985 -0 -5.64787
-7.36956 -6.22037 8.00451 -0
-5.08325 -9.16306 8.6824 -0
2.89566 6.49824 3.81555 -0
1.17054 9.13966 -8.41922 -0
2.51335 -1.30825 1.74999 -0
-6.90582 2.2504 7.05075 -0
-1.03754 -4.82618 6.82399 -0
