4
26
-4.2783 4.06927 3.86766 4.23781
-7.70267 3.31005 -7.13554 -4.11123
4.06663 4.69829 6.76594 0.75387
-2.76392 -3.72113 4.84488 -8.63
-8.2638 3.96858 4.748 8.3322
-3.45802 -0 1.87713 6.36267
-6.64267 -0 6.77797 -3.32622
3.87562 -0 6.92576 5.19231
-4.90089 -0 -2.44425 -8.1527
1.64033 -0 -0.933995 -0.370796
8.91893 -0 4.77864 -0.128102
0.629051 -0 -6.50397 4.75095
-3.40768 -1.37 7.86355 -0
-3.06961 9.78513 7.37499 -0
-6.28862 4.63611 -2.70665 -0
0.662929 5.0571 1.77615 -0
-5.53044 1.9379 0.115041 -0
4.01105 -9.17097 -1.58698 -0
8.11261 -1.67958 9.91467 -0
-8.30898 -1.14625 -0 -7.62957
-8.52335 3.37323 -0 0.762856
5.83566 0.0998456 -0 -3.40566
-4.37301 4.65543 -0 4.49194
0.797356 6.16188 -0 9.02522
0.758458 5.35578 -0 -8.94861
-3.70059 -4.44345 -0 -0.654157
