4
33
-2.98864 -1.46393 -1.33421 -8.71373
-7.74175 9.41709 -2.15679 -4.72806
0.504177 2.03721 -9.55049 -0.24472
3.44414 -0.434081 -0.166089 2.04062
1.2566 -2.64775 -7.49729 1.71664
-7.54954 -0.430196 -7.62554 -0
1.89293 3.79056 9.69937 -0
-3.14415 4.54674 -7.0215 -0
-8.46937 -4.33195 2.8103 -0
-8.56697 -8.39814 7.98744 -0
9.3684 -5.89417 -4.8281 -0
-9.12654 -4.69514 -1.57736 -0
-0 3.54033 3.17371 8.55498
-0 -9.72398 6.06031 -4.74135
-0 -1.41978 1.12235 4.00118
-0 -4.45387 1.38809 -5.81577
-0 -9.04218 8.92881 1.24678
-0 -1.86461 -9.50393 -2.98449
-0 0.191466 -7.46424 1.01853
-3.45802 -0 1.87713 6.36267
-6.64267 -0 6.77797 -3.32622
3.87562 -0 6.92576 5.19231
-4.90089 -0 -2.44425 -8.1527
1.64033 -0 -0.933995 -0.370796
8.91893 -0 4.77864 -0.128102
0.629051 -0 -6.50397 4.75095
3.55081 -2.68358 -0 -0.973497
-1.07591 -8.77741 -0 -5.88553
-6.5223 5.20579 -0 -1.20118
-5.33679 -9.11656 -0 4.71304
4.50582 -1.30259 -0 5.13321
1.96208 -3.16507 -0 6.53743
-9.74159 -0.532093 -0 -7.19418
