4
33
6.29269 7.75801 -2.34838 0.938392
-6.15444 -1.20219 4.76905 -4.69854
-8.00972 -0.0487881 -7.9458 2.57296
2.1908 3.67663 -7.39445 1.77812
0.579641 5.84923 4.49995 -7.85752
5.14592 -9.97701 -0 1.87766
-2.10728 4.64487 -0 1.90575
-0.62604 -5.79034 -0 1.82423
8.30704 -6.10857 -0 -3.57036
-0.326738 -4.79868 -0 -6.64613
-2.56147 -7.83064 -0 4.4655
3.83074 -8.84184 -0 2.56064
-0 -6.09262 8.76921 -9.03058
-0 -8.88383 -6.10919 8.71169
-0 -5.26779 0.793315 -3.95794
-0 3.56984 -5.05549 0.776595
-0 3.59465 5.5406 -7.30023
-0 0.82392 1.96092 4.94368
-0 6.69694 -0.699862 -2.33025
4.69903 -0 -7.83679 2.80197
-7.36999 -0 4.21063 -0.654226
-5.3292 -0 4.76564 6.03597
0.893841 -0 -4.16166 4.06332
3.52813 -0 -7.40528 9.62778
4.29868 -0 -4.39484 2.5074
-1.38027 -0 -8.69604 -1.3522
0.794844 -1.41182 3.47002 -0
9.0102 -7.43655 -8.81917 -0
4.32947 8.63227 0.128172 -0
-5.3592 -3.20709 4.2278 -0
-6.73499 6.67762 5.28416 -0
-6.41729 -4.20691 6.47364 -0
4.44047 6.64342 -3.54339 -0
