4
33
-3.92058 -8.0868 -5.18749 3.80614
-4.67534 -8.72007 -0.874093 -6.45069
-2.1727 2.65922 -6.39178 5.33597
3.27476 -0.106083 4.83542 -3.53237
-3.3591 5.18724 6.76787 -7.45488
-0 1.40379 9.20945 1.49558
-0 5.82583 6.60152 5.78728
-0 -2.09902 -0.0708516 -5.47234
-0 -8.92422 -9.02296 -7.74527
-0 6.099 -3.29874 -7.698
-0 -6.9012 -1.94232 4.10982
-0 -6.68919 6.58406 0.552079
-9.27662 -0 -9.71265 1.96244
1.51808 -0 -4.02849 4.59535
-1.67926 -0 -5.70446 1.6907
8.42127 -0 -4.63265 -9.21917
-1.09515 -0 4.31443 3.85171
7.4412 -0 -4.24883 4.40278
4.60327 -0 4.93952 -6.2088
0.656977 7.43597 -0 3.4529
-5.49098 8.25001 -0 2.2804
9.99672 3.69234 -0 -9.18696
6.49195 6.26628 -0 -0.248075
-0.552502 -5.04888 -0 6.80507
-7.99765 -1.7013 -0 -9.93374
3.5342 1.83446 -0 9.15957
0.0590283 -5.17595 -0.660195 -0
-0.0233403 -9.53836 -2.75357 -0
4.77555 -2.915 6.13423 -0
-6.87417 -8.48 8.79351 -0
-2.1715 -4.31247 -0.5535 -0
5.65179 -9.68947 2.96776 -0
2.33741 3.28722 -6.78252 -0
