4
26
0.500094 -6.25929 -4.6995 -0.8737
4.31073 -8.21367 -1.85353 -5.94286
-7.60857 8.85337 5.57982 2.66936
-2.72794 -6.28999 4.71079 -8.96723
1.35243 7.02539 4.08442 6.93196
4.69903 -0 -7.83679 2.80197
-7.36999 -0 4.21063 -0.654226
-5.3292 -0 4.76564 6.03597
0.893841 -0 -4.16166 4.06332
3.52813 -0 -7.40528 9.62778
4.29868 -0 -4.39484 2.5074
-1.38027 -0 -8.69604 -1.3522
8.71418 2.96109 -0 4.9195
4.34815 6.42348 -0 8.45575
-5.37814 7.80043 -0 -6.3473
-0.186209 5.83833 -0 8.80326
3.16525 2.89666 -0 -1.01952
2.56797 -5.41061 -0 -3.25744
-3.99655 -2.72026 -0 -7.46051
-5.26555 -7.61521 0.724714 -0
8.13758 7.79523 -2.16529 -0
-9.5618 -9.31075 7.88035 -0
-5.83674 2.11133 6.15697 -0
-1.73481 7.90559 -1.38556 -0
1.21963 -7.22874 -4.77205 -0
5.43335 8.64282 6.48657 -0
