4
33
-6.9118 8.15378 3.5503 2.05107
9.34763 6.70962 2.81822 -5.44988
4.90692 -9.94749 8.97538 1.30375
6.51301 2.08472 4.62038 -3.16261
8.77351 -6.67624 -9.69262 -5.21144
-0 1.40379 9.20945 1.49558
-0 5.82583 6.60152 5.78728
-0 -2.09902 -0.0708516 -5.47234
-0 -8.92422 -9.02296 -7.74527
-0 6.099 -3.29874 -7.698
-0 -6.9012 -1.94232 4.10982
-0 -6.68919 6.58406 0.552079
-6.77302 -0 -0.747362 -0.274046
0.129019 -0 7.70144 0.0644799
9.34892 -0 -7.52996 -2.36043
-0.316912 -0 1.09598 6.58433
0.329847 -0 -5.6222 0.0753884
-1.3386 -0 0.734627 1.22604
8.721 -0 1.91309 -7.31264
5.14592 -9.97701 -0 1.87766
-2.10728 4.64487 -0 1.90575
-0.62604 -5.79034 -0 1.82423
8.30704 -6.10857 -0 -3.57036
-0.326738 -4.79868 -0 -6.64613
-2.56147 -7.83064 -0 4.4655
3.83074 -8.84184 -0 2.56064
-7.54954 -0.430196 -7.62554 -0
1.89293 3.79056 9.69937 -0
-3.14415 4.54674 -7.0215 -0
-8.46937 -4.33195 2.8103 -0
-8.56697 -8.39814 7.98744 -0
9.3684 -5.89417 -4.8281 -0
-9.12654 -4.69514 -1.57736 -0
