4
26
-7.50498 5.89278 -6.17079 7.92597
-4.42047 4.88372 -6.22636 -8.45882
-8.24804 -4.44983 4.84173 1.5491
4.04341 3.67658 9.59393 5.46557
-5.04327 1.02321 -9.52929 -1.38408
-0 3.54033 3.17371 8.55498
-0 -9.72398 6.06031 -4.74135
-0 -1.41978 1.12235 4.00118
-0 -4.45387 1.38809 -5.81577
-0 -9.04218 8.92881 1.24678
-0 -1.86461 -9.50393 -2.98449
-0 0.191466 -7.46424 1.01853
0.0590283 -5.17595 -0.660195 -0
-0.0233403 -9.53836 -2.75357 -0
4.77555 -2.915 6.13423 -0
-6.87417 -8.48 8.79351 -0
-2.1715 -4.31247 -0.5535 -0
5.65179 -9.68947 2.96776 -0
2.33741 3.28722 -6.78252 -0
-3.16811 -7.54441 -0 -9.1469
9.79914 -7.22247 -0 -9.44623
-7.8169 9.74205 -0 6.25758
-9.05251 -5.22615 -0 -2.11878
5.69623 4.17247 -0 -3.01554
-7.24796 -7.63633 -0 8.13434
8.59154 -1.56985 -0 -5.64787
