4
19
-9.25082 6.81414 -8.66841 3.6707
-9.57014 -4.27518 0.139524 -2.65404
7.89021 -3.27208 1.66851 5.58635
8.13799 0.338628 -3.38053 3.21618
4.77714 9.6871 0.627616 4.28833
-0 -7.82676 -1.60159 4.248
-0 8.09782 7.49895 -6.95411
-0 -4.26519 5.82136 3.53014
-0 -7.07387 -1.73541 -9.50595
-0 5.66167 7.06582 4.07181
-0 -6.49672 -3.43844 -9.4359
-0 -7.2815 -3.96452 5.69843
-9.27662 -0 -9.71265 1.96244
1.51808 -0 -4.02849 4.59535
-1.67926 -0 -5.70446 1.6907
8.42127 -0 -4.63265 -9.21917
-1.09515 -0 4.31443 3.85171
7.4412 -0 -4.24883 4.40278
4.60327 -0 4.93952 -6.2088
