4
26
6.77952 -6.71754 -1.17248 8.81342
6.80643 7.69296 5.37613 -6.63925
-5.22006 5.66039 6.07844 9.92289
0.0119799 -5.85942 7.25066 2.21974
-4.0583 1.34048 -1.13783 -9.69962
-0 -6.09262 8.76921 -9.03058
-0 -8.88383 -6.10919 8.71169
-0 -5.26779 0.793315 -3.95794
-0 3.56984 -5.05549 0.776595
-0 3.59465 5.5406 -7.30023
-0 0.82392 1.96092 4.94368
-0 6.69694 -0.699862 -2.33025
0.656977 7.43597 -0 3.4529
-5.49098 8.25001 -0 2.2804
9.99672 3.69234 -0 -9.18696
6.49195 6.26628 -0 -0.248075
-0.552502 -5.04888 -0 6.80507
-7.99765 -1.7013 -0 -9.93374
3.5342 1.83446 -0 9.15957
-7.36956 -6.22037 8.00451 -0
-5.08325 -9.16306 8.6824 -0
2.89566 6.49824 3.81555 -0
1.17054 9.13966 -8.41922 -0
2.51335 -1.30825 1.74999 -0
-6.90582 2.2504 7.05075 -0
-1.03754 -4.82618 6.82399 -0
