4
33
-7.61816 -7.08819 8.58488 9.82572
8.3524 -1.27671 8.97415 -0.531792
8.35139 -8.54394 -4.54769 7.6584
6.1779 9.28782 0.700891 6.97785
-2.54719 -9.93444 8.09978 2.51143
3.55081 -2.68358 -0 -0.973497
-1.07591 -8.77741 -0 -5.88553
-6.5223 5.20579 -0 -1.20118
-5.33679 -9.11656 -0 4.71304
4.50582 -1.30259 -0 5.13321
1.96208 -3.16507 -0 6.53743
-9.74159 -0.532093 -0 -7.19418
0.794844 -1.41182 3.47002 -0
9.0102 -7.43655 -8.81917 -0
4.32947 8.63227 0.128172 -0
-5.3592 -3.20709 4.2278 -0
-6.73499 6.67762 5.28416 -0
-6.41729 -4.20691 6.47364 -0
4.44047 6.64342 -3.54339 -0
-0 8.22203 1.97443 5.91451
-0 7.41334 -3.34825 2.29304
-0 -1.91324 -4.28876 -6.26247
-0 4.63874 -5.26995 5.98029
-0 2.84704 0.683161 -8.83262
-0 6.22691 7.13403 -2.81091
-0 -6.62905 9.14943 7.14821
-7.61263 -0 -5.43002 9.3257
4.71343 -0 -6.95926 1.86666
-4.7309 -0 -5.95781 1.21533
3.5076 -0 -1.38945 3.326
-3.29725 -0 2.39907 -0.132988
-8.33092 -0 -2.34789 5.27814
8.0621 -0 -6.88093 -3.33621
