100
922.136 35.7665
293.708 630.794
360.587 309.295
974.251 994.673
916.767 540.698
376.922 285.874
516.717 183.097
534.572 253.031
527.388 754.866
259.115 40.1803
294.436 985.259
580.529 817.539
16.0576 506.185
560.416 44.0415
427.157 546.768
633.685 880.424
589.146 444.097
732.324 5.60583
740.546 797.811
977.24 520.662
711.467 238.844
384.117 972.078
800.422 682.127
676.055 546.277
883.076 843.558
669.914 724.206
699.777 121.73
908.096 848.389
40.9894 301.06
62.0665 763.475
136.194 625.148
364.729 485.339
913.138 636.603
285.825 877.958
851.903 24.3308
581.239 155.29
449.324 549.607
548.535 183.276
981.75 755.321
213.69 989.272
332.705 532.262
565.302 284.383
318.604 442.237
854.299 146.505
992.086 537.439
333.933 875.475
433.44 641.182
970.056 108.474
445.876 742.465
77.9346 487.435
268.254 298.606
749.873 511.498
971.896 177.117
544.644 498.676
356.621 320.219
85.7392 768.373
155.511 161.307
298.882 843.998
784.966 754.793
936.223 256.329
273.633 903.067
529.994 714.007
4.04067 588.502
628.185 898.968
883.233 334.149
876.144 958.408
860.472 190.02
329.514 879.29
557.028 504.164
194.295 689.426
764.767 608.332
170.14 316.34
957.203 539.847
441.322 824.043
552.853 377.359
745.956 405.035
367.384 732.896
459.504 725.262
612.467 992.262
507.996 155.302
988.748 360.741
501.282 534.862
539.977 533.661
643.834 916.556
916.503 921.62
971.941 951.327
582.298 703.32
174.065 736.035
317.34 189.096
597.903 898.778
394.742 386.351
532.266 750.254
731.583 250.099
445.092 789.84
446.497 148.904
81.7555 639.539
357.809 559.407
925.466 926.541
911.612 611.625
375.597 987.749
