100
279.444 95.1423
81.77 273.033
509.974 828.348
269.378 146.701
565.715 535.405
525.754 954.5
463.669 999.915
637.925 682.859
230.115 988.111
334.078 455.695
847.348 494.293
802.185 332.833
462.018 985.068
273.946 764.853
709.572 905.445
828.274 97.9298
194.156 470.828
658.428 483.588
974.066 75.1024
253.382 256.438
51.2582 396.153
839.254 773.455
519.137 629.948
64.0993 106.373
513.309 787.949
901.144 292.191
712.112 13.2132
327.579 721.144
442.902 404.319
866.488 585.549
925.668 189.254
67.6205 816.14
690.854 539.844
365.844 10.3947
377.372 863.764
619.695 158.646
230.882 4.04528
883.771 490.328
135.688 356.897
204.017 842.933
952.928 634.869
978.705 348.044
568.355 978.784
398.039 836.077
738.08 457.721
405.893 213.956
470.541 866.852
863.29 499.825
241.467 840.429
585.271 273.552
900.864 889.404
716.971 232.652
585.119 726.932
714.481 319.486
795.737 328.098
121.598 231.922
295.482 51.8367
803.043 73.3778
956.857 460.985
812.949 648.523
874.805 299.261
906.315 327.836
513.94 117.317
198.509 183.769
703.715 10.1853
90.7499 8.29268
274.323 56.2563
152.958 701.901
537.028 235.696
773.116 534.61
375.663 712.674
892.393 745.635
349.675 6.46665
943.306 683.1
752.356 109.215
949.633 715.406
237.646 653.659
488.092 127.427
899.535 941.363
479.085 600.554
919.012 894.484
82.2702 57.1088
199.385 574.107
739.06 907.162
265.805 995.274
118.69 142.958
577.711 900.967
732.061 697.861
40.0299 474.137
838.766 804.943
174.52 961.174
291.159 410.215
328.441 71.7009
59.7439 998.883
970.838 549.978
362.24 681.635
178.337 887.296
602.717 762.333
37.0835 719.946
205.309 308.147
