100
261.252 899.521
870.183 375.243
959.996 714.414
296.717 382.429
813.824 494.703
535.712 284.406
71.2241 569.746
74.916 770.294
436.646 804.754
929.268 711.784
804.976 802.396
356.117 39.113
232.389 750.592
15.9246 0.17267
455.203 79.5843
433.535 932.653
820.999 816.359
763.764 183.826
52.1915 820.491
992.837 853.368
822.057 247.661
882.664 764.706
871.429 157.886
72.8488 911.358
443.892 163.424
132.482 89.5044
703.347 820.297
421.54 540.474
493.018 843.699
761.175 209.046
223.466 628.08
946.166 281.392
994.622 699.418
491.811 290.32
651.062 89.9403
446.503 285.159
912.083 542.409
305.336 874.08
216.98 740.067
291.049 74.3054
221.997 6.1691
256.124 128.568
792.943 754.469
756.523 400.762
433.2 235.884
982.075 855.409
417.276 752.914
735.793 79.43
259.612 45.8188
240.985 363.031
306.228 457.298
904.716 385.481
585.242 160.362
217.115 114.188
72.7527 953.004
248.853 457.48
962.179 103.043
565.155 334.038
68.0124 340.186
431.564 550.808
47.357 74.347
89.8767 363.722
67.107 557.495
80.0695 346.847
912.819 94.747
281.446 735.64
776.991 872.996
73.07 443.821
578.663 24.6237
616.596 32.0693
683.764 25.7026
454.493 546.887
724.42 785.904
4.95437 184.694
857.923 764.955
260.739 572.168
328.562 981.159
215.2 461.844
564.238 200.971
977.578 888.942
688.867 888.764
805.71 149.475
711.217 252.288
390.828 840.44
631.839 329.839
522.26 438.269
564.605 270.66
366.572 568.135
23.2192 413.038
330.238 474.259
520.929 879.232
660.615 172.504
120.323 262.137
292.801 565.885
206.251 880.658
60.1391 3.01352
178.142 377.784
779.964 108.082
364.166 498.257
131.358 283.221
