100
49.3381 76.1719
284.277 976.349
729.927 638.45
169.799 294.68
707.14 397.411
453.082 498.151
713.112 107.61
458.645 465.34
758.395 706.643
957.183 592.955
40.6298 519.496
77.3113 327.543
810.17 209.116
192.999 189.855
790.465 421.619
719.511 195.203
22.642 604.372
537.354 398.685
512.57 830.168
3.69298 572.803
344.539 880.369
165.818 314.576
271.987 422.763
84.7248 435.434
889.774 632.239
639.726 967.248
820.237 781.706
356.633 733.586
375.373 999.317
977.587 324.447
796.216 483.828
82.6284 115.214
903.652 256.396
713.864 640.006
396.437 819.3
322.762 725.148
374.367 951.769
386.851 168.627
208.321 665.812
929.646 820.57
357.034 664.786
29.1294 194.531
975.929 231.811
527.195 952.194
917.989 563.854
126.641 739.593
117.742 204.853
182.921 797.18
215.735 88.3671
61.8773 181.169
117.472 446.878
629.841 969.529
355.393 427.649
839.953 581.982
83.5335 554.293
31.4276 510.778
943.718 764.231
88.6459 921.089
98.2625 588.101
775.833 105.556
552.008 116.382
97.458 617.831
454.186 198.609
106.471 58.448
932.058 430.203
53.2478 61.2338
172.763 782.627
711.564 475.586
856.906 470.312
421.356 163.446
8.62199 842.208
780.358 908.884
209.783 87.6123
436.391 548.413
181.95 893.219
291.084 582.452
165.24 38.2076
134.739 162.201
597.406 375.728
884.902 351.475
645.103 757.099
559.915 450.907
924.505 652.645
30.8172 122.981
41.6332 891.226
400.71 542.062
853.529 526.175
890.409 487.446
778.656 659.718
827.529 157.161
804.889 2.28227
883.258 264.589
576.861 626.058
37.7184 388.077
653.496 636.345
215.365 207.362
628.324 330.444
698.169 939.117
673.555 472.401
567.182 217.191
