303
5 24 28 18 13 4
5 1 15 24 28 27
5 1 15 31 27 32
5 1 15 31 28 27
5 1 24 13 27 32
5 1 15 13 27 32
5 1 15 24 13 27
5 22 9 31 27 32
5 22 1 23 27 32
5 22 1 23 28 27
5 22 1 3 23 32
5 29 1 24 28 27
5 29 1 23 28 11
5 29 1 24 28 11
5 29 24 28 18 4
5 29 21 24 18 4
5 29 21 24 28 18
5 29 9 21 18 4
5 12 15 31 27 32
5 12 15 13 27 32
5 12 15 31 28 27
5 12 15 24 13 27
5 0 1 3 23 11
5 0 22 1 3 23
5 0 1 3 11 32
5 0 22 1 3 32
5 14 15 31 28 18
5 14 1 15 31 28
5 14 1 15 31 32
5 14 12 15 31 32
5 7 1 24 13 32
5 7 15 8 13 32
5 7 1 15 13 32
5 7 1 15 24 13
5 7 14 15 8 32
5 7 14 1 15 32
5 7 0 1 11 32
5 7 16 24 8 11
5 7 15 24 28 13
5 7 1 15 24 28
5 7 14 0 8 32
5 7 14 0 1 32
5 7 14 1 15 28
5 7 0 16 8 11
5 7 1 24 28 11
5 7 14 0 16 8
5 10 22 9 5 27
5 10 22 9 31 27
5 10 22 9 31 5
5 10 29 9 28 18
5 10 9 31 28 18
5 10 29 9 21 18
5 10 9 21 5 4
5 10 29 21 5 4
5 10 29 9 5 4
5 10 29 9 21 4
5 25 22 23 28 27
5 25 22 31 27 32
5 25 1 31 27 32
5 25 1 31 28 27
5 25 22 1 27 32
5 25 22 1 28 27
5 25 10 23 28 18
5 25 10 31 28 18
5 25 10 31 23 28
5 25 22 1 23 28
5 25 10 22 31 23
5 25 14 1 31 32
5 25 14 1 31 28
5 25 0 22 1 32
5 25 14 0 1 32
5 25 10 22 3 23
5 25 14 12 31 32
5 25 0 22 3 23
5 25 10 22 31 5
5 25 10 22 3 5
5 6 1 3 23 11
5 6 29 3 23 11
5 6 29 1 23 11
5 6 29 1 24 11
5 6 29 1 24 27
5 6 1 23 27 32
5 6 1 3 23 32
5 6 1 23 28 27
5 6 29 1 28 27
5 6 29 1 23 28
5 6 22 23 27 32
5 6 22 3 27 32
5 6 22 3 23 32
5 6 10 22 3 23
5 6 10 22 31 27
5 6 10 22 31 23
5 6 10 22 5 27
5 6 10 22 3 5
5 6 10 31 23 28
5 6 10 29 9 28
5 6 10 9 5 27
5 6 10 29 9 5
5 6 25 22 23 27
5 6 25 22 31 27
5 6 25 22 31 23
5 6 25 23 28 27
5 6 25 31 28 27
5 6 25 31 23 28
5 6 10 9 31 27
5 6 10 9 31 28
5 6 12 9 31 27
5 20 12 9 31 4
5 20 14 12 15 31
5 20 14 15 8 32
5 20 14 12 15 32
5 20 14 15 31 18
5 17 29 23 28 11
5 17 10 23 28 18
5 17 6 29 23 28
5 17 6 10 23 28
5 17 6 10 29 28
5 17 6 10 29 23
5 17 29 21 28 18
5 17 10 29 28 18
5 17 10 29 21 18
5 17 23 28 18 11
5 17 29 24 28 11
5 17 29 21 24 28
5 17 25 10 23 18
5 17 25 10 21 18
5 17 25 10 3 23
5 17 10 21 3 5
5 17 10 29 21 5
5 17 24 28 18 11
5 17 21 24 28 18
5 17 0 3 23 11
5 17 16 24 18 11
5 17 16 21 24 11
5 17 16 21 24 18
5 30 14 31 28 18
5 30 25 31 28 18
5 30 25 14 31 28
5 30 25 14 1 28
5 30 7 14 1 28
5 30 25 23 28 18
5 30 25 1 23 28
5 30 25 14 0 1
5 30 14 15 28 18
5 30 7 14 15 28
5 30 7 14 0 1
5 30 7 1 28 11
5 30 7 0 1 11
5 30 15 28 18 13
5 30 7 15 28 13
5 30 7 14 0 16
5 30 23 28 18 11
5 30 1 23 28 11
5 30 0 1 23 11
5 30 17 25 23 18
5 30 17 25 0 23
5 30 0 22 1 23
5 30 25 22 1 23
5 30 25 0 22 23
5 30 25 0 22 1
5 30 7 0 16 11
5 30 20 14 15 18
5 30 7 14 15 8
5 30 7 14 16 8
5 30 17 23 18 11
5 30 17 0 23 11
5 30 17 16 18 11
5 30 17 0 16 11
5 30 17 16 21 18
5 30 24 28 18 11
5 30 16 24 18 11
5 30 7 24 28 11
5 30 7 16 24 11
5 30 24 28 18 13
5 30 7 24 28 13
5 30 20 15 18 13
5 30 7 15 8 13
5 30 20 14 15 8
5 30 20 14 16 8
5 30 16 24 8 13
5 30 7 24 8 13
5 30 7 16 24 8
5 30 20 15 8 13
5 2 6 9 31 28
5 2 6 12 9 31
5 2 9 31 28 18
5 2 12 31 28 27
5 2 6 31 28 27
5 2 6 12 31 27
5 2 6 29 9 28
5 2 15 31 28 18
5 2 12 15 31 28
5 2 12 9 31 4
5 2 6 29 28 27
5 2 6 12 29 27
5 2 6 29 9 4
5 2 6 12 9 4
5 2 6 12 29 4
5 2 29 28 18 4
5 2 29 9 18 4
5 2 29 9 28 18
5 2 12 15 28 27
5 2 28 18 13 4
5 2 15 28 18 13
5 2 20 12 31 4
5 2 20 12 15 31
5 2 15 24 28 27
5 2 29 24 28 27
5 2 12 15 24 27
5 2 12 29 24 27
5 2 24 28 13 4
5 2 29 24 28 4
5 2 20 15 13 4
5 2 20 12 13 4
5 2 20 12 15 13
5 2 15 24 28 13
5 2 12 15 24 13
5 26 17 16 21 11
5 26 17 0 16 11
5 26 30 17 16 21
5 26 30 17 0 16
5 26 30 17 25 0
5 26 17 21 3 11
5 26 17 0 3 11
5 26 17 25 21 18
5 26 30 17 21 18
5 26 30 17 25 18
5 26 17 10 21 3
5 26 17 25 10 3
5 26 17 25 10 21
5 26 25 0 3 23
5 26 17 0 3 23
5 26 17 25 3 23
5 26 17 25 0 23
5 26 30 14 0 16
5 26 30 25 14 0
5 26 10 21 3 5
5 26 25 10 3 5
5 26 14 0 16 8
5 26 30 20 14 16
5 26 25 10 31 5
5 26 20 14 16 8
5 26 30 14 31 18
5 26 30 25 31 18
5 26 30 25 14 31
5 26 25 0 22 3
5 26 25 14 0 32
5 19 20 15 31 18
5 19 2 15 31 18
5 19 2 20 15 31
5 19 2 20 31 4
5 19 2 20 15 4
5 19 20 9 31 4
5 19 2 9 18 4
5 19 2 9 31 4
5 19 2 9 31 18
5 19 20 15 13 4
5 19 20 15 18 13
5 19 2 18 13 4
5 19 2 15 13 4
5 19 2 15 18 13
5 19 9 21 18 4
5 19 9 21 5 4
5 19 20 9 5 4
5 19 10 9 31 18
5 19 10 9 21 18
5 19 24 18 13 4
5 19 21 24 18 4
5 19 20 8 13 4
5 19 25 10 31 18
5 19 25 10 21 18
5 19 10 9 31 5
5 19 10 9 21 5
5 19 26 25 31 18
5 19 26 25 21 18
5 19 20 14 31 18
5 19 26 14 31 18
5 19 26 20 14 31
5 19 26 30 21 18
5 19 26 9 31 5
5 19 26 20 9 5
5 19 26 20 9 31
5 19 24 8 13 4
5 19 16 21 24 18
5 19 30 20 18 13
5 19 30 16 21 18
5 19 26 25 10 31
5 19 26 25 10 21
5 19 26 10 31 5
5 19 26 10 21 5
5 19 30 20 14 18
5 19 26 30 14 18
5 19 26 30 20 14
5 19 26 30 16 21
5 19 26 30 20 16
5 19 16 24 8 13
5 19 30 24 18 13
5 19 30 16 24 13
5 19 30 16 24 18
5 19 26 20 16 8
5 19 30 16 8 13
5 19 30 20 8 13
5 19 30 20 16 8
