208
5 5 24 13 14 22
5 20 1 5 12 24
5 20 5 12 24 21
5 20 1 15 14 22
5 20 1 5 24 22
5 20 5 13 14 21
5 6 4 2 10 17
5 8 6 4 2 10
5 8 6 4 15 10
5 8 6 4 2 17
5 25 8 4 2 17
5 3 24 13 14 22
5 3 5 24 13 22
5 3 25 24 13 0
5 3 4 1 15 22
5 23 20 1 15 22
5 23 20 1 5 22
5 23 20 1 15 14
5 23 5 15 14 22
5 23 20 15 14 22
5 23 20 5 14 22
5 23 20 5 13 21
5 23 20 5 13 14
5 23 20 13 14 21
5 7 6 4 15 10
5 7 3 4 1 15
5 7 23 6 15 10
5 7 4 1 15 17
5 7 6 2 12 17
5 7 20 12 10 21
5 7 23 20 10 21
5 7 23 20 12 21
5 7 20 1 5 12
5 7 23 20 1 5
5 7 23 20 1 14
5 7 23 1 15 14
5 7 2 12 24 17
5 7 1 12 24 17
5 7 3 5 15 22
5 7 3 1 15 22
5 7 23 5 15 22
5 7 23 1 15 22
5 7 23 1 5 22
5 11 4 15 10 0
5 11 8 4 10 0
5 11 8 4 15 0
5 11 8 4 15 10
5 11 23 15 10 0
5 11 23 10 0 21
5 11 8 6 15 10
5 11 23 6 15 10
5 11 23 13 0 21
5 11 23 20 10 21
5 11 7 8 6 15
5 11 7 23 6 15
5 11 23 13 14 21
5 11 23 20 14 21
5 11 7 8 15 14
5 11 7 23 15 14
5 11 7 23 20 10
5 11 7 23 6 10
5 11 20 12 10 21
5 11 8 2 10 21
5 11 8 6 2 10
5 11 7 23 20 14
5 11 7 20 12 10
5 11 7 6 12 10
5 11 7 8 6 2
5 11 2 12 10 21
5 11 6 2 12 10
5 11 20 2 12 21
5 11 7 20 2 12
5 11 7 6 2 12
5 19 25 2 24 17
5 19 25 8 4 17
5 19 3 25 24 17
5 19 3 25 4 17
5 19 4 1 15 17
5 19 25 8 2 17
5 19 7 1 24 17
5 19 7 1 15 17
5 19 7 1 15 14
5 19 1 15 14 22
5 19 7 8 15 14
5 19 7 4 15 17
5 19 4 1 15 22
5 19 3 24 14 22
5 19 3 4 15 22
5 19 3 1 24 17
5 19 3 1 24 22
5 19 3 4 1 17
5 19 3 4 1 22
5 19 3 25 13 0
5 19 3 25 4 0
5 19 8 6 4 17
5 19 7 6 4 17
5 19 8 6 4 15
5 19 7 6 4 15
5 19 7 8 6 15
5 19 8 6 2 17
5 19 7 6 2 17
5 19 7 8 6 2
5 18 3 13 14 22
5 18 5 13 14 22
5 18 5 15 14 22
5 18 19 15 14 22
5 18 19 3 14 22
5 18 19 3 15 22
5 18 3 5 13 22
5 18 3 5 15 22
5 18 19 3 13 14
5 18 23 5 13 14
5 18 23 5 15 14
5 18 3 5 13 0
5 18 3 5 15 0
5 18 19 3 13 0
5 18 23 5 13 0
5 18 23 5 15 0
5 18 3 4 15 0
5 18 19 3 4 0
5 18 19 3 4 15
5 18 11 23 15 0
5 16 7 2 24 17
5 16 19 2 24 17
5 16 19 7 24 17
5 16 19 7 2 17
5 16 7 2 12 24
5 16 19 25 2 24
5 16 19 7 1 14
5 16 19 7 1 24
5 16 19 7 8 14
5 16 19 7 8 2
5 16 2 12 24 21
5 16 7 20 2 12
5 16 25 2 24 21
5 16 7 20 1 14
5 16 19 24 14 22
5 16 19 1 14 22
5 16 19 1 24 22
5 16 11 7 8 14
5 16 11 7 8 2
5 16 20 12 24 21
5 16 20 2 12 21
5 16 20 1 12 24
5 16 7 1 12 24
5 16 7 20 1 12
5 16 11 7 20 14
5 16 11 7 20 2
5 16 3 24 13 14
5 16 19 3 13 14
5 16 19 3 24 14
5 16 3 25 24 13
5 16 19 3 25 13
5 16 19 3 25 24
5 16 20 1 14 22
5 16 20 1 24 22
5 16 20 5 14 21
5 16 20 5 24 21
5 16 11 20 14 21
5 16 11 20 2 21
5 16 5 13 14 21
5 16 5 24 13 21
5 16 5 24 13 14
5 16 5 24 14 22
5 16 20 5 14 22
5 16 20 5 24 22
5 9 25 8 4 0
5 9 19 25 4 0
5 9 19 25 8 4
5 9 8 4 15 0
5 9 19 8 4 15
5 9 18 4 15 0
5 9 18 19 4 0
5 9 18 19 4 15
5 9 11 8 15 0
5 9 18 11 15 0
5 9 19 8 15 14
5 9 18 19 15 14
5 9 19 25 13 0
5 9 18 19 13 0
5 9 18 19 13 14
5 9 16 19 8 14
5 9 11 8 15 14
5 9 11 8 0 21
5 9 16 11 8 14
5 9 16 19 13 14
5 9 16 19 25 13
5 9 19 25 8 2
5 9 16 19 8 2
5 9 16 19 25 2
5 9 11 23 15 14
5 9 18 23 15 14
5 9 18 11 23 15
5 9 16 11 14 21
5 9 11 8 2 21
5 9 16 11 8 2
5 9 11 13 0 21
5 9 11 13 14 21
5 9 11 23 13 0
5 9 18 23 13 0
5 9 18 11 23 0
5 9 11 23 13 14
5 9 18 23 13 14
5 9 16 13 14 21
5 9 25 13 0 21
5 9 16 25 13 21
5 9 16 25 2 21
5 9 16 11 2 21
