198
5 24 6 23 7 17
5 24 6 10 7 17
5 25 21 9 3 22
5 4 11 21 9 22
5 18 25 21 9 22
5 18 4 21 9 22
5 18 4 25 21 9
5 18 4 25 16 23
5 18 16 10 23 7
5 18 25 21 23 22
5 18 4 21 23 22
5 18 4 25 21 23
5 18 4 16 23 7
5 18 24 10 23 7
5 18 24 6 23 7
5 18 24 6 10 7
5 5 25 21 3 22
5 20 25 24 23 17
5 20 5 25 24 17
5 20 24 2 16 23
5 20 25 2 16 23
5 20 25 24 16 23
5 20 5 24 3 17
5 20 5 25 24 3
5 20 25 21 9 3
5 20 5 21 9 3
5 20 5 25 21 3
5 20 24 2 10 17
5 20 24 16 10 3
5 20 24 2 16 10
5 8 20 25 2 16
5 8 18 4 25 9
5 8 18 4 25 16
5 8 20 2 16 3
5 8 20 25 9 3
5 8 20 25 16 3
5 8 20 25 21 9
5 8 18 4 9 22
5 8 4 25 21 9
5 8 5 2 9 3
5 8 20 5 9 3
5 8 20 5 2 3
5 8 20 5 2 9
5 8 25 9 3 22
5 8 18 25 3 22
5 8 18 25 9 22
5 15 25 24 16 23
5 15 18 25 16 23
5 15 18 25 24 23
5 15 24 16 10 23
5 15 18 16 10 23
5 15 18 24 10 23
5 15 18 25 24 3
5 15 24 16 10 3
5 15 20 24 16 3
5 15 20 25 16 3
5 15 20 25 24 3
5 15 20 25 24 16
5 15 8 25 16 3
5 15 8 18 25 3
5 15 8 18 25 16
5 15 8 18 3 22
5 15 18 16 10 7
5 15 8 9 3 22
5 15 8 18 4 22
5 15 8 18 4 16
5 15 18 4 7 22
5 15 18 4 16 7
5 15 8 4 9 22
5 13 5 25 21 22
5 13 25 21 23 22
5 13 5 25 3 22
5 13 18 25 23 22
5 13 18 6 3 22
5 13 18 25 3 22
5 13 5 25 24 3
5 13 18 24 6 23
5 13 18 25 24 23
5 13 18 24 6 3
5 13 18 25 24 3
5 13 24 6 23 17
5 13 5 24 6 17
5 13 25 24 23 17
5 13 5 25 23 17
5 13 5 25 24 17
5 0 11 21 6 22
5 0 13 21 6 22
5 0 4 11 21 22
5 0 12 4 11 21
5 0 13 11 21 6
5 0 4 21 23 22
5 0 13 21 23 22
5 0 18 6 7 22
5 0 18 4 7 22
5 0 12 4 23 7
5 0 18 4 23 22
5 0 13 18 23 22
5 0 13 18 6 22
5 0 13 18 6 23
5 0 18 6 23 7
5 0 18 4 23 7
5 0 6 23 7 17
5 0 12 23 7 17
5 0 12 6 7 17
5 14 20 25 2 23
5 14 12 4 23 7
5 14 25 2 16 23
5 14 8 25 2 16
5 14 4 25 16 23
5 14 8 4 25 16
5 14 20 24 23 17
5 14 20 24 2 17
5 14 20 24 2 23
5 14 16 10 23 7
5 14 4 16 23 7
5 14 12 23 7 17
5 14 24 16 10 23
5 14 24 2 16 23
5 14 24 2 16 10
5 14 24 2 10 17
5 14 24 23 7 17
5 14 24 10 7 17
5 14 24 10 23 7
5 19 13 25 21 23
5 19 13 5 25 23
5 19 13 5 25 21
5 19 0 13 21 23
5 19 13 5 11 21
5 19 20 5 25 21
5 19 0 4 21 23
5 19 0 12 4 23
5 19 0 12 4 21
5 19 0 13 6 23
5 19 0 12 11 21
5 19 0 13 11 21
5 19 13 5 23 17
5 19 5 25 23 17
5 19 20 25 23 17
5 19 20 5 25 17
5 19 14 20 25 23
5 19 20 5 2 17
5 19 14 12 4 23
5 19 13 6 23 17
5 19 0 6 23 17
5 19 0 12 23 17
5 19 0 12 6 17
5 19 0 13 11 6
5 19 14 20 23 17
5 19 14 12 23 17
5 19 14 12 11 2
5 19 4 25 21 23
5 19 14 4 25 23
5 19 14 20 25 2
5 19 5 11 21 9
5 19 20 5 21 9
5 19 5 11 2 9
5 19 20 5 2 9
5 19 14 20 2 17
5 19 14 12 2 17
5 19 12 4 11 21
5 19 14 12 4 11
5 19 14 11 2 9
5 19 8 4 25 21
5 19 14 8 4 25
5 19 8 20 25 21
5 19 8 20 25 2
5 19 14 8 25 2
5 19 8 20 21 9
5 19 8 20 2 9
5 19 14 8 2 9
5 19 4 11 21 9
5 19 8 4 21 9
5 19 14 4 11 9
5 19 14 8 4 9
5 1 14 12 11 2
5 1 14 11 2 9
5 1 14 12 7 17
5 1 14 12 2 17
5 1 14 12 4 7
5 1 14 12 4 11
5 1 0 12 6 7
5 1 0 12 4 7
5 1 0 12 4 11
5 1 14 4 11 9
5 1 12 6 7 17
5 1 14 10 7 17
5 1 14 2 10 17
5 1 0 4 11 22
5 1 14 8 2 9
5 1 14 8 4 9
5 1 14 16 10 7
5 1 14 2 16 10
5 1 14 8 2 16
5 1 14 4 16 7
5 1 14 8 4 16
5 1 15 4 16 7
5 1 15 8 4 9
5 1 15 8 4 16
