312
5 29 31 8 14 20
5 4 29 8 14 20
5 4 29 17 14 20
5 4 29 31 8 14
5 24 7 12 2 6
5 28 15 17 12 20
5 28 4 29 17 14
5 28 4 17 12 20
5 28 4 29 17 20
5 28 16 15 12 20
5 28 4 12 8 20
5 28 4 29 8 20
5 5 28 29 17 14
5 5 23 17 2 6
5 5 24 23 27 6
5 5 29 17 14 20
5 5 28 15 17 20
5 5 28 29 17 20
5 5 28 15 17 12
5 5 24 23 2 6
5 9 24 7 12 6
5 9 24 23 7 6
5 13 32 7 31 8
5 13 4 29 31 8
5 13 4 31 8 14
5 13 32 31 8 14
5 13 4 29 31 14
5 0 5 23 27 14
5 0 32 29 27 14
5 0 5 23 17 2
5 0 5 23 17 14
5 0 32 29 31 14
5 1 5 15 17 12
5 1 5 28 17 12
5 1 5 15 2 6
5 1 5 28 17 27
5 1 28 4 17 12
5 1 9 28 4 12
5 1 5 23 27 6
5 1 5 23 17 6
5 1 5 23 17 27
5 1 5 24 27 6
5 30 18 7 12 8
5 30 28 12 8 20
5 30 18 12 8 20
5 30 28 29 8 20
5 30 29 31 8 20
5 30 18 31 8 20
5 30 18 29 31 20
5 30 28 16 12 20
5 30 18 16 12 20
5 30 24 7 12 2
5 30 18 7 12 2
5 30 18 24 7 2
5 30 18 16 12 2
5 30 28 29 15 20
5 30 28 16 15 20
5 30 28 16 15 12
5 3 0 29 31 14
5 3 18 16 2 20
5 3 0 5 23 27
5 3 30 18 29 31
5 3 0 32 31 14
5 3 32 29 31 27
5 3 0 32 29 27
5 3 0 32 29 31
5 3 5 24 23 2
5 3 5 24 23 27
5 3 32 24 23 27
5 3 0 32 23 27
5 3 32 24 23 7
5 19 5 29 27 14
5 19 0 29 27 14
5 19 0 5 27 14
5 19 3 0 29 14
5 19 3 0 29 27
5 19 3 0 5 27
5 19 5 29 14 20
5 19 0 5 17 14
5 19 3 0 14 2
5 19 5 17 14 20
5 19 5 15 17 20
5 19 28 29 15 20
5 19 5 28 15 20
5 19 5 28 29 20
5 19 3 29 31 14
5 19 3 18 31 14
5 19 3 18 29 31
5 19 3 30 18 29
5 19 30 28 29 15
5 19 0 5 17 2
5 19 3 14 2 20
5 19 0 5 23 2
5 19 3 5 23 2
5 19 3 0 23 2
5 19 3 0 5 23
5 19 29 31 14 20
5 19 18 31 14 20
5 19 18 29 31 20
5 19 3 18 14 20
5 19 3 18 16 20
5 19 16 15 2 20
5 19 3 16 2 20
5 19 3 5 24 2
5 19 30 29 15 20
5 19 30 16 15 20
5 19 30 18 29 20
5 19 30 18 16 20
5 19 30 18 16 2
5 19 3 18 16 2
5 19 3 30 18 2
5 22 1 23 27 6
5 22 1 9 27 6
5 22 24 23 27 6
5 22 9 24 27 6
5 22 9 24 23 6
5 22 1 9 4 6
5 22 1 23 17 6
5 22 1 4 17 6
5 22 32 24 23 27
5 22 32 24 23 7
5 22 9 24 23 7
5 22 9 23 7 6
5 21 30 28 12 8
5 21 28 4 12 8
5 21 13 4 12 8
5 21 30 28 29 8
5 21 28 4 29 8
5 21 13 4 29 8
5 21 9 28 4 12
5 21 13 9 4 12
5 21 22 13 9 4
5 25 1 9 28 4
5 25 22 1 9 4
5 25 21 9 28 4
5 25 21 22 9 4
5 25 1 28 4 17
5 25 22 1 4 17
5 25 1 9 28 27
5 25 22 1 9 27
5 25 21 9 28 27
5 25 1 28 17 27
5 25 21 28 29 27
5 25 21 28 4 29
5 25 28 4 17 14
5 25 22 4 17 14
5 25 1 23 17 27
5 25 22 1 23 27
5 25 22 1 23 17
5 25 28 4 29 14
5 25 21 13 4 29
5 25 21 22 13 4
5 25 5 28 17 14
5 25 5 28 17 27
5 25 22 23 17 14
5 25 5 29 27 14
5 25 5 28 29 14
5 25 5 28 29 27
5 25 32 29 27 14
5 25 13 4 29 14
5 25 22 13 4 14
5 25 5 23 27 14
5 25 5 23 17 14
5 25 5 23 17 27
5 25 22 32 23 14
5 25 22 32 23 27
5 25 22 13 32 14
5 25 0 23 27 14
5 25 0 32 27 14
5 25 0 32 23 14
5 25 0 32 23 27
5 25 32 29 31 14
5 25 13 29 31 14
5 25 13 32 31 14
5 10 30 7 12 8
5 10 21 30 12 8
5 10 21 30 7 12
5 10 13 7 12 8
5 10 21 13 12 8
5 10 13 7 31 8
5 10 13 9 7 12
5 10 21 9 7 12
5 10 21 13 9 12
5 10 18 7 31 8
5 10 30 18 31 8
5 10 30 18 7 8
5 10 30 18 7 31
5 10 30 29 31 8
5 10 21 30 29 8
5 10 13 29 31 8
5 10 21 13 29 8
5 10 22 13 9 7
5 10 21 22 13 9
5 10 13 32 7 31
5 10 25 21 13 29
5 26 21 28 29 27
5 26 21 30 28 29
5 26 19 30 28 29
5 26 5 28 29 27
5 26 19 5 29 27
5 26 19 5 28 29
5 26 19 3 29 27
5 26 19 3 30 29
5 26 21 9 24 27
5 26 21 9 28 27
5 26 21 30 28 12
5 26 3 30 29 31
5 26 19 3 30 2
5 26 1 9 28 27
5 26 21 9 24 12
5 26 21 9 28 12
5 26 30 24 12 2
5 26 1 5 24 27
5 26 1 5 28 27
5 26 3 5 24 27
5 26 19 3 5 27
5 26 19 3 5 24
5 26 19 5 28 15
5 26 3 30 24 2
5 26 19 3 24 2
5 26 19 30 28 15
5 26 9 24 27 6
5 26 1 24 27 6
5 26 1 9 27 6
5 26 9 24 12 6
5 26 30 28 15 12
5 26 1 5 24 6
5 26 19 5 15 2
5 26 19 5 24 2
5 26 19 16 15 2
5 26 19 30 16 2
5 26 19 30 16 15
5 26 1 9 12 6
5 26 1 9 28 12
5 26 15 12 2 6
5 26 24 12 2 6
5 26 16 15 12 2
5 26 30 16 12 2
5 26 30 16 15 12
5 26 1 5 15 6
5 26 5 15 2 6
5 26 5 24 2 6
5 26 1 15 12 6
5 26 5 28 15 12
5 26 1 5 15 12
5 26 1 5 28 12
5 11 25 13 29 31
5 11 10 13 29 31
5 11 10 25 13 29
5 11 25 32 29 31
5 11 25 13 32 31
5 11 10 13 32 31
5 11 32 29 31 27
5 11 25 32 29 27
5 11 25 22 13 32
5 11 25 21 29 27
5 11 10 25 21 29
5 11 25 22 32 27
5 11 22 13 32 7
5 11 10 13 32 7
5 11 10 22 13 7
5 11 25 21 22 13
5 11 10 21 22 13
5 11 10 25 21 13
5 11 3 29 31 27
5 11 26 3 29 27
5 11 26 3 29 31
5 11 26 21 29 27
5 11 10 30 29 31
5 11 26 30 29 31
5 11 22 32 24 27
5 11 22 32 24 7
5 11 3 32 31 27
5 11 26 21 24 27
5 11 10 21 30 29
5 11 26 21 30 29
5 11 3 32 24 27
5 11 26 3 24 27
5 11 3 32 7 31
5 11 10 32 7 31
5 11 3 32 24 7
5 11 25 22 9 27
5 11 25 21 9 27
5 11 25 21 22 9
5 11 22 9 24 7
5 11 10 22 9 7
5 11 26 3 30 31
5 11 26 3 30 24
5 11 10 21 30 7
5 11 22 9 24 27
5 11 21 9 24 27
5 11 10 21 22 9
5 11 10 30 7 31
5 11 10 21 9 7
5 11 30 18 7 31
5 11 3 18 7 31
5 11 3 30 18 31
5 11 30 18 24 7
5 11 9 24 7 12
5 11 21 9 7 12
5 11 21 9 24 12
5 11 30 24 7 12
5 11 21 30 7 12
5 11 26 30 24 12
5 11 26 21 24 12
5 11 26 21 30 12
5 11 18 24 7 2
5 11 3 24 7 2
5 11 3 18 7 2
5 11 30 18 24 2
5 11 3 30 24 2
5 11 3 30 18 2
