217
5 12 6 18 14 22
5 15 0 14 22 3
5 15 12 14 22 3
5 15 12 0 14 22
5 1 12 0 23 14
5 1 2 0 23 5
5 1 12 6 18 14
5 1 12 18 14 22
5 1 12 0 14 22
5 19 6 20 14 3
5 19 15 12 14 3
5 19 1 12 23 14
5 19 12 0 23 14
5 19 15 0 14 5
5 19 15 20 5 24
5 19 1 0 14 5
5 19 1 0 23 5
5 19 1 0 23 14
5 7 4 20 18 24
5 7 19 6 23 20
5 7 6 4 20 18
5 7 1 6 18 14
5 7 19 6 20 14
5 7 1 23 5 24
5 7 19 23 5 24
5 7 19 1 23 5
5 7 19 12 6 23
5 7 19 1 12 23
5 7 19 20 5 24
5 7 19 1 14 5
5 7 1 0 14 5
5 7 1 12 6 14
5 7 19 12 6 14
5 7 19 1 12 14
5 7 19 15 20 5
5 13 17 4 18 24
5 13 6 4 18 22
5 13 12 6 18 22
5 13 7 4 18 24
5 13 7 1 23 24
5 13 17 18 5 24
5 13 17 23 5 24
5 13 1 23 5 24
5 13 7 4 20 24
5 13 7 18 5 24
5 13 7 1 5 24
5 13 7 1 18 5
5 16 2 17 4 22
5 16 13 6 4 22
5 16 2 17 23 5
5 16 13 17 23 5
5 16 13 2 17 5
5 16 13 12 6 22
5 16 13 1 12 23
5 16 1 2 23 5
5 16 13 1 23 5
5 16 12 2 0 22
5 16 1 12 0 22
5 16 1 12 18 22
5 16 13 12 18 22
5 16 13 1 12 18
5 16 12 2 0 23
5 16 1 2 0 23
5 16 1 12 0 23
5 16 13 1 18 5
5 8 17 23 5 24
5 8 2 17 5 24
5 8 2 17 23 5
5 8 19 23 5 24
5 8 15 2 5 24
5 8 19 15 5 24
5 8 15 2 17 24
5 8 19 15 20 24
5 8 7 19 20 24
5 8 7 19 23 24
5 8 7 19 23 20
5 8 17 4 20 24
5 8 13 4 20 24
5 8 13 17 4 24
5 21 12 6 14 22
5 21 19 12 6 14
5 21 19 6 14 3
5 21 12 14 22 3
5 21 19 12 14 3
5 21 15 12 22 3
5 21 19 15 12 3
5 10 15 2 0 5
5 10 19 15 0 5
5 10 2 0 23 5
5 10 19 0 23 5
5 10 8 15 2 5
5 10 8 19 15 5
5 10 8 2 23 5
5 10 8 19 23 5
5 10 12 2 0 23
5 10 19 12 0 23
5 10 12 2 0 22
5 10 15 2 0 22
5 10 15 12 0 22
5 10 15 12 0 14
5 10 19 12 0 14
5 10 19 15 0 14
5 10 19 15 12 14
5 10 21 19 15 12
5 10 21 19 12 23
5 10 21 19 15 3
5 10 21 15 12 22
5 10 16 12 2 22
5 10 16 12 2 23
5 10 21 16 12 22
5 10 21 16 12 23
5 9 8 17 4 20
5 9 8 15 2 17
5 9 19 15 20 3
5 9 8 19 15 20
5 9 19 6 20 3
5 25 16 13 17 4
5 25 8 13 17 4
5 25 9 16 17 4
5 25 9 8 17 4
5 25 16 13 6 4
5 25 16 13 17 23
5 25 8 13 4 20
5 25 13 17 23 24
5 25 8 17 23 24
5 25 8 13 17 24
5 25 9 6 4 20
5 25 9 8 4 20
5 25 16 2 17 23
5 25 8 2 17 23
5 25 7 6 4 20
5 25 13 7 4 20
5 25 16 13 12 23
5 25 16 13 12 6
5 25 13 7 23 24
5 25 8 7 23 24
5 25 16 6 4 22
5 25 21 6 4 22
5 25 10 16 2 23
5 25 7 6 23 20
5 25 7 6 4 18
5 25 13 6 4 18
5 25 13 7 4 18
5 25 19 6 23 20
5 25 8 19 23 20
5 25 8 7 23 20
5 25 7 12 6 23
5 25 21 16 12 23
5 25 13 7 20 24
5 25 8 7 20 24
5 25 8 13 20 24
5 25 16 12 6 22
5 25 21 12 6 22
5 25 21 16 12 22
5 25 10 21 16 23
5 25 7 1 6 18
5 25 13 7 1 18
5 25 7 1 12 23
5 25 13 1 12 23
5 25 13 7 1 23
5 25 7 1 12 6
5 25 19 12 6 23
5 25 21 19 12 23
5 25 21 19 12 6
5 25 1 12 6 18
5 25 13 12 6 18
5 25 13 1 12 18
5 11 9 8 19 20
5 11 25 8 19 20
5 11 25 9 8 20
5 11 9 19 6 20
5 11 25 19 6 20
5 11 25 9 6 20
5 11 25 8 19 23
5 11 25 21 19 6
5 11 10 8 19 23
5 11 25 8 2 23
5 11 21 19 6 3
5 11 9 19 6 3
5 11 9 21 6 3
5 11 9 21 6 4
5 11 25 21 6 4
5 11 25 9 6 4
5 11 10 8 2 23
5 11 10 8 19 15
5 11 9 8 19 15
5 11 10 21 19 23
5 11 25 21 19 23
5 11 25 10 21 23
5 11 25 10 2 23
5 11 9 8 2 17
5 11 25 8 2 17
5 11 25 9 8 17
5 11 10 21 19 3
5 11 9 21 4 22
5 11 25 21 4 22
5 11 10 8 15 2
5 11 9 8 15 2
5 11 10 19 15 3
5 11 9 19 15 3
5 11 25 16 2 17
5 11 25 9 16 17
5 11 10 21 15 3
5 11 25 16 4 22
5 11 25 9 16 4
5 11 10 15 2 22
5 11 16 2 17 4
5 11 9 2 17 4
5 11 9 16 17 4
5 11 21 15 22 3
5 11 10 21 15 22
5 11 16 2 4 22
5 11 10 16 2 22
5 11 25 10 16 2
5 11 10 21 16 22
5 11 25 21 16 22
5 11 25 10 21 16
