298
5 0 10 5 1 8
5 14 28 7 31 5
5 14 28 7 5 8
5 11 14 12 10 8
5 24 0 28 19 5
5 23 15 7 22 8
5 21 14 28 31 5
5 21 14 12 31 5
5 21 0 28 19 5
5 21 12 31 19 5
5 21 12 0 19 5
5 21 14 28 5 8
5 21 11 14 12 8
5 21 14 28 7 31
5 21 23 28 7 31
5 21 24 31 19 5
5 21 24 28 19 5
5 21 12 0 10 5
5 21 14 10 5 8
5 21 14 12 10 8
5 21 14 12 10 5
5 21 11 12 10 8
5 21 14 15 7 31
5 21 23 15 7 31
5 21 14 28 7 8
5 21 23 28 7 8
5 21 23 24 28 31
5 21 24 0 28 19
5 21 28 5 1 8
5 21 0 5 1 8
5 21 0 28 5 1
5 21 0 10 5 8
5 21 14 15 7 8
5 21 23 15 7 8
5 21 0 10 1 8
5 21 11 10 1 8
5 21 11 0 10 1
5 4 11 10 1 8
5 29 21 11 0 1
5 29 21 24 0 28
5 29 21 23 24 28
5 29 23 24 27 31
5 29 21 23 24 31
5 29 4 21 11 8
5 29 6 23 27 31
5 29 6 23 15 31
5 29 21 23 15 31
5 29 6 23 15 8
5 29 21 23 15 8
5 20 23 24 27 31
5 20 6 23 27 31
5 20 6 15 7 22
5 20 23 15 7 31
5 20 6 23 15 31
5 20 6 23 15 7
5 25 28 7 22 8
5 25 23 7 22 8
5 25 23 28 7 8
5 25 28 22 1 8
5 25 4 22 1 8
5 25 21 28 1 8
5 25 21 23 28 8
5 25 29 21 23 8
5 25 29 21 23 28
5 25 29 4 21 8
5 25 21 11 1 8
5 25 4 11 1 8
5 25 4 21 11 8
5 25 29 23 24 28
5 25 29 21 11 1
5 25 29 4 11 1
5 25 29 4 21 11
5 25 21 0 28 1
5 25 29 21 0 1
5 25 29 21 0 28
5 25 24 0 28 1
5 25 29 24 0 28
5 25 29 23 24 27
5 13 4 6 9 27
5 13 29 4 6 27
5 13 29 6 27 31
5 13 29 4 11 8
5 13 29 4 6 8
5 13 4 11 10 8
5 13 29 6 15 8
5 13 11 15 10 8
5 13 29 21 15 8
5 13 29 21 11 8
5 13 29 6 15 31
5 13 29 21 15 31
5 3 24 9 27 31
5 3 20 24 27 31
5 3 20 24 9 27
5 3 20 6 27 31
5 3 20 6 9 27
5 3 20 24 9 32
5 3 13 9 27 31
5 3 13 6 27 31
5 3 13 6 9 27
5 3 24 9 19 32
5 3 24 9 31 19
5 3 20 15 31 32
5 3 20 6 15 32
5 3 20 6 15 31
5 2 23 24 28 31
5 2 20 23 24 31
5 2 23 28 7 31
5 2 20 23 7 31
5 2 25 23 24 28
5 2 25 20 23 24
5 2 21 28 31 5
5 2 21 24 31 5
5 2 21 24 28 5
5 2 21 24 28 31
5 2 28 7 31 5
5 2 25 23 28 7
5 2 3 20 24 31
5 2 25 28 7 22
5 2 20 23 7 22
5 2 25 23 7 22
5 2 25 28 22 1
5 2 25 24 22 1
5 2 25 24 28 1
5 2 0 28 5 1
5 2 24 0 28 1
5 2 24 0 28 5
5 2 0 19 5 1
5 2 24 0 19 1
5 2 24 0 19 5
5 16 25 24 22 1
5 16 25 4 22 1
5 16 20 24 9 27
5 16 2 20 24 22
5 16 2 25 24 22
5 16 2 25 20 24
5 16 20 23 24 27
5 16 25 23 24 27
5 16 25 20 23 24
5 16 20 6 23 27
5 16 2 20 23 22
5 16 2 25 23 22
5 16 2 25 20 23
5 16 4 6 9 27
5 16 20 6 9 27
5 16 25 23 22 8
5 16 25 4 22 8
5 16 29 6 23 27
5 16 29 4 6 27
5 16 25 29 23 27
5 16 20 23 7 22
5 16 20 6 7 22
5 16 20 6 23 7
5 16 23 15 22 8
5 16 6 15 22 8
5 16 6 23 15 8
5 16 29 6 23 8
5 16 29 4 6 8
5 16 25 29 23 8
5 16 25 29 4 8
5 16 23 15 7 22
5 16 6 15 7 22
5 16 6 23 15 7
5 18 25 29 24 27
5 18 16 25 24 1
5 18 16 25 24 27
5 18 25 29 4 1
5 18 25 24 0 1
5 18 25 29 0 1
5 18 25 29 24 0
5 18 24 9 19 1
5 18 24 0 19 1
5 18 29 24 27 31
5 18 16 24 9 1
5 18 16 24 9 27
5 18 16 25 4 1
5 18 13 29 4 27
5 18 16 29 4 27
5 18 16 25 29 27
5 18 16 25 29 4
5 18 24 9 31 19
5 18 24 9 27 31
5 18 13 29 27 31
5 18 21 24 0 19
5 18 29 21 24 0
5 18 21 24 31 19
5 18 29 21 24 31
5 18 16 4 9 1
5 18 16 4 9 27
5 18 13 4 9 27
5 18 29 4 11 1
5 18 13 29 4 11
5 18 13 9 27 31
5 18 29 11 0 1
5 18 13 29 21 31
5 18 29 21 11 0
5 18 4 9 10 1
5 18 13 4 9 10
5 18 4 11 10 1
5 18 13 4 11 10
5 18 9 0 19 1
5 18 9 0 10 1
5 18 9 0 10 19
5 18 11 0 10 1
5 18 13 29 21 11
5 18 21 0 10 19
5 18 21 11 0 10
5 26 14 12 5 32
5 26 14 7 5 32
5 26 12 19 5 32
5 26 14 15 7 32
5 26 20 15 7 32
5 26 3 20 24 32
5 30 14 7 31 5
5 30 2 7 31 5
5 30 26 14 7 5
5 30 26 2 7 5
5 30 14 12 31 5
5 30 26 14 12 5
5 30 26 2 19 5
5 30 14 15 7 31
5 30 26 14 15 7
5 30 2 20 7 31
5 30 26 2 20 7
5 30 12 31 19 5
5 30 26 12 19 5
5 30 14 12 31 32
5 30 26 14 12 32
5 30 24 31 19 5
5 30 2 24 19 5
5 30 2 24 31 5
5 30 26 2 24 19
5 30 20 15 7 31
5 30 26 20 15 7
5 30 14 15 31 32
5 30 26 14 15 32
5 30 2 3 20 31
5 30 26 12 19 32
5 30 26 24 19 32
5 30 2 3 24 31
5 30 20 15 31 32
5 30 26 20 15 32
5 30 3 20 31 32
5 30 26 3 20 32
5 30 2 3 20 24
5 30 26 3 20 24
5 30 26 2 20 24
5 30 3 24 19 32
5 30 3 24 31 19
5 30 26 3 24 32
5 17 18 21 11 10
5 17 18 13 11 10
5 17 18 13 21 11
5 17 21 11 12 10
5 17 18 13 9 10
5 17 13 11 15 10
5 17 11 14 12 10
5 17 21 11 14 12
5 17 13 11 15 8
5 17 13 21 15 8
5 17 13 21 11 8
5 17 18 9 10 19
5 17 18 21 10 19
5 17 18 9 31 19
5 17 18 13 9 31
5 17 18 21 31 19
5 17 18 13 21 31
5 17 11 15 10 8
5 17 11 14 10 8
5 17 21 12 31 19
5 17 3 13 9 31
5 17 21 14 12 31
5 17 21 14 15 8
5 17 21 11 14 8
5 17 21 14 15 31
5 17 13 21 15 31
5 17 12 0 10 19
5 17 21 0 10 19
5 17 21 12 0 19
5 17 21 12 0 10
5 17 3 9 15 32
5 17 13 6 9 15
5 17 3 6 9 15
5 17 3 13 6 9
5 17 3 9 31 19
5 17 9 12 19 32
5 17 3 9 19 32
5 17 13 6 15 31
5 17 3 6 15 31
5 17 3 13 6 31
5 17 30 12 31 19
5 17 30 3 31 19
5 17 14 15 31 32
5 17 3 15 31 32
5 17 14 12 31 32
5 17 30 12 19 32
5 17 30 3 19 32
5 17 30 12 31 32
5 17 30 3 31 32
