108
5 7 1 8 4 0
5 7 1 8 4 2
5 13 1 4 3 0
5 18 7 1 8 2
5 18 7 1 8 0
5 18 1 9 3 0
5 18 13 1 3 0
5 18 7 1 4 0
5 18 13 1 4 0
5 18 13 4 3 0
5 5 7 1 4 2
5 5 18 7 1 4
5 11 18 9 3 14
5 11 18 1 9 3
5 11 18 13 1 3
5 17 18 1 8 0
5 17 18 1 9 0
5 17 18 7 8 0
5 10 5 7 2 14
5 10 5 18 7 14
5 10 7 8 2 14
5 10 18 7 8 14
5 10 18 7 8 2
5 10 18 7 1 2
5 10 5 7 1 2
5 10 5 18 7 1
5 10 13 1 4 2
5 10 5 1 4 2
5 10 5 13 4 2
5 10 18 13 1 4
5 10 5 18 1 4
5 10 5 18 13 4
5 16 5 13 4 14
5 16 5 18 13 4
5 16 13 4 3 14
5 16 18 13 4 3
5 16 5 18 7 14
5 16 5 18 7 4
5 16 18 4 3 0
5 16 18 7 4 0
5 16 18 9 3 0
5 16 18 9 3 14
5 16 7 8 4 0
5 16 17 18 7 0
5 16 17 18 9 0
5 16 17 18 9 14
5 16 17 7 8 0
5 16 18 7 8 14
5 16 17 18 8 14
5 16 17 18 7 8
5 16 17 9 8 0
5 16 17 9 8 14
5 15 11 13 3 2
5 15 11 18 3 14
5 15 11 18 13 3
5 15 10 5 2 14
5 15 10 5 13 2
5 15 10 13 1 2
5 15 16 13 3 14
5 15 16 18 3 14
5 15 16 18 13 3
5 15 10 5 18 14
5 15 10 5 18 13
5 15 11 18 13 1
5 15 10 18 13 1
5 15 16 5 13 14
5 15 16 5 18 14
5 15 16 5 18 13
5 6 11 1 9 3
5 6 11 18 1 9
5 6 11 18 9 14
5 6 17 18 1 9
5 6 15 11 18 1
5 6 15 11 18 14
5 6 17 1 9 8
5 6 18 1 8 2
5 6 17 18 1 8
5 6 10 18 1 2
5 6 15 10 1 2
5 6 15 10 18 1
5 6 10 8 2 14
5 6 10 18 8 14
5 6 10 18 8 2
5 6 17 9 8 14
5 6 17 18 8 14
5 6 17 18 9 14
5 6 15 10 18 14
5 12 13 1 3 2
5 12 11 13 3 2
5 12 11 13 1 3
5 12 6 11 1 3
5 12 15 13 1 2
5 12 15 11 13 2
5 12 15 11 13 1
5 12 6 1 9 3
5 12 6 15 1 2
5 12 6 15 11 1
5 12 15 11 3 2
5 12 6 15 11 14
5 12 11 9 3 14
5 12 6 11 9 14
5 12 6 11 9 3
5 12 6 8 2 14
5 12 6 9 8 14
5 12 15 10 2 14
5 12 6 10 2 14
5 12 6 15 10 14
5 12 6 15 10 2
