222
5 14 9 23 21 6
5 14 10 19 24 1
5 14 0 23 10 21
5 14 9 0 23 10
5 14 9 0 25 21
5 13 15 24 3 1
5 13 2 15 24 3
5 13 23 10 24 1
5 20 0 23 10 21
5 20 2 0 25 10
5 20 2 0 25 3
5 20 9 0 23 10
5 20 0 25 3 6
5 20 9 23 21 6
5 20 13 15 25 21
5 20 2 15 25 3
5 20 13 2 15 3
5 20 13 2 15 25
5 20 9 25 21 6
5 20 9 0 25 6
5 20 9 0 25 21
5 20 14 0 23 21
5 20 14 9 23 21
5 20 14 9 0 21
5 20 14 9 0 23
5 7 14 23 21 6
5 7 14 23 1 6
5 7 20 23 21 6
5 7 20 25 3 6
5 7 20 15 25 3
5 7 13 15 3 1
5 7 13 15 23 1
5 7 20 13 23 3
5 7 20 13 15 3
5 7 13 15 23 21
5 7 20 13 23 21
5 7 20 13 15 21
5 5 14 19 24 1
5 5 9 19 24 18
5 5 23 10 24 1
5 5 14 10 24 1
5 5 14 23 10 1
5 4 20 25 21 6
5 4 7 20 21 6
5 4 7 20 25 6
5 4 7 14 21 6
5 4 20 15 25 21
5 4 7 20 15 21
5 4 7 20 15 25
5 4 7 14 1 6
5 4 7 15 23 21
5 4 7 14 23 21
5 4 7 19 3 6
5 4 7 25 3 6
5 4 7 19 1 6
5 4 7 15 25 3
5 4 14 9 19 6
5 4 14 19 1 6
5 4 7 15 23 1
5 4 7 14 23 1
5 4 7 19 3 1
5 4 7 15 3 1
5 11 13 15 23 21
5 11 13 23 10 24
5 11 5 23 10 24
5 11 13 23 24 1
5 11 5 23 24 1
5 17 20 23 10 21
5 17 11 5 23 21
5 17 20 13 25 21
5 17 20 13 23 21
5 17 20 13 23 10
5 17 11 13 23 21
5 17 11 13 23 10
5 17 20 2 25 10
5 17 20 13 2 10
5 17 20 13 2 25
5 17 13 15 25 21
5 17 11 13 15 21
5 17 2 10 24 18
5 17 13 2 10 24
5 17 11 13 10 24
5 17 11 13 2 24
5 12 5 9 19 18
5 12 5 14 9 19
5 12 5 19 24 18
5 12 5 14 19 24
5 12 14 10 19 24
5 12 5 14 10 24
5 16 14 0 25 21
5 16 12 5 14 9
5 16 14 9 0 10
5 16 12 9 0 10
5 16 12 14 9 10
5 16 12 9 0 18
5 16 12 5 9 18
5 16 20 0 25 21
5 16 17 20 25 21
5 16 14 0 10 21
5 16 20 0 10 21
5 16 17 20 10 21
5 16 20 0 25 10
5 16 17 20 25 10
5 16 12 5 14 10
5 16 12 0 10 18
5 16 12 5 24 18
5 16 14 23 10 21
5 16 5 14 23 21
5 16 5 14 23 10
5 16 17 23 10 21
5 16 17 5 23 21
5 16 12 5 10 24
5 16 2 0 10 18
5 16 2 0 25 18
5 16 2 0 25 10
5 16 17 2 10 18
5 16 17 2 25 10
5 16 17 10 24 18
5 16 12 10 24 18
5 16 11 5 23 10
5 16 17 11 23 10
5 16 17 11 5 23
5 16 11 5 10 24
5 16 17 11 10 24
5 16 17 11 5 24
5 8 4 15 23 21
5 8 11 15 23 21
5 8 11 5 23 21
5 8 5 14 23 21
5 8 4 14 23 21
5 8 11 5 23 1
5 8 11 5 24 1
5 8 5 14 23 1
5 8 4 15 23 1
5 8 4 14 23 1
5 8 13 15 23 1
5 8 11 13 23 1
5 8 11 13 15 23
5 8 15 24 3 1
5 8 4 15 3 1
5 8 5 19 24 1
5 8 13 15 24 1
5 8 11 13 24 1
5 8 2 15 24 3
5 8 4 2 15 3
5 8 13 2 15 24
5 8 5 14 19 1
5 8 4 14 19 1
5 8 19 24 3 1
5 8 4 19 3 1
5 8 5 14 9 19
5 8 4 14 9 19
5 22 17 11 15 21
5 22 8 11 15 21
5 22 17 15 25 21
5 22 17 11 5 21
5 22 8 11 5 21
5 22 4 15 25 21
5 22 8 4 15 21
5 22 17 11 5 24
5 22 8 11 5 24
5 22 17 11 13 15
5 22 17 11 13 2
5 22 8 13 2 15
5 22 8 11 13 15
5 22 17 11 2 24
5 22 8 4 2 15
5 22 16 17 25 21
5 22 16 17 5 21
5 22 13 2 15 25
5 22 17 13 15 25
5 22 17 13 2 25
5 22 11 13 2 24
5 22 8 13 2 24
5 22 8 11 13 24
5 22 8 5 14 21
5 22 8 4 14 21
5 22 2 15 25 3
5 22 4 15 25 3
5 22 4 2 15 3
5 22 16 14 25 21
5 22 16 5 14 21
5 22 16 17 2 25
5 22 16 17 5 24
5 22 4 25 21 6
5 22 4 14 21 6
5 22 8 5 14 9
5 22 8 4 14 9
5 22 2 0 25 3
5 22 16 5 14 9
5 22 16 2 25 18
5 22 2 0 25 18
5 22 16 5 24 18
5 22 17 2 24 18
5 22 16 17 24 18
5 22 16 17 2 18
5 22 9 25 21 6
5 22 14 9 21 6
5 22 14 9 25 21
5 22 4 14 9 6
5 22 9 0 25 6
5 22 0 25 3 6
5 22 4 25 3 6
5 22 8 4 9 19
5 22 14 9 0 25
5 22 16 14 0 25
5 22 16 14 9 0
5 22 16 0 25 18
5 22 5 9 24 18
5 22 8 19 24 3
5 22 8 2 24 3
5 22 5 9 19 24
5 22 8 5 19 24
5 22 8 5 9 19
5 22 16 9 0 18
5 22 16 5 9 18
5 22 9 0 3 6
5 22 8 4 19 3
5 22 8 4 2 3
5 22 9 19 3 6
5 22 4 19 3 6
5 22 4 9 19 6
