316
5 4 23 8 15 20
5 29 4 23 16 20
5 29 4 23 15 20
5 29 4 23 15 16
5 29 23 8 15 20
5 19 4 8 17 15
5 19 27 8 17 15
5 19 22 12 17 15
5 19 22 27 17 15
5 19 22 27 8 15
5 19 22 27 12 17
5 6 4 23 8 16
5 6 19 8 17 1
5 6 19 4 8 1
5 6 19 4 8 17
5 6 19 4 17 15
5 24 6 4 23 16
5 24 19 4 26 1
5 24 6 19 4 1
5 24 6 19 4 15
5 24 6 4 8 1
5 24 6 4 23 8
5 13 31 29 15 16
5 13 29 4 15 16
5 13 24 31 15 16
5 13 29 4 15 20
5 13 24 4 15 16
5 13 24 4 28 16
5 13 24 4 28 15
5 13 29 4 16 20
5 13 28 21 16 20
5 13 4 28 16 20
5 9 29 23 16 20
5 9 31 29 15 16
5 9 6 23 17 16
5 9 6 23 8 16
5 9 6 23 8 17
5 9 29 8 17 15
5 9 29 23 15 16
5 9 29 23 8 15
5 9 6 4 8 16
5 9 6 4 8 17
5 9 4 8 17 15
5 9 4 23 15 16
5 9 4 23 8 16
5 9 4 23 8 15
5 9 6 4 17 15
5 9 24 31 15 16
5 9 24 6 31 16
5 9 24 6 31 15
5 9 6 19 17 15
5 9 24 4 15 16
5 9 24 6 4 16
5 9 24 6 4 15
5 32 19 22 27 8
5 32 4 23 8 20
5 32 4 26 23 8
5 32 13 28 21 20
5 32 13 4 28 20
5 32 4 8 15 20
5 32 22 27 8 15
5 32 19 4 8 15
5 32 19 22 8 15
5 32 27 21 18 20
5 32 26 23 8 18
5 32 27 23 18 20
5 32 27 23 8 20
5 32 27 23 8 18
5 32 13 4 15 20
5 32 13 4 28 15
5 10 27 12 21 20
5 10 32 27 21 20
5 10 32 22 27 21
5 10 22 27 17 15
5 10 32 22 27 15
5 10 32 13 21 20
5 10 29 8 15 20
5 10 27 8 17 15
5 10 29 8 17 15
5 10 9 29 16 20
5 10 9 31 29 16
5 10 9 29 23 20
5 10 27 23 8 20
5 10 29 23 8 20
5 10 27 23 8 17
5 10 13 31 21 16
5 10 13 31 29 16
5 10 32 8 15 20
5 10 32 27 8 20
5 10 32 27 8 15
5 10 13 21 16 20
5 10 13 29 16 20
5 10 13 29 15 20
5 10 32 13 15 20
5 10 9 23 8 17
5 10 9 29 8 17
5 10 9 29 23 8
5 0 22 27 12 18
5 0 19 22 27 12
5 0 12 17 18 1
5 0 19 12 17 1
5 0 26 8 18 1
5 0 27 12 17 18
5 0 19 27 12 17
5 0 32 22 27 18
5 0 32 19 22 27
5 0 19 4 8 1
5 0 32 27 8 18
5 0 32 19 27 8
5 0 8 17 18 1
5 0 27 8 17 18
5 0 19 8 17 1
5 0 19 27 8 17
5 0 32 19 4 8
5 25 19 22 12 15
5 25 13 24 31 15
5 25 24 6 31 15
5 25 24 6 19 15
5 25 13 24 28 15
5 25 24 6 31 12
5 25 19 12 17 1
5 25 6 19 17 1
5 25 32 13 28 15
5 25 32 13 22 15
5 25 32 13 22 28
5 25 24 4 28 15
5 25 24 19 4 15
5 25 24 6 12 1
5 25 24 6 19 1
5 25 32 4 28 15
5 25 32 19 4 15
5 25 32 19 22 15
5 25 0 19 22 12
5 25 0 19 12 1
5 2 32 13 22 28
5 2 13 28 21 3
5 2 32 13 28 21
5 2 32 22 27 21
5 2 10 32 22 21
5 2 10 32 13 21
5 2 22 27 18 3
5 2 32 22 27 18
5 2 32 21 18 3
5 2 32 27 21 18
5 11 13 31 29 15
5 11 10 13 29 15
5 11 10 13 31 29
5 11 10 31 29 12
5 11 10 13 31 12
5 11 25 13 31 15
5 11 25 13 31 12
5 11 25 22 12 15
5 11 25 13 22 15
5 11 32 13 22 15
5 11 10 32 22 15
5 11 10 32 13 15
5 11 25 22 12 3
5 11 25 13 12 3
5 11 25 13 22 3
5 11 2 32 13 22
5 11 2 10 32 22
5 11 2 10 32 13
5 11 2 13 22 3
5 14 9 6 19 17
5 14 25 6 19 17
5 14 9 19 17 15
5 14 9 6 19 15
5 14 25 6 19 15
5 14 19 12 17 15
5 14 25 19 12 15
5 14 25 19 12 17
5 14 9 6 31 16
5 14 25 6 31 12
5 14 9 6 31 15
5 14 25 6 31 15
5 14 9 29 17 15
5 14 9 31 29 15
5 14 6 12 17 1
5 14 25 12 17 1
5 14 25 6 17 1
5 14 25 6 12 1
5 14 11 25 12 15
5 14 11 25 31 15
5 14 11 25 31 12
5 14 10 29 17 15
5 14 11 31 29 15
5 14 11 31 29 12
5 14 10 9 29 17
5 14 10 31 29 12
5 14 10 9 31 29
5 14 22 12 17 15
5 14 10 22 17 15
5 14 11 10 29 15
5 14 11 10 29 12
5 14 10 9 23 20
5 14 10 9 23 17
5 14 11 22 12 15
5 14 11 10 22 15
5 14 11 10 22 12
5 14 22 27 12 17
5 14 10 22 27 17
5 14 10 22 27 12
5 14 10 27 23 20
5 14 10 27 23 17
5 30 25 32 4 28
5 30 32 4 28 20
5 30 24 4 26 28
5 30 25 32 19 4
5 30 32 28 21 20
5 30 4 26 23 20
5 30 32 26 23 20
5 30 32 4 23 20
5 30 32 4 26 23
5 30 24 19 4 26
5 30 0 32 19 4
5 30 2 32 28 21
5 30 19 4 26 1
5 30 0 19 4 1
5 30 32 4 26 8
5 30 0 32 4 8
5 30 26 28 21 3
5 30 2 28 21 3
5 30 32 26 21 3
5 30 2 32 21 3
5 30 32 26 18 3
5 30 2 32 18 3
5 30 32 26 8 18
5 30 0 26 8 18
5 30 0 32 8 18
5 30 4 26 8 1
5 30 0 26 8 1
5 30 0 4 8 1
5 5 25 13 22 28
5 5 2 13 22 28
5 5 2 13 28 3
5 5 25 13 22 3
5 5 2 13 22 3
5 5 25 32 22 28
5 5 30 25 32 28
5 5 2 32 22 28
5 5 30 2 32 28
5 5 30 2 28 3
5 5 13 26 28 3
5 5 25 32 19 22
5 5 30 25 32 19
5 5 2 32 22 18
5 5 30 2 32 18
5 5 30 26 28 3
5 5 2 22 18 3
5 5 30 2 18 3
5 5 13 26 12 3
5 5 25 13 12 3
5 5 13 24 26 28
5 5 25 13 24 28
5 5 0 32 19 22
5 5 30 0 32 19
5 5 25 0 19 22
5 5 0 32 22 18
5 5 30 0 32 18
5 5 30 24 26 28
5 5 22 12 18 3
5 5 25 22 12 3
5 5 13 24 26 12
5 5 30 26 18 3
5 5 30 0 26 18
5 5 25 24 4 28
5 5 30 24 4 28
5 5 30 25 4 28
5 5 30 24 19 26
5 5 0 22 12 18
5 5 25 0 22 12
5 5 26 12 18 3
5 5 25 0 12 1
5 5 24 26 12 1
5 5 25 24 12 1
5 5 13 24 31 12
5 5 25 24 31 12
5 5 25 13 31 12
5 5 25 13 24 31
5 5 25 0 19 1
5 5 30 19 26 1
5 5 30 0 26 1
5 5 30 0 19 1
5 5 25 24 19 4
5 5 30 24 19 4
5 5 30 25 19 4
5 5 24 19 26 1
5 5 25 24 19 1
5 5 26 12 18 1
5 5 0 12 18 1
5 5 0 26 18 1
5 7 10 22 27 12
5 7 2 22 27 3
5 7 10 27 12 21
5 7 10 22 27 21
5 7 2 22 27 21
5 7 2 10 22 21
5 7 22 12 18 3
5 7 22 27 18 3
5 7 22 27 12 18
5 7 11 22 12 3
5 7 11 10 22 12
5 7 11 2 22 3
5 7 11 2 10 22
5 7 2 21 18 3
5 7 2 27 18 3
5 7 2 27 21 18
5 7 2 13 21 3
5 7 2 10 13 21
5 7 11 13 12 3
5 7 11 10 13 12
5 7 11 2 13 3
5 7 11 2 10 13
5 7 10 13 31 21
5 7 13 31 12 3
5 7 10 13 31 12
