232
5 16 21 3 9 25
5 16 21 22 3 9
5 16 21 22 8 9
5 11 13 0 3 15
5 11 13 24 3 15
5 11 16 22 8 3
5 14 21 3 25 15
5 14 16 21 3 25
5 14 16 21 22 8
5 14 16 24 3 25
5 14 21 22 3 15
5 14 16 21 22 3
5 14 11 16 22 8
5 14 11 16 24 8
5 14 11 13 24 15
5 14 11 24 3 15
5 14 11 16 24 3
5 14 11 22 3 15
5 14 11 16 22 3
5 19 16 21 9 25
5 12 19 1 9 25
5 12 16 3 9 25
5 12 19 16 9 25
5 12 19 16 8 9
5 18 1 13 0 25
5 18 13 3 25 15
5 18 13 24 3 15
5 18 11 24 0 3
5 18 11 13 0 3
5 18 11 13 24 3
5 18 11 13 24 0
5 18 14 3 25 15
5 18 14 24 3 15
5 18 14 24 3 25
5 18 14 13 25 15
5 18 14 13 24 15
5 5 14 11 22 15
5 5 14 11 22 8
5 5 14 11 13 15
5 5 11 13 0 15
5 4 19 21 9 25
5 4 19 1 9 25
5 4 1 13 0 25
5 4 14 13 25 15
5 4 5 13 0 15
5 6 14 16 21 25
5 6 19 16 21 25
5 6 4 19 21 25
5 6 14 16 21 8
5 6 14 21 25 15
5 6 4 21 25 15
5 6 4 14 25 15
5 6 4 14 13 25
5 6 16 21 8 9
5 6 19 16 8 9
5 6 19 16 21 9
5 6 14 21 22 15
5 6 4 21 22 15
5 6 14 21 22 8
5 6 5 14 22 15
5 6 4 5 22 15
5 6 5 14 22 8
5 6 4 5 1 22
5 6 4 1 21 9
5 6 4 19 21 9
5 6 4 19 1 9
5 10 16 22 3 9
5 10 12 16 3 9
5 10 16 22 8 3
5 10 11 24 0 3
5 10 11 22 8 3
5 10 12 16 24 3
5 10 5 11 1 0
5 10 18 24 0 3
5 10 18 12 24 3
5 10 18 12 24 0
5 10 5 11 22 8
5 10 11 16 8 3
5 10 11 16 24 3
5 10 11 16 24 8
5 10 5 1 22 8
5 2 18 12 24 0
5 2 18 12 1 0
5 2 18 12 1 25
5 2 12 16 24 3
5 2 18 12 24 3
5 2 18 24 3 25
5 2 12 16 3 25
5 7 10 1 22 8
5 7 10 12 1 8
5 7 12 19 8 9
5 7 12 19 1 9
5 7 12 19 1 8
5 7 16 22 8 9
5 7 10 16 22 9
5 7 10 16 22 8
5 7 12 16 8 9
5 7 10 12 16 9
5 7 10 12 16 8
5 7 21 22 8 9
5 7 6 21 8 9
5 7 6 21 22 8
5 7 6 19 8 9
5 7 6 19 1 9
5 7 6 1 21 9
5 7 4 1 21 22
5 7 6 4 21 22
5 7 6 4 1 22
5 7 6 4 1 21
5 23 18 13 24 0
5 23 2 18 24 0
5 23 2 12 24 0
5 23 2 12 1 0
5 23 2 18 1 0
5 23 5 11 1 0
5 23 10 12 24 0
5 23 10 12 1 0
5 23 10 11 24 0
5 23 10 11 1 0
5 23 10 12 1 8
5 23 2 12 16 24
5 23 12 19 1 8
5 23 2 18 1 25
5 23 14 16 24 8
5 23 2 14 16 24
5 23 10 11 24 8
5 23 10 5 1 8
5 23 10 5 11 8
5 23 10 5 11 1
5 23 10 16 24 8
5 23 10 12 16 8
5 23 10 12 16 24
5 23 12 19 16 8
5 23 12 19 1 25
5 23 2 12 1 25
5 23 4 19 1 25
5 23 6 19 16 8
5 20 23 18 1 25
5 20 23 2 18 25
5 20 6 4 13 25
5 20 18 14 13 25
5 20 23 18 13 24
5 20 23 2 18 24
5 20 6 14 13 25
5 20 6 4 19 25
5 20 23 4 19 25
5 20 18 14 24 25
5 20 2 18 24 25
5 20 18 14 13 24
5 20 23 2 14 24
5 20 14 16 24 25
5 20 2 14 16 24
5 20 6 14 16 25
5 20 23 6 14 16
5 20 23 2 14 16
5 20 6 19 16 25
5 20 23 12 19 25
5 20 23 2 12 25
5 20 23 6 19 16
5 20 16 24 3 25
5 20 2 24 3 25
5 20 2 16 3 25
5 20 2 16 24 3
5 20 12 19 16 25
5 20 2 12 16 25
5 20 23 12 19 16
5 20 23 2 12 16
5 17 23 4 1 25
5 17 20 23 1 25
5 17 20 23 4 25
5 17 20 18 1 25
5 17 18 1 13 25
5 17 4 1 13 25
5 17 20 18 13 25
5 17 20 4 13 25
5 17 20 23 18 13
5 17 20 23 18 1
5 17 20 6 4 13
5 17 6 4 5 1
5 17 6 4 19 1
5 17 23 4 19 1
5 17 18 1 13 0
5 17 23 18 13 0
5 17 23 18 1 0
5 17 20 6 14 13
5 17 20 23 6 14
5 17 20 6 4 19
5 17 20 23 4 19
5 17 20 23 6 19
5 17 4 1 13 0
5 17 4 5 13 0
5 17 4 5 1 0
5 17 6 4 14 13
5 17 23 5 1 0
5 17 23 5 1 8
5 17 23 19 1 8
5 17 23 6 19 8
5 17 20 14 13 24
5 17 20 23 13 24
5 17 20 23 14 24
5 17 5 14 13 15
5 17 4 14 13 15
5 17 4 5 13 15
5 17 6 5 14 15
5 17 6 4 14 15
5 17 6 4 5 15
5 17 23 13 24 0
5 17 6 5 14 8
5 17 5 1 22 8
5 17 6 5 22 8
5 17 6 5 1 22
5 17 7 19 1 8
5 17 7 6 19 8
5 17 7 6 19 1
5 17 11 13 24 0
5 17 5 11 13 0
5 17 23 11 24 0
5 17 23 5 11 0
5 17 14 11 13 24
5 17 5 14 11 13
5 17 5 14 11 8
5 17 23 5 11 8
5 17 6 14 16 8
5 17 23 14 16 8
5 17 23 6 16 8
5 17 23 6 14 16
5 17 7 1 22 8
5 17 7 6 22 8
5 17 7 6 1 22
5 17 14 11 24 8
5 17 23 11 24 8
5 17 23 14 24 8
