4
33
8.18708 -0.705016 8.44301 -4.48342
7.19668 -2.27554 7.82629 3.93753
-9.19028 4.14614 3.16743 -6.43646
-7.38002 -8.9345 -4.96425 -7.38286
-6.88016 9.26287 -2.06667 9.21903
6.10668 -6.1756 -0 -2.41184
-5.97721 -2.75037 -0 6.87841
4.00034 -3.23256 -0 -4.51547
-1.83767 7.51478 -0 -0.125838
4.261 -5.26249 -0 -2.91481
0.368397 9.66935 -0 -1.58737
-5.52201 -3.05039 -0 -2.35965
2.44975 -0.0294121 -2.49564 -0
2.98665 0.0968004 0.846191 -0
-1.16859 -3.10862 -3.29236 -0
-1.37715 3.34529 -0.21871 -0
-0.550262 3.88595 -5.62746 -0
-0.878655 8.05003 -0.565246 -0
6.01961 5.08286 5.36705 -0
-0 -4.57388 9.23908 -0.561313
-0 1.48089 -8.47916 -4.49942
-0 -9.09921 0.559662 -8.58512
-0 -6.82926 -1.75661 2.05023
-0 -3.39116 -8.09077 4.69522
-0 3.91737 2.06873 4.47401
-0 0.888375 -6.75311 4.93475
-8.16986 -0 6.73068 -3.42156
-3.5696 -0 -5.82077 8.18592
-6.07896 -0 -0.82469 7.9221
0.0959729 -0 -7.51349 3.73937
2.86863 -0 -6.82817 -0.907034
-5.11705 -0 -7.08797 7.60415
-3.32147 -0 -7.66787 2.27287
