4
33
5.05202 -3.76214 9.51668 9.6832
-3.25972 5.57001 0.32089 -5.38806
0.612468 1.28984 5.68998 7.4518
9.3093 -3.36788 -2.35353 6.75997
-4.51889 -7.0339 1.03395 0.0644111
-0 5.74006 -7.50525 -7.08333
-0 -9.54523 -8.48468 -1.87504
-0 -7.50033 6.1359 3.7846
-0 0.704128 8.03581 9.6853
-0 4.5974 -9.04256 -3.03739
-0 2.03958 -5.67735 -7.66327
-0 -6.92697 8.62813 -5.68669
-1.60585 -0 9.95802 4.34718
4.41236 -0 -7.10299 -5.82104
-0.975429 -0 7.92332 -7.35581
-9.38056 -0 -4.8287 -7.94073
7.14291 -0 -7.08359 9.67677
-6.65931 -0 -7.8192 9.65885
-6.76243 -0 -6.92461 6.34692
2.66344 -4.43702 -0 -7.41829
9.02119 -8.0549 -0 4.18151
5.52342 8.9446 -0 8.32894
-4.93387 9.43001 -0 7.44285
6.96526 -5.77122 -0 6.39053
1.82628 7.39673 -0 6.96806
4.24377 4.06197 -0 3.13978
4.95424 -3.62666 -0.848723 -0
8.91478 1.37562 9.36511 -0
-4.70168 0.47342 -8.72763 -0
-5.98169 -1.33149 8.99512 -0
-0.453072 9.55191 4.50574 -0
-3.03546 6.42383 -1.53261 -0
-0.833303 4.97066 -1.59057 -0
