4
33
6.49797 -5.25687 6.42627 -2.54653
2.58454 -9.43896 0.416271 0.988595
-2.21909 -0.277943 -9.15211 4.6545
6.07207 -7.88926 1.62466 -9.17748
-8.25429 6.62176 -9.46827 3.82885
-0 5.74006 -7.50525 -7.08333
-0 -9.54523 -8.48468 -1.87504
-0 -7.50033 6.1359 3.7846
-0 0.704128 8.03581 9.6853
-0 4.5974 -9.04256 -3.03739
-0 2.03958 -5.67735 -7.66327
-0 -6.92697 8.62813 -5.68669
0.680856 -0 -9.76379 5.38822
-2.42939 -0 -1.12634 9.74055
5.33815 -0 2.52991 3.59471
0.138952 -0 -2.16893 8.04153
-0.683712 -0 8.39041 -0.15803
-3.18996 -0 -0.169686 -7.03228
-2.30835 -0 0.148652 -1.93385
-4.1425 6.54767 -0 -2.10902
0.7671 4.82768 -0 8.56162
-4.55383 3.6813 -0 -5.93479
6.89107 -6.45218 -0 -6.58793
3.8107 -6.66179 -0 -8.27861
-7.19473 -8.36479 -0 4.7314
6.88351 -0.934193 -0 -2.35037
5.76321 4.58797 5.94542 -0
1.87554 -9.60442 -8.06375 -0
-2.73573 -4.42426 -1.58938 -0
-6.67389 -7.78806 -7.44441 -0
-0.369793 -1.01635 3.56062 -0
3.4618 2.30681 -5.66795 -0
7.37524 -9.56568 -1.35593 -0
