4
33
7.41535 2.55582 5.5161 -5.91266
6.44234 -9.89284 -0.0287082 3.47226
7.75317 4.2142 -6.81637 -9.32255
7.89022 5.92815 -1.51128 -6.24275
-5.77227 -1.51773 7.53287 6.17839
2.66344 -4.43702 -0 -7.41829
9.02119 -8.0549 -0 4.18151
5.52342 8.9446 -0 8.32894
-4.93387 9.43001 -0 7.44285
6.96526 -5.77122 -0 6.39053
1.82628 7.39673 -0 6.96806
4.24377 4.06197 -0 3.13978
-0 -6.6948 -8.89633 5.96604
-0 6.89116 4.19229 8.43833
-0 2.32643 9.15891 -4.31883
-0 -1.29979 -7.90806 -9.79797
-0 4.07634 -9.91024 -8.09033
-0 -9.13136 6.78542 -6.69853
-0 7.69093 -7.67065 -4.10976
2.81233 -0 -3.32232 -9.76581
-6.99607 -0 -8.14621 -9.52431
0.151721 -0 -2.26737 2.9601
3.53149 -0 6.16106 3.6692
9.01529 -0 4.88249 -2.64605
8.96065 -0 -0.00117671 1.79798
1.42021 -0 3.81261 1.74113
2.44975 -0.0294121 -2.49564 -0
2.98665 0.0968004 0.846191 -0
-1.16859 -3.10862 -3.29236 -0
-1.37715 3.34529 -0.21871 -0
-0.550262 3.88595 -5.62746 -0
-0.878655 8.05003 -0.565246 -0
6.01961 5.08286 5.36705 -0
