4
26
-0.957032 8.63287 2.99489 2.30083
-4.97172 4.53226 3.49695 -9.21084
-6.83126 -1.60455 -6.5436 -9.0796
7.00332 -8.27473 -9.34852 -0.0112255
0.897754 4.54455 0.21498 -6.03055
-0 -6.6948 -8.89633 5.96604
-0 6.89116 4.19229 8.43833
-0 2.32643 9.15891 -4.31883
-0 -1.29979 -7.90806 -9.79797
-0 4.07634 -9.91024 -8.09033
-0 -9.13136 6.78542 -6.69853
-0 7.69093 -7.67065 -4.10976
-4.1425 6.54767 -0 -2.10902
0.7671 4.82768 -0 8.56162
-4.55383 3.6813 -0 -5.93479
6.89107 -6.45218 -0 -6.58793
3.8107 -6.66179 -0 -8.27861
-7.19473 -8.36479 -0 4.7314
6.88351 -0.934193 -0 -2.35037
-3.94881 5.18887 -2.76462 -0
-1.72052 -7.84032 -6.7007 -0
1.92406 6.24776 -6.72341 -0
8.23057 5.95807 -5.21266 -0
2.03993 -0.682988 1.10412 -0
0.157629 -9.26426 1.0099 -0
3.44117 -2.35737 -2.03238 -0
