4
26
0.950553 6.67523 7.9821 -7.49585
4.20306 -0.744382 4.98933 -8.62468
3.02215 0.516186 3.34825 5.76972
-5.23485 9.19188 -4.39214 5.26707
6.87578 -6.81576 -8.49442 0.520304
-0 -4.57388 9.23908 -0.561313
-0 1.48089 -8.47916 -4.49942
-0 -9.09921 0.559662 -8.58512
-0 -6.82926 -1.75661 2.05023
-0 -3.39116 -8.09077 4.69522
-0 3.91737 2.06873 4.47401
-0 0.888375 -6.75311 4.93475
3.61063 4.0897 -0 -3.53975
6.43652 -5.56258 -0 -1.70892
-2.48328 8.95164 -0 -9.79483
-4.61262 8.02786 -0 7.20195
6.41664 -1.1618 -0 0.196297
4.35974 -7.42103 -0 3.4209
7.37584 -8.5198 -0 -9.43137
-3.94881 5.18887 -2.76462 -0
-1.72052 -7.84032 -6.7007 -0
1.92406 6.24776 -6.72341 -0
8.23057 5.95807 -5.21266 -0
2.03993 -0.682988 1.10412 -0
0.157629 -9.26426 1.0099 -0
3.44117 -2.35737 -2.03238 -0
