4
33
4.13477 -5.03804 0.598608 7.41982
9.46437 -5.77428 4.44354 5.75565
-4.4314 -1.65644 -6.29654 -1.93018
-2.57339 -1.80028 -9.03543 -1.21499
0.604411 -1.92489 5.30237 -4.54279
4.95424 -3.62666 -0.848723 -0
8.91478 1.37562 9.36511 -0
-4.70168 0.47342 -8.72763 -0
-5.98169 -1.33149 8.99512 -0
-0.453072 9.55191 4.50574 -0
-3.03546 6.42383 -1.53261 -0
-0.833303 4.97066 -1.59057 -0
-0 3.15449 -8.66654 7.68298
-0 3.76223 -2.733 -4.2258
-0 9.70112 3.18029 2.36336
-0 3.22623 1.33037 1.24487
-0 9.76578 3.80717 -6.21409
-0 6.13634 7.79814 6.70766
-0 -7.00889 -3.20341 9.48069
2.39421 -0 3.08644 3.75974
-9.97331 -0 1.30796 -4.76679
-7.72236 -0 -6.35308 -4.46913
-1.61929 -0 -1.74362 3.39963
-9.23646 -0 9.24737 -3.33656
9.18777 -0 7.27454 -2.38816
3.46107 -0 0.309833 1.90603
6.10668 -6.1756 -0 -2.41184
-5.97721 -2.75037 -0 6.87841
4.00034 -3.23256 -0 -4.51547
-1.83767 7.51478 -0 -0.125838
4.261 -5.26249 -0 -2.91481
0.368397 9.66935 -0 -1.58737
-5.52201 -3.05039 -0 -2.35965
