4
26
7.37016 -8.70777 -9.82064 8.5865
7.00039 6.17229 -6.26289 2.08707
6.67521 -5.20743 1.1121 -0.15358
-4.91428 -6.65172 9.50433 7.40385
1.65304 4.44457 -8.60029 -7.5086
-0 3.15449 -8.66654 7.68298
-0 3.76223 -2.733 -4.2258
-0 9.70112 3.18029 2.36336
-0 3.22623 1.33037 1.24487
-0 9.76578 3.80717 -6.21409
-0 6.13634 7.79814 6.70766
-0 -7.00889 -3.20341 9.48069
5.76321 4.58797 5.94542 -0
1.87554 -9.60442 -8.06375 -0
-2.73573 -4.42426 -1.58938 -0
-6.67389 -7.78806 -7.44441 -0
-0.369793 -1.01635 3.56062 -0
3.4618 2.30681 -5.66795 -0
7.37524 -9.56568 -1.35593 -0
3.61063 4.0897 -0 -3.53975
6.43652 -5.56258 -0 -1.70892
-2.48328 8.95164 -0 -9.79483
-4.61262 8.02786 -0 7.20195
6.41664 -1.1618 -0 0.196297
4.35974 -7.42103 -0 3.4209
7.37584 -8.5198 -0 -9.43137
