4
26
2.44358 2.53662 -4.25602 -2.76432
-0.88933 -5.73861 7.60024 -5.24514
7.33588 9.75594 -4.9522 -2.54843
-3.90337 6.41501 -1.03296 1.42382
4.3308 -6.4745 -7.10416 -5.75599
2.81233 -0 -3.32232 -9.76581
-6.99607 -0 -8.14621 -9.52431
0.151721 -0 -2.26737 2.9601
3.53149 -0 6.16106 3.6692
9.01529 -0 4.88249 -2.64605
8.96065 -0 -0.00117671 1.79798
1.42021 -0 3.81261 1.74113
2.56331 -2.01643 -0 9.90703
9.38659 -2.64797 -0 -2.66896
-3.95527 2.67727 -0 4.0827
-5.97139 -8.52817 -0 -7.89604
-0.289138 -3.35689 -0 -3.73195
5.94076 -3.97639 -0 3.94483
-3.6013 -6.57673 -0 -2.78165
5.58086 1.08394 -0.103813 -0
-8.86932 -2.24575 1.19202 -0
-9.38247 -6.13759 -9.64657 -0
-2.97881 0.49891 8.48072 -0
-7.17025 1.7962 -2.73487 -0
2.67526 -7.9052 6.57381 -0
8.59892 -1.84297 -5.75147 -0
