208
5 10 23 13 21 4
5 0 10 14 17 4
5 0 10 23 17 4
5 0 10 23 17 21
5 12 10 23 17 4
5 12 10 23 13 4
5 12 10 23 17 21
5 22 14 17 6 4
5 22 12 11 17 4
5 3 18 0 14 6
5 3 18 10 14 13
5 3 0 10 14 21
5 3 18 0 10 21
5 3 18 0 10 14
5 3 18 13 21 19
5 3 18 10 13 21
5 24 12 10 13 4
5 24 22 12 13 4
5 24 22 14 17 4
5 24 12 10 17 4
5 24 22 12 17 4
5 24 22 12 11 13
5 20 18 13 21 19
5 20 18 23 21 19
5 20 3 13 21 19
5 20 23 17 21 19
5 20 12 17 21 19
5 20 12 23 17 21
5 20 12 11 13 19
5 20 10 23 13 21
5 20 12 10 23 21
5 20 12 10 23 13
5 20 12 23 13 4
5 20 11 23 17 4
5 20 12 23 17 4
5 20 12 11 17 4
5 2 10 23 21 4
5 2 0 10 23 4
5 2 0 10 23 21
5 2 23 13 21 4
5 2 10 13 21 4
5 2 20 18 23 21
5 2 18 0 10 21
5 16 10 14 17 4
5 16 24 14 17 4
5 16 24 10 17 4
5 16 24 10 14 4
5 16 24 12 10 17
5 16 10 14 17 21
5 16 3 10 14 21
5 16 12 10 17 21
5 16 24 22 14 17
5 16 22 12 11 17
5 16 24 22 12 17
5 16 24 22 12 11
5 16 3 10 14 13
5 16 24 10 14 13
5 16 24 3 14 13
5 16 24 12 10 13
5 16 12 11 17 19
5 16 12 17 21 19
5 16 20 12 10 21
5 16 20 12 10 13
5 16 20 12 21 19
5 16 20 3 21 19
5 16 3 10 13 21
5 16 20 10 13 21
5 16 20 3 13 21
5 16 20 12 13 19
5 16 20 3 13 19
5 5 3 18 14 13
5 5 18 10 14 13
5 5 24 10 14 13
5 5 18 0 10 14
5 5 3 18 14 6
5 5 2 18 0 10
5 5 0 10 14 4
5 5 24 10 14 4
5 5 18 0 14 6
5 5 2 0 10 4
5 5 2 24 10 4
5 5 0 14 6 4
5 5 24 14 6 4
5 5 8 22 6 4
5 5 8 24 22 4
5 1 20 11 13 19
5 1 3 18 6 19
5 9 20 23 13 4
5 9 22 12 13 4
5 9 20 12 13 4
5 9 24 22 13 4
5 9 20 18 13 19
5 9 1 18 13 19
5 9 1 20 13 19
5 9 1 20 18 19
5 9 1 20 11 13
5 9 22 12 11 4
5 9 20 12 11 4
5 9 22 12 11 13
5 9 20 12 11 13
5 9 24 22 11 13
5 9 20 11 23 4
5 25 16 24 22 11
5 25 16 24 3 13
5 25 16 24 3 14
5 25 9 24 22 11
5 25 16 3 14 6
5 25 16 3 13 19
5 25 24 12 11 13
5 25 16 24 12 13
5 25 16 24 12 11
5 25 1 8 11 6
5 25 9 24 11 13
5 25 1 11 13 19
5 25 12 11 13 19
5 25 16 12 13 19
5 25 16 12 11 19
5 25 1 3 18 6
5 25 1 8 18 6
5 25 9 1 11 13
5 25 9 1 8 11
5 25 24 3 14 13
5 25 3 18 13 19
5 25 1 18 13 19
5 25 1 3 18 19
5 25 5 3 18 6
5 25 5 8 18 6
5 25 9 8 18 13
5 25 9 1 18 13
5 25 9 1 8 18
5 15 5 8 18 13
5 15 9 8 18 13
5 15 5 8 24 13
5 15 9 8 24 13
5 15 5 8 18 6
5 15 5 18 10 13
5 15 5 2 18 10
5 15 5 2 18 0
5 15 9 24 13 4
5 15 5 8 24 4
5 15 5 18 0 6
5 15 18 10 13 21
5 15 2 10 13 21
5 15 2 18 10 21
5 15 5 24 10 13
5 15 5 2 24 10
5 15 20 18 13 21
5 15 9 20 18 13
5 15 2 20 18 21
5 15 5 2 24 4
5 15 2 23 13 4
5 15 9 23 13 4
5 15 5 2 0 4
5 15 8 24 22 4
5 15 9 24 22 4
5 15 9 8 22 4
5 15 9 8 24 22
5 15 5 0 6 4
5 15 5 8 6 4
5 15 24 10 13 4
5 15 2 10 13 4
5 15 2 24 10 4
5 15 20 23 13 21
5 15 2 23 13 21
5 15 2 20 23 21
5 15 9 20 23 13
5 15 2 20 18 23
5 15 9 20 18 23
5 7 9 8 22 11
5 7 25 9 22 11
5 7 25 9 8 11
5 7 8 22 11 6
5 7 25 22 11 6
5 7 25 8 11 6
5 7 9 8 24 22
5 7 25 9 24 22
5 7 9 8 24 13
5 7 25 9 24 13
5 7 25 9 8 13
5 7 5 8 22 6
5 7 5 8 24 22
5 7 5 8 24 13
5 7 5 22 6 4
5 7 5 24 6 4
5 7 5 24 22 4
5 7 5 24 14 6
5 7 22 14 6 4
5 7 24 14 6 4
5 7 24 22 14 4
5 7 16 22 14 6
5 7 25 16 14 6
5 7 16 24 22 14
5 7 25 16 24 14
5 7 25 16 24 22
5 7 25 5 8 6
5 7 5 24 14 13
5 7 25 24 14 13
5 7 5 8 18 13
5 7 25 8 18 13
5 7 25 5 8 18
5 7 5 3 14 6
5 7 25 3 14 6
5 7 25 5 3 6
5 7 5 3 14 13
5 7 25 3 14 13
5 7 5 3 18 13
5 7 25 3 18 13
5 7 25 5 3 18
