326
5 28 29 23 14 21
5 1 11 28 24 4
5 32 1 20 29 14
5 32 29 23 14 21
5 32 20 29 23 21
5 32 28 29 14 21
5 32 11 28 29 21
5 32 11 28 29 4
5 32 1 28 29 4
5 32 1 11 28 4
5 2 28 23 14 21
5 25 20 29 23 21
5 25 11 28 29 21
5 25 32 20 23 21
5 25 32 20 29 21
5 25 32 11 29 21
5 25 11 28 29 4
5 25 11 28 24 21
5 25 32 20 29 4
5 25 32 11 29 4
5 25 32 11 20 4
5 22 1 20 9 4
5 22 32 1 20 4
5 22 32 1 20 14
5 22 1 31 14 19
5 22 1 31 20 14
5 22 1 31 9 19
5 22 1 31 20 9
5 5 2 3 23 21
5 5 2 24 3 21
5 17 25 28 29 21
5 17 25 31 20 29
5 6 1 28 24 18
5 6 2 31 29 14
5 6 1 31 14 19
5 6 31 20 29 14
5 6 1 20 29 14
5 6 1 31 20 14
5 10 6 31 14 19
5 10 6 31 18 19
5 10 6 2 31 18
5 10 22 9 4 12
5 10 22 31 14 19
5 30 25 11 24 21
5 30 5 25 11 21
5 30 5 24 3 21
5 30 5 24 3 12
5 30 5 11 24 21
5 30 5 11 24 12
5 30 17 5 3 21
5 30 17 5 25 21
5 15 25 31 20 29
5 15 6 31 20 29
5 15 6 1 20 29
5 15 6 1 31 20
5 15 25 20 29 4
5 15 32 20 29 4
5 15 32 1 29 4
5 15 32 1 20 4
5 15 32 1 20 29
5 15 1 28 29 4
5 15 25 28 29 4
5 15 6 1 28 29
5 15 6 1 31 19
5 15 31 20 9 4
5 15 1 20 9 4
5 15 1 31 20 9
5 15 1 28 24 4
5 15 6 1 28 18
5 15 1 31 9 19
5 15 1 9 24 4
5 15 11 28 24 4
5 15 25 11 28 4
5 15 25 11 28 24
5 15 1 28 24 18
5 13 15 28 24 18
5 13 15 25 28 24
5 13 1 9 24 18
5 13 15 1 24 18
5 13 15 1 9 24
5 13 15 25 9 19
5 13 15 9 24 4
5 13 15 25 9 4
5 13 1 9 18 19
5 13 15 1 9 19
5 13 15 25 31 19
5 13 11 9 24 4
5 13 15 11 24 4
5 13 15 25 11 4
5 13 15 25 11 24
5 13 25 9 12 19
5 13 30 25 12 19
5 13 11 9 24 12
5 13 30 11 24 12
5 13 30 25 11 12
5 13 30 25 11 24
5 13 6 1 18 19
5 13 15 6 1 19
5 13 15 6 1 18
5 13 6 31 18 19
5 13 15 6 31 19
5 13 15 6 31 18
5 13 11 9 4 12
5 13 25 9 4 12
5 13 25 11 4 12
5 16 28 29 23 14
5 16 2 28 23 14
5 16 2 28 29 14
5 16 2 28 23 21
5 16 2 31 29 14
5 16 17 2 31 29
5 16 31 20 29 14
5 16 10 17 2 31
5 16 10 17 2 3
5 16 22 31 20 14
5 16 10 22 23 14
5 16 10 22 31 14
5 16 6 2 31 14
5 16 10 6 31 14
5 16 10 6 2 14
5 16 10 6 2 31
5 16 32 29 23 14
5 16 22 32 23 14
5 16 32 20 29 14
5 16 22 32 20 14
5 16 32 20 29 23
5 16 22 32 20 23
5 7 25 32 20 23
5 7 17 5 25 21
5 7 22 32 20 23
5 7 5 22 32 23
5 7 25 32 23 21
5 7 5 32 23 21
5 7 25 32 11 20
5 7 10 5 22 23
5 7 30 17 5 25
5 7 22 32 20 4
5 7 5 22 32 4
5 7 25 32 11 21
5 7 5 32 11 21
5 7 5 25 11 21
5 7 32 11 20 4
5 7 5 32 11 4
5 7 25 11 20 4
5 7 10 5 3 12
5 7 10 17 3 12
5 7 25 11 4 12
5 7 5 11 4 12
5 7 30 25 11 12
5 7 30 5 11 12
5 7 30 5 25 11
5 7 30 5 3 12
5 7 30 17 3 12
5 7 30 17 5 3
5 7 10 22 9 4
5 7 5 22 4 12
5 7 10 22 4 12
5 7 10 5 22 12
5 7 10 9 12 19
5 7 10 9 4 12
5 27 15 25 31 29
5 27 6 2 31 18
5 27 15 6 31 18
5 27 13 15 31 18
5 27 13 15 25 31
5 27 13 25 31 19
5 27 13 15 28 18
5 27 13 15 25 28
5 27 17 25 28 21
5 27 30 17 25 21
5 27 10 2 31 18
5 27 10 17 2 31
5 27 13 31 18 19
5 27 13 30 25 24
5 27 13 28 24 18
5 27 13 25 28 24
5 27 25 28 24 21
5 27 30 25 24 21
5 27 17 2 3 21
5 27 30 17 3 21
5 27 10 31 18 19
5 27 10 17 31 19
5 27 13 10 18 19
5 27 10 17 2 3
5 27 30 17 12 19
5 27 13 30 12 19
5 27 13 30 24 12
5 27 30 17 3 12
5 27 2 24 3 21
5 27 30 24 3 21
5 27 10 17 12 19
5 27 13 10 12 19
5 27 10 17 3 12
5 27 30 24 3 12
5 8 16 28 29 23
5 8 16 17 28 29
5 8 28 29 23 21
5 8 17 28 29 21
5 8 16 20 29 23
5 8 16 28 23 21
5 8 25 29 23 21
5 8 17 25 29 21
5 8 25 20 29 23
5 8 17 25 20 29
5 8 17 31 20 29
5 8 16 31 20 29
5 8 16 17 31 29
5 8 16 2 23 21
5 8 17 2 28 21
5 8 16 2 28 21
5 8 16 17 2 28
5 8 7 25 23 21
5 8 7 17 25 21
5 8 7 25 20 23
5 8 7 17 25 20
5 8 16 22 20 23
5 8 7 22 20 23
5 8 2 3 23 21
5 8 17 2 3 21
5 8 16 2 3 23
5 8 16 17 2 3
5 8 7 5 23 21
5 8 7 17 5 21
5 8 16 10 22 23
5 8 7 10 22 23
5 8 16 22 31 20
5 8 7 22 31 20
5 8 16 10 3 23
5 8 16 10 17 3
5 8 7 10 17 3
5 8 16 10 17 31
5 8 7 10 17 31
5 8 5 3 23 21
5 8 17 5 3 21
5 8 7 17 5 3
5 8 16 10 22 31
5 8 7 10 22 31
5 8 10 5 3 23
5 8 7 10 5 23
5 8 7 10 5 3
5 26 17 25 31 20
5 26 7 17 25 20
5 26 7 25 20 4
5 26 8 17 31 20
5 26 8 7 31 20
5 26 8 7 17 20
5 26 8 7 17 31
5 26 15 31 20 4
5 26 15 25 20 4
5 26 15 25 31 20
5 26 31 20 9 4
5 26 27 25 31 19
5 26 27 17 31 19
5 26 27 17 25 31
5 26 10 17 31 19
5 26 7 10 17 31
5 26 7 30 17 25
5 26 22 20 9 4
5 26 7 22 9 4
5 26 7 22 20 4
5 26 15 31 9 4
5 26 15 25 9 4
5 26 27 30 17 19
5 26 27 30 17 25
5 26 15 31 9 19
5 26 15 25 9 19
5 26 15 25 31 19
5 26 25 9 12 19
5 26 7 9 12 19
5 26 10 22 31 19
5 26 7 10 22 31
5 26 10 17 12 19
5 26 7 10 12 19
5 26 7 10 17 12
5 26 30 25 12 19
5 26 7 30 25 12
5 26 30 17 12 19
5 26 7 30 17 12
5 26 22 31 9 19
5 26 22 31 20 9
5 26 7 22 31 20
5 26 25 9 4 12
5 26 7 9 4 12
5 26 7 25 4 12
5 26 13 30 25 19
5 26 27 13 25 19
5 26 27 13 30 19
5 26 27 13 30 25
5 26 10 22 9 19
5 26 7 10 9 19
5 26 7 10 22 9
5 0 15 25 28 29
5 0 27 15 25 29
5 0 27 15 25 28
5 0 17 25 28 29
5 0 27 17 25 28
5 0 15 6 28 29
5 0 17 25 31 29
5 0 27 25 31 29
5 0 27 17 25 31
5 0 15 6 31 29
5 0 27 15 31 29
5 0 27 15 6 31
5 0 15 6 28 18
5 0 27 15 28 18
5 0 27 15 6 18
5 0 16 2 28 29
5 0 16 17 28 29
5 0 16 17 2 29
5 0 16 17 2 28
5 0 17 2 31 29
5 0 27 17 2 31
5 0 17 2 28 21
5 0 27 17 28 21
5 0 27 17 2 21
5 0 2 28 29 14
5 0 6 28 29 14
5 0 6 2 29 14
5 0 6 2 31 29
5 0 27 6 2 31
5 0 27 6 2 18
5 0 27 28 24 21
5 0 27 2 24 21
5 0 27 28 24 18
5 0 27 2 24 18
5 0 2 28 14 21
