197
5 23 18 24 6 22
5 25 18 22 15 17
5 25 18 6 22 15
5 25 18 24 6 22
5 12 18 24 22 17
5 12 23 18 22 17
5 12 23 18 24 22
5 10 23 18 24 6
5 2 25 24 6 22
5 2 25 24 6 15
5 3 12 25 24 22
5 3 12 25 1 22
5 3 25 18 15 17
5 3 25 18 22 17
5 3 25 18 24 22
5 13 3 25 1 15
5 7 10 23 21 11
5 7 9 10 23 17
5 7 10 23 18 17
5 7 13 3 9 15
5 7 9 10 18 17
5 16 12 25 24 22
5 16 12 25 1 22
5 16 2 25 24 22
5 16 2 25 1 22
5 16 12 23 24 22
5 16 3 12 25 24
5 16 3 12 25 1
5 16 13 3 25 1
5 16 23 24 6 22
5 16 2 24 6 22
5 16 10 23 24 6
5 0 16 10 23 6
5 0 16 10 24 6
5 0 16 2 24 6
5 0 7 13 21 15
5 0 7 9 21 15
5 4 0 9 21 15
5 4 0 9 10 21
5 4 9 18 6 15
5 4 3 25 18 15
5 4 3 25 18 24
5 4 9 18 15 17
5 4 3 18 15 17
5 4 3 9 15 17
5 4 0 9 6 15
5 4 0 9 10 6
5 4 9 10 18 6
5 4 25 24 6 15
5 4 25 18 6 15
5 4 25 18 24 6
5 8 16 12 1 22
5 8 13 12 1 11
5 8 7 13 12 11
5 8 13 3 12 1
5 8 16 3 12 1
5 8 16 13 3 1
5 8 7 12 23 11
5 8 16 7 12 23
5 8 7 13 21 11
5 8 16 7 13 21
5 8 7 13 3 12
5 8 16 7 13 3
5 8 7 10 23 11
5 8 16 7 10 23
5 8 7 10 21 11
5 8 16 7 10 21
5 14 16 3 12 24
5 14 7 3 12 17
5 14 16 12 23 24
5 14 16 7 12 23
5 14 8 7 3 12
5 14 8 16 3 12
5 14 8 16 7 12
5 14 8 16 7 3
5 14 7 3 9 17
5 14 4 3 18 24
5 14 12 24 22 17
5 14 3 12 22 17
5 14 3 12 24 22
5 14 7 12 23 17
5 14 16 10 23 24
5 14 16 7 10 23
5 14 7 9 18 17
5 14 4 3 18 17
5 14 7 9 10 18
5 14 18 24 22 17
5 14 3 18 22 17
5 14 3 18 24 22
5 14 12 18 24 17
5 14 12 23 18 17
5 14 12 23 18 24
5 14 7 23 18 17
5 14 10 23 18 24
5 14 7 10 23 18
5 19 0 16 13 2
5 19 0 13 2 15
5 19 8 16 2 1
5 19 8 16 13 1
5 19 13 25 1 15
5 19 13 2 25 15
5 19 16 2 25 1
5 19 16 13 25 1
5 19 16 13 2 25
5 20 0 2 23 6
5 20 0 16 23 6
5 20 0 16 2 6
5 20 16 23 6 22
5 20 16 2 6 22
5 20 0 16 10 23
5 20 19 0 16 2
5 20 16 12 23 22
5 20 8 10 23 11
5 20 8 16 10 23
5 20 10 23 21 11
5 20 0 23 21 11
5 20 0 10 23 21
5 20 0 16 10 21
5 20 19 8 16 2
5 20 19 0 13 11
5 20 19 0 16 13
5 20 8 16 12 22
5 20 8 12 23 11
5 20 8 16 12 23
5 20 16 2 1 22
5 20 8 16 1 22
5 20 8 16 2 1
5 20 19 8 2 1
5 20 8 10 21 11
5 20 8 16 10 21
5 20 19 8 16 13
5 20 8 12 1 11
5 20 8 12 1 22
5 20 8 13 1 11
5 20 19 13 1 11
5 20 19 8 13 1
5 20 0 13 21 11
5 20 8 13 21 11
5 20 0 16 13 21
5 20 8 16 13 21
5 5 7 13 3 15
5 5 16 7 13 3
5 5 14 16 7 3
5 5 14 7 3 9
5 5 7 3 9 15
5 5 4 3 9 15
5 5 7 13 21 15
5 5 16 13 3 25
5 5 16 7 13 21
5 5 4 3 9 17
5 5 14 3 9 17
5 5 14 4 3 17
5 5 14 7 9 10
5 5 13 2 25 15
5 5 13 3 25 15
5 5 4 3 25 15
5 5 0 13 2 15
5 5 7 9 21 15
5 5 4 9 21 15
5 5 0 13 21 15
5 5 4 0 21 15
5 5 16 3 25 24
5 5 14 16 3 24
5 5 16 13 2 25
5 5 16 7 10 21
5 5 14 16 7 10
5 5 4 3 25 24
5 5 14 4 3 24
5 5 0 16 13 2
5 5 4 9 18 17
5 5 14 9 18 17
5 5 14 4 18 17
5 5 7 9 10 21
5 5 4 9 10 21
5 5 4 9 10 18
5 5 14 9 10 18
5 5 0 16 13 21
5 5 2 25 24 15
5 5 4 25 24 15
5 5 0 2 6 15
5 5 4 0 6 15
5 5 16 2 25 24
5 5 0 16 2 24
5 5 14 16 10 24
5 5 14 10 18 24
5 5 14 4 18 24
5 5 0 16 10 21
5 5 4 0 10 21
5 5 2 24 6 15
5 5 4 24 6 15
5 5 0 2 24 6
5 5 0 16 10 24
5 5 10 18 24 6
5 5 4 18 24 6
5 5 4 10 18 6
5 5 0 10 24 6
5 5 4 0 10 6
