291
5 7 17 31 19 6
5 7 31 3 1 6
5 7 20 17 4 18
5 15 7 20 31 28
5 15 20 17 31 28
5 15 7 17 31 18
5 15 7 20 17 18
5 15 7 20 17 31
5 15 20 17 4 18
5 15 20 17 4 28
5 15 11 4 18 32
5 15 11 4 28 32
5 15 20 4 18 32
5 15 20 4 28 32
5 30 15 20 28 32
5 30 15 11 28 32
5 2 20 9 4 32
5 16 17 31 19 6
5 21 7 20 31 28
5 21 30 20 22 28
5 21 2 30 20 22
5 14 15 17 31 28
5 14 16 17 31 19
5 14 15 17 31 18
5 14 7 17 19 18
5 14 7 17 31 18
5 14 7 17 31 19
5 14 15 7 19 18
5 14 15 7 31 18
5 14 15 7 31 19
5 26 7 11 1 18
5 26 15 7 11 18
5 26 30 15 11 28
5 26 30 24 22 28
5 26 21 7 31 1
5 26 15 7 31 28
5 26 21 31 3 1
5 26 21 22 3 1
5 26 21 30 22 28
5 26 15 11 18 32
5 26 30 15 11 32
5 26 21 7 31 28
5 26 15 7 20 18
5 26 15 7 20 28
5 26 21 7 20 28
5 26 21 22 3 28
5 27 16 24 9 3
5 27 21 20 22 28
5 27 24 9 22 3
5 27 2 9 22 3
5 27 21 2 20 22
5 27 30 24 22 28
5 27 30 24 9 22
5 27 20 4 28 32
5 27 20 9 4 32
5 27 2 30 9 22
5 27 30 20 22 28
5 27 2 30 20 22
5 27 30 24 9 32
5 27 30 20 28 32
5 27 2 20 9 32
5 27 2 30 9 32
5 27 2 30 20 32
5 25 26 21 3 28
5 25 26 21 31 28
5 25 26 21 31 3
5 25 31 3 19 6
5 25 16 3 19 6
5 25 16 31 19 6
5 25 14 15 31 19
5 25 14 15 31 28
5 25 26 22 3 28
5 25 26 24 22 28
5 25 26 24 22 3
5 25 26 15 31 28
5 25 7 31 3 19
5 25 15 7 31 19
5 25 26 15 7 31
5 25 7 31 3 1
5 25 26 31 3 1
5 25 26 7 31 1
5 25 26 15 7 11
5 25 7 11 19 18
5 25 15 11 19 18
5 25 15 7 19 18
5 25 15 7 11 18
5 8 21 7 20 31
5 8 7 17 31 6
5 8 7 20 17 31
5 8 7 31 1 6
5 8 21 7 31 1
5 8 7 20 17 4
5 8 31 3 1 6
5 8 21 3 1 6
5 8 21 31 3 6
5 8 21 31 3 1
5 29 15 17 4 28
5 29 14 15 17 28
5 29 15 17 4 18
5 29 14 15 17 18
5 29 20 17 4 28
5 29 27 20 4 28
5 29 27 20 17 28
5 29 14 17 19 18
5 29 27 20 9 4
5 29 27 20 17 9
5 29 27 4 28 32
5 29 27 9 4 32
5 29 27 16 24 9
5 29 27 14 16 24
5 0 21 30 20 28
5 0 26 21 20 28
5 0 26 21 30 28
5 0 30 15 20 28
5 0 26 15 20 28
5 0 26 30 15 28
5 0 30 15 20 32
5 0 26 30 15 32
5 0 15 20 18 32
5 0 26 15 18 32
5 0 26 15 20 18
5 0 2 30 20 32
5 0 21 2 30 20
5 0 26 30 11 32
5 0 2 20 4 32
5 0 20 4 18 32
5 0 26 11 18 32
5 0 26 11 1 18
5 0 26 7 1 18
5 0 26 21 7 1
5 0 26 7 20 18
5 0 26 21 7 20
5 0 26 21 22 1
5 0 21 2 30 22
5 0 26 21 30 22
5 0 8 21 7 1
5 0 8 21 7 20
5 0 7 4 1 18
5 0 7 20 4 18
5 0 8 7 4 1
5 0 8 7 20 4
5 12 27 16 9 3
5 12 27 20 17 9
5 12 21 31 3 6
5 12 27 21 20 28
5 12 25 31 3 6
5 12 25 16 3 6
5 12 25 16 31 6
5 12 27 20 17 28
5 12 29 16 17 9
5 12 29 27 17 9
5 12 29 27 16 9
5 12 8 21 31 6
5 12 8 21 20 31
5 12 25 21 31 3
5 12 25 21 3 28
5 12 21 22 3 28
5 12 27 21 22 28
5 12 27 21 22 3
5 12 16 17 31 6
5 12 8 17 31 6
5 12 8 20 17 31
5 12 27 16 24 3
5 12 29 14 16 17
5 12 29 27 14 16
5 12 21 20 31 28
5 12 25 21 31 28
5 12 27 24 22 28
5 12 27 24 22 3
5 12 14 16 17 31
5 12 25 14 31 28
5 12 25 22 3 28
5 12 25 24 22 28
5 12 25 24 22 3
5 12 20 17 31 28
5 12 14 17 31 28
5 12 29 14 17 28
5 12 29 27 17 28
5 12 29 27 14 28
5 12 14 16 31 19
5 12 25 16 31 19
5 12 25 14 31 19
5 5 29 14 15 28
5 5 29 27 14 28
5 5 29 27 14 24
5 5 26 15 11 28
5 5 30 11 28 32
5 5 11 4 28 32
5 5 29 4 28 32
5 5 29 27 28 32
5 5 15 11 4 28
5 5 29 15 4 28
5 5 29 14 15 18
5 5 12 27 24 28
5 5 12 27 14 28
5 5 12 27 14 24
5 5 26 30 11 28
5 5 26 30 24 28
5 5 25 26 15 28
5 5 25 26 24 28
5 5 25 26 15 11
5 5 25 26 24 11
5 5 25 15 11 19
5 5 15 11 19 18
5 5 14 15 19 18
5 5 27 30 28 32
5 5 27 30 24 32
5 5 27 30 24 28
5 5 27 24 9 32
5 5 29 27 9 32
5 5 29 27 24 9
5 5 15 11 4 18
5 5 29 11 4 18
5 5 29 15 4 18
5 5 29 14 19 18
5 5 29 14 16 24
5 5 30 24 11 22
5 5 26 24 11 22
5 5 26 30 11 22
5 5 26 30 24 22
5 5 29 16 24 9
5 13 0 2 20 4
5 13 0 8 20 4
5 13 12 8 21 6
5 13 12 8 21 20
5 13 8 20 17 4
5 13 27 2 20 9
5 13 27 21 2 20
5 13 12 8 17 6
5 13 12 8 20 17
5 13 29 20 17 4
5 13 12 27 20 9
5 13 12 27 21 20
5 13 12 21 3 6
5 13 27 2 9 3
5 13 29 20 17 9
5 13 12 16 17 6
5 13 2 20 9 4
5 13 29 20 9 4
5 13 12 16 3 6
5 13 12 16 9 3
5 13 12 20 17 9
5 13 12 16 17 9
5 13 12 27 9 3
5 13 12 27 21 3
5 13 21 2 22 3
5 13 27 2 22 3
5 13 27 21 22 3
5 13 27 21 2 22
5 10 12 16 24 3
5 10 12 25 24 3
5 10 12 25 16 3
5 10 25 16 3 19
5 10 12 25 16 19
5 10 12 14 16 19
5 10 12 25 14 19
5 10 5 14 16 24
5 10 27 14 16 24
5 10 12 27 16 24
5 10 12 27 14 24
5 10 12 27 14 16
5 10 12 25 24 28
5 10 12 25 14 28
5 10 25 14 15 19
5 10 5 14 15 19
5 10 5 25 15 19
5 10 5 25 24 28
5 10 5 12 24 28
5 10 5 12 14 28
5 10 5 12 14 24
5 10 25 14 15 28
5 10 5 14 15 28
5 10 5 25 15 28
5 23 0 8 21 20
5 23 13 8 21 20
5 23 13 0 8 20
5 23 0 21 2 20
5 23 13 21 2 20
5 23 13 0 2 20
5 23 0 8 21 1
5 23 8 21 1 6
5 23 13 8 21 6
5 23 13 0 8 4
5 23 0 21 22 1
5 23 0 21 2 22
5 23 13 21 2 3
5 23 13 0 2 4
5 23 21 3 1 6
5 23 13 21 3 6
5 23 21 22 3 1
5 23 21 2 22 3
