342
5 18 9 15 14 2
5 18 16 9 14 2
5 0 18 16 32 4
5 7 18 9 15 6
5 7 18 16 32 4
5 7 18 16 32 6
5 7 18 16 9 6
5 24 9 15 6 28
5 24 3 15 6 28
5 24 7 9 15 6
5 24 7 3 15 6
5 27 7 21 32 20
5 27 18 16 32 2
5 27 18 16 32 6
5 27 18 9 6 2
5 27 18 16 9 2
5 27 18 16 9 6
5 27 7 16 32 6
5 27 7 16 9 6
5 27 16 9 14 2
5 17 27 21 6 20
5 17 27 21 29 20
5 17 24 9 6 28
5 17 27 9 6 2
5 17 24 9 15 28
5 17 9 15 2 28
5 12 27 16 14 2
5 12 27 16 21 14
5 12 27 9 14 2
5 12 17 27 9 2
5 26 27 29 32 20
5 26 27 21 32 20
5 26 27 21 29 20
5 13 27 7 21 6
5 13 24 9 14 6
5 13 24 7 9 6
5 13 27 16 21 14
5 13 21 9 14 6
5 13 27 21 9 6
5 13 27 21 9 14
5 13 27 7 9 6
5 13 27 16 9 14
5 13 27 7 16 9
5 13 27 16 21 32
5 13 27 7 21 32
5 13 27 7 16 32
5 13 7 18 16 9
5 13 7 18 16 4
5 13 0 21 32 4
5 13 0 16 32 4
5 13 7 16 32 4
5 13 21 32 20 4
5 13 7 21 32 20
5 8 24 6 20 28
5 8 24 3 6 28
5 8 24 7 3 6
5 8 13 7 21 20
5 8 27 21 6 20
5 8 27 7 6 20
5 8 27 7 21 20
5 8 27 7 21 6
5 8 13 7 21 6
5 8 13 24 7 6
5 8 7 32 20 4
5 8 13 32 20 4
5 8 13 7 32 4
5 8 13 7 32 20
5 10 8 24 20 28
5 10 24 6 20 28
5 10 17 6 20 28
5 10 17 24 6 28
5 10 17 21 6 20
5 10 17 21 29 20
5 10 8 21 6 20
5 10 8 24 6 20
5 10 13 21 14 6
5 10 13 24 14 6
5 10 8 13 21 6
5 10 8 13 24 6
5 10 17 27 21 6
5 1 12 16 21 14
5 1 13 16 21 14
5 1 0 18 16 32
5 1 13 16 21 32
5 1 13 0 21 32
5 1 13 0 16 32
5 1 18 16 32 2
5 5 10 24 3 28
5 5 24 3 15 28
5 5 24 3 15 14
5 5 10 17 24 28
5 5 31 3 15 28
5 5 17 24 15 28
5 5 24 9 15 14
5 5 17 24 9 15
5 5 24 9 14 6
5 5 10 24 14 6
5 5 17 24 9 6
5 5 10 17 24 6
5 5 12 17 15 2
5 5 9 15 14 2
5 5 17 9 15 2
5 5 21 9 14 6
5 5 10 21 14 6
5 5 12 9 14 2
5 5 12 17 9 2
5 5 12 17 27 9
5 5 17 27 9 6
5 5 10 17 27 6
5 5 27 21 9 6
5 5 10 27 21 6
5 5 27 21 9 14
5 5 12 27 9 14
5 5 12 27 21 14
5 5 12 17 27 21
5 5 10 17 27 21
5 19 8 24 3 28
5 19 10 24 3 28
5 19 10 8 24 28
5 19 8 3 20 28
5 19 10 8 20 28
5 19 31 3 20 28
5 19 17 29 20 28
5 19 10 17 20 28
5 19 10 17 29 20
5 19 10 8 21 20
5 19 8 31 20 4
5 19 8 31 3 20
5 19 10 8 13 21
5 19 10 13 21 14
5 19 10 21 29 20
5 19 13 21 20 4
5 19 8 13 20 4
5 19 8 13 21 20
5 19 13 0 21 4
5 19 8 13 0 4
5 25 12 27 16 2
5 25 27 16 32 2
5 25 1 16 32 2
5 25 12 27 16 21
5 25 1 12 16 21
5 25 27 16 21 32
5 25 1 16 21 32
5 25 26 27 21 32
5 25 12 17 27 2
5 25 26 27 29 32
5 25 1 18 32 2
5 25 26 27 21 29
5 25 17 27 21 29
5 25 12 17 21 29
5 25 12 17 27 21
5 22 12 17 21 29
5 22 10 17 21 29
5 22 5 12 17 21
5 22 5 10 17 21
5 22 19 10 21 29
5 22 25 12 21 29
5 22 25 26 21 29
5 22 25 1 12 29
5 22 25 1 26 29
5 22 25 1 12 21
5 22 26 21 29 20
5 22 19 21 29 20
5 22 19 26 29 20
5 22 25 26 21 32
5 22 25 1 21 32
5 22 25 1 26 32
5 22 19 26 0 20
5 22 1 0 21 32
5 22 1 26 0 32
5 22 26 0 20 4
5 22 19 21 20 4
5 22 19 0 20 4
5 22 19 0 21 4
5 22 1 13 0 21
5 22 19 13 0 21
5 22 0 21 32 4
5 22 26 0 32 4
5 22 21 32 20 4
5 22 26 32 20 4
5 22 26 21 32 20
5 23 31 3 15 14
5 23 5 3 15 14
5 23 5 31 3 15
5 23 5 31 3 28
5 23 5 15 14 2
5 23 5 12 14 2
5 23 5 12 15 2
5 23 5 31 15 28
5 23 18 15 14 2
5 23 31 18 15 28
5 23 5 17 15 28
5 23 5 12 17 15
5 23 1 12 16 14
5 23 1 12 21 14
5 23 22 1 21 14
5 23 22 1 12 21
5 23 5 12 21 14
5 23 22 5 12 21
5 23 22 1 12 29
5 23 5 10 21 14
5 23 22 5 10 21
5 23 19 10 21 14
5 23 22 19 21 14
5 23 22 19 10 21
5 23 22 19 10 29
5 23 22 1 26 29
5 23 19 10 17 29
5 23 18 16 14 2
5 23 12 16 14 2
5 23 18 15 2 28
5 23 17 15 2 28
5 23 12 17 2 28
5 23 12 17 15 2
5 23 1 18 16 2
5 23 22 12 17 29
5 23 22 5 12 17
5 23 22 10 17 29
5 23 22 5 10 17
5 23 25 12 2 28
5 23 25 12 16 2
5 23 25 1 16 2
5 23 25 1 12 16
5 23 25 1 18 2
5 23 25 1 12 29
5 11 23 5 3 14
5 11 23 5 10 14
5 11 23 19 10 14
5 11 5 10 3 28
5 11 23 5 3 28
5 11 19 10 3 28
5 11 23 31 3 14
5 11 23 22 19 14
5 11 5 10 17 28
5 11 23 5 17 28
5 11 23 5 10 17
5 11 19 31 3 28
5 11 23 31 3 28
5 11 19 10 17 28
5 11 23 19 10 17
5 11 19 8 13 0
5 11 22 19 13 0
5 11 23 22 1 14
5 11 22 19 26 0
5 11 19 8 31 3
5 11 19 17 29 28
5 11 23 17 29 28
5 11 23 19 17 29
5 11 1 13 0 14
5 11 22 1 13 0
5 11 19 13 21 14
5 11 22 19 21 14
5 11 22 19 13 21
5 11 23 31 15 14
5 11 23 31 18 15
5 11 22 1 26 0
5 11 23 1 26 0
5 11 23 22 1 26
5 11 22 19 26 29
5 11 23 22 26 29
5 11 23 22 19 29
5 11 19 8 0 4
5 11 19 8 31 4
5 11 1 13 21 14
5 11 22 1 21 14
5 11 22 1 13 21
5 11 1 0 18 16
5 11 23 1 18 16
5 11 23 1 0 18
5 11 26 0 29 20
5 11 19 26 29 20
5 11 19 26 0 20
5 11 19 0 20 4
5 30 11 5 3 14
5 30 11 5 10 14
5 30 11 5 10 3
5 30 5 24 3 14
5 30 5 10 24 14
5 30 5 10 24 3
5 30 11 19 10 14
5 30 19 10 24 3
5 30 11 19 10 3
5 30 19 8 24 3
5 30 11 19 8 3
5 30 19 10 8 24
5 30 24 3 15 14
5 30 10 13 24 14
5 30 10 8 13 24
5 30 8 24 7 3
5 30 8 13 24 7
5 30 11 31 3 14
5 30 11 19 13 14
5 30 11 19 8 13
5 30 11 8 31 3
5 30 19 10 13 14
5 30 19 10 8 13
5 30 24 9 15 14
5 30 13 24 9 14
5 30 24 7 3 15
5 30 8 31 7 3
5 30 11 8 13 0
5 30 31 3 15 14
5 30 18 9 15 14
5 30 24 7 9 15
5 30 13 24 7 9
5 30 31 7 3 15
5 30 8 31 7 4
5 30 8 13 7 4
5 30 11 31 15 14
5 30 11 31 18 15
5 30 11 31 0 18
5 30 8 13 0 4
5 30 11 31 0 4
5 30 11 8 0 4
5 30 11 8 31 4
5 30 18 16 9 14
5 30 13 16 9 14
5 30 13 18 16 9
5 30 7 18 9 15
5 30 13 7 18 9
5 30 31 7 18 15
5 30 31 7 18 4
5 30 13 7 18 4
5 30 23 18 15 14
5 30 11 23 15 14
5 30 11 23 18 15
5 30 23 18 16 14
5 30 11 23 18 16
5 30 11 13 0 14
5 30 11 0 18 16
5 30 31 0 18 4
5 30 23 1 16 14
5 30 11 23 1 14
5 30 11 23 1 16
5 30 1 13 16 14
5 30 1 13 0 14
5 30 1 13 0 16
5 30 11 1 0 14
5 30 11 1 0 16
5 30 0 18 16 4
5 30 13 18 16 4
5 30 13 0 16 4
