201
5 16 12 5 1 3
5 16 2 12 1 21
5 16 11 5 3 21
5 16 11 12 5 3
5 15 11 12 5 3
5 24 2 4 18 1
5 24 15 12 5 1
5 24 2 12 1 21
5 24 2 4 1 21
5 7 4 13 6 17
5 9 7 11 25 3
5 9 7 4 13 17
5 9 16 11 3 21
5 9 7 16 11 21
5 9 7 16 11 3
5 9 7 4 6 17
5 9 7 2 4 6
5 9 7 2 4 21
5 9 7 18 6 17
5 9 7 2 18 6
5 9 4 18 6 17
5 9 2 4 18 6
5 23 7 4 13 6
5 23 4 13 6 17
5 23 7 11 13 14
5 23 15 11 5 14
5 23 4 5 1 21
5 23 15 5 1 14
5 23 9 4 13 21
5 23 9 7 4 21
5 23 9 7 4 13
5 23 9 11 13 21
5 23 9 7 11 21
5 23 9 7 11 13
5 23 24 18 14 17
5 23 4 18 6 17
5 23 24 4 18 6
5 23 24 15 5 1
5 23 24 4 18 1
5 23 24 15 12 5
5 23 18 1 14 17
5 23 4 18 1 17
5 23 15 18 1 14
5 23 24 15 18 14
5 23 24 15 18 1
5 23 24 12 5 1
5 19 11 25 12 3
5 19 16 11 12 3
5 19 7 16 11 21
5 19 7 11 25 3
5 19 7 16 11 3
5 19 22 25 12 3
5 19 22 7 24 25
5 19 16 2 12 21
5 19 24 2 12 21
5 19 22 24 2 12
5 19 9 7 16 21
5 19 9 7 25 3
5 19 9 7 16 3
5 19 16 2 12 3
5 19 22 2 12 3
5 19 22 7 2 25
5 19 7 24 2 6
5 19 22 7 24 2
5 19 16 2 3 21
5 19 9 7 2 21
5 19 9 7 2 25
5 19 9 16 3 21
5 8 9 11 25 3
5 8 9 7 11 25
5 8 7 11 13 14
5 8 9 11 13 14
5 8 9 7 11 13
5 8 9 7 13 17
5 8 9 7 2 25
5 8 22 7 2 25
5 8 22 9 2 25
5 8 19 7 11 25
5 8 22 24 2 18
5 8 22 9 2 18
5 8 22 7 24 2
5 8 9 7 18 17
5 8 9 7 2 18
5 0 23 15 12 5
5 0 23 24 15 12
5 0 23 15 11 14
5 0 19 11 12 6
5 0 19 24 12 6
5 0 23 24 15 14
5 0 23 7 11 14
5 0 23 7 11 6
5 0 19 7 11 6
5 0 19 7 24 6
5 0 23 24 14 17
5 0 8 7 11 14
5 0 23 7 13 14
5 0 23 7 13 6
5 0 8 19 7 11
5 0 19 11 25 12
5 0 8 19 11 25
5 0 7 24 2 6
5 0 8 7 24 2
5 0 24 15 18 14
5 0 8 15 18 14
5 0 23 13 14 17
5 0 23 13 6 17
5 0 23 18 6 17
5 0 23 24 18 17
5 0 23 24 18 6
5 0 8 7 13 14
5 0 19 7 24 25
5 0 8 19 7 25
5 0 19 22 25 12
5 0 19 22 24 12
5 0 19 22 24 25
5 0 24 2 18 6
5 0 8 24 2 18
5 0 7 2 18 6
5 0 8 7 2 18
5 0 8 13 14 17
5 0 24 18 14 17
5 0 8 18 14 17
5 0 7 13 6 17
5 0 8 7 13 17
5 0 22 7 24 25
5 0 8 22 7 25
5 0 8 22 7 24
5 0 7 18 6 17
5 0 8 7 18 17
5 20 23 12 5 1
5 20 23 5 1 21
5 20 23 24 12 1
5 20 24 12 1 21
5 20 16 5 1 21
5 20 16 12 1 21
5 20 16 12 5 1
5 20 23 4 1 21
5 20 23 11 5 21
5 20 23 24 4 1
5 20 23 24 4 6
5 20 0 24 12 6
5 20 0 23 24 6
5 20 0 23 24 12
5 20 0 11 12 6
5 20 0 23 11 6
5 20 0 11 12 5
5 20 0 23 12 5
5 20 0 23 11 5
5 20 24 4 1 21
5 20 19 24 12 21
5 20 19 24 12 6
5 20 16 11 5 21
5 20 16 11 12 5
5 20 19 11 12 6
5 20 23 7 4 21
5 20 23 7 4 6
5 20 23 7 11 21
5 20 23 7 11 6
5 20 24 2 4 21
5 20 19 24 2 21
5 20 19 24 2 6
5 20 19 16 12 21
5 20 19 16 11 21
5 20 19 16 11 12
5 20 19 7 11 21
5 20 19 7 11 6
5 20 7 2 4 21
5 20 7 2 4 6
5 20 2 4 18 6
5 20 24 4 18 6
5 20 24 2 18 6
5 20 24 2 4 18
5 20 19 7 2 21
5 20 19 7 2 6
5 10 23 15 11 5
5 10 0 23 11 5
5 10 0 23 15 5
5 10 0 23 15 11
5 10 15 11 12 5
5 10 0 11 12 5
5 10 0 15 12 5
5 10 15 11 12 3
5 10 8 15 11 3
5 10 0 11 25 12
5 10 0 8 11 25
5 10 0 24 15 12
5 10 8 15 11 14
5 10 0 15 11 14
5 10 0 8 11 14
5 10 0 8 15 14
5 10 11 25 12 3
5 10 8 11 25 3
5 10 0 22 25 12
5 10 0 8 22 25
5 10 0 22 24 12
5 10 0 8 22 24
5 10 0 24 15 18
5 10 0 8 15 18
5 10 0 8 24 18
5 10 22 25 12 3
5 10 8 22 25 3
