298
5 19 30 28 23 1
5 19 6 12 14 23
5 19 6 28 29 23
5 19 6 12 29 14
5 5 19 6 12 23
5 5 3 6 31 23
5 5 19 6 28 23
5 5 3 30 28 23
5 5 19 30 28 23
5 5 16 3 6 31
5 9 19 6 12 29
5 9 5 6 22 12
5 9 5 19 22 12
5 9 5 19 6 12
5 9 19 12 29 14
5 9 22 12 7 1
5 9 19 22 12 1
5 9 5 16 6 22
5 9 7 29 14 1
5 9 19 29 14 1
5 9 12 7 14 1
5 9 19 12 14 1
5 9 30 22 7 1
5 9 19 30 22 1
5 9 4 30 22 7
5 0 4 30 2 15
5 0 4 3 2 15
5 27 0 10 28 23
5 27 6 12 14 23
5 21 24 7 2 1
5 21 30 7 2 1
5 21 30 22 7 1
5 21 4 24 7 2
5 21 16 4 24 7
5 21 9 16 7 29
5 21 4 30 7 2
5 21 4 30 22 7
5 21 9 4 22 7
5 21 5 16 31 15
5 21 5 6 22 12
5 21 9 16 6 22
5 21 5 16 6 31
5 21 5 16 6 22
5 21 4 30 2 15
5 21 4 30 22 15
5 17 4 3 2 15
5 17 0 4 3 2
5 17 0 10 3 2
5 17 0 10 28 23
5 18 5 3 30 28
5 18 4 30 22 15
5 18 21 5 22 15
5 18 21 5 16 15
5 18 21 5 16 22
5 18 16 3 31 15
5 18 5 3 31 15
5 18 5 16 31 15
5 18 5 16 3 31
5 18 21 4 22 15
5 18 0 4 30 15
5 18 17 0 4 30
5 18 0 3 30 28
5 18 17 0 30 28
5 18 17 0 3 28
5 18 0 4 3 15
5 18 17 4 3 15
5 18 17 0 4 3
5 13 30 28 23 1
5 13 27 30 28 23
5 13 19 28 23 1
5 13 19 28 29 1
5 13 19 28 29 23
5 13 27 28 29 23
5 13 19 12 14 1
5 13 19 12 14 23
5 13 27 12 14 23
5 13 19 29 14 1
5 13 19 6 14 23
5 13 27 6 14 23
5 13 19 6 29 23
5 13 27 6 29 23
5 13 7 29 14 1
5 13 27 7 29 14
5 13 19 6 29 14
5 13 27 6 29 14
5 13 27 10 7 29
5 13 27 10 7 14
5 11 27 6 29 23
5 11 27 28 29 23
5 11 27 10 28 23
5 11 27 10 28 29
5 11 17 10 31 29
5 11 27 6 12 23
5 11 5 6 31 23
5 20 21 16 31 15
5 20 21 16 24 7
5 20 17 10 3 31
5 20 17 10 31 29
5 20 17 16 31 29
5 20 21 16 4 24
5 20 10 24 7 29
5 20 17 10 24 2
5 20 17 10 3 2
5 20 16 3 31 15
5 20 17 16 3 31
5 20 17 16 4 29
5 20 21 4 2 15
5 20 21 4 24 2
5 20 18 21 4 15
5 20 18 21 16 15
5 20 18 21 16 4
5 20 17 3 2 15
5 20 18 16 3 15
5 20 18 17 3 15
5 20 18 17 16 3
5 20 17 4 2 15
5 20 17 4 24 2
5 20 18 17 4 15
5 20 18 17 16 4
5 8 9 5 16 22
5 8 18 5 16 22
5 8 18 5 30 22
5 8 21 9 4 22
5 8 21 9 16 22
5 8 18 21 4 22
5 8 18 21 16 22
5 8 18 21 16 4
5 8 9 4 30 22
5 8 18 4 30 22
5 8 5 19 30 22
5 8 9 19 30 22
5 8 9 5 19 22
5 8 18 5 30 28
5 8 9 5 16 6
5 8 21 16 4 7
5 8 21 9 4 7
5 8 21 9 16 7
5 8 18 17 16 4
5 8 5 19 30 28
5 8 9 16 6 29
5 8 5 19 6 28
5 8 9 5 19 6
5 8 9 16 7 29
5 8 18 17 30 28
5 8 18 17 4 30
5 8 17 16 4 29
5 8 19 6 28 29
5 8 9 19 6 29
5 8 16 4 24 7
5 8 9 4 30 7
5 8 30 28 29 1
5 8 19 28 29 1
5 8 19 30 28 1
5 8 9 19 29 1
5 8 9 19 30 1
5 8 20 24 7 29
5 8 20 16 7 29
5 8 20 16 24 7
5 8 20 16 4 29
5 8 20 16 4 24
5 8 9 7 29 1
5 8 9 30 7 1
5 25 30 28 29 1
5 25 13 28 29 1
5 25 13 30 28 1
5 25 13 7 29 1
5 25 17 0 30 28
5 25 13 27 30 28
5 25 8 7 29 1
5 25 8 30 29 1
5 25 8 30 7 1
5 25 30 7 2 1
5 25 13 10 7 29
5 25 8 30 28 29
5 25 8 17 28 29
5 25 8 17 30 28
5 25 13 27 28 29
5 25 0 30 28 23
5 25 27 30 28 23
5 25 27 0 28 23
5 25 27 0 30 23
5 25 24 7 2 1
5 25 4 30 7 2
5 25 0 4 30 2
5 25 17 0 4 30
5 25 10 24 7 29
5 25 13 27 10 29
5 25 27 10 28 29
5 25 17 10 28 29
5 25 27 0 10 28
5 25 17 0 10 28
5 25 8 17 4 29
5 25 8 4 30 7
5 25 8 17 4 30
5 25 4 24 7 2
5 25 8 24 7 29
5 25 8 4 24 7
5 25 17 10 24 2
5 25 17 0 10 2
5 25 17 4 24 2
5 25 17 0 4 2
5 25 20 17 4 29
5 25 20 17 4 24
5 25 20 10 24 29
5 25 20 17 10 29
5 25 20 17 10 24
5 25 8 20 24 29
5 25 8 20 4 29
5 25 8 20 4 24
5 32 11 17 31 29
5 32 17 16 31 29
5 32 11 6 31 29
5 32 17 10 28 29
5 32 11 10 28 29
5 32 11 17 10 29
5 32 16 6 31 29
5 32 8 17 28 29
5 32 8 17 16 29
5 32 17 16 3 31
5 32 6 28 29 23
5 32 11 28 29 23
5 32 11 6 29 23
5 32 17 10 3 31
5 32 11 10 3 31
5 32 11 17 10 31
5 32 8 6 28 29
5 32 8 16 6 29
5 32 16 3 6 31
5 32 8 18 17 28
5 32 8 18 17 16
5 32 18 17 3 28
5 32 18 17 16 3
5 32 3 6 31 23
5 32 11 6 31 23
5 32 11 3 31 23
5 32 17 10 28 23
5 32 11 10 28 23
5 32 11 10 3 23
5 32 5 6 28 23
5 32 5 3 28 23
5 32 5 3 6 23
5 32 0 3 28 23
5 32 17 0 28 23
5 32 17 0 3 28
5 32 0 10 3 23
5 32 17 0 10 23
5 32 17 0 10 3
5 32 8 5 6 28
5 32 5 16 3 6
5 32 8 5 16 6
5 32 18 5 3 28
5 32 8 18 5 28
5 32 18 5 16 3
5 32 8 18 5 16
5 26 11 10 31 29
5 26 20 10 31 29
5 26 20 10 7 29
5 26 11 6 31 29
5 26 20 16 31 29
5 26 20 21 16 31
5 26 5 31 12 23
5 26 11 5 31 23
5 26 21 5 31 12
5 26 21 5 6 12
5 26 21 5 6 31
5 26 11 5 6 31
5 26 16 6 31 29
5 26 21 16 6 31
5 26 21 16 7 29
5 26 20 16 7 29
5 26 20 21 16 7
5 26 5 6 12 23
5 26 11 6 12 23
5 26 11 5 6 23
5 26 6 12 29 14
5 26 27 6 12 14
5 26 11 27 6 12
5 26 11 27 10 29
5 26 27 7 29 14
5 26 27 10 7 14
5 26 27 10 7 29
5 26 9 16 6 29
5 26 21 9 16 29
5 26 21 9 16 6
5 26 27 6 29 14
5 26 11 27 6 29
5 26 21 12 7 14
5 26 9 6 12 29
5 26 9 7 29 14
5 26 9 12 29 14
5 26 9 12 7 14
5 26 21 9 7 29
5 26 9 6 22 12
5 26 21 6 22 12
5 26 21 9 6 22
5 26 9 22 12 7
5 26 21 22 12 7
5 26 21 9 22 7
