330
5 3 9 0 29 10
5 25 28 10 15 22
5 25 3 28 10 15
5 25 28 10 24 22
5 25 3 0 29 24
5 25 3 0 29 10
5 27 9 29 1 30
5 27 3 9 29 15
5 11 28 10 24 22
5 11 25 28 10 24
5 11 25 0 10 24
5 11 25 0 28 24
5 11 25 3 28 10
5 11 25 3 0 10
5 11 25 3 0 28
5 11 3 28 10 15
5 18 25 10 15 22
5 18 25 29 10 22
5 18 25 3 10 15
5 18 25 3 29 10
5 18 27 9 29 1
5 18 27 9 29 15
5 18 29 1 24 22
5 18 25 29 24 22
5 18 17 29 1 24
5 18 17 25 29 24
5 18 17 27 29 1
5 5 11 3 28 15
5 5 9 0 2 30
5 5 11 9 0 2
5 16 5 3 28 15
5 16 0 28 4 24
5 16 25 0 28 24
5 16 25 3 0 24
5 16 25 3 0 28
5 16 11 3 0 28
5 16 5 11 0 28
5 16 5 11 3 28
5 16 5 11 3 0
5 16 29 4 24 30
5 16 3 0 29 30
5 16 3 0 29 24
5 8 18 1 24 22
5 8 18 17 1 24
5 19 8 17 13 4
5 19 16 17 13 4
5 19 8 4 1 24
5 19 8 17 1 24
5 19 8 17 4 24
5 19 16 29 4 30
5 19 17 27 29 1
5 19 17 29 1 24
5 19 16 29 4 24
5 19 16 17 4 24
5 19 16 17 29 24
5 19 29 4 24 30
5 32 17 27 29 13
5 32 17 25 29 24
5 32 18 17 27 13
5 32 18 17 25 29
5 32 18 17 27 29
5 32 25 3 29 24
5 32 18 25 3 29
5 32 18 27 13 15
5 32 16 3 29 24
5 32 18 25 3 15
5 32 27 3 29 15
5 32 18 3 29 15
5 32 18 27 29 15
5 12 5 11 28 15
5 12 5 11 28 2
5 12 5 11 9 2
5 12 11 28 10 15
5 12 11 28 2 22
5 12 26 28 2 22
5 12 9 20 2 22
5 12 9 20 2 15
5 12 28 10 15 22
5 12 5 26 28 15
5 12 5 26 28 2
5 12 5 11 9 0
5 12 11 3 10 15
5 12 11 28 10 22
5 12 9 2 10 22
5 12 11 2 10 22
5 12 11 9 2 10
5 12 26 20 2 22
5 12 26 20 2 15
5 12 20 28 15 22
5 12 26 20 28 22
5 12 26 20 28 15
5 12 18 20 15 22
5 12 18 9 20 22
5 12 18 9 20 15
5 12 18 10 15 22
5 12 18 9 10 22
5 12 5 11 3 15
5 12 5 11 3 0
5 12 18 3 10 15
5 12 3 9 0 10
5 12 11 9 0 10
5 12 11 3 0 10
5 12 16 5 3 15
5 12 16 5 3 0
5 12 3 9 29 15
5 12 18 9 29 15
5 12 18 3 29 15
5 12 3 9 29 10
5 12 18 9 29 10
5 12 18 3 29 10
5 6 5 11 0 28
5 6 16 0 28 4
5 6 16 5 0 28
5 6 5 11 28 2
5 6 5 11 0 2
5 6 16 5 0 30
5 6 5 26 28 2
5 6 5 0 2 30
5 6 5 26 20 2
5 23 5 26 28 15
5 23 8 18 13 15
5 23 8 18 20 15
5 23 26 20 2 15
5 23 5 26 20 2
5 23 18 27 13 15
5 23 8 18 17 13
5 23 6 5 26 20
5 23 9 20 2 15
5 23 12 26 2 15
5 23 12 5 26 15
5 23 12 5 26 2
5 23 18 9 20 15
5 23 18 27 9 15
5 23 18 17 27 13
5 23 19 8 17 13
5 23 8 18 20 1
5 23 8 18 17 1
5 23 19 17 27 13
5 23 12 9 2 15
5 23 12 5 9 15
5 23 12 5 9 2
5 23 18 27 9 1
5 23 18 17 27 1
5 23 19 8 13 4
5 14 26 20 28 15
5 14 20 28 15 22
5 14 23 26 28 15
5 14 23 26 20 15
5 14 23 8 20 15
5 14 18 20 15 22
5 14 8 18 20 15
5 14 18 20 1 22
5 14 8 18 1 22
5 14 8 18 20 1
5 14 6 26 20 4
5 14 23 6 26 20
5 14 8 1 24 22
5 14 19 8 4 1
5 21 16 3 28 15
5 21 32 16 3 15
5 21 25 3 28 15
5 21 32 25 3 15
5 21 16 25 3 28
5 21 32 27 13 15
5 21 32 16 27 15
5 21 32 16 27 13
5 21 16 25 3 24
5 21 32 25 3 24
5 21 32 16 3 24
5 21 32 18 13 15
5 21 32 18 25 15
5 21 23 8 13 15
5 21 23 27 13 15
5 21 23 16 27 15
5 21 16 5 28 15
5 21 23 5 28 15
5 21 23 16 5 15
5 21 16 25 28 24
5 21 25 28 15 22
5 21 18 25 15 22
5 21 32 18 17 13
5 21 32 18 17 25
5 21 14 23 28 15
5 21 14 23 8 15
5 21 8 18 13 15
5 21 14 28 15 22
5 21 32 17 25 24
5 21 23 16 13 4
5 21 23 8 13 4
5 21 23 16 5 4
5 21 6 16 28 4
5 21 6 16 5 4
5 21 6 16 5 28
5 21 16 17 4 24
5 21 8 17 4 24
5 21 16 17 13 4
5 21 8 17 13 4
5 21 16 17 29 24
5 21 32 17 29 24
5 21 32 16 29 24
5 21 16 17 29 13
5 21 32 17 29 13
5 21 32 16 29 13
5 21 25 28 24 22
5 21 14 28 24 22
5 21 14 8 24 22
5 21 16 28 4 24
5 21 14 28 4 24
5 21 14 8 4 24
5 21 14 18 15 22
5 21 14 8 18 22
5 21 14 8 18 15
5 21 8 18 17 13
5 21 18 17 25 24
5 21 8 18 17 24
5 21 23 5 26 28
5 21 14 23 26 28
5 21 23 6 5 4
5 21 18 25 24 22
5 21 8 18 24 22
5 21 6 5 26 28
5 21 23 6 5 26
5 21 14 23 6 26
5 21 14 23 8 4
5 21 14 23 6 4
5 21 6 26 28 4
5 21 14 26 28 4
5 21 14 6 26 4
5 31 19 16 29 30
5 31 23 16 27 15
5 31 19 16 4 30
5 31 23 19 27 13
5 31 27 29 1 30
5 31 19 29 1 30
5 31 19 27 29 1
5 31 19 17 27 29
5 31 19 16 17 29
5 31 23 27 9 15
5 31 23 16 5 15
5 31 27 9 1 30
5 31 23 16 5 4
5 31 19 16 13 4
5 31 23 16 13 4
5 31 23 19 13 4
5 31 19 17 27 13
5 31 19 16 17 13
5 31 21 16 27 13
5 31 21 23 27 13
5 31 21 23 16 13
5 31 21 23 16 27
5 31 32 27 3 29
5 31 16 3 29 30
5 31 32 16 3 29
5 31 32 27 29 13
5 31 32 16 29 13
5 31 32 16 27 13
5 31 17 27 29 13
5 31 16 17 29 13
5 31 27 3 9 15
5 31 32 27 3 15
5 31 32 16 3 15
5 31 32 16 27 15
5 31 23 5 9 30
5 31 23 5 9 15
5 31 6 16 4 30
5 31 6 16 5 30
5 31 6 16 5 4
5 31 6 19 4 30
5 31 23 6 5 4
5 31 23 6 19 4
5 31 27 9 29 30
5 31 27 3 9 29
5 31 16 3 0 30
5 31 12 3 9 15
5 31 12 16 3 15
5 31 5 9 0 30
5 31 16 5 0 30
5 31 12 5 9 15
5 31 12 16 5 15
5 31 9 0 29 30
5 31 3 0 29 30
5 31 3 9 0 29
5 31 12 3 9 0
5 31 12 16 3 0
5 31 12 5 9 0
5 31 12 16 5 0
5 7 18 9 20 1
5 7 23 18 20 1
5 7 23 18 9 1
5 7 23 18 9 20
5 7 9 20 2 1
5 7 23 8 20 1
5 7 23 9 20 2
5 7 14 8 20 1
5 7 14 19 8 1
5 7 19 8 17 1
5 7 23 8 17 1
5 7 23 19 8 17
5 7 14 23 8 20
5 7 31 9 1 30
5 7 31 23 9 30
5 7 31 19 1 30
5 7 19 17 27 1
5 7 23 17 27 1
5 7 23 19 17 27
5 7 14 23 6 20
5 7 23 19 8 4
5 7 14 19 8 4
5 7 14 23 8 4
5 7 23 27 9 1
5 7 31 27 9 1
5 7 31 23 27 9
5 7 31 23 5 30
5 7 31 19 27 1
5 7 31 23 19 27
5 7 5 9 2 30
5 7 23 5 9 30
5 7 23 5 9 2
5 7 6 5 20 2
5 7 23 5 20 2
5 7 23 6 5 20
5 7 6 19 4 30
5 7 14 6 20 4
5 7 23 6 19 4
5 7 14 23 6 4
5 7 31 6 5 30
5 7 31 6 19 30
5 7 31 23 6 5
5 7 31 23 6 19
5 7 6 5 2 30
