105
5 12 10 4 8 14
5 12 10 15 4 14
5 11 5 8 14 16
5 11 12 10 8 14
5 18 12 15 4 14
5 18 6 15 4 14
5 2 18 12 3 15
5 2 11 12 10 8
5 2 11 10 8 16
5 17 18 5 7 14
5 17 6 5 7 14
5 17 18 6 7 14
5 0 18 6 15 4
5 0 18 12 15 4
5 0 18 12 3 15
5 0 12 10 15 4
5 0 2 12 10 4
5 0 2 12 3 15
5 0 2 12 10 15
5 0 2 10 4 16
5 0 2 3 15 16
5 0 2 10 15 16
5 13 18 6 15 14
5 13 17 18 6 14
5 13 6 15 4 14
5 13 0 18 6 15
5 13 10 15 4 14
5 13 6 5 4 14
5 13 17 6 5 14
5 13 0 6 15 4
5 13 0 18 3 15
5 13 0 18 6 3
5 13 10 4 14 16
5 13 5 4 14 16
5 13 17 5 14 16
5 13 6 5 4 16
5 13 17 6 5 16
5 13 0 6 4 16
5 13 0 3 15 16
5 13 0 6 3 16
5 13 0 10 4 16
5 13 0 10 15 16
5 13 0 10 15 4
5 13 2 3 15 16
5 13 17 2 3 16
5 1 17 5 8 16
5 1 17 18 5 7
5 1 2 3 8 16
5 1 17 2 3 16
5 1 18 6 3 7
5 1 17 18 6 7
5 1 17 6 5 16
5 1 17 6 5 7
5 1 13 18 6 3
5 1 13 17 18 3
5 1 13 17 18 6
5 1 13 6 3 16
5 1 13 17 3 16
5 1 13 17 6 16
5 9 13 17 18 14
5 9 13 18 15 14
5 9 13 17 14 16
5 9 11 5 8 14
5 9 18 5 8 14
5 9 17 18 5 14
5 9 13 10 15 14
5 9 11 5 14 16
5 9 17 5 14 16
5 9 11 10 14 16
5 9 13 10 14 16
5 9 11 12 8 14
5 9 18 12 8 14
5 9 18 12 15 14
5 9 11 5 8 16
5 9 17 5 8 16
5 9 1 18 5 8
5 9 1 17 5 8
5 9 1 17 18 5
5 9 12 10 15 14
5 9 11 12 10 14
5 9 13 10 15 16
5 9 2 11 8 16
5 9 13 17 2 16
5 9 13 17 18 3
5 9 13 17 2 3
5 9 2 11 12 8
5 9 2 18 12 15
5 9 1 18 3 8
5 9 1 17 18 3
5 9 2 12 10 15
5 9 2 11 12 10
5 9 2 10 15 16
5 9 2 11 10 16
5 9 13 2 15 16
5 9 2 18 3 15
5 9 13 18 3 15
5 9 13 2 3 15
5 9 1 2 8 16
5 9 1 17 8 16
5 9 1 17 2 16
5 9 18 12 3 8
5 9 2 12 3 8
5 9 2 18 12 3
5 9 1 2 3 8
5 9 1 17 2 3
