4
19
-5.12106 3.8992 2.89651 7.94249
-3.68863 1.01958 8.42788 -4.78875
-6.5081 -3.04258 -3.80138 4.40556
-7.75432 0.297747 4.03555 5.74806
3.50476 8.39729 -3.45493 6.79657
-0 1.78967 6.75325 -9.91317
-0 5.83725 8.40268 -1.28248
-0 3.75137 8.91007 -3.20374
-0 -9.57979 -7.55326 -0.944841
-0 -5.7704 -3.78096 -1.22889
-0 1.47019 -7.0151 4.05372
-0 -6.94839 -7.33316 -1.48639
2.08612 -0 -2.50228 7.56637
-1.91899 -0 1.90935 -3.37593
6.62756 -0 -2.05123 -8.21456
1.09572 -0 -0.0579683 3.18653
-8.11894 -0 -5.10535 -2.37821
-1.86077 -0 2.39161 -3.81387
1.45804 -0 7.01756 1.2487
