4
33
-7.62411 8.21759 -6.64801 6.00714
-0.34 -3.58587 9.45857 -4.2721
4.94452 -8.5559 -6.79211 7.89712
-5.92129 6.13216 -1.57908 1.87798
-4.72505 -4.52109 -5.79055 -8.28131
-0 -6.25997 -7.95143 1.59165
-0 -7.17247 -8.83186 -0.109412
-0 -9.43459 2.10027 -4.74387
-0 -0.0651174 1.48756 -6.69433
-0 -5.15876 -1.44777 9.83256
-0 9.4343 -6.27925 9.08444
-0 8.0883 -7.85826 9.15108
2.08612 -0 -2.50228 7.56637
-1.91899 -0 1.90935 -3.37593
6.62756 -0 -2.05123 -8.21456
1.09572 -0 -0.0579683 3.18653
-8.11894 -0 -5.10535 -2.37821
-1.86077 -0 2.39161 -3.81387
1.45804 -0 7.01756 1.2487
-4.36116 -6.99026 -0 -6.08178
9.10099 -6.73003 -0 -3.2791
-1.63371 2.39535 -0 -4.13019
9.91457 9.6468 -0 -0.297951
-0.142405 -4.00757 -0 0.164953
-6.23463 9.8356 -0 -6.89218
-4.29893 9.47552 -0 -0.830392
7.39962 -3.76488 -7.57622 -0
-2.81498 -1.11645 2.55574 -0
7.76812 1.99237 -8.26847 -0
-9.22491 5.98432 3.68916 -0
-9.59995 -6.88673 -3.12311 -0
-7.10541 -4.33713 -1.7518 -0
-4.99838 4.92678 0.652601 -0
