4
33
-7.87344 1.18455 3.74497 7.97156
-3.7754 -3.64735 7.58803 5.18199
-2.59202 -8.21549 4.92877 -4.02482
-2.52122 1.9255 -7.95047 2.29094
-9.94595 4.82161 3.86772 7.09729
2.37917 -1.11159 -0 -0.054904
-3.42208 3.16098 -0 -9.74468
-7.24565 6.16219 -0 -1.24745
-5.09841 6.9668 -0 1.09454
-2.98948 -2.36952 -0 -6.22381
3.63185 2.18449 -0 0.928429
-2.5988 -0.413629 -0 8.03
1.51123 -5.67615 5.65557 -0
-5.95349 3.76599 1.38637 -0
-1.37071 -1.76623 0.339919 -0
-3.91574 -2.88157 -9.6754 -0
-7.47526 -4.43337 3.90405 -0
7.41055 -1.54909 -0.312015 -0
-9.25474 -7.41252 -1.08489 -0
-0 4.85327 2.04122 6.91555
-0 9.8025 8.19525 7.14347
-0 1.93828 6.82188 0.976051
-0 0.295556 7.63463 5.67466
-0 -4.22704 2.67831 5.72641
-0 2.28625 -4.52659 -1.9089
-0 -6.8516 8.19665 -0.598236
-0.346557 -0 9.23068 8.45939
-3.53182 -0 7.49006 -7.11518
7.54367 -0 -9.97952 2.6381
4.37893 -0 9.1155 9.00678
-5.2641 -0 -2.11747 1.99335
-4.52105 -0 -9.46409 4.63853
-9.61844 -0 9.66346 1.63554
