4
26
-7.16896 -2.1441 5.52357 0.603528
1.99765 -2.55027 7.42931 1.7014
-7.78133 -4.30845 4.1333 3.78349
2.50565 7.36896 -6.53694 1.97653
3.27171 0.883513 2.64358 -0.955693
7.21818 -0 6.4215 -2.40916
0.218256 -0 0.843945 5.4191
-9.76776 -0 -2.15892 -2.54653
1.47309 -0 -2.08466 8.95171
-1.9531 -0 -9.72862 2.6969
-9.21316 -0 5.08976 -9.82535
-2.16269 -0 1.48505 -2.69024
3.84714 -2.91122 6.55639 -0
3.08342 4.69794 8.73251 -0
2.33426 3.2499 -5.57455 -0
0.166739 1.08889 2.3946 -0
-6.94108 8.05655 -7.41039 -0
7.10961 -5.87966 -1.23624 -0
4.49213 1.58883 -5.15487 -0
9.34083 3.37108 -0 8.88226
8.22821 5.82487 -0 -8.58138
-9.18351 -1.31124 -0 -8.27392
4.04469 5.91159 -0 -1.41635
-9.04455 -5.15078 -0 9.75961
9.9528 -3.06502 -0 -4.52841
-9.43422 -7.45463 -0 5.29456
