4
26
0.788649 -3.4508 9.49267 7.01768
-4.92917 3.69413 -4.66859 -3.44733
2.61943 2.98261 -1.74887 -8.19757
8.68617 -6.10751 -5.9333 -0.123151
5.17463 8.13392 -1.64004 -4.5252
-0 -9.52574 2.67962 -4.91668
-0 2.2344 7.79375 -8.98997
-0 9.90439 -4.10372 9.15187
-0 3.41145 5.39156 -0.693361
-0 2.85354 -9.46423 2.07686
-0 -0.506999 -4.81644 -3.68263
-0 8.15503 8.8586 -9.75314
7.39962 -3.76488 -7.57622 -0
-2.81498 -1.11645 2.55574 -0
7.76812 1.99237 -8.26847 -0
-9.22491 5.98432 3.68916 -0
-9.59995 -6.88673 -3.12311 -0
-7.10541 -4.33713 -1.7518 -0
-4.99838 4.92678 0.652601 -0
-1.85577 -9.31578 -0 -4.84653
0.988055 -2.05411 -0 1.18756
2.67902 6.82281 -0 -4.82053
-0.757744 0.655156 -0 7.74583
3.87599 1.28566 -0 -9.07846
-6.12591 -8.7797 -0 -9.67041
5.5903 0.898771 -0 8.95709
