4
26
5.26898 -1.24469 -9.34441 5.46519
6.74563 -8.40972 7.10814 -2.31256
5.41659 -3.725 3.5876 3.93436
2.4237 3.31014 1.74525 -8.48904
2.14911 8.85532 -1.63176 -1.9091
-0 4.04213 -1.34756 -2.40749
-0 7.51339 0.663851 7.95734
-0 -0.619743 -8.65771 -4.34033
-0 -7.56244 -1.64938 -2.08431
-0 7.41323 -6.00745 -5.11566
-0 -0.692612 -9.22402 0.6151
-0 -9.99642 -4.32602 -1.05897
-4.36116 -6.99026 -0 -6.08178
9.10099 -6.73003 -0 -3.2791
-1.63371 2.39535 -0 -4.13019
9.91457 9.6468 -0 -0.297951
-0.142405 -4.00757 -0 0.164953
-6.23463 9.8356 -0 -6.89218
-4.29893 9.47552 -0 -0.830392
9.52607 -7.40055 2.21047 -0
0.0184863 -9.28761 -3.05517 -0
1.23722 -1.05853 -9.72121 -0
-3.73759 -1.88862 7.46378 -0
-4.6239 -7.18983 -8.87884 -0
-1.52327 0.413472 2.26084 -0
5.19212 -2.13121 7.10543 -0
