4
33
0.68678 -3.69987 8.36505 8.30125
6.24752 -3.64148 8.8801 7.3889
-4.93955 4.4156 6.27358 9.00082
3.62588 6.29016 8.3474 -4.89731
-5.60882 -6.31505 -7.5064 1.70901
-5.99809 -4.97421 -0 -5.72272
9.4127 5.26267 -0 5.08712
7.48547 -6.81868 -0 1.06473
8.16003 2.67327 -0 5.82298
-7.36857 7.06212 -0 1.86377
-1.3145 0.711349 -0 -8.65128
-4.78873 -9.22803 -0 -3.06455
-0 4.04213 -1.34756 -2.40749
-0 7.51339 0.663851 7.95734
-0 -0.619743 -8.65771 -4.34033
-0 -7.56244 -1.64938 -2.08431
-0 7.41323 -6.00745 -5.11566
-0 -0.692612 -9.22402 0.6151
-0 -9.99642 -4.32602 -1.05897
5.59166 -0 -6.26026 -9.46656
0.16923 -0 -0.545297 3.68155
2.17412 -0 2.88809 4.33548
-2.90993 -0 9.27699 0.354384
1.04832 -0 9.20194 9.62381
-4.85513 -0 2.49541 -7.46794
4.13545 -0 1.49552 -7.63325
1.51123 -5.67615 5.65557 -0
-5.95349 3.76599 1.38637 -0
-1.37071 -1.76623 0.339919 -0
-3.91574 -2.88157 -9.6754 -0
-7.47526 -4.43337 3.90405 -0
7.41055 -1.54909 -0.312015 -0
-9.25474 -7.41252 -1.08489 -0
