4
26
-2.55065 8.94047 -7.4802 7.70738
5.66735 -5.72006 6.78419 4.85653
-2.91353 2.95856 -8.05281 6.17388
9.18959 2.84236 -0.339016 -5.35208
-8.519 -0.850811 -1.18396 1.24987
-0 4.85327 2.04122 6.91555
-0 9.8025 8.19525 7.14347
-0 1.93828 6.82188 0.976051
-0 0.295556 7.63463 5.67466
-0 -4.22704 2.67831 5.72641
-0 2.28625 -4.52659 -1.9089
-0 -6.8516 8.19665 -0.598236
-1.85577 -9.31578 -0 -4.84653
0.988055 -2.05411 -0 1.18756
2.67902 6.82281 -0 -4.82053
-0.757744 0.655156 -0 7.74583
3.87599 1.28566 -0 -9.07846
-6.12591 -8.7797 -0 -9.67041
5.5903 0.898771 -0 8.95709
9.52607 -7.40055 2.21047 -0
0.0184863 -9.28761 -3.05517 -0
1.23722 -1.05853 -9.72121 -0
-3.73759 -1.88862 7.46378 -0
-4.6239 -7.18983 -8.87884 -0
-1.52327 0.413472 2.26084 -0
5.19212 -2.13121 7.10543 -0
