4
33
-1.34651 2.70088 -3.84525 2.02524
-6.62792 4.31451 -8.66513 9.92692
2.68692 -8.50244 -9.47763 5.3425
-1.04119 -8.33674 -6.03155 6.89517
-4.52353 9.70119 -0.675941 -7.8139
-0 -6.25997 -7.95143 1.59165
-0 -7.17247 -8.83186 -0.109412
-0 -9.43459 2.10027 -4.74387
-0 -0.0651174 1.48756 -6.69433
-0 -5.15876 -1.44777 9.83256
-0 9.4343 -6.27925 9.08444
-0 8.0883 -7.85826 9.15108
4.58458 -0 -2.68908 -8.52478
4.12971 -0 0.733939 -3.46603
-6.88246 -0 4.94753 0.255544
-1.19035 -0 -4.26032 -1.96077
-4.04012 -0 0.500941 -6.22256
4.46092 -0 7.26535 7.33202
6.82036 -0 4.83565 1.63309
-5.99809 -4.97421 -0 -5.72272
9.4127 5.26267 -0 5.08712
7.48547 -6.81868 -0 1.06473
8.16003 2.67327 -0 5.82298
-7.36857 7.06212 -0 1.86377
-1.3145 0.711349 -0 -8.65128
-4.78873 -9.22803 -0 -3.06455
-4.83294 -6.8739 -7.1869 -0
2.44717 9.69199 6.64215 -0
1.42139 -2.96245 -1.58858 -0
-0.0269092 -0.426094 -8.3026 -0
4.87126 -1.53788 9.07628 -0
6.76062 -2.75951 -7.69042 -0
-7.79936 -5.80161 2.55249 -0
