4
33
-6.6656 8.35911 -1.82955 -6.33847
2.96351 6.82782 8.38938 1.36552
-5.58824 7.83724 -5.7932 -8.79353
-1.14534 -3.24315 -8.21385 -4.15706
-1.28689 -3.24761 5.17626 3.84181
-4.83294 -6.8739 -7.1869 -0
2.44717 9.69199 6.64215 -0
1.42139 -2.96245 -1.58858 -0
-0.0269092 -0.426094 -8.3026 -0
4.87126 -1.53788 9.07628 -0
6.76062 -2.75951 -7.69042 -0
-7.79936 -5.80161 2.55249 -0
-0 -9.52574 2.67962 -4.91668
-0 2.2344 7.79375 -8.98997
-0 9.90439 -4.10372 9.15187
-0 3.41145 5.39156 -0.693361
-0 2.85354 -9.46423 2.07686
-0 -0.506999 -4.81644 -3.68263
-0 8.15503 8.8586 -9.75314
7.21818 -0 6.4215 -2.40916
0.218256 -0 0.843945 5.4191
-9.76776 -0 -2.15892 -2.54653
1.47309 -0 -2.08466 8.95171
-1.9531 -0 -9.72862 2.6969
-9.21316 -0 5.08976 -9.82535
-2.16269 -0 1.48505 -2.69024
2.37917 -1.11159 -0 -0.054904
-3.42208 3.16098 -0 -9.74468
-7.24565 6.16219 -0 -1.24745
-5.09841 6.9668 -0 1.09454
-2.98948 -2.36952 -0 -6.22381
3.63185 2.18449 -0 0.928429
-2.5988 -0.413629 -0 8.03
