4
33
-4.87766 4.22362 -8.94938 7.27083
-7.98617 8.58474 1.52553 -3.40332
-7.25188 -1.56804 -9.00067 9.63554
8.13168 -4.52462 -6.25554 -0.163512
-5.24613 -1.00339 -8.29322 5.43862
4.58458 -0 -2.68908 -8.52478
4.12971 -0 0.733939 -3.46603
-6.88246 -0 4.94753 0.255544
-1.19035 -0 -4.26032 -1.96077
-4.04012 -0 0.500941 -6.22256
4.46092 -0 7.26535 7.33202
6.82036 -0 4.83565 1.63309
-0 1.78967 6.75325 -9.91317
-0 5.83725 8.40268 -1.28248
-0 3.75137 8.91007 -3.20374
-0 -9.57979 -7.55326 -0.944841
-0 -5.7704 -3.78096 -1.22889
-0 1.47019 -7.0151 4.05372
-0 -6.94839 -7.33316 -1.48639
-1.63588 6.59795 -0 -7.23875
-3.07697 -9.43973 -0 6.45282
-6.57227 -9.48418 -0 -4.52892
-6.16944 -3.38177 -0 -8.65175
9.17988 6.57925 -0 -5.24899
-7.26759 -5.81811 -0 9.72221
-6.91437 3.60521 -0 7.09666
3.84714 -2.91122 6.55639 -0
3.08342 4.69794 8.73251 -0
2.33426 3.2499 -5.57455 -0
0.166739 1.08889 2.3946 -0
-6.94108 8.05655 -7.41039 -0
7.10961 -5.87966 -1.23624 -0
4.49213 1.58883 -5.15487 -0
