4
26
-0.108988 9.86787 3.36143 -6.72017
7.41298 3.44625 -7.38641 6.10331
5.43913 4.87985 2.00906 -5.9001
3.07911 -8.12199 -0.238232 -6.83806
-1.21502 6.81994 -8.02792 8.26008
-0.346557 -0 9.23068 8.45939
-3.53182 -0 7.49006 -7.11518
7.54367 -0 -9.97952 2.6381
4.37893 -0 9.1155 9.00678
-5.2641 -0 -2.11747 1.99335
-4.52105 -0 -9.46409 4.63853
-9.61844 -0 9.66346 1.63554
9.34083 3.37108 -0 8.88226
8.22821 5.82487 -0 -8.58138
-9.18351 -1.31124 -0 -8.27392
4.04469 5.91159 -0 -1.41635
-9.04455 -5.15078 -0 9.75961
9.9528 -3.06502 -0 -4.52841
-9.43422 -7.45463 -0 5.29456
4.84753 6.98252 3.25736 -0
5.41851 2.06901 -3.97947 -0
9.68127 3.43853 -4.7098 -0
0.0848298 8.48744 7.25309 -0
3.11292 -4.89215 -6.53035 -0
-5.4906 5.03985 -0.0635161 -0
2.14318 7.60991 7.54106 -0
