4
26
-4.64538 -1.6324 1.91599 -1.28399
7.02921 1.82546 -9.73318 -7.05851
-2.31919 6.28243 2.7662 5.84288
9.28825 9.59503 5.62232 -8.17444
8.39036 0.069924 -9.42123 3.58554
5.59166 -0 -6.26026 -9.46656
0.16923 -0 -0.545297 3.68155
2.17412 -0 2.88809 4.33548
-2.90993 -0 9.27699 0.354384
1.04832 -0 9.20194 9.62381
-4.85513 -0 2.49541 -7.46794
4.13545 -0 1.49552 -7.63325
-1.63588 6.59795 -0 -7.23875
-3.07697 -9.43973 -0 6.45282
-6.57227 -9.48418 -0 -4.52892
-6.16944 -3.38177 -0 -8.65175
9.17988 6.57925 -0 -5.24899
-7.26759 -5.81811 -0 9.72221
-6.91437 3.60521 -0 7.09666
4.84753 6.98252 3.25736 -0
5.41851 2.06901 -3.97947 -0
9.68127 3.43853 -4.7098 -0
0.0848298 8.48744 7.25309 -0
3.11292 -4.89215 -6.53035 -0
-5.4906 5.03985 -0.0635161 -0
2.14318 7.60991 7.54106 -0
