334
5 7 25 24 6 29
5 7 15 25 6 29
5 19 5 25 24 29
5 28 19 15 25 29
5 12 5 25 24 29
5 12 7 25 24 29
5 12 7 5 24 29
5 12 19 5 25 29
5 12 7 25 24 6
5 12 23 25 24 6
5 8 19 5 24 2
5 14 7 5 24 29
5 14 7 24 6 29
5 14 7 15 6 29
5 14 12 7 5 29
5 14 7 15 25 29
5 14 12 7 25 29
5 14 12 7 15 25
5 18 25 24 6 29
5 18 28 24 6 29
5 18 19 25 24 29
5 18 28 19 25 29
5 18 19 24 2 29
5 18 28 24 2 29
5 18 28 19 2 29
5 18 8 19 24 2
5 18 8 19 25 24
5 1 23 13 24 6
5 1 18 28 24 2
5 1 18 8 24 2
5 1 18 8 28 2
5 1 8 23 25 24
5 27 15 25 6 29
5 27 28 15 6 29
5 27 28 15 25 29
5 27 18 25 6 29
5 27 18 28 6 29
5 27 18 28 25 29
5 27 8 28 15 25
5 27 18 25 24 6
5 27 18 28 24 6
5 27 1 18 28 24
5 27 18 8 28 25
5 27 1 18 8 28
5 27 23 25 24 6
5 27 1 23 24 6
5 27 1 23 25 24
5 27 18 8 25 24
5 27 1 8 25 24
5 27 1 18 8 24
5 4 7 13 5 24
5 4 12 7 5 24
5 4 7 13 24 6
5 4 23 13 24 6
5 4 12 5 25 24
5 4 12 23 25 24
5 4 12 7 24 6
5 4 12 23 24 6
5 4 8 23 25 24
5 4 8 23 5 24
5 4 19 5 25 24
5 4 8 19 25 24
5 4 8 19 5 24
5 4 8 19 5 25
5 20 7 15 25 6
5 20 12 7 25 6
5 20 12 7 15 25
5 20 27 15 25 6
5 20 27 1 23 6
5 9 8 28 15 25
5 9 8 19 5 2
5 9 18 28 19 2
5 9 18 8 19 2
5 9 18 8 28 2
5 9 18 8 28 25
5 9 4 8 5 3
5 26 28 19 2 29
5 26 12 19 5 29
5 26 14 12 5 29
5 26 9 28 19 2
5 26 12 19 25 29
5 26 14 12 25 29
5 26 9 19 5 2
5 26 19 15 25 29
5 21 9 28 19 15
5 21 26 9 28 19
5 17 14 7 13 6
5 17 14 7 15 6
5 17 20 7 13 6
5 17 20 7 15 6
5 17 20 12 7 15
5 17 14 12 7 15
5 32 1 8 28 2
5 32 9 8 28 2
5 32 4 8 23 3
5 32 9 8 28 15
5 32 21 9 15 3
5 30 4 7 13 5
5 30 4 12 7 5
5 30 17 20 12 15
5 30 17 20 7 13
5 30 17 20 12 7
5 30 4 23 13 6
5 30 4 7 13 6
5 30 20 7 13 6
5 30 4 12 7 6
5 30 20 12 7 6
5 30 4 12 23 6
5 31 27 1 8 25
5 31 27 8 15 25
5 31 32 8 15 25
5 31 20 27 15 25
5 31 27 1 8 28
5 31 32 1 8 28
5 31 1 23 13 3
5 31 32 1 13 3
5 31 32 1 23 3
5 31 27 8 28 15
5 31 32 8 28 15
5 31 32 17 20 15
5 31 1 23 13 6
5 31 30 23 13 6
5 31 30 20 13 6
5 31 20 1 23 6
5 31 30 20 23 6
5 31 32 17 13 3
5 31 20 27 15 6
5 31 17 27 15 6
5 31 17 20 15 6
5 31 20 27 1 6
5 31 17 20 13 6
5 11 14 7 13 5
5 11 17 14 7 13
5 11 26 14 12 5
5 11 14 12 7 5
5 11 17 14 12 7
5 11 30 7 13 5
5 11 30 12 7 5
5 11 30 17 7 13
5 11 30 17 12 7
5 22 26 12 19 5
5 22 12 19 5 25
5 22 8 19 5 25
5 22 9 8 19 5
5 22 26 9 19 5
5 22 4 12 5 25
5 22 4 8 5 25
5 22 9 4 8 5
5 22 26 12 19 25
5 22 4 8 23 25
5 22 18 8 19 25
5 22 9 18 8 25
5 22 9 18 8 19
5 22 9 4 5 3
5 22 9 4 8 3
5 22 11 26 12 5
5 22 21 26 9 19
5 22 18 28 19 25
5 22 9 18 28 25
5 22 9 18 28 19
5 22 20 12 15 25
5 22 9 8 15 25
5 22 21 9 15 3
5 22 21 9 19 15
5 22 26 19 15 25
5 22 21 26 19 15
5 22 26 12 15 25
5 22 28 19 15 25
5 22 9 28 15 25
5 22 9 28 19 15
5 22 30 20 12 15
5 22 32 8 15 25
5 22 32 9 8 15
5 22 11 17 21 12
5 22 31 20 15 25
5 22 31 32 15 25
5 22 31 32 20 15
5 22 31 32 8 25
5 22 32 9 15 3
5 22 30 17 12 15
5 10 11 26 14 12
5 10 26 28 19 29
5 10 21 26 28 19
5 10 11 17 14 13
5 10 11 17 14 12
5 10 11 17 21 12
5 10 22 11 26 12
5 10 22 11 21 12
5 10 22 11 21 26
5 10 28 15 6 29
5 10 14 15 6 29
5 10 28 19 15 29
5 10 21 28 19 15
5 10 26 19 15 29
5 10 21 26 19 15
5 10 14 15 25 29
5 10 26 15 25 29
5 10 26 14 25 29
5 10 17 14 13 6
5 10 14 12 15 25
5 10 26 12 15 25
5 10 26 14 12 25
5 10 17 14 12 15
5 10 22 26 12 15
5 10 22 21 26 15
5 10 27 28 15 6
5 10 17 14 15 6
5 10 22 17 12 15
5 10 22 17 21 15
5 10 22 17 21 12
5 10 17 27 15 6
5 10 31 27 28 15
5 10 31 17 13 6
5 10 31 17 27 6
5 10 32 17 13 3
5 10 31 17 27 15
5 10 31 32 28 15
5 10 31 32 17 13
5 10 32 21 15 3
5 10 32 17 15 3
5 10 31 32 17 15
5 10 21 9 28 15
5 10 32 9 28 15
5 10 32 21 9 15
5 10 32 21 9 28
5 0 26 9 5 3
5 0 22 9 5 3
5 0 22 26 9 5
5 0 11 26 5 3
5 0 22 11 26 5
5 0 21 26 9 3
5 0 22 21 9 3
5 0 22 21 26 9
5 0 11 21 26 3
5 0 22 11 21 26
5 0 11 30 13 5
5 0 22 4 5 3
5 0 11 30 12 5
5 0 22 11 12 5
5 0 22 11 17 21
5 0 30 4 13 5
5 0 11 30 17 13
5 0 22 30 17 15
5 0 11 30 17 12
5 0 22 30 17 12
5 0 22 11 17 12
5 0 22 21 15 3
5 0 22 17 21 15
5 0 4 23 13 3
5 0 30 17 20 13
5 0 30 17 20 15
5 0 10 17 13 3
5 0 10 11 21 13
5 0 10 11 17 13
5 0 10 11 17 21
5 0 10 21 15 3
5 0 10 17 15 3
5 0 10 17 21 15
5 0 31 23 13 3
5 0 31 17 13 3
5 0 31 17 20 13
5 0 31 30 20 13
5 0 32 17 15 3
5 0 32 17 20 15
5 0 31 32 17 3
5 0 31 32 17 20
5 16 0 22 30 12
5 16 30 4 12 23
5 16 30 4 12 5
5 16 0 30 12 5
5 16 0 30 4 5
5 16 22 4 12 5
5 16 0 22 12 5
5 16 0 22 4 5
5 16 4 12 23 25
5 16 22 4 23 25
5 16 22 4 12 25
5 16 22 30 20 12
5 16 0 22 4 3
5 16 22 20 12 25
5 16 30 12 23 6
5 16 30 20 23 6
5 16 30 20 12 6
5 16 32 4 8 23
5 16 22 4 8 23
5 16 32 4 23 3
5 16 0 4 23 3
5 16 30 4 23 13
5 16 0 4 23 13
5 16 0 30 4 13
5 16 32 4 8 3
5 16 22 4 8 3
5 16 22 32 15 3
5 16 0 32 15 3
5 16 0 22 15 3
5 16 0 31 32 20
5 16 0 31 30 20
5 16 22 32 20 15
5 16 0 32 20 15
5 16 22 30 20 15
5 16 0 30 20 15
5 16 0 22 30 15
5 16 12 23 25 6
5 16 20 12 25 6
5 16 22 8 23 25
5 16 31 30 20 23
5 16 22 31 32 20
5 16 22 31 32 8
5 16 31 32 23 3
5 16 0 31 23 3
5 16 0 31 32 3
5 16 31 30 23 13
5 16 0 31 23 13
5 16 0 31 30 13
5 16 32 9 8 3
5 16 22 9 8 3
5 16 22 32 9 3
5 16 22 32 9 8
5 16 27 23 25 6
5 16 20 27 25 6
5 16 20 27 23 6
5 16 22 31 8 25
5 16 22 31 20 25
5 16 32 1 8 23
5 16 31 32 1 23
5 16 31 32 1 8
5 16 27 1 23 25
5 16 20 27 1 23
5 16 1 8 23 25
5 16 31 1 8 25
5 16 31 20 1 23
5 16 31 27 1 25
5 16 31 20 27 25
5 16 31 20 27 1
