213
5 18 1 15 16 17
5 18 1 22 16 2
5 18 1 15 16 2
5 8 10 24 3 5
5 8 20 24 3 5
5 19 8 20 24 5
5 21 15 24 3 16
5 21 8 20 24 3
5 21 8 24 13 5
5 21 14 24 13 5
5 21 19 8 20 13
5 21 19 8 20 24
5 21 19 8 24 5
5 21 14 19 24 5
5 21 14 19 8 5
5 0 18 22 16 2
5 0 14 15 24 2
5 0 21 14 19 24
5 0 14 19 22 5
5 0 14 19 24 5
5 0 21 15 24 16
5 0 21 14 15 24
5 0 21 19 20 24
5 0 21 24 3 16
5 0 21 20 3 16
5 0 21 20 24 3
5 0 21 19 20 13
5 0 21 14 19 13
5 7 15 3 16 17
5 7 18 3 16 17
5 7 18 15 16 17
5 7 18 15 3 16
5 25 0 18 22 16
5 25 19 8 20 13
5 25 18 1 22 16
5 25 7 18 10 17
5 25 18 1 16 17
5 25 18 20 3 16
5 25 0 20 3 16
5 25 8 20 10 3
5 25 7 10 3 17
5 25 7 20 10 3
5 25 7 18 3 17
5 25 7 18 20 3
5 25 18 3 16 17
5 25 8 10 3 5
5 25 0 20 24 3
5 25 0 19 20 24
5 25 8 20 3 5
5 25 19 8 20 5
5 25 20 24 3 5
5 25 19 20 24 5
5 12 4 1 15 2
5 12 4 1 10 17
5 12 18 1 15 17
5 12 7 18 15 17
5 23 21 15 24 3
5 23 7 20 10 3
5 23 21 14 24 13
5 23 21 14 15 24
5 23 12 15 13 2
5 23 8 20 10 3
5 23 21 8 20 3
5 23 21 8 20 13
5 23 8 10 24 3
5 23 21 8 24 3
5 23 14 15 13 2
5 23 14 15 24 2
5 23 12 4 13 2
5 23 21 8 24 13
5 23 12 4 15 2
5 23 14 4 24 2
5 23 8 24 13 5
5 23 8 10 24 5
5 23 4 10 24 5
5 6 0 19 22 13
5 6 25 19 22 13
5 6 25 0 19 22
5 6 25 0 18 22
5 6 0 19 20 13
5 6 25 19 20 13
5 6 25 0 19 20
5 6 0 22 13 2
5 6 0 18 22 2
5 6 18 1 22 2
5 6 0 21 20 13
5 6 25 18 20 16
5 6 25 0 20 16
5 6 25 0 18 16
5 6 12 15 13 2
5 6 14 15 13 2
5 6 0 14 13 2
5 6 0 14 15 2
5 6 18 15 16 2
5 6 0 15 16 2
5 6 0 18 16 2
5 6 0 21 20 16
5 6 18 1 15 2
5 6 12 1 15 2
5 6 12 18 1 15
5 6 23 12 15 13
5 6 0 21 14 13
5 6 0 21 14 15
5 6 0 21 15 16
5 6 23 7 20 13
5 6 12 7 18 15
5 6 23 12 7 15
5 6 23 14 15 13
5 6 23 21 14 13
5 6 23 21 14 15
5 6 18 20 3 16
5 6 18 15 3 16
5 6 21 20 3 16
5 6 21 15 3 16
5 6 23 21 20 13
5 6 7 18 20 3
5 6 23 7 20 3
5 6 7 18 15 3
5 6 23 7 15 3
5 6 23 21 20 3
5 6 23 21 15 3
5 9 25 8 20 13
5 9 25 8 20 10
5 9 25 8 10 5
5 9 23 4 10 5
5 9 23 8 13 5
5 9 23 8 10 5
5 9 23 12 4 13
5 9 23 12 4 10
5 9 25 4 1 10
5 9 12 4 1 10
5 9 23 8 20 13
5 9 23 8 20 10
5 9 6 25 20 13
5 9 25 19 8 13
5 9 23 12 7 10
5 9 23 7 20 13
5 9 23 7 20 10
5 9 6 7 20 13
5 9 25 7 20 10
5 9 25 19 22 13
5 9 6 23 7 13
5 9 6 23 12 13
5 9 6 23 12 7
5 9 6 25 22 13
5 9 6 25 18 22
5 9 25 7 18 10
5 9 6 12 18 1
5 9 6 12 7 18
5 9 25 1 10 17
5 9 25 18 10 17
5 9 25 18 1 17
5 9 12 1 10 17
5 9 12 18 1 17
5 9 25 4 1 22
5 9 25 18 1 22
5 9 12 4 13 2
5 9 12 4 1 2
5 9 25 7 18 20
5 9 6 7 18 20
5 9 6 25 18 20
5 9 6 18 1 22
5 9 6 12 13 2
5 9 6 12 1 2
5 9 7 18 10 17
5 9 12 7 10 17
5 9 12 7 18 17
5 9 4 1 22 2
5 9 6 22 13 2
5 9 6 1 22 2
5 11 9 8 13 5
5 11 9 19 8 13
5 11 14 19 8 5
5 11 25 19 8 5
5 11 9 25 8 5
5 11 9 25 19 8
5 11 21 8 13 5
5 11 21 14 13 5
5 11 21 14 8 5
5 11 21 19 8 13
5 11 21 14 19 13
5 11 21 14 19 8
5 11 14 19 22 5
5 11 9 19 22 13
5 11 25 19 22 5
5 11 9 25 19 22
5 11 14 24 13 5
5 11 9 23 13 5
5 11 9 23 4 5
5 11 9 23 4 13
5 11 0 19 22 13
5 11 0 14 19 13
5 11 0 14 19 22
5 11 9 25 4 22
5 11 23 24 13 5
5 11 23 4 24 5
5 11 14 24 2 5
5 11 14 4 24 2
5 11 23 14 24 13
5 11 23 14 4 24
5 11 9 22 13 2
5 11 9 4 13 2
5 11 9 4 22 2
5 11 0 22 13 2
5 11 0 14 13 2
5 11 0 14 22 2
5 11 25 4 10 5
5 11 9 4 10 5
5 11 9 25 10 5
5 11 9 25 4 10
5 11 23 4 13 2
5 11 23 14 13 2
5 11 23 14 4 2
