208
5 10 15 0 11 13
5 10 21 25 0 8
5 24 22 15 20 2
5 24 25 15 1 2
5 24 25 15 20 2
5 24 10 25 15 20
5 24 5 22 1 2
5 24 5 22 17 2
5 14 18 5 6 17
5 14 18 5 22 17
5 19 18 6 17 20
5 19 14 18 6 17
5 19 18 6 20 13
5 19 10 6 20 13
5 19 10 18 20 13
5 19 10 18 0 13
5 19 10 21 0 8
5 19 21 6 0 11
5 19 10 21 0 11
5 19 6 0 11 13
5 19 10 0 11 13
5 19 10 6 11 13
5 9 5 22 17 20
5 9 18 22 17 20
5 9 18 5 22 17
5 9 5 6 17 20
5 9 18 6 17 20
5 9 18 5 6 17
5 9 5 22 20 2
5 9 5 6 20 2
5 9 18 6 20 13
5 9 15 20 11 2
5 9 22 15 20 2
5 9 10 18 20 13
5 9 10 6 11 13
5 9 10 6 20 13
5 9 10 6 20 11
5 9 14 5 6 13
5 9 14 18 6 13
5 9 14 18 5 13
5 9 14 18 5 6
5 9 10 15 20 11
5 9 10 15 11 13
5 16 19 18 17 20
5 16 19 10 18 20
5 16 24 17 1 2
5 16 24 25 1 2
5 16 24 25 20 2
5 16 25 0 17 8
5 16 18 25 0 17
5 16 10 25 0 8
5 16 10 18 25 0
5 16 17 1 8 2
5 16 25 1 8 2
5 16 25 17 1 8
5 16 24 22 20 2
5 16 24 22 17 2
5 16 19 6 17 20
5 16 10 21 25 8
5 16 19 10 21 8
5 16 21 25 8 2
5 16 5 22 20 2
5 16 5 22 17 2
5 16 5 22 17 20
5 16 5 17 8 2
5 16 5 6 8 2
5 16 5 6 20 2
5 16 5 6 17 20
5 23 10 18 25 0
5 23 16 24 25 1
5 23 25 15 0 1
5 23 24 25 15 1
5 23 16 18 17 20
5 23 16 10 18 25
5 23 10 25 15 0
5 23 24 10 25 15
5 23 14 18 22 17
5 23 18 22 17 20
5 23 16 22 17 20
5 23 16 24 22 20
5 23 16 24 22 17
5 23 16 10 18 20
5 23 24 10 25 20
5 23 16 10 25 20
5 23 16 24 25 20
5 23 10 18 0 13
5 4 14 0 17 8
5 4 14 18 0 17
5 4 16 0 17 8
5 4 16 18 0 17
5 4 19 14 18 17
5 4 14 18 0 13
5 4 16 19 18 17
5 4 16 10 0 8
5 4 16 10 18 0
5 4 19 14 6 17
5 4 19 18 0 13
5 4 16 19 6 8
5 4 16 19 6 17
5 4 16 19 10 8
5 4 16 19 10 18
5 4 19 10 0 8
5 4 19 10 18 0
5 4 14 5 6 17
5 4 14 18 6 13
5 4 19 18 6 13
5 4 19 14 18 6
5 4 19 6 0 13
5 4 16 5 17 8
5 4 16 5 6 8
5 4 16 5 6 17
5 4 19 21 0 8
5 4 19 21 6 8
5 4 19 21 6 0
5 3 19 10 21 11
5 3 10 21 25 11
5 3 19 21 6 11
5 3 10 6 20 11
5 3 19 10 6 11
5 3 19 10 6 20
5 3 16 19 10 20
5 3 16 19 10 21
5 3 10 15 20 11
5 3 10 25 15 11
5 3 10 25 15 20
5 3 16 10 25 20
5 3 16 10 21 25
5 3 16 19 6 20
5 3 15 20 11 2
5 3 25 15 11 2
5 3 25 15 20 2
5 3 16 25 20 2
5 3 16 21 25 2
5 3 9 20 11 2
5 3 9 6 20 2
5 3 9 6 20 11
5 3 16 6 20 2
5 3 19 21 6 8
5 3 16 19 6 8
5 3 16 19 21 8
5 3 16 6 8 2
5 3 16 21 8 2
5 7 18 25 0 17
5 7 23 18 25 0
5 7 23 25 0 1
5 7 14 18 0 17
5 7 23 14 18 17
5 7 23 14 18 0
5 7 16 18 25 17
5 7 23 16 18 17
5 7 23 16 18 25
5 7 25 17 1 8
5 7 25 0 17 8
5 7 16 25 17 1
5 7 23 16 25 1
5 7 14 0 17 8
5 7 21 25 1 8
5 7 21 25 0 8
5 7 21 25 0 1
5 7 16 24 17 1
5 7 23 16 24 1
5 7 23 16 24 17
5 7 23 5 22 1
5 7 14 5 22 17
5 7 23 14 22 17
5 7 23 14 5 22
5 7 23 24 22 1
5 7 23 24 22 17
5 7 4 14 17 8
5 7 24 5 22 1
5 7 24 5 22 17
5 7 5 17 1 2
5 7 24 17 1 2
5 7 24 5 1 2
5 7 24 5 17 2
5 12 14 18 5 22
5 12 23 14 5 22
5 12 23 14 18 22
5 12 23 14 18 0
5 12 9 18 5 22
5 12 9 22 15 2
5 12 9 5 22 2
5 12 9 18 5 13
5 12 5 22 1 2
5 12 23 5 22 1
5 12 23 10 18 13
5 12 23 18 22 20
5 12 23 10 18 20
5 12 23 18 0 13
5 12 9 10 15 13
5 12 9 10 18 13
5 12 24 15 1 2
5 12 24 22 1 2
5 12 24 22 15 2
5 12 23 24 15 1
5 12 23 24 22 1
5 12 9 22 15 20
5 12 9 10 15 20
5 12 24 22 15 20
5 12 23 24 22 20
5 12 24 10 15 20
5 12 23 24 10 20
5 12 23 24 10 15
5 12 10 15 0 13
5 12 23 10 0 13
5 12 23 10 15 0
5 12 9 18 22 20
5 12 9 10 18 20
