210
5 8 4 15 0 6
5 7 8 4 15 6
5 7 4 15 0 6
5 17 7 4 16 0
5 12 4 15 19 5
5 13 12 18 19 11
5 9 7 4 15 5
5 9 17 7 16 3
5 9 17 7 4 16
5 9 12 18 11 3
5 24 7 4 15 5
5 24 7 8 15 6
5 24 13 16 11 3
5 25 17 4 16 0
5 25 17 8 4 0
5 25 7 4 16 0
5 25 17 8 2 0
5 25 8 4 0 6
5 25 7 4 0 6
5 25 7 8 4 6
5 25 24 7 16 6
5 25 24 7 8 6
5 25 7 4 16 5
5 25 24 7 16 5
5 25 24 7 4 5
5 25 7 8 4 15
5 25 24 7 4 15
5 25 24 7 8 15
5 25 17 8 2 11
5 10 13 12 19 11
5 10 17 8 19 11
5 10 12 17 19 11
5 10 25 17 8 11
5 10 13 12 18 19
5 10 12 4 19 5
5 10 12 17 4 5
5 10 12 15 19 5
5 10 4 15 19 5
5 10 8 4 15 19
5 10 25 17 4 5
5 10 25 17 8 4
5 10 25 24 8 15
5 10 25 8 4 15
5 10 24 4 15 5
5 10 25 24 4 5
5 10 25 24 4 15
5 14 17 16 11 3
5 14 13 16 11 3
5 14 9 17 11 3
5 14 9 17 16 3
5 14 25 17 16 11
5 14 25 13 16 11
5 14 10 25 17 11
5 14 10 25 13 11
5 14 9 12 17 5
5 14 9 12 17 11
5 14 9 17 4 5
5 14 9 17 4 16
5 14 10 12 17 11
5 14 10 13 12 11
5 14 10 25 17 5
5 14 25 4 16 5
5 14 25 17 4 5
5 14 25 17 4 16
5 14 25 24 16 5
5 14 25 24 13 16
5 14 10 12 17 5
5 14 10 13 12 5
5 1 7 4 16 5
5 1 9 7 4 5
5 1 9 7 4 16
5 1 14 4 16 5
5 1 14 9 4 5
5 1 14 9 4 16
5 1 24 7 16 5
5 1 14 24 16 5
5 1 9 7 15 5
5 1 24 7 15 5
5 1 9 7 16 3
5 1 24 7 16 3
5 1 14 9 12 5
5 1 14 9 16 3
5 1 9 12 15 5
5 1 9 7 15 3
5 1 14 13 12 5
5 1 24 13 16 3
5 1 14 13 16 3
5 1 14 24 13 16
5 1 9 12 18 15
5 1 7 18 15 3
5 1 24 7 18 3
5 1 9 18 15 3
5 1 14 13 12 11
5 1 14 9 12 11
5 1 14 13 11 3
5 1 14 9 11 3
5 1 9 12 18 3
5 1 9 12 11 3
5 1 12 18 11 3
5 1 13 18 11 3
5 1 13 12 18 11
5 23 24 7 15 6
5 23 24 7 16 6
5 23 7 18 15 3
5 23 24 7 18 3
5 23 24 13 16 11
5 23 13 18 19 11
5 23 24 16 11 3
5 23 24 7 16 3
5 23 2 16 11 6
5 23 13 18 11 3
5 23 24 13 11 3
5 23 24 13 18 3
5 21 25 7 0 6
5 21 25 7 16 6
5 21 25 7 16 0
5 21 7 2 0 6
5 21 7 2 16 6
5 21 7 2 16 0
5 21 8 2 0 6
5 21 25 8 0 6
5 21 25 8 2 0
5 21 17 2 16 0
5 21 25 17 16 0
5 21 25 17 2 0
5 21 17 2 16 11
5 21 25 17 16 11
5 21 25 17 2 11
5 21 25 13 16 11
5 20 10 8 19 11
5 20 10 13 19 11
5 20 21 25 13 11
5 20 10 25 8 11
5 20 10 25 13 11
5 20 8 2 19 11
5 20 25 8 2 11
5 20 21 25 2 11
5 20 21 25 8 2
5 20 23 13 19 11
5 20 21 25 8 6
5 20 23 13 16 11
5 20 21 13 16 11
5 20 21 25 13 16
5 20 10 13 18 19
5 20 23 2 16 11
5 20 21 2 16 11
5 20 21 8 2 6
5 20 25 24 8 6
5 20 21 25 16 6
5 20 23 13 18 19
5 20 25 24 13 16
5 20 23 24 13 16
5 20 10 8 15 19
5 20 23 8 15 19
5 20 23 2 16 6
5 20 21 2 16 6
5 20 24 8 15 6
5 20 23 8 15 6
5 20 23 24 15 6
5 20 25 24 16 6
5 20 23 24 16 6
5 22 14 25 24 13
5 22 14 10 25 13
5 22 20 25 24 13
5 22 20 10 25 13
5 22 14 10 13 5
5 22 10 25 24 5
5 22 14 25 24 5
5 22 14 10 25 5
5 22 20 10 13 18
5 22 10 25 24 8
5 22 20 25 24 8
5 22 20 10 25 8
5 22 10 13 12 5
5 22 1 14 13 5
5 22 1 14 24 5
5 22 1 14 24 13
5 22 10 13 12 18
5 22 23 24 13 18
5 22 20 23 13 18
5 22 20 23 24 13
5 22 20 10 18 19
5 22 10 24 8 15
5 22 20 24 8 15
5 22 20 10 8 15
5 22 1 13 12 5
5 22 10 12 15 5
5 22 10 24 15 5
5 22 1 13 12 18
5 22 10 12 18 19
5 22 20 23 18 19
5 22 20 10 15 19
5 22 1 12 15 5
5 22 1 24 15 5
5 22 10 12 15 19
5 22 1 12 18 15
5 22 24 13 18 3
5 22 1 13 18 3
5 22 1 24 18 3
5 22 1 24 13 3
5 22 12 18 15 19
5 22 23 18 15 19
5 22 20 23 15 19
5 22 20 23 24 15
5 22 1 7 18 15
5 22 1 24 7 15
5 22 1 24 7 18
5 22 23 7 18 15
5 22 23 24 7 15
5 22 23 24 7 18
