333
5 20 1 5 0 27
5 25 20 6 23 8
5 9 6 10 23 26
5 9 6 10 18 26
5 9 1 10 23 24
5 9 20 6 18 0
5 9 30 20 1 23
5 17 20 6 23 8
5 17 25 6 23 8
5 17 25 6 7 8
5 17 25 6 7 13
5 17 25 6 10 13
5 17 25 6 10 23
5 17 30 1 23 24
5 32 5 0 26 8
5 32 20 0 26 8
5 32 20 5 0 8
5 32 20 1 5 0
5 32 1 5 0 27
5 32 9 20 0 26
5 32 9 20 1 0
5 32 9 10 23 26
5 32 9 1 10 23
5 16 25 20 6 8
5 16 32 20 26 8
5 16 32 5 26 8
5 16 32 9 20 26
5 16 9 6 23 26
5 16 25 20 6 23
5 16 9 20 6 23
5 16 32 9 23 26
5 16 6 10 23 26
5 16 25 6 10 23
5 16 32 10 23 26
5 16 32 9 1 23
5 16 32 9 20 1
5 16 17 25 10 23
5 22 18 19 0 8
5 22 6 7 19 8
5 22 17 6 7 8
5 22 17 7 19 13
5 22 17 20 6 8
5 4 20 5 0 8
5 4 22 30 20 8
5 4 20 5 0 27
5 4 5 19 0 8
5 4 22 19 0 8
5 4 22 5 19 8
5 4 22 18 0 8
5 4 22 18 19 0
5 4 9 20 18 0
5 4 9 30 20 1
5 28 16 25 20 23
5 28 25 20 23 8
5 28 17 20 23 8
5 28 17 25 23 8
5 28 16 25 20 8
5 28 22 17 30 20
5 28 22 17 20 8
5 28 17 25 7 8
5 28 32 20 1 5
5 28 16 32 20 1
5 28 32 20 5 8
5 28 16 32 5 8
5 28 16 32 20 8
5 28 22 17 7 8
5 28 22 17 7 13
5 28 5 7 19 8
5 28 22 7 19 8
5 28 22 5 19 8
5 2 16 9 6 26
5 2 16 9 20 26
5 2 16 9 20 6
5 2 9 20 0 26
5 2 9 20 6 0
5 2 16 20 26 8
5 2 16 20 6 8
5 2 20 0 26 8
5 2 9 18 0 26
5 2 9 6 18 26
5 2 9 6 18 0
5 2 16 25 6 8
5 2 20 18 0 8
5 2 20 6 18 8
5 2 20 6 18 0
5 2 25 6 7 8
5 2 16 6 10 26
5 2 16 25 6 10
5 2 6 7 19 8
5 2 6 18 19 8
5 2 25 6 7 13
5 2 25 6 10 13
5 2 6 7 19 13
5 2 6 10 19 13
5 11 16 17 25 23
5 11 1 10 23 24
5 11 16 17 10 23
5 11 32 1 10 23
5 11 16 32 10 23
5 11 17 25 10 13
5 11 16 17 25 10
5 11 17 1 23 24
5 11 17 10 24 13
5 11 17 10 23 24
5 11 32 1 10 24
5 11 32 1 24 27
5 11 17 30 1 13
5 11 17 30 1 24
5 11 16 32 10 26
5 11 30 24 13 27
5 11 30 1 24 27
5 11 2 25 10 13
5 11 2 16 10 26
5 11 2 16 25 10
5 15 11 30 24 13
5 15 11 17 24 13
5 15 11 17 30 13
5 15 11 17 30 24
5 15 17 30 23 24
5 15 24 19 13 27
5 15 30 19 13 27
5 15 30 24 13 27
5 15 30 24 19 27
5 15 17 30 20 23
5 15 22 17 30 20
5 15 4 22 30 20
5 15 9 30 20 23
5 15 4 9 30 20
5 31 20 18 0 8
5 31 4 18 0 8
5 31 4 20 0 8
5 31 4 20 18 0
5 31 4 22 18 8
5 31 4 22 20 8
5 31 20 6 18 8
5 31 22 20 6 8
5 31 6 18 19 8
5 31 22 18 19 8
5 31 22 6 19 8
5 31 9 20 6 18
5 31 4 9 20 18
5 31 15 4 22 20
5 31 4 22 18 19
5 31 9 20 6 23
5 31 15 4 22 30
5 31 9 6 10 23
5 21 4 20 0 27
5 21 4 9 20 0
5 21 20 1 0 27
5 21 9 20 1 0
5 21 4 20 1 27
5 21 4 9 20 1
5 21 32 1 0 27
5 21 32 9 1 0
5 21 32 1 24 27
5 21 32 9 0 26
5 21 30 1 24 27
5 21 4 30 1 27
5 21 4 9 30 1
5 21 9 18 0 26
5 21 9 1 10 24
5 21 32 1 10 24
5 21 32 9 1 10
5 21 32 10 24 26
5 21 32 9 10 26
5 21 30 1 23 24
5 21 9 1 23 24
5 21 9 30 1 23
5 21 15 30 23 24
5 14 28 20 1 23
5 14 28 16 20 23
5 14 28 16 20 1
5 14 9 20 1 23
5 14 16 9 1 23
5 14 16 9 20 23
5 14 16 9 20 1
5 14 28 16 25 23
5 14 11 16 25 23
5 14 16 32 1 23
5 14 11 32 1 23
5 14 11 16 32 23
5 14 11 17 1 23
5 14 28 17 25 23
5 14 11 17 25 23
5 14 28 16 25 5
5 14 11 32 1 27
5 14 11 17 1 13
5 14 11 17 25 13
5 14 28 16 32 1
5 14 17 25 7 13
5 14 28 17 7 13
5 14 28 17 25 7
5 14 32 1 5 27
5 14 28 1 5 27
5 14 28 32 1 5
5 14 28 16 32 5
5 14 28 5 7 13
5 29 22 30 20 8
5 29 28 22 20 8
5 29 28 22 30 20
5 29 28 20 5 8
5 29 28 22 5 8
5 29 4 20 5 8
5 29 4 30 20 8
5 29 28 20 1 5
5 29 4 22 5 8
5 29 4 22 30 8
5 29 4 20 5 27
5 29 20 1 5 27
5 29 28 1 5 27
5 29 30 20 1 23
5 29 28 20 1 23
5 29 4 22 5 19
5 29 4 22 30 19
5 29 28 22 5 19
5 29 4 20 1 27
5 29 4 30 1 27
5 29 4 30 20 1
5 29 14 28 1 27
5 29 14 28 1 23
5 29 17 30 20 23
5 29 28 17 20 23
5 29 28 17 30 20
5 29 30 19 13 27
5 29 15 30 19 13
5 29 15 22 19 13
5 29 15 22 30 19
5 29 14 5 13 27
5 29 14 28 5 27
5 29 14 28 5 13
5 29 5 7 19 13
5 29 28 5 7 13
5 29 28 5 7 19
5 29 22 7 19 13
5 29 28 22 7 13
5 29 28 22 7 19
5 29 15 17 30 13
5 29 28 22 17 13
5 29 15 22 17 13
5 29 28 22 17 30
5 29 15 22 17 30
5 29 17 30 1 23
5 29 14 17 1 23
5 29 14 28 17 23
5 29 14 28 17 13
5 29 11 30 13 27
5 29 11 30 1 27
5 29 11 30 1 13
5 29 14 11 13 27
5 29 14 11 1 27
5 29 14 11 1 13
5 29 17 30 1 13
5 29 14 17 1 13
5 12 15 22 17 20
5 12 31 15 22 20
5 12 22 17 20 6
5 12 31 22 20 6
5 12 15 17 20 23
5 12 17 20 6 23
5 12 31 20 6 23
5 12 15 9 20 23
5 12 31 9 20 23
5 12 31 15 9 20
5 12 31 22 6 19
5 12 31 15 22 19
5 12 17 6 10 23
5 12 31 6 10 23
5 12 17 10 23 24
5 12 15 17 23 24
5 12 22 6 7 19
5 12 22 17 7 19
5 12 22 17 6 7
5 12 22 17 19 13
5 12 15 22 19 13
5 12 15 22 17 13
5 12 17 6 10 13
5 12 17 10 24 13
5 12 15 17 24 13
5 12 6 7 19 13
5 12 17 7 19 13
5 12 17 6 7 13
5 12 6 10 19 13
5 12 10 24 19 13
5 12 15 24 19 13
5 3 15 30 24 19
5 3 12 15 24 19
5 3 12 31 24 19
5 3 12 31 15 19
5 3 15 22 30 19
5 3 31 15 22 19
5 3 31 15 22 30
5 3 21 15 30 24
5 3 4 22 30 19
5 3 31 4 22 19
5 3 31 4 22 30
5 3 31 15 4 30
5 3 21 30 24 27
5 3 21 4 30 27
5 3 31 4 18 19
5 3 12 31 15 9
5 3 15 4 9 30
5 3 21 4 9 30
5 3 31 10 18 24
5 3 31 4 9 18
5 3 21 9 23 24
5 3 21 15 23 24
5 3 12 15 23 24
5 3 12 15 9 23
5 3 21 9 10 24
5 3 12 31 10 24
5 3 15 9 30 23
5 3 21 9 30 23
5 3 21 15 30 23
5 3 15 4 9 20
5 3 31 4 9 20
5 3 31 15 9 20
5 3 31 15 4 20
5 3 21 10 24 26
5 3 4 9 18 0
5 3 21 9 18 0
5 3 21 4 9 0
5 3 9 10 23 24
5 3 12 10 23 24
5 3 31 9 10 23
5 3 12 31 10 23
5 3 12 31 9 23
5 3 9 10 18 26
5 3 21 9 18 26
5 3 21 9 10 26
5 3 9 6 10 18
5 3 31 6 10 18
5 3 31 9 6 18
5 3 31 9 6 10
