327
5 2 4 12 19 21
5 16 12 10 19 21
5 31 2 25 11 21
5 14 2 4 12 21
5 14 2 25 4 21
5 14 2 12 10 21
5 14 2 25 11 21
5 14 25 20 11 10
5 26 2 12 19 21
5 26 16 12 19 21
5 26 16 2 12 21
5 26 31 2 12 19
5 26 31 16 12 19
5 26 31 16 2 12
5 26 2 4 19 21
5 26 31 2 11 21
5 26 31 16 2 11
5 26 31 2 25 21
5 26 31 25 11 21
5 23 25 20 10 21
5 23 25 20 11 10
5 23 14 25 10 21
5 23 14 25 11 21
5 23 14 25 11 10
5 23 14 2 10 21
5 23 14 2 11 21
5 23 14 2 11 10
5 23 16 2 11 10
5 23 26 2 11 21
5 23 26 16 2 21
5 23 26 16 2 11
5 23 16 10 19 21
5 23 26 16 19 21
5 23 2 12 10 21
5 23 16 12 10 21
5 23 16 2 12 21
5 23 16 2 12 10
5 3 2 12 29 19
5 3 31 2 12 19
5 3 2 12 29 28
5 3 16 12 29 19
5 3 31 16 29 19
5 3 31 16 12 19
5 30 14 20 10 28
5 30 14 20 11 10
5 30 22 20 10 28
5 30 14 25 20 11
5 30 9 22 10 28
5 30 14 20 15 28
5 30 14 25 20 15
5 6 31 2 25 11
5 6 14 2 25 11
5 6 14 2 11 10
5 6 16 2 11 10
5 6 31 16 2 11
5 6 30 3 14 28
5 6 3 14 2 28
5 6 30 14 10 28
5 6 30 14 11 10
5 6 30 3 9 28
5 6 31 16 2 12
5 6 3 31 2 12
5 6 3 31 16 12
5 6 14 12 10 28
5 6 14 2 12 28
5 6 14 2 12 10
5 6 9 16 10 28
5 6 3 9 16 28
5 6 16 12 10 28
5 6 16 2 12 10
5 6 3 2 12 28
5 6 3 16 12 28
5 0 9 18 22 29
5 0 22 8 20 15
5 17 9 18 22 10
5 17 30 9 22 10
5 17 23 20 11 10
5 17 23 22 20 10
5 17 30 20 11 10
5 17 30 22 20 10
5 17 6 30 11 10
5 17 30 9 10 28
5 17 6 9 10 28
5 17 6 30 10 28
5 17 6 30 9 28
5 7 26 31 2 25
5 7 6 31 2 25
5 7 2 25 4 21
5 7 26 2 4 21
5 7 26 2 25 21
5 7 26 31 25 11
5 7 26 2 4 19
5 7 26 31 2 19
5 7 6 3 31 2
5 7 26 31 8 11
5 7 3 31 2 19
5 7 14 25 4 15
5 7 14 2 25 4
5 7 6 14 2 25
5 7 6 25 8 11
5 7 6 31 8 11
5 7 6 31 25 11
5 7 25 4 15 21
5 7 25 8 11 21
5 7 26 8 11 21
5 7 26 25 11 21
5 7 3 2 29 19
5 7 3 31 29 19
5 7 6 3 14 2
5 7 4 12 29 19
5 7 2 12 29 19
5 7 2 4 12 19
5 7 3 2 29 28
5 7 3 14 2 28
5 1 26 31 16 11
5 1 26 18 31 16
5 1 23 26 16 11
5 1 23 26 18 16
5 1 26 31 8 11
5 1 23 16 11 10
5 1 23 18 16 10
5 1 17 16 11 10
5 1 17 18 16 10
5 1 17 23 11 10
5 1 17 18 22 10
5 1 17 0 22 8
5 1 0 9 18 22
5 1 17 9 18 22
5 1 17 0 9 22
5 5 1 18 22 10
5 5 1 23 18 10
5 5 23 18 16 10
5 5 17 23 22 10
5 5 1 17 22 10
5 5 1 17 23 10
5 5 26 4 19 21
5 5 23 26 19 21
5 5 7 4 15 21
5 5 26 18 16 19
5 5 23 26 16 19
5 5 23 26 18 16
5 5 1 23 26 18
5 5 17 23 22 20
5 5 7 26 4 21
5 5 23 25 20 21
5 5 17 22 8 20
5 5 1 17 22 8
5 5 1 0 18 22
5 5 22 8 20 15
5 5 7 26 8 21
5 5 7 25 15 21
5 5 7 25 8 21
5 5 7 25 8 15
5 5 25 8 20 15
5 5 17 8 20 11
5 5 17 23 20 11
5 5 1 17 8 11
5 5 1 17 23 11
5 5 0 22 8 15
5 5 1 0 22 8
5 5 1 26 8 11
5 5 1 23 26 11
5 5 26 8 11 21
5 5 23 26 11 21
5 5 25 8 11 21
5 5 23 25 11 21
5 5 25 8 20 11
5 5 23 25 20 11
5 24 6 3 31 16
5 24 6 3 9 16
5 24 3 31 16 29
5 24 0 3 31 29
5 24 3 9 16 29
5 24 0 3 9 29
5 24 0 6 3 31
5 24 0 6 3 9
5 24 6 31 16 11
5 24 9 18 16 29
5 24 0 9 18 29
5 24 1 0 9 18
5 24 0 6 31 8
5 24 6 16 11 10
5 24 6 9 16 10
5 24 6 31 8 11
5 24 1 31 16 11
5 24 1 18 31 16
5 24 1 0 31 8
5 24 17 0 6 8
5 24 17 0 6 9
5 24 17 16 11 10
5 24 17 6 11 10
5 24 17 6 9 10
5 24 1 31 8 11
5 24 17 6 8 11
5 24 1 17 16 11
5 24 1 17 18 16
5 24 1 17 9 18
5 24 9 18 16 10
5 24 17 18 16 10
5 24 17 9 18 10
5 24 1 17 0 8
5 24 1 17 0 9
5 24 1 17 8 11
5 32 17 6 8 11
5 32 17 6 30 11
5 32 6 25 8 11
5 32 17 8 20 11
5 32 17 30 20 11
5 32 17 0 6 8
5 32 25 8 20 11
5 32 30 25 20 11
5 32 30 14 25 11
5 32 6 14 25 11
5 32 6 30 14 11
5 32 17 22 8 20
5 32 17 30 22 20
5 32 7 0 6 8
5 32 17 0 22 8
5 32 17 6 30 9
5 32 17 0 6 9
5 32 25 8 20 15
5 32 30 25 20 15
5 32 7 6 14 25
5 32 7 25 8 15
5 32 7 6 25 8
5 32 0 22 8 20
5 32 7 0 8 15
5 32 7 0 6 29
5 32 17 30 9 22
5 32 17 0 9 22
5 32 6 30 3 9
5 32 0 6 3 9
5 32 0 8 20 15
5 32 30 14 25 15
5 32 7 14 25 15
5 32 6 30 3 14
5 32 7 6 3 14
5 32 0 22 20 15
5 32 7 0 29 15
5 32 0 6 3 29
5 32 7 6 3 29
5 32 0 9 22 29
5 32 0 3 9 29
5 32 30 14 15 28
5 32 7 14 15 28
5 32 30 3 14 28
5 32 7 3 14 28
5 32 22 20 15 28
5 32 30 20 15 28
5 32 30 22 20 28
5 32 0 22 29 15
5 32 7 29 15 28
5 32 7 3 29 28
5 32 9 22 29 28
5 32 30 9 22 28
5 32 3 9 29 28
5 32 30 3 9 28
5 32 22 29 15 28
5 13 5 26 4 19
5 13 5 26 18 19
5 13 7 26 4 19
5 13 26 18 16 19
5 13 5 7 26 4
5 13 5 1 26 18
5 13 31 16 29 19
5 13 26 31 16 19
5 13 26 18 31 16
5 13 7 4 29 15
5 13 5 7 4 15
5 13 5 7 26 8
5 13 5 1 0 18
5 13 24 31 16 29
5 13 24 18 16 29
5 13 24 18 31 16
5 13 24 1 0 18
5 13 0 18 22 29
5 13 5 0 18 22
5 13 5 1 26 8
5 13 5 1 0 8
5 13 24 0 18 29
5 13 5 22 29 15
5 13 5 7 8 15
5 13 1 26 18 31
5 13 24 1 18 31
5 13 24 1 0 31
5 13 1 26 31 8
5 13 1 0 31 8
5 27 7 26 31 8
5 27 13 26 31 8
5 27 13 7 26 8
5 27 7 26 31 19
5 27 13 26 31 19
5 27 13 7 26 19
5 27 7 6 31 8
5 27 13 0 31 8
5 27 7 31 29 19
5 27 13 31 29 19
5 27 7 0 6 29
5 27 7 0 6 8
5 27 7 3 31 29
5 27 7 6 3 29
5 27 7 6 3 31
5 27 0 3 31 29
5 27 24 0 31 29
5 27 13 24 31 29
5 27 13 24 0 29
5 27 13 24 0 31
5 27 7 0 29 15
5 27 13 7 29 15
5 27 7 0 8 15
5 27 13 7 8 15
5 27 7 4 29 19
5 27 13 4 29 19
5 27 13 7 4 19
5 27 13 7 4 29
5 27 0 6 3 29
5 27 0 6 31 8
5 27 0 6 3 31
5 27 0 22 29 15
5 27 13 22 29 15
5 27 13 0 22 29
5 27 5 0 8 15
5 27 13 5 8 15
5 27 13 5 0 8
5 27 5 0 22 15
5 27 13 5 22 15
5 27 13 5 0 22
