342
5 4 0 30 32 26
5 10 4 30 5 26
5 10 4 30 32 26
5 10 4 0 30 32
5 10 4 20 5 26
5 15 28 27 2 6
5 9 15 27 24 6
5 8 9 28 2 6
5 11 28 22 2 5
5 11 15 28 22 2
5 11 15 28 27 2
5 11 15 28 27 22
5 11 15 27 2 6
5 21 10 4 0 32
5 21 9 24 1 6
5 21 9 24 1 32
5 21 10 4 0 30
5 21 8 0 1 6
5 21 8 9 1 6
5 21 8 0 1 32
5 21 8 9 1 32
5 21 8 9 0 32
5 21 8 0 2 6
5 21 8 9 2 6
5 21 8 0 30 2
5 14 4 30 20 5
5 14 10 4 20 5
5 14 10 4 30 5
5 14 17 10 20 5
5 14 17 10 27 5
5 14 28 30 2 5
5 14 21 10 0 30
5 14 11 28 2 5
5 14 11 28 27 2
5 14 28 27 2 6
5 14 11 27 2 6
5 14 10 27 24 6
5 14 21 10 24 6
5 29 15 25 27 22
5 29 11 15 27 22
5 23 28 27 22 20
5 23 11 28 27 20
5 23 11 28 27 22
5 23 29 11 27 22
5 23 11 28 22 5
5 23 29 17 27 22
5 23 29 11 22 5
5 23 11 27 20 5
5 23 17 27 20 5
5 23 29 11 27 5
5 23 29 17 27 5
5 23 14 30 20 5
5 23 14 28 30 5
5 23 28 30 2 5
5 23 28 22 2 5
5 23 22 30 20 2
5 23 28 30 20 2
5 23 28 22 20 2
5 23 4 20 5 26
5 23 4 30 5 26
5 23 4 30 20 5
5 3 10 4 24 32
5 3 21 10 24 32
5 3 21 10 4 32
5 3 21 9 24 32
5 3 21 4 0 32
5 3 21 9 0 32
5 3 17 10 4 20
5 3 17 10 4 24
5 3 8 4 0 32
5 3 8 9 0 32
5 3 21 8 9 0
5 3 21 4 0 30
5 3 21 8 0 30
5 3 8 9 28 20
5 3 8 9 28 2
5 3 21 8 9 2
5 3 28 30 20 2
5 3 21 8 30 2
5 31 10 20 5 26
5 31 17 10 20 5
5 31 23 20 5 26
5 31 23 17 20 5
5 31 29 17 10 5
5 31 10 4 20 26
5 31 17 10 4 20
5 31 23 29 17 5
5 31 23 22 5 26
5 31 23 29 22 5
5 31 23 29 17 22
5 31 10 1 32 26
5 13 15 25 27 22
5 13 17 15 25 27
5 13 29 25 27 22
5 13 29 17 27 22
5 13 29 17 25 22
5 13 29 17 25 27
5 13 28 27 22 20
5 13 15 28 27 22
5 13 23 27 22 20
5 13 23 17 22 20
5 13 23 17 27 20
5 13 23 17 27 22
5 13 17 9 15 27
5 13 8 28 22 20
5 13 8 9 28 20
5 13 15 28 22 2
5 13 8 28 22 2
5 13 3 8 9 20
5 13 3 17 9 20
5 13 3 17 8 9
5 13 8 25 1 6
5 13 15 22 2 6
5 13 8 9 25 6
5 13 9 15 28 6
5 13 8 9 28 6
5 13 15 28 2 6
5 13 8 28 2 6
5 16 21 10 4 30
5 16 14 10 4 30
5 16 14 21 10 30
5 16 14 4 30 20
5 16 3 21 10 4
5 16 3 21 4 30
5 16 14 10 4 20
5 16 3 10 4 20
5 16 23 28 30 20
5 16 23 14 30 20
5 16 23 14 28 30
5 16 14 28 30 2
5 16 14 21 30 2
5 16 23 14 20 5
5 16 23 14 28 5
5 16 14 21 2 6
5 16 14 17 10 20
5 16 14 21 10 24
5 16 23 11 20 5
5 16 23 11 28 5
5 16 23 11 28 20
5 16 14 17 10 27
5 16 14 21 24 6
5 16 11 27 20 5
5 16 17 27 20 5
5 16 14 17 20 5
5 16 14 17 27 5
5 16 14 11 27 5
5 16 14 11 28 5
5 16 14 11 28 27
5 12 29 17 25 22
5 12 31 29 17 22
5 12 31 29 25 1
5 12 13 8 9 25
5 12 13 17 9 25
5 12 13 17 8 9
5 12 3 17 4 20
5 12 31 17 4 20
5 12 17 10 4 24
5 12 31 17 10 4
5 12 8 1 32 26
5 12 31 1 32 26
5 12 3 17 4 24
5 12 3 17 9 24
5 12 3 17 8 9
5 12 10 4 24 32
5 12 3 8 4 32
5 12 3 4 24 32
5 12 8 9 24 32
5 12 3 9 24 32
5 12 3 8 9 32
5 12 10 4 32 26
5 12 31 10 32 26
5 12 31 10 4 26
5 18 3 4 30 20
5 18 16 4 30 20
5 18 16 3 4 20
5 18 16 3 4 30
5 18 3 28 30 20
5 18 16 28 30 20
5 18 3 9 28 20
5 18 16 3 21 30
5 18 3 17 9 20
5 18 3 28 30 2
5 18 3 21 30 2
5 18 16 28 30 2
5 18 16 21 30 2
5 18 13 28 27 20
5 18 13 9 28 20
5 18 11 28 27 20
5 18 16 11 27 20
5 18 16 11 28 20
5 18 16 11 28 27
5 18 16 17 27 20
5 18 3 17 10 20
5 18 16 17 10 20
5 18 16 3 10 20
5 18 3 9 28 2
5 18 3 21 9 2
5 18 3 21 9 24
5 18 13 17 27 20
5 18 13 17 9 20
5 18 13 17 9 27
5 18 13 15 28 27
5 18 13 9 15 27
5 18 13 9 15 28
5 18 17 9 27 24
5 18 15 28 27 6
5 18 9 15 27 6
5 18 9 15 28 6
5 18 3 17 10 24
5 18 3 17 9 24
5 18 9 28 2 6
5 18 21 9 2 6
5 18 16 21 2 6
5 18 21 9 24 6
5 18 16 21 24 6
5 18 3 21 10 24
5 18 16 21 10 24
5 18 16 3 21 10
5 18 9 27 24 6
5 18 17 10 27 24
5 18 16 17 10 27
5 18 14 28 27 6
5 18 16 14 28 27
5 18 14 28 2 6
5 18 16 14 2 6
5 18 16 14 28 2
5 18 14 27 24 6
5 18 16 14 24 6
5 18 14 10 27 24
5 18 16 14 10 24
5 18 16 14 10 27
5 7 13 17 22 20
5 7 23 17 22 20
5 7 13 3 17 20
5 7 12 3 17 20
5 7 13 17 25 22
5 7 12 17 25 22
5 7 12 13 17 25
5 7 31 23 17 20
5 7 12 31 17 20
5 7 31 23 17 22
5 7 12 31 17 22
5 7 13 8 22 20
5 7 13 3 8 20
5 7 12 3 4 20
5 7 13 3 17 8
5 7 12 3 17 8
5 7 12 13 17 8
5 7 12 13 8 25
5 7 31 23 20 26
5 7 31 23 22 26
5 7 8 28 22 20
5 7 3 8 28 20
5 7 3 4 30 20
5 7 13 8 25 1
5 7 23 4 20 26
5 7 31 4 20 26
5 7 12 31 4 26
5 7 12 31 4 20
5 7 28 22 20 2
5 7 3 28 20 2
5 7 8 28 22 2
5 7 3 8 28 2
5 7 23 22 30 20
5 7 23 4 30 20
5 7 22 30 20 2
5 7 3 30 20 2
5 7 12 3 8 4
5 7 12 8 1 26
5 7 12 8 25 1
5 7 23 22 30 26
5 7 23 4 30 26
5 7 12 31 1 26
5 7 12 31 25 1
5 7 12 29 25 22
5 7 12 31 29 22
5 7 12 31 29 25
5 7 3 8 30 2
5 7 3 4 0 30
5 7 3 8 0 30
5 7 3 8 4 0
5 7 12 4 32 26
5 7 12 8 32 26
5 7 12 8 4 32
5 7 13 22 2 6
5 7 13 8 2 6
5 7 13 8 22 2
5 7 31 29 25 1
5 7 4 0 30 26
5 7 4 0 32 26
5 7 8 4 0 32
5 7 0 30 1 26
5 7 8 0 30 1
5 7 0 1 32 26
5 7 8 1 32 26
5 7 8 0 1 32
5 19 12 8 1 32
5 19 12 8 24 32
5 19 9 24 1 32
5 19 8 9 1 32
5 19 8 9 24 32
5 19 10 24 1 32
5 19 12 10 24 32
5 19 12 8 9 24
5 19 31 10 1 32
5 19 12 31 1 32
5 19 12 31 10 32
5 19 12 8 25 1
5 19 12 8 9 25
5 19 12 31 29 1
5 19 12 17 10 24
5 19 9 24 1 6
5 19 12 17 9 24
5 19 12 17 9 25
5 19 8 25 1 6
5 19 8 9 1 6
5 19 8 9 25 6
5 19 31 29 17 10
5 19 12 31 17 10
5 19 12 31 29 17
5 19 10 27 24 6
5 19 17 10 27 24
5 19 12 29 25 1
5 19 12 29 17 25
5 19 15 25 1 6
5 19 9 15 24 6
5 19 15 27 24 6
5 19 17 10 27 5
5 19 29 17 27 5
5 19 29 17 10 5
5 19 13 15 25 6
5 19 13 9 25 6
5 19 13 9 15 6
5 19 9 15 27 24
5 19 17 9 27 24
5 19 17 9 15 27
5 19 13 17 15 25
5 19 13 17 9 25
5 19 13 17 9 15
5 19 17 15 25 27
5 19 29 15 25 27
5 19 29 17 25 27
