223
5 11 4 15 6 7
5 11 13 22 14 7
5 0 13 22 14 7
5 0 13 5 14 7
5 0 13 5 15 7
5 0 19 5 15 7
5 0 19 13 5 15
5 0 11 22 15 7
5 0 11 13 15 7
5 0 11 13 22 7
5 0 11 13 22 15
5 25 2 16 4 12
5 1 11 13 14 7
5 1 11 13 14 12
5 1 25 5 14 12
5 1 2 4 12 7
5 1 25 2 4 12
5 1 13 5 12 7
5 1 13 5 14 7
5 1 13 5 14 12
5 1 2 5 12 7
5 1 25 2 5 7
5 1 25 2 5 12
5 18 11 13 14 12
5 18 11 16 14 12
5 18 11 16 13 12
5 18 11 16 13 6
5 18 0 13 22 14
5 18 16 13 6 3
5 18 25 16 14 12
5 18 16 8 6 3
5 18 13 5 14 12
5 18 25 5 14 12
5 18 16 13 5 12
5 18 25 16 5 12
5 9 11 4 6 7
5 9 2 8 4 6
5 9 1 2 4 7
5 9 1 11 4 7
5 9 11 15 6 7
5 9 11 22 15 7
5 9 11 22 15 6
5 9 0 22 14 7
5 9 4 15 6 7
5 9 8 22 15 6
5 9 0 2 19 22
5 9 25 2 5 7
5 9 0 22 15 7
5 9 0 19 15 7
5 9 0 19 22 15
5 9 8 19 22 15
5 9 0 19 5 7
5 23 8 19 22 15
5 23 0 19 22 15
5 23 8 22 15 6
5 23 0 19 13 15
5 23 19 13 5 15
5 23 18 13 6 3
5 21 25 16 5 12
5 21 25 2 5 12
5 21 25 2 16 12
5 21 18 25 16 5
5 21 18 16 13 5
5 20 18 25 5 14
5 20 9 2 19 5
5 20 9 25 2 5
5 20 0 13 5 14
5 20 18 13 5 14
5 20 18 0 13 14
5 20 18 0 22 14
5 20 9 0 2 19
5 20 0 19 13 5
5 20 23 19 13 5
5 20 23 0 19 13
5 20 23 18 0 13
5 20 21 18 25 5
5 20 9 0 2 22
5 20 0 2 19 22
5 20 21 23 5 3
5 20 21 18 13 5
5 20 21 23 13 5
5 20 23 18 13 3
5 20 21 23 13 3
5 20 18 16 13 3
5 20 21 16 13 3
5 20 21 18 16 3
5 20 21 18 16 13
5 24 11 13 22 14
5 24 18 13 22 14
5 24 18 11 13 14
5 24 18 11 14 6
5 24 18 11 13 6
5 24 11 22 15 6
5 24 11 13 15 6
5 24 11 13 22 15
5 24 23 18 13 6
5 24 18 8 6 3
5 24 23 22 15 6
5 24 23 13 15 6
5 24 23 18 6 3
5 24 18 0 13 22
5 24 23 18 0 13
5 24 23 8 6 3
5 24 23 8 22 6
5 24 0 13 22 15
5 24 23 0 22 15
5 24 23 0 13 15
5 24 20 23 18 3
5 24 20 18 0 22
5 24 20 23 0 22
5 24 20 23 18 0
5 24 20 18 22 14
5 17 9 25 5 7
5 17 1 5 14 7
5 17 1 25 5 7
5 17 1 25 5 14
5 17 0 5 14 7
5 17 9 0 14 7
5 17 9 0 5 7
5 17 20 25 5 14
5 17 20 9 25 5
5 17 20 0 5 14
5 17 1 11 14 7
5 17 9 1 11 7
5 17 1 25 2 7
5 17 9 25 2 7
5 17 9 1 2 7
5 17 20 9 25 2
5 17 9 0 22 14
5 17 20 0 22 14
5 17 20 9 0 22
5 17 9 0 19 5
5 17 20 0 19 5
5 17 20 9 19 5
5 17 20 9 0 19
5 17 11 22 14 7
5 17 9 22 14 7
5 17 9 11 22 7
5 17 9 1 11 4
5 17 1 25 2 4
5 17 9 1 2 4
5 17 20 9 2 22
5 17 9 11 22 6
5 17 1 11 14 12
5 17 1 11 4 12
5 17 9 11 4 6
5 17 9 2 4 6
5 17 24 11 14 6
5 17 24 11 22 6
5 17 24 11 22 14
5 17 11 16 14 12
5 17 11 16 4 12
5 17 11 16 4 6
5 17 2 8 4 6
5 17 2 16 8 4
5 17 25 2 16 4
5 17 25 16 14 12
5 17 1 25 14 12
5 17 25 16 4 12
5 17 1 25 4 12
5 17 16 8 4 6
5 17 18 11 14 6
5 17 18 11 16 6
5 17 18 11 16 14
5 17 18 25 16 14
5 17 9 8 22 6
5 17 9 2 8 6
5 17 9 2 8 22
5 17 24 8 22 6
5 17 24 2 8 22
5 17 18 16 8 6
5 17 24 18 14 6
5 17 24 18 8 6
5 10 20 2 19 22
5 10 23 8 19 22
5 10 23 0 19 22
5 10 20 0 19 22
5 10 20 23 0 22
5 10 20 23 0 19
5 10 20 23 19 3
5 10 9 8 19 22
5 10 9 2 19 22
5 10 9 2 8 22
5 10 9 2 8 19
5 10 23 8 19 3
5 10 20 19 5 3
5 10 20 2 19 5
5 10 24 2 8 22
5 10 24 23 8 3
5 10 24 23 8 22
5 10 24 20 23 3
5 10 24 20 23 22
5 10 20 21 5 3
5 10 17 24 2 8
5 10 21 25 2 5
5 10 20 25 2 5
5 10 20 21 25 5
5 10 24 18 8 3
5 10 17 24 18 8
5 10 24 20 18 3
5 10 17 20 2 22
5 10 17 20 25 2
5 10 17 24 2 22
5 10 20 21 18 3
5 10 20 21 18 25
5 10 17 2 16 8
5 10 17 25 2 16
5 10 24 20 22 14
5 10 17 20 22 14
5 10 17 24 22 14
5 10 21 2 16 8
5 10 21 25 2 16
5 10 17 18 16 8
5 10 17 18 25 16
5 10 20 18 25 14
5 10 17 18 25 14
5 10 17 20 25 14
5 10 24 20 18 14
5 10 17 24 18 14
5 10 18 16 8 3
5 10 21 16 8 3
5 10 21 18 16 3
5 10 21 18 25 16
