300
5 13 0 23 10 11
5 2 0 5 11 9
5 2 13 0 10 11
5 2 8 0 5 9
5 2 13 26 23 4
5 2 13 0 23 4
5 7 21 13 26 31
5 7 13 23 10 11
5 28 8 0 29 9
5 28 2 8 0 9
5 28 2 0 23 4
5 1 28 8 32 29
5 1 28 0 23 4
5 1 28 2 0 4
5 1 28 2 0 9
5 1 28 8 29 9
5 1 22 28 8 4
5 1 22 28 8 32
5 1 28 2 8 4
5 1 28 2 8 9
5 3 2 13 26 4
5 3 13 0 23 10
5 3 13 26 23 4
5 3 2 13 0 4
5 3 1 2 0 4
5 3 13 0 23 4
5 18 2 8 0 5
5 18 2 0 5 11
5 18 28 8 0 23
5 18 28 2 0 23
5 18 28 2 8 0
5 18 13 0 23 11
5 18 2 13 0 11
5 18 2 13 0 23
5 18 22 2 26 5
5 18 7 13 23 11
5 18 2 26 5 11
5 18 2 13 26 11
5 18 2 26 23 4
5 18 22 26 23 4
5 18 22 2 26 4
5 18 28 2 23 4
5 18 22 28 23 4
5 18 28 2 8 4
5 18 22 2 8 4
5 18 22 28 8 4
5 18 2 13 26 23
5 18 7 13 26 23
5 27 22 28 8 32
5 27 18 22 28 23
5 27 22 28 23 4
5 27 1 28 23 4
5 27 3 1 23 4
5 27 1 22 32 4
5 27 1 22 28 4
5 27 1 22 28 32
5 16 0 29 10 9
5 16 28 0 29 9
5 16 1 28 29 9
5 16 1 28 0 9
5 16 3 0 23 10
5 16 1 28 0 23
5 16 1 28 32 29
5 16 27 28 32 29
5 16 27 1 28 32
5 16 27 1 28 23
5 16 27 3 1 23
5 16 21 32 29 10
5 16 1 0 23 4
5 16 3 0 23 4
5 16 3 1 23 4
5 16 3 1 0 4
5 19 27 22 32 4
5 19 18 22 7 26
5 19 27 18 7 23
5 19 27 18 22 23
5 12 18 2 8 5
5 12 18 22 2 5
5 12 18 22 2 8
5 15 28 8 32 29
5 15 27 28 32 29
5 15 27 28 8 32
5 15 27 22 8 32
5 15 27 22 28 8
5 15 19 27 22 32
5 15 28 8 0 23
5 15 27 18 28 23
5 15 18 22 28 8
5 15 12 18 22 8
5 15 27 18 22 28
5 15 19 27 18 22
5 15 8 0 5 9
5 15 12 8 5 9
5 15 18 8 0 23
5 15 18 28 8 23
5 15 18 8 0 5
5 15 12 18 8 5
5 24 16 21 29 10
5 24 16 21 32 29
5 24 16 3 23 10
5 24 16 3 21 10
5 24 16 27 3 23
5 24 16 3 21 32
5 24 16 3 1 32
5 24 16 27 1 32
5 24 16 27 3 1
5 24 7 13 23 10
5 24 3 13 23 10
5 24 7 21 13 10
5 24 7 13 26 23
5 24 3 13 26 23
5 24 7 21 13 26
5 6 24 27 21 32
5 6 24 3 21 32
5 6 7 21 26 31
5 6 24 7 21 26
5 6 19 7 26 31
5 6 19 27 7 23
5 6 24 27 7 23
5 6 24 3 1 32
5 6 24 27 1 32
5 6 24 27 3 1
5 6 24 7 26 23
5 6 27 1 32 4
5 6 19 27 32 4
5 6 27 3 1 4
5 6 27 3 23 4
5 6 24 27 3 23
5 6 18 7 26 23
5 6 19 18 7 23
5 6 19 18 7 26
5 6 3 26 23 4
5 6 24 3 26 23
5 6 22 26 23 4
5 6 18 22 26 23
5 6 19 18 22 23
5 6 19 18 22 26
5 6 27 22 23 4
5 6 19 27 22 4
5 6 19 27 22 23
5 14 15 8 32 29
5 14 15 8 29 9
5 14 15 12 8 9
5 14 15 22 8 32
5 14 15 12 22 8
5 14 15 19 22 32
5 14 2 8 5 9
5 14 12 8 5 9
5 14 12 2 8 5
5 14 15 12 5 9
5 17 15 27 32 29
5 17 24 21 32 29
5 17 24 27 21 32
5 17 14 15 32 29
5 17 16 27 32 29
5 17 24 16 32 29
5 17 24 16 27 32
5 17 24 21 29 10
5 17 15 19 27 32
5 17 16 27 28 29
5 17 14 15 29 9
5 17 21 29 10 9
5 17 15 27 28 23
5 17 15 27 28 29
5 17 24 16 29 10
5 17 16 27 28 23
5 17 24 16 27 23
5 17 24 7 23 10
5 17 24 7 21 10
5 17 24 27 7 23
5 17 14 15 5 9
5 17 0 10 11 9
5 17 0 29 10 9
5 17 15 28 0 23
5 17 27 18 7 23
5 17 15 27 18 23
5 17 6 19 27 7
5 17 19 27 18 7
5 17 15 19 27 18
5 17 16 0 29 10
5 17 16 28 0 29
5 17 24 16 23 10
5 17 0 5 11 9
5 17 15 0 5 9
5 17 14 15 12 5
5 17 8 0 29 9
5 17 15 8 29 9
5 17 15 8 0 9
5 17 16 0 23 10
5 17 16 28 0 23
5 17 15 18 0 23
5 17 28 8 0 29
5 17 15 28 8 29
5 17 15 28 8 0
5 17 18 0 5 11
5 17 15 18 0 5
5 20 17 21 32 29
5 20 17 14 32 29
5 20 17 21 29 9
5 20 17 14 29 9
5 20 21 10 11 9
5 20 17 10 11 9
5 20 17 21 10 9
5 20 17 21 10 11
5 20 14 5 11 9
5 20 17 5 11 9
5 20 17 14 5 9
5 20 19 22 32 31
5 20 14 22 32 31
5 20 14 19 22 32
5 20 14 15 19 32
5 20 17 15 19 32
5 20 17 14 15 32
5 20 17 14 15 12
5 20 17 14 12 5
5 20 14 12 22 5
5 20 14 15 19 22
5 20 14 15 12 22
5 20 15 19 18 22
5 20 15 12 18 22
5 20 12 18 22 5
5 25 20 21 32 31
5 25 20 17 21 32
5 25 6 21 32 31
5 25 6 7 21 31
5 25 6 27 21 32
5 25 17 27 21 32
5 25 6 19 32 31
5 25 20 19 32 31
5 25 20 17 19 32
5 25 20 17 21 11
5 25 6 19 7 31
5 25 17 6 19 7
5 25 6 24 7 21
5 25 17 24 7 21
5 25 6 19 27 32
5 25 17 19 27 32
5 25 17 6 19 27
5 25 6 24 27 21
5 25 17 24 27 21
5 25 6 24 27 7
5 25 17 24 27 7
5 25 17 6 27 7
5 30 17 15 12 5
5 30 20 17 12 5
5 30 20 17 15 12
5 30 15 12 18 5
5 30 20 12 18 5
5 30 20 15 12 18
5 30 17 15 18 5
5 30 17 15 19 18
5 30 20 15 19 18
5 30 20 17 15 19
5 30 17 18 5 11
5 30 20 17 5 11
5 30 17 19 18 7
5 30 18 26 5 11
5 30 18 7 23 11
5 30 17 18 7 23
5 30 20 5 11 31
5 30 20 22 5 31
5 30 20 18 22 5
5 30 25 20 17 11
5 30 19 18 22 7
5 30 20 19 18 22
5 30 25 17 19 7
5 30 25 20 17 19
5 30 18 13 26 11
5 30 18 7 13 11
5 30 18 7 13 26
5 30 7 23 10 11
5 30 17 7 23 10
5 30 18 0 23 11
5 30 17 18 0 11
5 30 17 18 0 23
5 30 22 26 5 31
5 30 18 22 26 5
5 30 18 22 7 26
5 30 20 19 22 31
5 30 25 17 21 11
5 30 25 17 7 21
5 30 25 19 7 31
5 30 25 20 19 31
5 30 7 13 26 31
5 30 0 23 10 11
5 30 17 0 10 11
5 30 17 0 23 10
5 30 17 21 10 11
5 30 17 7 21 10
5 30 19 7 26 31
5 30 19 22 26 31
5 30 19 22 7 26
5 30 25 7 21 31
5 30 20 21 11 31
5 30 25 20 21 31
5 30 25 20 21 11
5 30 7 21 13 31
5 30 21 13 10 11
5 30 7 13 10 11
5 30 7 21 13 10
