219
5 17 11 5 4 16
5 17 14 5 4 16
5 17 11 5 4 2
5 10 11 5 15 16
5 20 11 5 4 2
5 8 20 11 2 3
5 8 17 11 4 2
5 8 20 11 4 2
5 23 10 7 15 16
5 23 17 14 0 16
5 23 7 15 0 16
5 12 20 11 5 4
5 12 20 10 7 4
5 19 8 17 11 4
5 19 17 11 4 16
5 19 8 20 11 4
5 19 12 11 5 4
5 19 12 10 5 4
5 19 12 10 11 5
5 19 12 10 7 4
5 19 11 5 4 16
5 19 10 5 4 16
5 19 10 11 5 16
5 19 8 21 11 3
5 19 8 20 11 3
5 19 12 20 11 3
5 19 12 20 11 4
5 19 12 20 21 3
5 19 10 11 15 16
5 19 10 7 15 16
5 25 19 12 20 21
5 25 12 21 7 3
5 25 12 20 21 3
5 25 8 21 0 3
5 25 8 0 2 3
5 6 23 17 14 0
5 6 23 17 0 16
5 6 23 17 14 16
5 6 25 21 7 0
5 6 19 8 17 21
5 6 25 19 20 21
5 6 23 7 0 16
5 6 25 23 7 0
5 6 23 20 7 4
5 6 25 23 20 7
5 6 21 7 0 16
5 6 17 21 0 16
5 6 19 20 21 3
5 6 19 8 21 3
5 6 19 8 20 3
5 6 25 20 21 3
5 6 19 17 4 16
5 6 23 10 7 16
5 6 23 10 7 4
5 6 19 21 7 16
5 6 19 17 21 16
5 6 19 12 21 7
5 6 25 12 21 7
5 6 25 19 12 21
5 6 12 20 7 4
5 6 19 12 7 4
5 6 19 12 20 4
5 6 25 12 20 7
5 6 25 19 12 20
5 6 19 10 4 16
5 6 19 10 7 16
5 6 19 10 7 4
5 9 6 17 14 4
5 9 17 14 0 2
5 9 6 17 14 0
5 9 8 20 17 4
5 9 6 23 14 0
5 9 8 17 0 2
5 9 19 8 17 4
5 9 6 19 17 4
5 9 6 19 8 17
5 9 19 8 20 4
5 9 6 19 20 4
5 9 6 19 8 20
5 9 25 8 0 2
5 9 8 17 21 0
5 9 6 17 21 0
5 9 6 8 17 21
5 9 6 8 20 3
5 9 6 25 20 3
5 9 25 8 21 0
5 9 6 25 21 0
5 9 25 8 21 3
5 9 6 8 21 3
5 9 6 25 21 3
5 13 6 23 14 16
5 13 6 23 14 4
5 13 6 10 4 16
5 13 6 23 10 16
5 13 6 23 10 4
5 13 23 10 15 16
5 13 14 5 15 16
5 13 14 5 4 16
5 13 17 14 4 16
5 13 6 17 4 16
5 13 6 17 14 16
5 13 6 17 14 4
5 13 14 15 0 16
5 13 23 15 0 16
5 13 23 14 0 16
5 24 12 20 10 7
5 24 20 10 7 4
5 24 23 10 7 4
5 24 23 20 7 4
5 24 25 23 20 7
5 24 25 12 20 7
5 24 13 23 14 4
5 24 6 20 14 4
5 24 6 23 14 4
5 24 6 23 20 4
5 24 6 25 23 20
5 1 12 10 7 15
5 1 24 12 10 7
5 1 12 10 5 4
5 1 23 10 7 15
5 1 24 23 10 7
5 1 12 20 5 4
5 1 12 20 10 4
5 1 24 20 10 4
5 1 24 12 20 10
5 1 24 25 0 2
5 1 24 25 12 20
5 1 24 25 12 7
5 1 20 11 2 3
5 1 20 11 5 2
5 1 25 12 20 3
5 1 12 11 5 3
5 1 12 20 11 3
5 1 12 20 11 5
5 1 25 23 7 0
5 1 24 25 23 0
5 1 24 25 23 7
5 22 13 23 10 4
5 22 24 23 10 4
5 22 24 13 23 4
5 22 1 24 10 4
5 22 13 23 10 15
5 22 1 10 5 4
5 22 24 13 14 4
5 22 1 23 10 15
5 22 1 24 23 10
5 22 1 13 23 15
5 22 10 5 4 16
5 22 13 5 4 16
5 22 13 10 4 16
5 22 13 14 5 4
5 22 1 10 5 15
5 22 10 5 15 16
5 22 13 5 15 16
5 22 13 10 15 16
5 22 24 20 14 4
5 22 1 24 20 4
5 22 24 13 23 14
5 22 1 13 23 0
5 22 1 24 0 2
5 22 1 24 23 0
5 22 17 5 4 2
5 22 17 14 5 2
5 22 17 14 5 4
5 22 20 5 4 2
5 22 1 20 5 2
5 22 1 20 5 4
5 22 13 14 0 2
5 22 13 23 14 0
5 22 24 14 0 2
5 22 24 23 14 0
5 18 22 20 14 4
5 18 6 20 14 4
5 18 9 6 14 4
5 18 9 6 20 4
5 18 9 17 14 4
5 18 22 17 14 4
5 18 9 20 17 4
5 18 22 24 20 14
5 18 24 6 20 14
5 18 9 17 14 2
5 18 22 17 14 2
5 18 22 17 4 2
5 18 22 20 4 2
5 18 22 24 14 2
5 18 9 6 23 14
5 18 24 6 23 14
5 18 9 6 25 20
5 18 24 6 25 20
5 18 8 17 4 2
5 18 8 20 4 2
5 18 8 20 17 4
5 18 9 8 17 2
5 18 9 8 20 17
5 18 9 14 0 2
5 18 24 14 0 2
5 18 22 1 20 2
5 18 22 1 24 2
5 18 22 1 24 20
5 18 9 23 14 0
5 18 24 23 14 0
5 18 9 6 23 0
5 18 9 6 25 0
5 18 8 20 2 3
5 18 9 8 20 3
5 18 9 25 0 2
5 18 24 25 0 2
5 18 9 25 20 3
5 18 1 24 25 2
5 18 1 24 25 20
5 18 6 25 23 0
5 18 24 25 23 0
5 18 24 6 25 23
5 18 25 8 2 3
5 18 9 25 8 3
5 18 9 25 8 2
5 18 1 20 2 3
5 18 1 25 2 3
5 18 1 25 20 3
