202
5 16 2 21 24 17
5 16 2 21 24 13
5 16 2 1 11 13
5 16 2 11 17 12
5 16 2 1 11 12
5 9 21 18 24 17
5 9 21 18 24 13
5 9 2 21 24 12
5 9 10 18 24 13
5 9 15 10 18 6
5 9 15 10 3 6
5 7 10 1 24 4
5 7 15 10 24 4
5 7 9 15 10 3
5 7 15 10 1 6
5 7 15 10 3 6
5 7 9 10 24 13
5 7 16 1 24 4
5 7 16 3 24 4
5 7 16 3 1 4
5 7 16 3 1 24
5 7 15 10 18 24
5 7 9 10 18 24
5 7 9 15 18 24
5 7 9 15 10 18
5 25 2 21 24 13
5 25 9 21 24 13
5 25 9 2 21 24
5 25 9 1 24 13
5 25 9 2 21 12
5 25 16 1 24 13
5 25 16 2 24 13
5 25 16 2 1 13
5 25 9 2 24 12
5 25 9 21 18 13
5 25 16 2 24 12
5 25 16 2 1 12
5 25 2 1 11 12
5 25 2 1 11 13
5 25 9 3 24 12
5 25 9 3 1 24
5 25 16 3 24 12
5 25 16 3 1 12
5 25 16 3 1 24
5 20 25 21 18 13
5 20 25 0 18 13
5 20 25 0 21 18
5 20 21 18 24 13
5 20 25 0 11 13
5 20 16 21 24 17
5 20 16 21 24 13
5 20 25 0 11 12
5 20 25 0 21 12
5 20 25 2 11 13
5 20 25 2 21 13
5 20 2 11 17 12
5 20 2 21 17 12
5 20 16 2 11 17
5 20 16 2 21 17
5 20 16 2 11 13
5 20 16 2 21 13
5 20 25 2 11 12
5 20 25 2 21 12
5 8 15 10 18 6
5 8 16 11 22 4
5 8 16 1 11 13
5 8 10 1 24 4
5 8 16 1 24 4
5 8 15 10 1 6
5 8 7 10 1 4
5 8 7 15 1 4
5 8 7 15 10 4
5 8 7 15 10 1
5 5 20 0 18 13
5 5 20 0 11 13
5 5 20 0 18 22
5 5 8 10 18 6
5 5 8 1 11 13
5 5 8 16 11 13
5 5 0 18 22 6
5 5 8 18 22 6
5 5 8 0 22 6
5 23 20 16 11 13
5 23 5 16 11 13
5 23 5 20 11 13
5 23 20 16 24 17
5 23 20 16 24 13
5 23 5 8 16 13
5 23 16 11 22 17
5 23 20 11 22 17
5 23 20 16 11 17
5 23 8 16 11 22
5 23 5 8 16 11
5 23 20 0 11 22
5 23 5 20 0 22
5 23 5 20 0 11
5 23 5 8 10 13
5 23 5 10 18 13
5 23 5 20 18 13
5 23 20 18 22 17
5 23 5 20 18 22
5 23 8 0 11 22
5 23 5 8 0 22
5 23 5 8 0 11
5 23 16 24 4 17
5 23 8 16 24 4
5 23 10 18 24 13
5 23 20 18 24 13
5 23 5 8 10 18
5 23 16 22 4 17
5 23 8 16 22 4
5 23 5 8 18 22
5 23 10 1 24 13
5 23 16 1 24 13
5 23 8 10 1 13
5 23 8 16 1 13
5 23 8 10 1 24
5 23 8 16 1 24
5 23 15 10 18 24
5 23 21 18 24 17
5 23 20 21 24 17
5 23 20 21 18 17
5 23 20 21 18 24
5 23 8 15 10 18
5 23 15 10 24 4
5 23 8 10 24 4
5 23 8 15 10 4
5 23 18 24 4 17
5 23 15 18 24 4
5 23 18 22 6 4
5 23 8 22 6 4
5 23 8 18 22 6
5 23 15 18 6 4
5 23 8 15 6 4
5 23 8 15 18 6
5 14 25 0 18 13
5 14 5 0 18 13
5 14 8 10 1 13
5 14 5 8 1 13
5 14 5 8 10 13
5 14 5 0 18 6
5 14 25 9 1 13
5 14 25 9 3 1
5 14 5 8 10 6
5 14 5 10 18 6
5 14 5 10 18 13
5 14 25 9 18 13
5 14 10 1 24 13
5 14 7 10 24 13
5 14 7 10 1 24
5 14 7 9 10 13
5 14 7 9 10 3
5 14 7 3 1 6
5 14 7 10 1 6
5 14 7 10 3 6
5 14 9 10 3 6
5 14 9 10 18 6
5 14 9 10 18 13
5 14 9 1 24 13
5 14 7 9 24 13
5 14 9 3 1 24
5 14 7 3 1 24
5 14 7 9 3 24
5 19 14 25 1 13
5 19 14 25 0 13
5 19 25 1 11 13
5 19 25 0 11 13
5 19 14 5 1 13
5 19 14 5 0 13
5 19 14 25 0 12
5 19 5 1 11 13
5 19 5 0 11 13
5 19 25 1 11 12
5 19 25 0 11 12
5 19 14 5 8 1
5 19 25 3 1 12
5 19 14 25 3 1
5 19 5 8 1 11
5 19 5 8 0 11
5 19 5 8 0 6
5 19 14 5 0 6
5 19 14 5 8 6
5 19 14 3 1 6
5 19 16 11 4 12
5 19 16 1 11 12
5 19 8 10 1 6
5 19 14 10 1 6
5 19 14 8 10 6
5 19 14 8 10 1
5 19 8 16 11 4
5 19 8 16 1 4
5 19 8 16 1 11
5 19 8 11 22 4
5 19 8 0 11 22
5 19 8 15 6 4
5 19 8 15 1 4
5 19 8 15 1 6
5 19 7 3 1 4
5 19 7 3 1 6
5 19 7 15 1 4
5 19 7 15 1 6
5 19 7 15 3 6
