4
33
-1.05045 -4.41961 -9.23619 -3.09644
-6.96594 4.05519 0.693619 1.17702
1.92203 -9.90081 3.22089 6.70314
-5.32195 -3.16542 -1.33473 -7.0844
-2.37738 -0.0814243 -4.85416 -5.37453
6.16434 9.39233 -4.71701 -0
-0.229247 -8.10987 3.4316 -0
9.44182 0.664213 7.41292 -0
9.93535 -0.83582 -3.66259 -0
-4.56098 -1.0458 -2.09485 -0
-6.72518 -5.34825 5.58147 -0
-7.55687 3.66845 9.20142 -0
-0 -3.12934 4.68981 -5.94205
-0 3.92117 9.96511 -3.11772
-0 4.04117 5.33263 4.95838
-0 1.03279 4.13664 -6.67348
-0 -0.777517 4.68391 8.08183
-0 0.532885 6.02307 -0.990021
-0 -9.37366 -4.82832 -4.84904
9.52717 -0 8.01504 -7.68319
-0.931803 -0 -3.76866 -0.943472
-8.35394 -0 -2.4716 -4.36819
3.95011 -0 3.32033 -6.71477
-2.50576 -0 3.30775 1.00454
-8.65556 -0 5.5508 -6.0142
2.5054 -0 6.4785 6.58166
-7.4076 -8.33344 -0 8.15432
-9.84237 9.28842 -0 -3.79757
5.03498 5.72076 -0 2.44076
0.865756 7.71541 -0 -4.8312
-1.27839 4.54588 -0 -6.34583
-0.573714 -5.38024 -0 -6.59098
-9.42879 -0.648429 -0 7.82757
