4
33
7.55077 0.618546 -6.70182 -8.08767
8.76955 8.31934 7.19306 -8.60865
-9.73598 3.82506 -9.44567 4.21457
2.30481 0.797523 -3.36492 -2.90521
5.04444 -0.590738 -3.10639 -1.79434
-7.4076 -8.33344 -0 8.15432
-9.84237 9.28842 -0 -3.79757
5.03498 5.72076 -0 2.44076
0.865756 7.71541 -0 -4.8312
-1.27839 4.54588 -0 -6.34583
-0.573714 -5.38024 -0 -6.59098
-9.42879 -0.648429 -0 7.82757
3.90755 1.39524 6.14736 -0
-2.45974 8.02722 3.2265 -0
-8.25643 -7.11376 -5.49265 -0
-7.89792 8.13651 3.45586 -0
-5.0904 -3.10447 -5.85757 -0
-1.19789 -0.727072 4.79497 -0
-4.82546 -2.37225 -5.7639 -0
-0 1.73034 9.16549 -4.02907
-0 -0.756197 -3.07015 2.80889
-0 -0.664168 -5.87381 -8.88553
-0 4.12549 -1.0011 8.05796
-0 -0.427111 -2.53194 5.50909
-0 -0.636116 1.00271 -8.39942
-0 7.44086 6.9017 0.255205
9.58538 -0 0.428313 1.35676
-8.87078 -0 3.42581 3.64664
-6.24915 -0 -6.38065 3.63286
1.24209 -0 8.43339 4.6384
9.33838 -0 -8.29224 -3.24343
5.66598 -0 5.48162 2.83457
5.02253 -0 -0.92675 -9.55762
