4
26
0.0404591 -8.01468 1.98748 -8.25286
-4.94841 1.71329 -1.94932 -0.419839
-1.75431 -8.39774 -6.47219 0.480935
-2.25486 3.03392 4.91809 7.29144
8.56439 8.74786 -3.97131 -8.47165
-0 -3.12934 4.68981 -5.94205
-0 3.92117 9.96511 -3.11772
-0 4.04117 5.33263 4.95838
-0 1.03279 4.13664 -6.67348
-0 -0.777517 4.68391 8.08183
-0 0.532885 6.02307 -0.990021
-0 -9.37366 -4.82832 -4.84904
-8.54706 -9.64493 -9.44364 -0
-1.34026 -4.40405 2.36668 -0
-4.02834 -1.02678 4.08607 -0
2.40623 4.9721 8.76428 -0
2.66647 -0.676133 -9.12584 -0
9.99621 -6.96047 -1.93054 -0
7.56454 -4.90401 9.0264 -0
-6.39822 2.27916 -0 -8.00427
3.05763 -8.67122 -0 0.564283
2.73947 -8.2807 -0 2.35567
8.88958 -7.07155 -0 -9.4058
9.35938 -2.6239 -0 -3.94876
4.62302 0.0245069 -0 6.044
-5.39153 -5.04563 -0 3.04985
