4
26
1.13988 -6.53959 1.32009 -1.51702
7.18214 4.31061 -2.02173 -4.96924
6.56589 3.59252 2.25572 6.75749
-9.44808 -1.85219 3.94325 5.01574
8.4912 7.34855 -8.79803 -0.428789
3.85162 -0 9.59255 -6.17703
2.98064 -0 -9.82007 2.98822
9.87974 -0 -0.613121 -2.24778
0.670534 -0 -8.18855 9.56617
8.90617 -0 -0.825379 2.05298
-3.08123 -0 3.07246 6.09366
5.44648 -0 -6.46079 -3.53719
3.11994 9.90124 -0 -9.44794
1.82621 -3.06116 -0 -7.57818
0.800047 1.50405 -0 -1.86395
4.77637 -9.97748 -0 -2.39491
-6.82866 9.80109 -0 -3.50881
2.06271 2.85311 -0 -0.396917
-3.7572 1.50673 -0 -1.593
2.77802 -9.058 4.48031 -0
-2.64033 -3.95464 5.52328 -0
-6.67769 7.03981 6.99885 -0
0.409624 -2.65802 -1.6457 -0
-2.21054 -8.70303 2.90807 -0
-0.357426 -2.2572 -2.03457 -0
-0.121722 4.89862 4.8361 -0
