4
26
-5.72369 9.85587 9.5754 4.46662
6.77329 -1.19831 -6.08257 -2.77673
-8.65613 9.25388 9.03767 0.367862
5.3417 -0.628651 -9.15577 -7.2883
9.16784 8.80084 4.94925 9.00168
9.58538 -0 0.428313 1.35676
-8.87078 -0 3.42581 3.64664
-6.24915 -0 -6.38065 3.63286
1.24209 -0 8.43339 4.6384
9.33838 -0 -8.29224 -3.24343
5.66598 -0 5.48162 2.83457
5.02253 -0 -0.92675 -9.55762
8.36334 -4.70193 -0 -1.81884
2.97957 -0.00251429 -0 -5.87575
5.07839 3.05779 -0 -5.05403
4.72081 -5.50463 -0 9.22512
-3.36725 4.90164 -0 -3.01547
9.0436 7.24752 -0 -6.80659
5.93938 -6.89306 -0 -2.98582
2.77802 -9.058 4.48031 -0
-2.64033 -3.95464 5.52328 -0
-6.67769 7.03981 6.99885 -0
0.409624 -2.65802 -1.6457 -0
-2.21054 -8.70303 2.90807 -0
-0.357426 -2.2572 -2.03457 -0
-0.121722 4.89862 4.8361 -0
