4
33
-4.23475 6.24187 2.21854 -2.60966
-7.32445 -2.59296 7.29439 -4.28719
-8.52101 8.93977 -1.57163 7.28262
-6.54052 -4.18086 2.81175 -8.52224
-8.70285 -5.30703 3.02087 -0.862326
-0 5.7749 -8.83142 6.5297
-0 -9.44131 -0.00814618 -0.255851
-0 -2.95862 -7.88081 -1.57604
-0 2.48217 4.53479 7.65968
-0 9.07123 6.69286 0.749063
-0 4.46891 -1.25047 -9.35419
-0 7.92781 -9.89434 -2.43856
2.84477 -0 2.23596 7.94832
-4.25576 -0 -9.13974 -7.80289
6.68603 -0 5.07337 7.36775
2.86609 -0 2.61077 6.10934
-4.56452 -0 5.67138 -6.24935
4.93089 -0 1.53981 0.644652
-2.65095 -0 -6.43111 4.49119
0.692671 -9.20787 -0 2.86067
9.63284 -3.31659 -0 2.40557
8.79034 -4.72719 -0 -5.94617
-0.727999 -8.20899 -0 6.67427
-4.11651 -1.42308 -0 -1.71795
-0.0536623 -4.2171 -0 -7.87027
8.85373 -4.2941 -0 -0.671892
-8.54706 -9.64493 -9.44364 -0
-1.34026 -4.40405 2.36668 -0
-4.02834 -1.02678 4.08607 -0
2.40623 4.9721 8.76428 -0
2.66647 -0.676133 -9.12584 -0
9.99621 -6.96047 -1.93054 -0
7.56454 -4.90401 9.0264 -0
