4
33
4.07591 0.647552 5.25696 0.115541
3.0848 8.01902 6.38442 -1.6208
1.11219 -7.4706 0.105587 2.44044
-8.60783 0.140115 6.44146 7.79027
-2.12272 9.83197 -4.80391 9.2206
-0.99496 -0 -2.59335 1.91134
-9.33055 -0 -7.37234 -4.81195
4.33693 -0 -9.49044 -3.82594
-1.51605 -0 1.50769 -4.24375
-4.90695 -0 -0.0390134 3.09133
-4.25357 -0 -2.93905 -5.16765
8.04568 -0 3.48706 4.47139
-0 -3.66705 8.16259 6.75543
-0 7.04486 9.80825 2.36984
-0 3.36461 -9.65189 -6.0375
-0 -3.7659 -8.72741 3.81924
-0 -1.48267 -5.32365 2.09475
-0 0.162669 -8.27319 5.68371
-0 3.3357 2.53922 -3.64075
3.11994 9.90124 -0 -9.44794
1.82621 -3.06116 -0 -7.57818
0.800047 1.50405 -0 -1.86395
4.77637 -9.97748 -0 -2.39491
-6.82866 9.80109 -0 -3.50881
2.06271 2.85311 -0 -0.396917
-3.7572 1.50673 -0 -1.593
-7.35076 1.92203 0.614834 -0
-0.438106 2.10143 1.24459 -0
8.50422 5.37036 -1.05877 -0
-4.2786 3.89114 -7.76135 -0
-2.7322 -1.49758 -9.43688 -0
-9.36156 -5.77381 -7.08933 -0
-3.05491 -3.12259 -6.09479 -0
