4
33
-4.06894 3.83857 0.817813 3.71413
1.43541 1.88886 1.84861 6.0458
-0.254187 -5.82431 4.40991 -8.19764
-6.71221 -2.03957 1.97204 -1.11245
3.93918 8.55255 3.17557 -9.40022
7.99823 5.25442 -0 4.18169
-4.25266 -2.13967 -0 -0.661429
-0.978022 8.46629 -0 -6.97119
-0.896847 2.57438 -0 2.4654
-5.43889 -1.22422 -0 8.71615
3.43014 -8.72554 -0 9.92267
1.36173 -0.572641 -0 2.28898
-0 -8.52205 8.45582 -7.97205
-0 8.30527 4.90601 0.686624
-0 -7.42567 -4.03682 -7.52473
-0 9.82931 -4.16273 -6.61531
-0 -4.09697 8.62104 5.17371
-0 -0.305771 -1.84805 6.08336
-0 0.437687 5.31771 9.4392
3.85162 -0 9.59255 -6.17703
2.98064 -0 -9.82007 2.98822
9.87974 -0 -0.613121 -2.24778
0.670534 -0 -8.18855 9.56617
8.90617 -0 -0.825379 2.05298
-3.08123 -0 3.07246 6.09366
5.44648 -0 -6.46079 -3.53719
3.90755 1.39524 6.14736 -0
-2.45974 8.02722 3.2265 -0
-8.25643 -7.11376 -5.49265 -0
-7.89792 8.13651 3.45586 -0
-5.0904 -3.10447 -5.85757 -0
-1.19789 -0.727072 4.79497 -0
-4.82546 -2.37225 -5.7639 -0
