4
33
-8.80585 7.77946 -1.3905 -2.8845
-5.59469 -7.88945 7.626 4.41091
9.4035 3.75811 7.88637 5.94143
-9.39617 8.99561 0.928093 -2.77275
-4.96928 0.404833 -2.53088 7.89706
-0 5.7749 -8.83142 6.5297
-0 -9.44131 -0.00814618 -0.255851
-0 -2.95862 -7.88081 -1.57604
-0 2.48217 4.53479 7.65968
-0 9.07123 6.69286 0.749063
-0 4.46891 -1.25047 -9.35419
-0 7.92781 -9.89434 -2.43856
-0.99496 -0 -2.59335 1.91134
-9.33055 -0 -7.37234 -4.81195
4.33693 -0 -9.49044 -3.82594
-1.51605 -0 1.50769 -4.24375
-4.90695 -0 -0.0390134 3.09133
-4.25357 -0 -2.93905 -5.16765
8.04568 -0 3.48706 4.47139
7.99823 5.25442 -0 4.18169
-4.25266 -2.13967 -0 -0.661429
-0.978022 8.46629 -0 -6.97119
-0.896847 2.57438 -0 2.4654
-5.43889 -1.22422 -0 8.71615
3.43014 -8.72554 -0 9.92267
1.36173 -0.572641 -0 2.28898
6.16434 9.39233 -4.71701 -0
-0.229247 -8.10987 3.4316 -0
9.44182 0.664213 7.41292 -0
9.93535 -0.83582 -3.66259 -0
-4.56098 -1.0458 -2.09485 -0
-6.72518 -5.34825 5.58147 -0
-7.55687 3.66845 9.20142 -0
