4
26
8.52929 -0.613345 -3.92576 1.47063
-7.26656 -7.08961 -4.7136 9.12159
3.90539 6.29066 -2.77741 9.58998
-5.95602 1.02419 -6.85438 -8.07219
-5.82791 1.18923 7.17493 7.74446
9.52717 -0 8.01504 -7.68319
-0.931803 -0 -3.76866 -0.943472
-8.35394 -0 -2.4716 -4.36819
3.95011 -0 3.32033 -6.71477
-2.50576 -0 3.30775 1.00454
-8.65556 -0 5.5508 -6.0142
2.5054 -0 6.4785 6.58166
-7.35076 1.92203 0.614834 -0
-0.438106 2.10143 1.24459 -0
8.50422 5.37036 -1.05877 -0
-4.2786 3.89114 -7.76135 -0
-2.7322 -1.49758 -9.43688 -0
-9.36156 -5.77381 -7.08933 -0
-3.05491 -3.12259 -6.09479 -0
8.36334 -4.70193 -0 -1.81884
2.97957 -0.00251429 -0 -5.87575
5.07839 3.05779 -0 -5.05403
4.72081 -5.50463 -0 9.22512
-3.36725 4.90164 -0 -3.01547
9.0436 7.24752 -0 -6.80659
5.93938 -6.89306 -0 -2.98582
