4
26
9.17037 -4.08212 -9.38638 2.88905
-5.18377 -9.46507 -6.19368 -3.15778
-6.96063 -8.97758 7.39407 -0.612777
-3.58116 5.99575 2.81535 3.65783
2.53372 8.98481 -1.15267 -6.96925
-0 -8.52205 8.45582 -7.97205
-0 8.30527 4.90601 0.686624
-0 -7.42567 -4.03682 -7.52473
-0 9.82931 -4.16273 -6.61531
-0 -4.09697 8.62104 5.17371
-0 -0.305771 -1.84805 6.08336
-0 0.437687 5.31771 9.4392
0.692671 -9.20787 -0 2.86067
9.63284 -3.31659 -0 2.40557
8.79034 -4.72719 -0 -5.94617
-0.727999 -8.20899 -0 6.67427
-4.11651 -1.42308 -0 -1.71795
-0.0536623 -4.2171 -0 -7.87027
8.85373 -4.2941 -0 -0.671892
-0.37876 7.84549 0.940774 -0
-3.78544 -1.78764 1.22941 -0
-3.69544 8.72095 -8.17015 -0
-1.83213 -8.302 2.8983 -0
-0.0206441 -8.79334 -3.62936 -0
-3.63066 -8.05212 -1.08609 -0
-5.83203 -1.98504 -7.47731 -0
