305
5 12 26 0 13 31
5 12 26 4 2 31
5 12 26 4 13 2
5 6 12 4 13 2
5 6 12 26 2 31
5 6 12 26 13 2
5 6 12 4 2 31
5 11 6 4 20 2
5 11 6 20 2 22
5 11 6 4 2 31
5 11 12 4 31 16
5 11 6 12 4 31
5 8 12 0 31 16
5 15 11 24 4 20
5 15 11 24 20 28
5 15 8 11 28 16
5 15 11 20 28 22
5 15 8 11 28 22
5 3 12 4 13 10
5 3 12 0 31 16
5 3 25 0 31 16
5 3 8 12 13 16
5 3 8 12 0 16
5 3 12 4 31 16
5 29 30 26 0 13
5 29 26 4 2 10
5 29 30 4 13 10
5 29 30 24 4 10
5 29 12 4 13 10
5 29 12 26 4 10
5 29 12 26 4 13
5 19 15 8 28 22
5 32 26 2 31 22
5 32 6 26 2 31
5 32 11 2 31 22
5 32 11 6 2 22
5 32 11 6 2 31
5 32 8 26 31 22
5 32 8 11 31 22
5 32 8 11 6 22
5 32 8 11 6 31
5 32 19 8 26 22
5 32 30 26 0 13
5 32 12 26 13 31
5 32 6 12 13 31
5 32 6 12 26 31
5 32 6 12 26 13
5 32 26 0 13 31
5 32 30 26 0 14
5 18 11 6 4 20
5 18 15 11 4 20
5 18 30 6 4 13
5 18 11 6 20 22
5 18 15 11 20 22
5 18 32 30 6 13
5 18 8 11 6 22
5 18 15 8 11 22
5 18 6 12 4 13
5 18 11 6 12 4
5 18 32 8 6 22
5 18 3 12 4 13
5 18 11 12 4 16
5 18 15 8 11 16
5 18 32 6 13 31
5 18 32 8 13 31
5 18 32 8 6 31
5 18 8 12 13 16
5 18 3 12 13 16
5 18 3 12 4 16
5 18 6 12 13 31
5 18 8 12 13 31
5 18 11 12 31 16
5 18 8 12 31 16
5 18 8 11 31 16
5 18 11 6 12 31
5 18 8 11 6 31
5 17 8 28 14 16
5 17 19 8 28 14
5 17 32 30 0 14
5 1 29 30 26 14
5 1 29 30 26 13
5 1 29 30 24 14
5 1 6 26 13 2
5 1 26 4 13 2
5 1 29 26 4 2
5 1 29 26 4 13
5 1 29 30 4 13
5 1 32 6 26 2
5 1 29 30 24 4
5 1 6 4 20 2
5 1 6 4 13 2
5 1 30 6 4 13
5 1 32 6 26 13
5 1 32 30 26 13
5 1 32 30 6 13
5 1 15 24 4 20
5 1 18 6 4 20
5 1 18 30 6 20
5 1 18 30 6 4
5 1 18 15 4 20
5 1 18 15 30 20
5 1 18 30 24 4
5 1 18 15 24 4
5 1 18 15 30 24
5 9 12 26 0 13
5 9 29 26 0 13
5 9 29 12 26 13
5 9 29 12 13 10
5 9 29 12 26 10
5 9 3 12 13 10
5 9 3 12 0 13
5 9 12 26 0 31
5 9 3 12 0 31
5 9 29 30 0 13
5 9 12 26 4 10
5 9 12 26 4 31
5 9 29 26 2 10
5 9 30 26 0 14
5 9 29 30 26 14
5 9 29 30 26 0
5 9 3 25 0 31
5 9 3 12 4 10
5 9 3 12 4 31
5 9 17 30 0 14
5 9 26 4 2 10
5 9 1 26 2 14
5 9 1 29 26 14
5 9 1 29 26 2
5 9 3 25 4 10
5 9 3 25 4 31
5 9 29 30 24 14
5 9 17 30 24 14
5 21 1 15 24 20
5 21 1 15 30 20
5 21 1 15 30 24
5 21 15 24 20 28
5 21 17 15 30 24
5 21 1 30 24 14
5 21 15 20 28 22
5 21 19 15 28 22
5 21 17 15 24 28
5 21 17 30 24 14
5 21 17 24 28 14
5 21 17 19 28 14
5 21 19 15 8 28
5 21 17 15 8 28
5 21 17 19 8 28
5 21 17 19 15 8
5 5 18 11 4 16
5 5 18 15 11 16
5 5 18 15 11 4
5 5 15 11 24 4
5 5 18 15 24 4
5 5 11 24 4 28
5 5 15 11 28 16
5 5 15 11 24 28
5 5 17 15 24 28
5 5 3 25 4 16
5 5 18 3 4 16
5 5 15 8 28 16
5 5 17 8 28 16
5 5 17 15 8 28
5 5 3 25 4 10
5 5 30 24 4 10
5 5 18 30 24 4
5 5 18 15 8 16
5 5 17 18 15 13
5 5 18 3 13 16
5 5 3 4 13 10
5 5 18 3 4 13
5 5 30 4 13 10
5 5 18 30 4 13
5 5 18 15 30 13
5 5 18 15 30 24
5 5 17 15 30 13
5 5 17 15 30 24
5 7 9 17 0 14
5 7 9 17 24 14
5 7 9 17 30 24
5 7 5 17 30 24
5 7 9 3 0 13
5 7 9 3 25 0
5 7 17 30 0 13
5 7 9 30 0 13
5 7 9 17 30 0
5 7 5 17 30 13
5 7 17 28 14 16
5 7 17 24 28 14
5 7 5 24 28 16
5 7 5 17 28 16
5 7 5 17 24 28
5 7 9 29 24 10
5 7 9 29 30 24
5 7 5 3 13 10
5 7 5 3 25 10
5 7 9 3 13 10
5 7 9 3 25 10
5 7 5 30 13 10
5 7 29 30 24 10
5 7 5 30 24 10
5 7 29 30 13 10
5 7 9 29 13 10
5 7 9 29 30 13
5 27 21 1 30 14
5 27 21 17 30 14
5 27 21 17 19 14
5 27 32 30 26 14
5 27 1 30 26 14
5 27 1 32 30 26
5 27 32 19 26 14
5 27 21 17 15 30
5 27 19 26 2 14
5 27 1 26 2 14
5 27 21 19 15 22
5 27 21 1 30 20
5 27 1 32 26 2
5 27 1 32 30 6
5 27 21 19 28 22
5 27 21 1 20 2
5 27 21 15 20 22
5 27 21 15 30 20
5 27 1 30 6 20
5 27 19 26 2 22
5 27 32 26 2 22
5 27 32 19 26 22
5 27 18 32 6 22
5 27 18 32 30 6
5 27 32 6 2 22
5 27 1 32 6 2
5 27 21 20 28 22
5 27 6 20 2 22
5 27 1 6 20 2
5 27 18 15 30 13
5 27 18 32 30 13
5 27 19 15 8 22
5 27 18 15 8 22
5 27 32 19 8 22
5 27 18 32 8 22
5 27 18 6 20 22
5 27 18 15 20 22
5 27 18 30 6 20
5 27 18 15 30 20
5 23 7 17 0 14
5 23 17 19 8 14
5 23 17 32 0 14
5 23 3 8 0 16
5 23 5 17 8 16
5 23 7 5 17 16
5 23 7 3 0 13
5 23 7 17 0 13
5 23 32 26 0 14
5 23 32 19 26 14
5 23 32 19 8 26
5 23 27 32 19 14
5 23 27 17 19 14
5 23 27 32 19 8
5 23 3 25 0 16
5 23 7 25 0 16
5 23 7 3 25 0
5 23 3 12 0 13
5 23 3 8 12 13
5 23 3 8 12 0
5 23 7 5 3 13
5 23 7 5 17 13
5 23 32 26 0 31
5 23 32 8 26 31
5 23 17 32 30 14
5 23 27 32 30 14
5 23 27 17 30 14
5 23 32 0 13 31
5 23 32 8 13 31
5 23 32 30 0 13
5 23 17 30 0 13
5 23 17 32 30 0
5 23 17 19 15 8
5 23 27 19 15 8
5 23 5 3 25 16
5 23 7 5 25 16
5 23 7 5 3 25
5 23 3 8 13 16
5 23 5 3 13 16
5 23 12 0 13 31
5 23 8 12 13 31
5 23 8 12 0 31
5 23 5 17 18 13
5 23 27 32 30 13
5 23 18 32 8 13
5 23 27 18 32 13
5 23 27 18 32 8
5 23 21 17 19 15
5 23 27 21 19 15
5 23 27 21 17 15
5 23 27 21 17 19
5 23 18 8 13 16
5 23 5 18 13 16
5 23 5 18 8 16
5 23 17 18 15 13
5 23 5 18 15 8
5 23 5 17 15 8
5 23 5 17 18 15
5 23 17 15 30 13
5 23 27 15 30 13
5 23 27 17 15 30
5 23 27 18 15 13
5 23 27 18 15 8
