208
5 14 7 20 0 17
5 15 20 0 21 17
5 15 12 0 21 17
5 13 12 2 21 18
5 13 12 0 21 17
5 13 20 0 21 17
5 13 15 20 21 17
5 13 15 14 20 17
5 13 15 20 16 21
5 1 16 2 21 18
5 1 12 2 21 18
5 10 16 2 21 18
5 10 1 16 2 21
5 10 13 16 21 18
5 10 13 20 16 21
5 10 13 14 20 21
5 25 13 14 20 16
5 25 13 15 20 16
5 25 13 15 14 20
5 23 14 7 0 17
5 23 14 7 20 17
5 23 25 14 7 20
5 23 13 15 14 17
5 23 25 13 15 14
5 23 15 7 20 17
5 23 25 15 7 20
5 23 15 14 20 17
5 23 25 15 14 20
5 24 12 0 2 21
5 24 1 12 2 21
5 24 1 12 0 21
5 24 1 12 3 2
5 24 1 12 0 3
5 24 10 1 2 21
5 24 1 3 2 4
5 24 1 7 3 4
5 24 10 1 2 4
5 6 15 12 16 21
5 6 1 12 16 21
5 6 15 12 0 21
5 6 1 12 0 21
5 6 1 12 0 3
5 6 15 20 16 21
5 6 15 20 0 21
5 6 25 15 20 16
5 6 25 15 7 20
5 6 7 20 0 17
5 6 15 20 0 17
5 6 15 7 20 17
5 6 12 0 3 17
5 6 15 12 0 17
5 6 24 1 0 3
5 6 24 1 7 3
5 6 23 25 7 3
5 6 23 25 15 7
5 6 23 0 3 17
5 6 23 7 0 17
5 6 23 7 0 3
5 6 23 15 7 17
5 6 23 12 3 17
5 6 14 7 20 0
5 11 10 14 18 4
5 11 25 16 18 4
5 11 25 14 18 4
5 11 1 16 18 4
5 11 10 13 16 18
5 11 10 13 14 18
5 11 25 13 16 18
5 11 25 13 14 18
5 11 25 13 14 16
5 11 1 2 18 4
5 11 10 2 18 4
5 11 10 1 2 4
5 11 1 16 2 18
5 11 10 16 2 18
5 11 10 1 16 2
5 11 13 14 20 16
5 11 10 13 20 16
5 11 10 13 14 20
5 11 25 14 20 16
5 9 25 13 15 16
5 9 23 25 13 15
5 9 25 13 16 18
5 9 6 23 25 3
5 9 13 14 18 4
5 9 25 14 18 4
5 9 25 13 14 18
5 9 23 25 13 14
5 9 23 25 7 3
5 8 6 20 16 21
5 8 6 1 16 21
5 8 10 20 16 21
5 8 10 1 16 21
5 8 10 14 20 21
5 8 24 10 1 21
5 8 11 10 20 16
5 8 11 10 1 16
5 8 14 20 0 21
5 8 6 20 0 21
5 8 6 14 20 0
5 8 24 1 0 21
5 8 6 1 0 21
5 8 6 24 1 0
5 8 24 10 1 4
5 8 11 10 1 4
5 8 24 1 7 4
5 8 6 1 7 4
5 8 6 24 1 7
5 19 6 1 12 16
5 19 6 1 12 3
5 19 9 6 25 3
5 19 25 16 18 4
5 19 9 25 16 18
5 19 9 12 3 18
5 19 1 16 18 4
5 19 1 12 16 18
5 19 1 3 2 4
5 19 1 12 3 2
5 19 11 1 16 4
5 19 11 25 16 4
5 19 3 2 18 4
5 19 12 3 2 18
5 19 9 3 18 4
5 19 9 25 18 4
5 19 9 25 3 4
5 19 1 7 3 4
5 19 6 1 7 4
5 19 6 1 7 3
5 19 25 7 3 4
5 19 6 25 7 3
5 19 1 2 18 4
5 19 1 12 2 18
5 22 8 6 1 16
5 22 8 11 1 16
5 22 19 6 1 16
5 22 19 11 1 16
5 22 8 6 20 16
5 22 8 11 20 16
5 22 19 6 25 16
5 22 19 11 25 16
5 22 6 25 20 16
5 22 11 25 20 16
5 22 8 6 14 20
5 22 8 6 1 4
5 22 19 6 1 4
5 22 8 11 1 4
5 22 19 11 1 4
5 22 19 6 25 7
5 22 11 25 14 20
5 22 11 10 14 20
5 22 8 10 14 20
5 22 8 11 10 20
5 22 8 6 7 4
5 22 19 6 7 4
5 22 19 25 7 4
5 22 19 11 25 4
5 22 25 14 7 20
5 22 6 14 7 20
5 22 6 25 7 20
5 22 11 10 14 4
5 22 8 10 14 4
5 22 8 11 10 4
5 22 6 14 7 0
5 22 8 14 7 0
5 22 8 6 7 0
5 22 8 6 14 0
5 22 25 14 7 4
5 22 11 25 14 4
5 5 19 6 12 3
5 5 19 9 12 3
5 5 19 9 6 3
5 5 6 23 12 3
5 5 9 23 12 3
5 5 9 6 23 3
5 5 6 15 12 16
5 5 19 6 12 16
5 5 6 15 12 17
5 5 6 23 12 17
5 5 6 23 15 17
5 5 6 23 25 15
5 5 9 23 25 15
5 5 9 6 23 25
5 5 9 13 15 16
5 5 19 12 16 18
5 5 19 9 16 18
5 5 19 9 12 18
5 5 6 25 15 16
5 5 9 25 15 16
5 5 19 6 25 16
5 5 19 9 25 16
5 5 19 9 6 25
5 5 23 13 12 17
5 5 9 23 13 12
5 5 23 13 15 17
5 5 9 23 13 15
5 5 15 12 16 21
5 5 13 15 16 21
5 5 9 13 16 18
5 5 9 13 12 18
5 5 15 12 21 17
5 5 13 12 21 17
5 5 13 15 21 17
5 5 13 16 21 18
5 5 13 12 21 18
5 5 1 16 21 18
5 5 1 12 21 18
5 5 1 12 16 18
5 5 1 12 16 21
