316
5 28 7 4 27 32
5 28 26 4 27 32
5 25 28 26 3 32
5 6 25 28 26 3
5 6 28 26 3 32
5 1 6 25 28 26
5 1 13 28 26 4
5 1 13 6 28 26
5 1 5 13 26 4
5 1 5 13 6 26
5 1 5 6 26 20
5 1 28 26 4 27
5 1 25 28 26 27
5 0 18 21 2 3
5 0 8 30 2 3
5 0 30 21 3 29
5 0 8 30 3 29
5 16 18 6 26 20
5 16 1 25 26 20
5 16 1 6 26 20
5 16 1 6 25 26
5 16 18 6 25 3
5 16 1 5 6 20
5 16 30 21 3 29
5 16 1 30 3 29
5 31 1 13 6 3
5 31 6 28 3 32
5 31 16 1 30 3
5 31 16 1 6 3
5 31 1 5 13 6
5 31 6 28 26 32
5 31 13 28 26 32
5 31 13 6 28 26
5 31 16 1 5 30
5 31 16 1 5 6
5 22 18 6 26 32
5 22 31 6 26 32
5 22 31 13 26 32
5 22 18 2 3 32
5 22 18 6 3 32
5 22 31 2 3 32
5 22 31 6 3 32
5 24 31 1 13 30
5 24 31 1 5 30
5 24 31 1 5 13
5 23 0 30 2 3
5 23 0 18 2 3
5 23 22 18 2 3
5 23 0 30 21 3
5 23 0 18 21 3
5 23 31 30 2 3
5 23 22 31 2 3
5 23 16 30 21 3
5 23 16 18 21 3
5 23 0 30 21 29
5 23 0 18 21 29
5 23 24 31 30 2
5 23 24 22 31 2
5 23 31 16 30 3
5 23 16 18 21 20
5 23 0 8 30 2
5 23 24 8 30 2
5 23 24 0 8 30
5 23 16 18 6 3
5 23 31 16 6 3
5 11 0 25 2 27
5 11 25 2 3 32
5 11 18 2 3 32
5 11 25 2 27 32
5 11 25 26 3 32
5 11 22 18 2 32
5 11 6 26 3 32
5 11 18 6 3 32
5 11 18 6 26 32
5 11 6 25 26 3
5 11 18 6 25 3
5 11 22 18 26 32
5 11 28 26 27 32
5 11 25 28 27 32
5 11 25 28 26 32
5 11 25 28 26 27
5 11 1 25 26 27
5 11 1 25 26 20
5 11 22 18 26 20
5 11 16 25 26 20
5 11 16 18 26 20
5 11 16 18 25 20
5 11 16 6 25 26
5 11 16 18 6 26
5 11 16 18 6 25
5 19 16 18 21 20
5 19 16 18 25 20
5 19 11 18 25 20
5 19 11 0 18 20
5 19 16 1 25 20
5 19 16 18 21 3
5 19 16 18 25 3
5 19 0 21 3 29
5 19 11 0 25 27
5 19 11 18 25 3
5 19 11 0 25 2
5 19 0 18 21 2
5 19 11 0 18 2
5 19 25 7 27 29
5 19 0 7 27 29
5 19 0 21 2 3
5 19 11 25 2 3
5 19 18 21 2 3
5 19 11 18 2 3
5 19 16 21 3 29
5 19 16 6 25 3
5 19 16 1 6 3
5 19 16 1 6 25
5 19 0 8 2 3
5 12 24 0 5 8
5 12 16 1 30 29
5 12 16 1 5 30
5 12 24 0 5 30
5 12 0 8 30 29
5 12 24 8 30 29
5 12 24 0 8 30
5 12 24 1 5 30
5 12 1 5 13 4
5 12 24 5 13 4
5 12 24 1 5 13
5 15 12 0 5 8
5 15 12 24 5 8
5 15 12 0 7 29
5 15 12 0 8 29
5 15 11 0 2 27
5 15 11 22 2 32
5 15 22 0 18 2
5 15 11 0 18 2
5 15 11 22 18 2
5 15 11 2 27 32
5 14 22 31 5 13
5 14 24 31 5 13
5 14 24 22 31 5
5 14 15 24 22 5
5 14 24 5 13 4
5 14 22 31 13 32
5 14 5 13 26 4
5 14 22 5 13 26
5 14 12 24 5 4
5 14 15 12 24 5
5 14 22 13 26 32
5 14 12 5 7 4
5 14 15 12 5 7
5 14 28 26 4 32
5 14 13 28 26 32
5 14 13 28 26 4
5 9 15 11 22 18
5 9 11 22 18 20
5 9 11 22 26 20
5 9 15 11 0 18
5 9 14 15 5 7
5 9 14 15 22 5
5 9 15 12 5 7
5 9 15 11 22 32
5 9 11 22 26 32
5 9 14 15 7 32
5 9 14 15 22 32
5 9 12 5 7 4
5 9 15 7 27 32
5 9 15 11 27 32
5 9 1 5 26 4
5 9 1 5 26 20
5 9 11 1 26 20
5 9 14 22 26 32
5 9 14 22 5 26
5 9 12 1 5 4
5 9 14 7 4 32
5 9 14 5 7 4
5 9 7 4 27 32
5 9 12 1 7 4
5 9 15 0 7 27
5 9 15 11 0 27
5 9 1 26 4 27
5 9 11 1 26 27
5 9 14 26 4 32
5 9 14 5 26 4
5 9 26 4 27 32
5 9 11 26 27 32
5 9 11 25 20 27
5 9 11 1 25 27
5 9 11 1 25 20
5 9 1 7 4 27
5 17 23 0 18 29
5 17 11 0 18 20
5 17 9 11 18 20
5 17 9 11 0 18
5 17 0 18 21 29
5 17 23 18 21 29
5 17 23 18 21 20
5 17 23 0 5 30
5 17 12 0 5 30
5 17 9 11 20 27
5 17 9 11 0 27
5 17 9 1 5 20
5 17 9 12 1 5
5 17 15 12 0 5
5 17 9 15 12 5
5 17 19 0 21 29
5 17 19 18 21 20
5 17 19 0 18 20
5 17 19 0 18 21
5 17 23 30 21 29
5 17 23 0 30 29
5 17 12 0 30 29
5 17 16 1 5 20
5 17 12 16 1 5
5 17 23 16 5 30
5 17 12 16 5 30
5 17 19 11 0 27
5 17 19 11 0 20
5 17 9 1 25 20
5 17 12 0 7 29
5 17 15 12 0 7
5 17 9 15 0 7
5 17 9 15 12 7
5 17 19 0 27 29
5 17 16 30 21 29
5 17 23 16 21 20
5 17 23 16 30 21
5 17 12 16 30 29
5 17 19 16 1 20
5 17 11 25 20 27
5 17 19 11 25 27
5 17 19 11 25 20
5 17 9 25 20 27
5 17 0 7 27 29
5 17 9 0 7 27
5 17 19 1 25 20
5 17 12 19 1 25
5 17 12 1 25 7
5 17 9 12 1 7
5 17 12 19 25 29
5 17 19 16 21 29
5 17 19 16 21 20
5 17 19 25 27 29
5 17 19 16 1 29
5 17 12 16 1 29
5 17 12 19 1 29
5 17 1 25 7 27
5 17 9 1 7 27
5 17 9 1 25 27
5 17 25 7 27 29
5 17 12 25 7 29
5 10 15 22 0 2
5 10 15 22 0 18
5 10 9 15 0 18
5 10 9 15 22 18
5 10 9 15 22 5
5 10 22 0 18 2
5 10 23 0 18 2
5 10 23 22 18 2
5 10 23 0 8 2
5 10 15 0 8 2
5 10 23 24 22 2
5 10 15 24 22 2
5 10 17 23 0 18
5 10 17 9 0 18
5 10 15 0 5 8
5 10 17 23 0 5
5 10 17 15 0 5
5 10 17 9 15 5
5 10 17 9 15 0
5 10 15 24 22 5
5 10 23 24 8 2
5 10 15 24 8 2
5 10 9 22 18 20
5 10 24 0 5 8
5 10 23 24 0 8
5 10 15 24 5 8
5 10 24 22 31 5
5 10 23 24 22 31
5 10 17 23 18 20
5 10 17 9 18 20
5 10 17 9 5 20
5 10 22 18 6 3
5 10 23 18 6 3
5 10 23 22 18 3
5 10 9 5 26 20
5 10 9 22 26 20
5 10 9 22 5 26
5 10 24 0 5 30
5 10 23 0 5 30
5 10 23 24 0 30
5 10 24 31 5 30
5 10 23 24 31 30
5 10 17 16 5 20
5 10 17 23 16 20
5 10 17 23 16 5
5 10 18 6 26 20
5 10 22 18 26 20
5 10 22 18 6 26
5 10 5 6 26 20
5 10 16 18 6 20
5 10 23 16 18 20
5 10 23 16 18 6
5 10 16 5 6 20
5 10 22 31 6 3
5 10 23 31 6 3
5 10 23 22 31 3
5 10 22 31 6 26
5 10 31 16 5 6
5 10 23 31 16 6
5 10 31 16 5 30
5 10 23 16 5 30
5 10 23 31 16 30
5 10 5 13 6 26
5 10 31 13 6 26
5 10 31 5 13 6
5 10 22 5 13 26
5 10 22 31 13 26
5 10 22 31 5 13
