178
5 19 25 11 21 15
5 7 11 20 5 15
5 7 20 6 24 18
5 7 11 20 6 18
5 7 19 11 20 15
5 7 21 6 24 18
5 7 11 21 6 18
5 7 25 11 21 15
5 7 25 11 5 15
5 7 19 11 20 6
5 7 19 11 21 15
5 7 19 11 21 6
5 10 11 20 5 15
5 10 25 5 1 15
5 10 25 11 1 15
5 10 25 11 5 15
5 10 22 11 20 5
5 3 21 6 24 18
5 3 11 20 6 18
5 3 11 21 6 18
5 12 3 21 24 18
5 12 3 14 24 18
5 12 3 11 21 18
5 12 3 21 6 24
5 12 3 11 21 6
5 8 12 25 11 21
5 8 10 25 11 1
5 8 10 25 5 1
5 8 10 22 5 1
5 8 10 25 11 5
5 2 7 21 24 18
5 2 7 11 21 18
5 2 22 7 20 18
5 2 22 7 20 5
5 2 7 11 20 18
5 2 7 11 20 5
5 2 7 25 11 21
5 2 7 25 11 5
5 2 22 11 20 18
5 2 22 11 20 5
5 9 8 12 25 21
5 9 8 12 25 14
5 9 12 11 21 6
5 9 8 12 11 21
5 9 19 11 21 6
5 9 19 25 11 21
5 9 8 25 11 21
5 9 12 3 14 24
5 9 12 3 11 6
5 13 2 7 25 5
5 13 7 25 5 15
5 13 2 7 21 24
5 13 2 7 25 21
5 13 2 12 25 21
5 13 25 14 21 24
5 13 12 14 21 24
5 13 12 25 14 21
5 13 12 21 24 18
5 13 2 21 24 18
5 13 2 12 21 18
5 23 8 12 25 11
5 23 8 25 11 5
5 23 8 25 14 5
5 23 8 12 25 14
5 23 8 22 14 5
5 23 2 25 11 5
5 23 2 22 11 5
5 23 13 2 25 5
5 23 13 2 12 25
5 23 12 25 11 21
5 23 2 25 11 21
5 23 2 12 25 21
5 23 2 22 11 18
5 23 10 22 11 5
5 23 8 10 11 5
5 23 8 10 22 5
5 23 8 10 22 11
5 23 13 25 14 5
5 23 13 12 25 14
5 23 12 11 21 18
5 23 2 11 21 18
5 23 2 12 21 18
5 23 22 11 20 18
5 23 13 2 12 18
5 23 12 14 24 18
5 23 13 12 24 18
5 23 13 12 14 24
5 23 13 2 24 18
5 0 12 25 14 21
5 0 9 12 25 21
5 0 9 12 25 14
5 0 25 14 21 24
5 0 12 14 21 24
5 0 9 12 14 24
5 0 12 21 6 24
5 0 9 12 21 6
5 0 7 21 6 24
5 0 9 19 21 6
5 0 9 19 25 21
5 0 13 25 14 24
5 0 9 3 14 24
5 0 9 8 25 1
5 0 9 8 25 14
5 0 12 3 6 24
5 0 9 12 3 24
5 0 9 12 3 6
5 0 13 25 21 24
5 0 13 7 21 24
5 0 13 7 25 21
5 0 7 25 21 15
5 0 19 25 21 15
5 0 19 25 1 15
5 0 9 19 25 1
5 0 13 7 25 15
5 0 7 19 21 15
5 0 7 19 21 6
5 16 10 11 1 15
5 16 19 11 20 15
5 16 10 11 20 15
5 16 8 25 11 1
5 16 9 19 25 1
5 16 9 8 25 1
5 16 9 19 25 11
5 16 9 8 25 11
5 16 25 11 1 15
5 16 19 25 1 15
5 16 19 25 11 15
5 4 16 10 11 20
5 4 23 11 20 18
5 4 23 12 11 18
5 4 23 8 12 11
5 4 12 3 14 18
5 4 10 22 11 20
5 4 8 10 22 11
5 4 16 10 20 1
5 4 8 10 22 1
5 4 23 22 20 18
5 4 23 22 11 20
5 4 23 8 22 11
5 4 23 12 14 18
5 4 23 8 12 14
5 4 3 22 14 18
5 4 23 22 14 18
5 4 23 8 22 14
5 17 9 3 11 6
5 17 3 11 20 6
5 17 9 19 11 6
5 17 16 9 19 11
5 17 16 9 19 1
5 17 9 12 3 11
5 17 19 11 20 6
5 17 16 19 11 20
5 17 4 16 11 20
5 17 16 19 20 1
5 17 4 16 20 1
5 17 3 11 20 18
5 17 4 11 20 18
5 17 4 3 20 18
5 17 16 9 8 11
5 17 16 9 8 1
5 17 12 3 11 18
5 17 4 12 11 18
5 17 4 12 3 18
5 17 9 8 12 11
5 17 4 8 12 11
5 17 4 8 10 11
5 17 4 16 10 11
5 17 4 8 10 1
5 17 4 16 10 1
5 17 9 12 3 14
5 17 9 8 3 14
5 17 9 8 12 14
5 17 4 12 3 14
5 17 4 8 3 14
5 17 4 8 12 14
5 17 8 10 11 1
5 17 16 10 11 1
5 17 16 8 11 1
