310
5 3 5 10 14 9
5 26 0 30 20 2
5 26 23 30 20 2
5 26 3 32 0 20
5 26 32 0 20 2
5 26 32 23 20 2
5 26 19 23 0 2
5 26 19 32 0 2
5 26 19 32 23 2
5 12 19 27 28 22
5 12 21 27 28 22
5 17 23 27 20 28
5 17 23 20 2 28
5 17 32 23 20 2
5 17 19 23 27 28
5 17 12 19 27 28
5 17 12 19 23 28
5 31 19 32 0 2
5 31 12 19 2 22
5 31 12 19 32 2
5 4 6 5 10 28
5 4 23 27 20 28
5 4 6 23 27 28
5 4 26 5 30 9
5 4 26 23 30 20
5 16 26 19 32 0
5 16 31 19 32 0
5 16 31 3 32 0
5 16 26 32 23 20
5 16 26 19 32 23
5 24 6 21 5 10
5 11 24 3 27 29
5 11 17 2 28 29
5 11 24 21 27 29
5 11 3 27 20 28
5 11 17 27 20 28
5 11 12 21 27 28
5 11 17 20 2 28
5 11 17 32 20 2
5 11 24 21 14 29
5 7 3 10 14 9
5 7 3 0 14 9
5 7 3 10 20 9
5 7 32 0 20 2
5 7 3 32 0 20
5 7 26 3 0 20
5 7 5 10 14 9
5 7 4 10 20 9
5 7 0 30 20 2
5 7 26 0 30 20
5 7 4 5 10 9
5 7 4 26 20 9
5 7 4 26 30 9
5 7 4 26 30 20
5 8 19 23 30 27
5 8 26 19 23 30
5 8 4 23 30 27
5 8 4 26 23 30
5 8 16 26 19 23
5 8 4 23 27 20
5 8 4 26 23 20
5 8 16 26 23 20
5 8 4 6 5 30
5 8 4 26 5 30
5 8 4 26 5 9
5 8 4 26 20 9
5 8 24 3 6 27
5 8 24 16 3 27
5 8 3 32 27 20
5 8 16 3 32 27
5 8 26 3 32 20
5 8 16 26 32 20
5 8 3 27 20 28
5 8 4 27 20 28
5 8 4 6 27 28
5 8 7 3 20 9
5 8 7 26 20 9
5 8 7 26 3 20
5 8 16 6 21 27
5 8 24 6 21 27
5 8 24 16 21 27
5 8 26 3 32 0
5 8 16 3 32 0
5 8 16 26 32 0
5 8 4 6 10 28
5 8 4 6 5 10
5 8 24 6 21 5
5 8 7 3 0 9
5 8 7 26 0 9
5 8 7 26 3 0
5 8 3 10 20 9
5 8 3 5 10 9
5 8 4 10 20 9
5 8 4 5 10 9
5 8 16 26 0 9
5 8 3 5 14 9
5 8 21 5 14 9
5 8 24 21 5 14
5 8 16 21 0 9
5 8 3 0 14 9
5 8 24 16 3 21
5 8 21 0 14 9
5 8 24 3 21 14
5 8 16 21 0 14
5 15 16 19 21 22
5 15 19 21 27 22
5 15 8 16 6 21
5 15 16 6 21 27
5 15 16 19 21 27
5 15 21 27 28 22
5 15 6 21 27 28
5 15 19 27 28 22
5 15 8 16 26 19
5 15 8 16 6 27
5 15 8 16 19 27
5 15 6 23 27 28
5 15 19 23 27 28
5 15 8 6 21 5
5 15 16 21 0 22
5 15 8 16 21 9
5 15 8 16 26 9
5 15 8 26 19 30
5 15 16 26 19 0
5 15 8 19 30 27
5 15 19 23 30 27
5 15 8 21 5 9
5 15 8 26 5 9
5 15 8 6 5 30
5 15 8 26 5 30
5 15 16 21 0 9
5 15 16 26 0 9
5 15 16 31 0 22
5 15 16 31 19 22
5 15 16 31 19 0
5 15 8 4 30 27
5 15 8 4 6 27
5 15 8 4 6 30
5 15 4 6 5 30
5 15 12 19 28 22
5 15 12 19 23 28
5 15 4 23 30 28
5 15 4 6 23 28
5 15 4 23 30 27
5 15 4 6 23 27
5 15 26 5 30 9
5 15 26 19 23 30
5 15 26 19 23 0
5 15 31 0 2 22
5 15 31 19 2 22
5 15 31 19 0 2
5 15 19 23 0 2
5 15 26 0 30 2
5 15 26 23 30 2
5 15 26 23 0 2
5 13 24 16 3 21
5 13 24 21 14 29
5 13 24 3 14 29
5 13 24 3 21 14
5 13 16 21 27 29
5 13 24 21 27 29
5 13 24 16 21 27
5 13 16 3 27 29
5 13 24 3 27 29
5 13 24 16 3 27
5 13 31 3 14 29
5 13 8 3 21 14
5 13 8 16 21 14
5 13 8 16 3 21
5 13 16 21 0 14
5 13 31 3 32 29
5 13 16 3 32 29
5 13 16 31 3 32
5 13 31 3 0 14
5 13 16 31 3 0
5 13 8 3 0 14
5 13 8 16 0 14
5 13 8 16 3 0
5 13 21 0 14 22
5 13 16 31 19 22
5 13 16 21 0 22
5 13 16 31 0 22
5 18 11 3 27 29
5 18 11 3 32 29
5 18 16 3 27 29
5 18 16 3 32 29
5 18 16 3 32 27
5 18 3 32 27 20
5 18 11 3 27 20
5 18 11 3 32 20
5 18 11 21 27 29
5 18 11 12 21 29
5 18 11 12 21 27
5 18 11 17 27 20
5 18 11 17 32 20
5 18 16 21 27 29
5 18 16 19 21 27
5 18 13 16 32 29
5 18 17 12 19 27
5 18 17 12 2 29
5 18 11 32 2 29
5 18 11 17 2 29
5 18 11 17 32 2
5 18 17 12 28 29
5 18 11 12 28 29
5 18 11 17 28 29
5 18 17 12 27 28
5 18 11 12 27 28
5 18 11 17 27 28
5 18 17 23 27 20
5 18 17 32 23 20
5 18 13 16 21 29
5 18 16 31 19 32
5 18 13 16 31 32
5 18 13 16 31 19
5 18 8 32 27 20
5 18 8 16 32 20
5 18 8 16 32 27
5 18 8 16 19 27
5 18 16 32 23 20
5 18 16 19 32 23
5 18 12 21 22 29
5 18 19 21 27 22
5 18 12 21 27 22
5 18 12 19 27 22
5 18 13 31 32 29
5 18 13 31 12 29
5 18 13 12 22 29
5 18 31 12 19 32
5 18 17 19 23 27
5 18 17 12 19 23
5 18 31 32 2 29
5 18 31 12 2 29
5 18 31 12 32 2
5 18 17 32 23 2
5 18 17 12 23 2
5 18 13 21 22 29
5 18 16 19 21 22
5 18 13 16 21 22
5 18 13 16 19 22
5 18 8 23 27 20
5 18 8 19 23 27
5 18 8 16 23 20
5 18 8 16 19 23
5 18 31 12 19 22
5 18 13 31 19 22
5 18 13 31 12 22
5 18 19 32 23 2
5 18 12 19 23 2
5 18 12 19 32 2
5 1 7 32 20 2
5 1 7 3 32 20
5 1 11 32 20 2
5 1 11 3 32 20
5 1 7 3 10 20
5 1 7 3 10 14
5 1 7 3 0 14
5 1 7 3 32 0
5 1 11 20 2 28
5 1 3 10 20 28
5 1 11 3 20 28
5 1 11 3 10 28
5 1 11 32 2 29
5 1 11 3 14 29
5 1 11 3 32 29
5 1 31 14 2 29
5 1 31 32 2 29
5 1 31 0 14 2
5 1 31 32 0 2
5 1 7 32 0 2
5 1 31 3 0 14
5 1 31 3 32 0
5 1 31 3 14 29
5 1 31 3 32 29
5 25 8 3 5 14
5 25 8 24 5 14
5 25 8 24 3 14
5 25 3 5 10 14
5 25 8 3 5 10
5 25 21 5 10 14
5 25 24 21 5 14
5 25 24 21 5 10
5 25 24 6 5 10
5 25 8 6 5 10
5 25 8 24 6 5
5 25 8 24 3 6
5 25 1 3 10 14
5 25 1 11 10 14
5 25 1 11 3 14
5 25 1 11 3 10
5 25 24 3 14 29
5 25 11 3 14 29
5 25 11 24 14 29
5 25 11 24 3 29
5 25 8 6 10 28
5 25 24 3 6 27
5 25 11 24 6 27
5 25 11 24 3 27
5 25 3 10 20 28
5 25 8 3 20 28
5 25 8 3 10 20
5 25 8 6 27 28
5 25 8 3 27 28
5 25 8 3 6 27
5 25 11 6 27 28
5 25 11 3 10 28
5 25 11 3 27 28
5 25 4 10 20 28
5 25 8 4 20 28
5 25 8 4 10 28
5 25 8 4 10 20
