324
5 32 12 25 31 28
5 32 8 25 31 30
5 3 8 25 31 28
5 3 32 25 31 28
5 3 32 8 25 31
5 26 24 8 25 30
5 26 18 8 4 1
5 2 3 32 8 31
5 2 26 24 8 30
5 22 3 13 31 28
5 22 3 32 31 28
5 22 14 13 31 28
5 22 29 32 31 28
5 22 14 29 31 28
5 22 14 29 32 31
5 22 14 29 13 28
5 0 12 25 31 28
5 0 29 12 4 28
5 0 32 25 31 30
5 0 14 23 24 30
5 0 26 23 24 30
5 0 26 24 25 30
5 20 0 12 4 25
5 20 0 26 4 25
5 20 0 24 12 25
5 20 0 26 24 25
5 20 18 8 4 25
5 20 26 8 4 25
5 20 26 18 8 4
5 20 18 12 8 25
5 20 24 12 8 25
5 20 26 24 8 25
5 15 14 32 13 31
5 15 2 32 13 31
5 15 14 23 13 30
5 15 14 23 24 30
5 15 2 26 24 30
5 15 32 8 31 30
5 15 2 8 31 30
5 15 2 32 8 31
5 10 2 3 32 8
5 10 3 32 8 25
5 10 3 18 8 25
5 10 22 14 29 32
5 10 20 18 12 27
5 11 10 20 18 27
5 11 20 18 4 27
5 11 20 26 18 4
5 11 20 26 24 8
5 11 20 26 18 8
5 11 18 4 27 1
5 11 26 18 4 1
5 11 20 0 26 4
5 11 20 0 26 24
5 11 7 4 27 1
5 11 7 26 4 1
5 11 7 26 23 4
5 11 20 29 4 27
5 11 20 0 29 4
5 11 0 26 23 4
5 11 0 26 23 24
5 11 7 29 4 27
5 11 7 23 29 4
5 11 0 23 29 4
5 11 0 14 23 24
5 11 0 14 24 30
5 11 0 14 29 27
5 11 0 14 23 29
5 5 22 3 13 31
5 5 22 3 32 31
5 5 2 32 13 31
5 5 2 3 13 31
5 5 2 3 32 31
5 5 14 32 13 31
5 5 22 14 13 31
5 5 22 14 32 31
5 5 10 22 3 32
5 5 10 2 32 13
5 5 10 2 3 32
5 5 10 14 32 13
5 5 10 22 14 32
5 5 22 14 29 13
5 5 10 14 29 27
5 5 10 22 29 27
5 5 10 22 14 29
5 5 10 22 18 27
5 5 22 7 29 13
5 6 14 29 31 28
5 6 0 14 31 28
5 6 0 14 29 28
5 6 0 12 31 28
5 6 0 29 12 28
5 6 14 29 32 31
5 6 32 12 31 28
5 6 29 32 31 28
5 6 29 32 12 28
5 6 0 32 31 30
5 6 0 14 31 30
5 6 10 14 29 32
5 6 32 12 25 31
5 6 0 12 25 31
5 6 0 32 25 31
5 6 10 29 32 12
5 6 15 32 31 30
5 6 15 14 31 30
5 6 15 14 32 31
5 6 0 14 29 27
5 6 10 14 29 27
5 6 10 32 12 25
5 6 10 29 12 27
5 6 11 0 14 27
5 6 20 29 12 27
5 6 10 20 12 27
5 6 11 10 20 27
5 6 11 0 29 27
5 6 11 20 29 27
5 6 11 20 0 29
5 6 0 29 12 4
5 6 20 29 12 4
5 6 20 0 12 4
5 6 20 0 29 4
5 21 15 14 23 13
5 21 15 14 23 24
5 21 15 26 23 24
5 21 7 26 23 1
5 21 5 2 3 1
5 21 5 2 3 13
5 21 5 22 7 1
5 21 5 22 7 13
5 21 5 22 3 1
5 21 5 22 3 13
5 16 10 3 18 8
5 16 10 2 3 8
5 16 11 26 24 8
5 16 11 26 18 8
5 16 3 18 8 1
5 16 2 3 8 1
5 16 5 10 2 3
5 16 11 10 18 27
5 16 26 18 8 1
5 16 2 26 8 1
5 16 11 26 18 1
5 16 22 3 18 1
5 16 10 22 3 18
5 16 5 10 22 18
5 16 5 10 22 3
5 16 5 10 18 27
5 16 5 2 3 1
5 16 5 22 3 1
5 16 21 26 23 24
5 16 21 7 26 23
5 16 21 2 26 1
5 16 21 7 26 1
5 16 21 5 2 1
5 16 21 5 7 1
5 19 15 32 8 30
5 19 32 8 25 30
5 19 10 32 8 25
5 19 6 15 32 30
5 19 15 2 32 8
5 19 10 2 32 8
5 19 6 10 32 25
5 19 2 24 8 30
5 19 15 2 8 30
5 19 15 2 24 30
5 19 6 15 14 32
5 19 6 10 14 32
5 19 15 2 32 13
5 19 10 2 32 13
5 19 24 8 25 30
5 19 24 12 8 25
5 19 18 12 8 25
5 19 10 18 8 25
5 19 10 18 12 25
5 19 0 32 25 30
5 19 6 0 32 30
5 19 6 0 32 25
5 19 20 24 12 8
5 19 16 10 2 8
5 19 15 14 32 13
5 19 10 14 32 13
5 19 6 10 14 27
5 19 5 10 2 13
5 19 0 24 25 30
5 19 0 24 12 25
5 19 6 0 12 25
5 19 6 10 12 25
5 19 20 18 12 8
5 19 10 20 18 12
5 19 20 0 24 12
5 19 15 14 24 30
5 19 11 14 24 30
5 19 11 0 24 30
5 19 6 15 14 30
5 19 6 11 10 27
5 19 2 26 24 8
5 19 16 26 24 8
5 19 16 2 26 8
5 19 15 2 26 24
5 19 16 5 10 2
5 19 5 10 14 13
5 19 5 10 14 27
5 19 6 11 14 27
5 19 21 15 2 13
5 19 21 5 2 13
5 19 6 20 0 12
5 19 6 10 20 12
5 19 16 10 18 8
5 19 11 20 0 24
5 19 11 20 24 8
5 19 16 11 24 8
5 19 11 0 14 30
5 19 6 0 14 30
5 19 6 11 0 14
5 19 6 11 20 0
5 19 6 11 10 20
5 19 16 11 10 27
5 19 21 15 26 24
5 19 16 21 26 24
5 19 21 15 2 26
5 19 16 21 2 26
5 19 16 21 5 2
5 19 21 15 14 13
5 19 11 20 18 8
5 19 16 11 18 8
5 19 11 10 20 18
5 19 16 11 10 18
5 17 10 29 32 12
5 17 10 22 29 32
5 17 29 32 12 28
5 17 22 29 32 28
5 17 10 32 12 25
5 17 32 12 25 28
5 17 10 18 12 25
5 17 10 3 32 25
5 17 10 22 3 32
5 17 10 29 12 27
5 17 10 18 12 27
5 17 10 22 29 27
5 17 10 22 18 27
5 17 3 32 25 28
5 17 22 3 32 28
5 17 12 4 25 28
5 17 29 12 4 28
5 17 20 18 12 25
5 17 10 3 18 25
5 17 10 22 3 18
5 17 20 29 12 27
5 17 20 18 12 27
5 17 20 29 12 4
5 17 20 12 4 25
5 17 20 18 4 25
5 17 20 29 4 27
5 17 20 18 4 27
5 17 18 4 27 1
5 17 22 18 27 1
5 17 18 8 4 25
5 17 3 18 8 25
5 17 22 3 18 1
5 17 7 4 27 1
5 17 7 29 4 27
5 9 22 18 27 1
5 9 16 22 18 1
5 9 11 18 27 1
5 9 16 11 18 1
5 9 16 11 18 27
5 9 16 5 22 1
5 9 5 22 18 27
5 9 16 5 18 27
5 9 16 5 22 18
5 9 11 7 27 1
5 9 5 22 7 1
5 9 16 5 7 1
5 9 11 7 26 1
5 9 16 7 26 1
5 9 16 11 26 1
5 9 17 7 27 1
5 9 17 22 27 1
5 9 17 22 7 1
5 9 5 22 29 27
5 9 5 22 7 29
5 9 16 21 5 7
5 9 16 11 26 24
5 9 19 16 11 27
5 9 16 21 7 23
5 9 17 7 29 27
5 9 17 22 29 27
5 9 17 22 7 29
5 9 5 7 29 13
5 9 21 5 7 13
5 9 19 16 21 5
5 9 11 26 23 24
5 9 11 7 26 23
5 9 16 26 23 24
5 9 16 7 26 23
5 9 11 7 29 27
5 9 11 7 23 29
5 9 21 7 23 13
5 9 19 11 14 27
5 9 19 16 11 24
5 9 19 16 21 24
5 9 16 21 23 24
5 9 7 23 29 13
5 9 5 14 29 27
5 9 5 14 29 13
5 9 19 5 14 27
5 9 16 5 10 27
5 9 19 5 10 27
5 9 19 16 10 27
5 9 19 16 5 10
5 9 11 14 29 27
5 9 11 14 23 29
5 9 21 14 23 13
5 9 11 14 23 24
5 9 21 14 23 24
5 9 19 11 14 24
5 9 14 23 29 13
5 9 19 5 14 13
5 9 19 21 14 13
5 9 19 21 5 13
5 9 21 15 14 24
5 9 19 15 14 24
5 9 19 21 15 24
5 9 19 21 15 14
