296
5 5 10 1 32 26
5 18 5 1 32 26
5 18 5 10 1 26
5 12 5 10 1 32
5 22 18 5 10 20
5 27 13 1 6 26
5 27 22 13 1 26
5 27 22 13 1 6
5 27 18 5 32 26
5 27 18 5 30 32
5 27 18 10 1 26
5 27 22 10 1 26
5 27 18 5 10 26
5 27 22 5 10 26
5 27 22 18 5 10
5 27 18 5 30 20
5 27 22 18 5 20
5 0 13 19 4 6
5 0 19 4 6 8
5 24 31 28 6 8
5 24 28 4 6 8
5 24 0 4 6 8
5 24 0 30 6 8
5 24 31 30 20 8
5 15 18 5 10 1
5 15 12 5 10 1
5 15 12 5 20 16
5 15 12 5 1 32
5 17 0 13 19 4
5 17 13 12 19 4
5 3 24 31 30 20
5 3 24 31 30 8
5 3 24 5 30 20
5 3 31 30 20 8
5 2 24 31 6 8
5 2 24 31 20 8
5 2 24 30 20 8
5 2 24 27 30 6
5 2 27 18 30 20
5 2 24 31 28 6
5 2 27 5 30 20
5 2 24 5 30 20
5 2 24 27 5 30
5 2 3 24 31 20
5 2 27 22 5 20
5 2 24 27 22 5
5 2 3 24 31 28
5 2 3 24 5 20
5 2 3 24 22 5
5 23 15 18 5 20
5 23 15 12 5 20
5 23 15 12 5 32
5 23 17 12 19 32
5 23 0 19 6 8
5 23 18 5 1 32
5 23 15 5 1 32
5 23 15 18 5 1
5 23 17 18 1 32
5 23 15 12 1 32
5 23 17 12 1 32
5 23 17 13 12 19
5 23 13 19 4 6
5 23 0 13 19 6
5 23 17 0 13 6
5 23 17 0 13 19
5 23 15 13 12 1
5 23 17 13 12 1
5 23 13 12 19 4
5 23 15 13 12 4
5 29 22 13 1 6
5 29 15 12 10 1
5 29 15 13 12 1
5 29 15 13 12 4
5 14 3 5 20 16
5 14 2 22 5 20
5 14 2 3 5 20
5 14 2 3 22 5
5 14 3 15 20 16
5 14 2 3 24 28
5 14 2 3 24 22
5 14 2 3 31 20
5 14 2 3 31 28
5 21 3 24 30 8
5 21 3 30 20 8
5 21 3 5 30 20
5 21 3 24 5 16
5 21 3 24 5 30
5 21 23 12 19 32
5 21 0 19 4 8
5 21 23 12 5 20
5 21 12 5 20 16
5 21 3 5 20 16
5 21 23 15 12 20
5 21 24 28 4 8
5 21 24 31 28 8
5 21 3 24 31 8
5 21 3 24 31 28
5 21 15 12 4 16
5 21 15 12 20 16
5 21 3 15 20 16
5 21 24 28 4 16
5 21 3 24 28 16
5 21 23 12 5 32
5 21 18 30 20 8
5 21 3 31 20 8
5 21 3 15 31 20
5 21 23 15 31 20
5 21 23 12 19 4
5 21 23 15 12 4
5 21 31 28 4 8
5 21 18 5 30 32
5 21 18 5 30 20
5 21 23 18 5 32
5 21 23 18 5 20
5 25 18 30 20 8
5 25 2 30 20 8
5 25 2 31 20 8
5 25 2 31 6 8
5 25 21 18 20 8
5 25 21 23 18 8
5 25 21 23 18 20
5 25 21 31 20 8
5 25 21 23 31 20
5 25 2 27 22 6
5 25 27 22 18 20
5 25 2 27 18 20
5 25 2 27 22 20
5 25 14 2 31 20
5 25 14 2 22 20
5 25 23 17 13 6
5 25 23 15 18 20
5 25 19 4 6 8
5 25 23 19 6 8
5 25 23 19 4 6
5 25 21 31 4 8
5 25 23 13 4 6
5 25 23 15 31 20
5 25 29 22 1 6
5 25 27 18 1 6
5 25 27 22 1 6
5 25 22 18 10 20
5 25 2 31 28 6
5 25 29 13 1 6
5 25 17 18 1 6
5 25 17 13 1 6
5 25 23 17 18 1
5 25 23 17 13 1
5 25 23 15 18 1
5 25 23 15 13 1
5 25 21 19 4 8
5 25 21 23 19 8
5 25 21 23 19 4
5 25 29 22 10 1
5 25 27 18 10 1
5 25 27 22 10 1
5 25 27 22 18 10
5 25 15 18 10 1
5 25 14 2 31 28
5 25 29 15 13 1
5 7 2 18 30 20
5 7 25 18 30 20
5 7 25 2 30 20
5 7 25 2 18 20
5 7 2 27 30 6
5 7 2 27 18 30
5 7 25 18 30 8
5 7 25 2 6 8
5 7 25 2 30 8
5 7 25 27 18 6
5 7 25 2 27 6
5 7 25 2 27 18
5 7 0 27 30 6
5 7 0 30 6 8
5 7 25 23 6 8
5 7 25 23 18 8
5 7 24 30 6 8
5 7 2 24 6 8
5 7 2 24 30 8
5 7 2 24 30 6
5 7 27 18 30 32
5 7 23 0 6 8
5 7 21 18 30 8
5 7 21 0 30 8
5 7 25 17 18 6
5 7 25 23 17 6
5 7 25 23 17 18
5 7 27 1 6 26
5 7 27 18 1 26
5 7 27 18 1 6
5 7 27 18 32 26
5 7 21 18 30 32
5 7 21 0 30 32
5 7 23 0 19 8
5 7 23 17 0 6
5 7 21 0 19 8
5 7 17 1 6 26
5 7 17 18 1 6
5 7 17 0 6 26
5 7 21 0 19 32
5 7 21 23 19 8
5 7 21 23 18 8
5 7 23 17 18 32
5 7 18 1 32 26
5 7 17 1 32 26
5 7 17 18 1 32
5 7 21 23 19 32
5 7 21 23 18 32
5 7 17 0 19 32
5 7 23 17 19 32
5 7 23 17 0 19
5 9 25 29 13 6
5 9 25 13 4 6
5 9 25 29 22 6
5 9 29 22 13 6
5 9 25 31 28 6
5 9 2 22 28 6
5 9 25 2 28 6
5 9 25 2 22 6
5 9 14 29 22 28
5 9 25 14 29 22
5 9 29 15 13 4
5 9 25 29 15 13
5 9 28 4 6 8
5 9 31 28 6 8
5 9 31 28 4 8
5 9 25 4 6 8
5 9 25 31 6 8
5 9 25 31 4 8
5 9 14 2 22 28
5 9 25 14 2 28
5 9 25 14 2 22
5 9 25 14 31 28
5 9 23 15 13 4
5 9 25 23 13 4
5 9 25 23 15 13
5 9 21 31 28 4
5 9 25 23 15 31
5 9 15 12 4 16
5 9 29 12 4 16
5 9 29 15 12 16
5 9 29 15 12 4
5 9 14 29 28 16
5 9 14 29 15 16
5 9 21 23 15 4
5 9 21 23 15 31
5 9 21 3 31 28
5 9 21 3 15 31
5 9 25 21 31 4
5 9 25 21 23 4
5 9 25 21 23 31
5 9 14 3 31 28
5 9 25 15 31 20
5 9 25 14 31 20
5 9 25 14 15 20
5 9 21 28 4 16
5 9 21 3 28 16
5 9 21 15 4 16
5 9 21 3 15 16
5 9 14 3 28 16
5 9 14 3 15 16
5 9 3 15 31 20
5 9 14 3 31 20
5 9 14 3 15 20
5 11 29 15 10 1
5 11 25 15 10 1
5 11 25 29 10 1
5 11 25 29 15 1
5 11 25 18 10 20
5 11 25 15 18 20
5 11 25 15 18 10
5 11 25 14 15 20
5 11 18 5 10 20
5 11 15 18 5 20
5 11 15 18 5 10
5 11 25 22 10 20
5 11 25 14 22 20
5 11 25 29 22 10
5 11 25 14 29 22
5 11 9 14 29 15
5 11 9 25 29 15
5 11 9 25 14 15
5 11 9 25 14 29
5 11 22 5 10 20
5 11 14 22 5 20
5 11 15 5 20 16
5 11 14 5 20 16
5 11 14 15 20 16
5 11 14 29 15 16
5 11 12 5 10 16
5 11 15 12 5 16
5 11 15 12 5 10
5 11 29 12 10 16
5 11 29 15 12 16
5 11 29 15 12 10
5 11 14 22 5 16
5 11 14 29 22 16
