210
5 17 18 1 9 3
5 17 25 4 1 8
5 23 12 4 1 13
5 23 17 25 4 13
5 16 7 25 15 8
5 16 23 17 22 15
5 16 23 17 25 15
5 16 23 25 15 13
5 24 6 12 4 20
5 24 6 12 22 20
5 24 6 12 22 4
5 24 23 12 4 20
5 24 23 12 22 20
5 24 23 12 22 4
5 24 6 17 22 4
5 24 23 25 4 13
5 24 23 17 22 4
5 24 23 17 25 4
5 24 6 17 4 9
5 24 6 22 15 9
5 24 16 22 15 9
5 24 16 6 15 9
5 24 6 17 22 9
5 24 16 17 22 9
5 24 16 23 25 13
5 24 16 23 17 22
5 24 16 23 17 25
5 24 23 22 15 13
5 24 16 23 15 13
5 24 16 23 22 15
5 11 6 22 20 3
5 11 24 6 22 20
5 11 24 6 22 15
5 11 24 22 15 13
5 11 24 23 20 13
5 11 24 23 22 13
5 11 24 23 22 20
5 14 16 6 18 9
5 14 16 6 18 20
5 14 24 16 6 9
5 14 24 16 6 20
5 14 24 6 4 9
5 14 24 6 4 20
5 14 6 4 9 3
5 14 6 18 9 3
5 14 6 12 4 20
5 14 24 16 17 9
5 14 24 17 4 9
5 14 17 4 9 3
5 14 17 18 9 3
5 14 6 12 4 3
5 14 17 4 1 3
5 14 17 18 1 3
5 14 17 25 4 8
5 14 12 4 1 3
5 14 18 12 1 3
5 14 24 17 25 4
5 14 24 16 17 25
5 14 17 4 1 8
5 14 17 18 1 8
5 14 7 18 1 8
5 14 25 4 1 8
5 14 7 25 1 8
5 14 7 25 4 1
5 10 16 6 18 20
5 10 11 6 18 20
5 10 24 16 6 20
5 10 11 24 6 20
5 10 16 6 18 9
5 10 14 16 18 20
5 10 14 16 7 18
5 10 16 7 18 15
5 10 24 16 6 15
5 10 11 24 6 15
5 10 6 18 9 3
5 10 11 6 9 3
5 10 11 6 18 3
5 10 16 18 15 9
5 10 16 6 15 9
5 10 11 6 15 9
5 10 16 7 25 15
5 10 11 24 20 13
5 10 11 24 15 13
5 0 14 16 18 9
5 0 16 18 15 9
5 0 14 16 7 18
5 0 16 7 15 8
5 0 16 7 18 15
5 19 25 4 1 13
5 19 12 1 3 13
5 19 10 25 15 13
5 19 10 7 25 15
5 19 10 11 15 13
5 19 10 11 7 15
5 19 12 4 1 13
5 2 7 18 1 3
5 2 10 7 1 3
5 2 10 7 18 3
5 2 19 7 18 1
5 2 19 10 7 1
5 2 19 10 7 18
5 2 10 11 1 3
5 2 19 11 1 3
5 2 19 10 11 1
5 2 18 12 1 3
5 2 19 12 1 3
5 2 10 11 18 3
5 2 10 11 18 20
5 2 14 18 12 1
5 2 19 12 3 13
5 2 19 12 20 13
5 2 19 11 3 13
5 2 19 11 20 13
5 2 11 6 20 3
5 2 11 6 18 3
5 2 11 6 18 20
5 2 6 22 20 3
5 2 6 12 22 3
5 2 6 12 22 20
5 2 14 18 12 3
5 2 14 6 12 3
5 2 14 6 18 3
5 2 14 6 12 20
5 2 14 6 18 20
5 2 14 12 4 1
5 2 23 12 3 13
5 2 23 12 20 13
5 2 11 23 3 13
5 2 11 23 20 13
5 2 23 12 22 3
5 2 23 12 22 20
5 2 11 22 20 3
5 2 11 23 22 3
5 2 11 23 22 20
5 5 14 17 18 9
5 5 0 14 18 9
5 5 14 16 17 9
5 5 0 16 17 9
5 5 0 14 16 9
5 5 14 17 18 8
5 5 14 16 17 25
5 5 14 7 18 8
5 5 0 7 18 8
5 5 0 14 7 18
5 5 14 17 25 8
5 5 16 17 25 8
5 5 0 16 17 8
5 5 0 16 7 8
5 5 0 14 16 7
5 5 16 7 25 8
5 5 14 7 25 8
5 5 14 16 7 25
5 21 14 7 18 1
5 21 19 7 18 1
5 21 2 14 18 1
5 21 2 19 18 1
5 21 14 7 4 1
5 21 2 14 18 20
5 21 7 25 4 1
5 21 19 25 4 1
5 21 19 7 25 1
5 21 14 7 25 4
5 21 10 14 18 20
5 21 10 14 7 18
5 21 19 10 7 18
5 21 2 14 4 1
5 21 2 19 12 1
5 21 2 19 12 20
5 21 2 10 18 20
5 21 2 19 10 18
5 21 19 12 4 1
5 21 19 10 7 25
5 21 2 12 4 1
5 21 14 12 4 20
5 21 2 14 12 20
5 21 2 14 12 4
5 21 2 10 11 20
5 21 2 19 11 20
5 21 2 19 10 11
5 21 19 12 20 13
5 21 19 12 4 13
5 21 14 24 4 20
5 21 14 24 25 4
5 21 19 25 4 13
5 21 10 14 16 20
5 21 14 16 7 25
5 21 10 16 7 25
5 21 10 14 16 7
5 21 19 10 25 13
5 21 10 11 20 13
5 21 19 11 20 13
5 21 19 10 11 13
5 21 23 12 20 13
5 21 23 12 4 13
5 21 23 12 4 20
5 21 24 25 4 13
5 21 14 24 16 20
5 21 14 24 16 25
5 21 24 23 20 13
5 21 24 23 4 13
5 21 24 23 4 20
5 21 24 16 25 13
5 21 10 24 20 13
5 21 10 24 16 20
5 21 16 25 15 13
5 21 10 25 15 13
5 21 10 16 25 15
5 21 24 16 15 13
5 21 10 24 15 13
5 21 10 24 16 15
