229
5 13 15 23 0 12
5 25 13 23 0 12
5 25 13 15 23 0
5 5 6 13 16 18
5 5 6 23 18 12
5 5 6 13 18 12
5 5 6 13 23 12
5 21 15 23 0 12
5 21 6 23 18 12
5 21 25 0 18 12
5 21 25 23 0 12
5 1 21 24 15 7
5 1 13 15 19 23
5 1 21 15 23 12
5 1 21 6 23 12
5 1 13 15 19 0
5 1 13 15 23 12
5 1 21 15 0 12
5 1 13 15 0 12
5 1 21 6 18 12
5 14 13 15 19 23
5 14 25 13 19 23
5 14 25 13 15 23
5 14 13 15 19 0
5 14 25 13 19 0
5 14 25 13 15 0
5 14 1 15 19 23
5 14 1 15 19 0
5 4 5 25 23 8
5 4 5 23 18 12
5 4 5 25 18 12
5 4 5 25 23 12
5 4 21 23 18 12
5 4 21 25 18 12
5 4 21 25 23 12
5 4 5 6 23 18
5 2 25 16 19 8
5 2 5 16 19 8
5 2 5 25 16 8
5 2 5 19 23 8
5 2 5 25 23 8
5 2 25 13 19 23
5 2 5 6 13 23
5 2 6 13 16 19
5 2 5 6 13 16
5 2 25 13 23 12
5 2 5 13 23 12
5 2 5 25 23 12
5 10 2 5 19 23
5 10 2 5 6 23
5 10 2 6 13 19
5 10 2 6 16 19
5 10 2 5 16 19
5 10 2 5 6 16
5 10 5 16 19 8
5 10 16 19 7 8
5 10 24 19 7 8
5 9 10 24 19 7
5 9 21 24 15 0
5 9 21 24 15 7
5 9 14 1 15 0
5 9 14 1 15 7
5 9 24 19 7 8
5 9 14 24 19 8
5 17 14 25 19 23
5 17 9 14 15 7
5 17 2 19 23 8
5 17 2 25 23 8
5 17 2 25 19 8
5 17 2 25 19 23
5 17 14 1 15 7
5 17 14 1 15 23
5 17 9 14 24 19
5 17 9 10 24 19
5 17 14 24 19 8
5 17 5 19 23 8
5 17 10 5 19 8
5 17 10 5 19 23
5 17 14 1 19 23
5 17 9 14 19 7
5 17 9 10 19 7
5 20 21 25 23 0
5 20 4 21 25 23
5 20 25 15 23 0
5 20 21 15 23 0
5 20 21 25 0 18
5 20 4 21 25 18
5 20 21 24 15 0
5 20 14 25 15 0
5 20 14 25 15 23
5 20 17 14 15 23
5 20 17 14 25 23
5 20 4 25 23 8
5 20 17 25 23 8
5 20 17 4 23 8
5 20 4 24 18 8
5 20 9 24 15 0
5 20 9 14 15 0
5 20 9 14 25 0
5 20 4 5 18 8
5 20 4 5 25 8
5 20 4 5 25 18
5 20 17 9 14 24
5 20 9 14 24 8
5 20 17 14 24 8
5 20 5 25 16 8
5 20 9 14 19 8
5 20 9 14 25 19
5 20 17 25 19 8
5 20 17 14 19 8
5 20 17 14 25 19
5 20 25 16 19 8
5 3 10 4 5 6
5 3 4 5 6 18
5 3 4 24 18 8
5 3 4 5 18 8
5 3 10 5 16 8
5 3 10 5 6 16
5 3 5 16 18 8
5 3 5 6 16 18
5 3 10 16 7 8
5 3 10 24 7 8
5 3 1 21 24 18
5 11 2 13 19 23
5 11 10 2 19 23
5 11 10 2 13 19
5 11 1 13 19 23
5 11 10 1 13 19
5 11 2 6 13 23
5 11 10 2 6 23
5 11 10 2 6 13
5 11 17 1 19 23
5 11 17 10 19 23
5 11 10 1 6 13
5 11 17 1 15 23
5 11 10 1 19 7
5 11 17 10 19 7
5 11 6 13 23 12
5 11 1 13 23 12
5 11 1 6 23 12
5 11 1 6 13 12
5 11 17 1 15 7
5 11 14 1 19 7
5 11 17 14 19 7
5 11 17 14 1 7
5 11 17 14 1 19
5 11 1 21 6 23
5 11 3 10 4 6
5 11 10 1 6 7
5 11 3 1 6 7
5 11 3 10 6 7
5 11 1 21 15 23
5 11 17 9 15 7
5 11 17 9 10 7
5 11 21 6 23 18
5 11 1 21 6 18
5 11 3 1 6 18
5 11 3 1 21 18
5 11 4 5 6 23
5 11 10 5 6 23
5 11 10 4 5 23
5 11 10 4 5 6
5 11 4 6 23 18
5 11 3 1 24 7
5 11 3 10 24 7
5 11 9 10 24 7
5 22 3 4 6 18
5 22 11 4 6 18
5 22 11 3 6 18
5 22 11 3 4 6
5 22 11 3 21 18
5 22 3 21 24 18
5 22 3 4 24 18
5 22 4 21 23 18
5 22 11 21 23 18
5 22 11 4 23 18
5 22 20 21 24 18
5 22 20 4 24 18
5 22 20 4 21 18
5 22 3 1 21 24
5 22 11 3 1 24
5 22 11 3 1 21
5 22 11 3 10 24
5 22 11 3 10 4
5 22 20 21 24 15
5 22 11 21 15 23
5 22 11 10 4 23
5 22 1 21 24 15
5 22 11 1 21 15
5 22 3 10 4 5
5 22 20 21 15 23
5 22 20 4 21 23
5 22 11 17 10 23
5 22 1 24 15 7
5 22 11 1 15 7
5 22 11 1 24 7
5 22 3 4 24 8
5 22 3 4 5 8
5 22 3 10 24 8
5 22 3 10 5 8
5 22 20 17 15 23
5 22 20 17 4 23
5 22 11 17 15 23
5 22 11 17 9 15
5 22 9 24 15 7
5 22 11 9 15 7
5 22 11 9 24 7
5 22 17 4 23 8
5 22 4 5 23 8
5 22 10 4 5 23
5 22 17 9 10 24
5 22 11 9 10 24
5 22 11 17 9 10
5 22 20 9 24 15
5 22 20 17 9 24
5 22 20 4 24 8
5 22 20 17 24 8
5 22 20 17 4 8
5 22 17 5 23 8
5 22 17 10 5 8
5 22 17 10 5 23
5 22 10 24 19 8
5 22 17 24 19 8
5 22 17 10 19 8
5 22 17 10 24 19
5 22 17 9 14 15
5 22 20 9 14 15
5 22 20 17 14 15
5 22 20 17 9 14
