121
5 8 6 3 5 15
5 8 6 3 10 5
5 17 6 12 10 5
5 17 8 6 12 5
5 17 8 18 10 5
5 17 8 6 10 5
5 14 6 3 10 15
5 14 8 6 12 15
5 14 8 6 3 15
5 14 8 6 3 10
5 0 12 10 13 4
5 9 17 8 18 5
5 9 2 8 18 5
5 9 2 17 18 5
5 9 17 8 12 15
5 9 17 8 12 5
5 9 8 3 5 15
5 9 2 8 3 5
5 9 8 6 5 15
5 9 8 6 12 15
5 9 8 6 12 5
5 1 0 3 13 4
5 1 0 2 3 13
5 1 9 2 17 18
5 1 9 2 17 5
5 11 0 2 3 13
5 11 2 3 10 13
5 11 1 0 2 13
5 11 2 3 10 5
5 11 1 0 13 4
5 11 14 3 10 13
5 11 14 8 3 10
5 11 8 18 10 5
5 11 8 3 10 5
5 11 2 10 13 4
5 11 1 2 13 4
5 11 2 8 18 5
5 11 2 8 3 5
5 11 2 8 3 18
5 11 14 8 3 15
5 11 0 14 12 13
5 11 0 10 13 4
5 11 14 8 6 10
5 11 14 12 10 13
5 11 0 12 10 13
5 11 17 8 18 10
5 11 17 8 6 10
5 11 17 6 12 10
5 11 14 6 12 10
5 11 0 12 10 4
5 11 17 8 6 12
5 11 14 8 6 12
5 11 14 17 8 12
5 7 2 8 3 18
5 7 9 2 8 18
5 7 9 2 8 3
5 7 9 8 3 15
5 7 1 9 2 18
5 7 11 8 3 15
5 7 11 8 3 18
5 7 9 17 8 15
5 7 9 17 8 18
5 7 1 0 2 3
5 7 11 2 3 18
5 7 11 0 2 18
5 7 11 0 2 3
5 7 1 9 17 18
5 7 11 14 3 15
5 7 11 17 8 18
5 7 11 0 17 18
5 7 1 0 3 4
5 7 0 17 18 4
5 7 1 17 18 4
5 7 1 0 18 4
5 7 14 3 13 15
5 7 0 14 13 15
5 7 11 14 3 13
5 7 11 0 3 13
5 7 11 0 14 13
5 7 11 14 8 15
5 7 11 14 17 8
5 7 9 17 12 15
5 7 0 14 12 15
5 7 11 14 17 12
5 7 11 0 17 12
5 7 11 0 14 12
5 7 17 8 12 15
5 7 14 8 12 15
5 7 14 17 8 12
5 7 0 17 12 4
5 16 11 0 2 18
5 16 11 1 0 2
5 16 7 0 2 18
5 16 7 1 2 18
5 16 7 1 0 18
5 16 7 1 0 2
5 16 1 0 18 4
5 16 11 1 0 4
5 16 1 2 10 5
5 16 11 18 10 5
5 16 11 2 10 5
5 16 11 2 18 5
5 16 1 2 10 4
5 16 11 2 10 4
5 16 11 1 2 4
5 16 0 17 18 4
5 16 11 0 17 18
5 16 17 18 10 5
5 16 1 17 10 5
5 16 2 17 18 5
5 16 1 2 17 5
5 16 1 2 17 18
5 16 1 17 10 4
5 16 1 17 18 4
5 16 11 17 18 10
5 16 0 17 12 4
5 16 11 0 12 4
5 16 11 0 17 12
5 16 17 12 10 4
5 16 11 12 10 4
5 16 11 17 12 10
