200
5 18 0 13 25 22
5 23 15 13 4 25
5 9 18 0 25 22
5 9 18 0 13 22
5 10 14 21 12 1
5 19 23 15 13 25
5 19 18 0 13 25
5 19 15 13 25 22
5 19 0 13 25 22
5 19 0 15 25 22
5 5 9 18 13 22
5 5 8 15 13 22
5 5 8 24 15 13
5 11 9 18 12 1
5 11 9 18 0 25
5 11 19 18 0 25
5 11 23 14 12 1
5 11 10 23 14 1
5 11 10 23 18 14
5 11 23 18 13 25
5 11 19 18 13 25
5 11 19 23 13 25
5 11 10 14 12 1
5 11 10 18 12 1
5 11 10 18 14 12
5 20 5 9 18 22
5 20 14 21 4 12
5 20 10 21 13 4
5 20 10 18 21 13
5 20 10 14 21 4
5 20 5 18 13 22
5 20 5 8 13 22
5 20 10 14 13 4
5 16 20 10 18 21
5 16 9 21 12 1
5 16 10 21 12 1
5 16 10 9 21 1
5 16 9 18 12 1
5 16 10 18 12 1
5 16 10 9 18 1
5 16 10 14 21 12
5 16 20 14 21 12
5 16 20 10 14 21
5 16 10 18 14 12
5 16 11 9 18 12
5 16 10 18 14 13
5 16 20 10 14 13
5 16 20 10 18 13
5 16 11 23 18 25
5 16 23 18 14 13
5 16 11 18 14 12
5 16 11 23 14 12
5 16 11 23 18 14
5 16 23 18 13 25
5 16 23 14 13 4
5 16 20 14 13 4
5 6 10 21 13 4
5 6 10 24 21 4
5 6 20 21 13 4
5 6 20 8 21 4
5 6 8 24 15 13
5 6 20 8 4 22
5 6 20 8 13 22
5 6 8 15 13 22
5 6 13 4 25 22
5 6 15 13 25 22
5 6 15 13 4 25
5 17 23 15 13 4
5 17 19 23 15 13
5 17 19 24 15 13
5 17 19 10 24 13
5 17 23 14 13 4
5 17 10 14 13 4
5 17 19 10 18 13
5 17 6 15 13 4
5 17 6 24 15 13
5 17 6 10 13 4
5 17 6 10 24 4
5 17 6 10 24 13
5 17 10 23 14 1
5 17 23 18 14 13
5 17 10 18 14 13
5 17 10 23 18 14
5 17 11 10 23 1
5 17 11 23 18 13
5 17 11 19 18 13
5 17 11 19 23 13
5 17 11 10 23 18
5 17 19 10 18 1
5 17 11 10 18 1
5 17 11 19 18 1
5 3 19 10 18 1
5 3 11 9 18 1
5 3 11 19 18 1
5 3 5 9 0 1
5 3 5 9 18 13
5 3 17 10 24 1
5 3 17 19 10 1
5 3 17 19 10 24
5 3 10 24 18 13
5 3 19 10 18 13
5 3 19 10 24 13
5 3 11 9 0 1
5 3 11 9 18 0
5 3 11 19 18 0
5 3 19 24 15 13
5 3 5 24 15 13
5 3 17 11 19 1
5 3 9 18 0 13
5 3 19 18 0 13
5 3 17 19 24 15
5 3 5 9 0 22
5 3 5 15 13 22
5 3 5 9 13 22
5 3 9 0 13 22
5 3 19 15 13 22
5 3 19 0 13 22
5 3 19 0 15 22
5 3 8 0 15 22
5 3 8 24 0 15
5 3 5 8 15 22
5 3 5 8 24 15
5 3 5 8 0 22
5 3 5 8 24 0
5 7 16 10 18 21
5 7 16 10 9 21
5 7 16 10 9 18
5 7 20 5 9 21
5 7 20 5 9 18
5 7 10 18 21 13
5 7 10 9 21 1
5 7 5 9 21 1
5 7 10 9 18 1
5 7 16 20 18 21
5 7 16 20 9 21
5 7 16 20 9 18
5 7 20 18 21 13
5 7 20 5 18 13
5 7 6 10 21 13
5 7 10 24 18 13
5 7 10 24 21 1
5 7 3 9 18 1
5 7 3 5 9 1
5 7 3 5 9 18
5 7 3 10 18 1
5 7 6 20 21 13
5 7 6 10 24 13
5 7 6 10 24 21
5 7 3 24 18 13
5 7 3 5 18 13
5 7 3 5 24 13
5 7 3 10 24 18
5 7 3 10 24 1
5 7 3 5 24 1
5 7 20 5 8 13
5 7 6 20 8 13
5 7 20 5 8 21
5 7 6 20 8 21
5 7 5 8 24 13
5 7 6 8 24 13
5 7 5 8 24 21
5 7 6 8 24 21
5 2 20 5 9 21
5 2 16 20 9 21
5 2 5 9 21 12
5 2 16 9 21 12
5 2 16 20 21 12
5 2 20 5 9 22
5 2 20 5 8 22
5 2 20 9 18 22
5 2 16 20 9 18
5 2 20 14 4 12
5 2 20 8 4 22
5 2 9 0 25 22
5 2 11 9 0 12
5 2 16 11 9 12
5 2 16 20 14 12
5 2 9 18 25 22
5 2 11 9 0 25
5 2 18 13 25 22
5 2 20 18 13 22
5 2 16 18 13 25
5 2 16 20 18 13
5 2 16 23 14 12
5 2 16 20 14 4
5 2 11 9 18 25
5 2 16 11 18 25
5 2 16 11 9 18
5 2 13 4 25 22
5 2 16 11 23 12
5 2 16 11 23 25
5 2 16 20 13 4
5 2 16 23 14 4
5 2 6 13 4 22
5 2 6 20 4 22
5 2 6 20 13 22
5 2 6 20 13 4
5 2 23 13 4 25
5 2 16 23 13 25
5 2 16 23 13 4
