4
33
4.27544 4.95006 -7.25292 -3.66983
1.75725 -5.08594 5.86008 6.91928
-3.79532 8.26354 -7.50931 -5.17064
3.43993 4.76762 6.28994 -8.94608
-1.08094 -4.77748 4.70742 8.76782
-0 2.80581 0.169073 6.41368
-0 -0.826208 7.4271 -2.17877
-0 -8.27716 -7.31561 6.31682
-0 9.89885 -8.96006 -3.31599
-0 -5.07621 -3.86245 3.24147
-0 4.99603 0.724965 1.4194
-0 -6.30723 -2.32087 -1.4574
4.764 -0 -3.44669 8.11603
-5.23316 -0 8.35884 6.87158
-6.9013 -0 4.53449 8.43143
-7.51228 -0 -9.777 1.74742
4.88383 -0 3.60064 -3.12187
5.6009 -0 -2.8605 3.19527
3.34631 -0 -0.24861 -2.62297
8.91908 -2.97845 -0 -6.69033
4.00712 -1.04373 -0 -0.772147
7.44491 1.52661 -0 -5.36492
-7.1952 2.88479 -0 1.07604
1.76536 6.87433 -0 -0.480834
-1.78209 9.52818 -0 5.15276
5.11605 -8.85994 -0 -4.08457
-3.06916 -5.30953 5.05019 -0
0.365083 -9.17342 -3.83615 -0
-3.85749 -6.34021 7.31452 -0
9.72271 6.01092 -6.85134 -0
3.6824 9.76965 -1.02732 -0
-3.80064 5.1287 8.07555 -0
-9.91902 -4.61764 0.279457 -0
