4
33
8.87442 -4.47459 4.83884 9.13411
-8.17013 -1.54513 3.37689 2.89616
3.91975 7.45074 -0.74602 -1.92904
4.14228 2.87041 -4.14847 -2.96322
7.31486 -5.46493 -6.29306 6.46785
-5.14194 -0 2.54681 -7.07808
4.82081 -0 3.3794 9.20756
2.72115 -0 7.20869 4.6009
9.41183 -0 3.11197 3.9486
3.28109 -0 -6.93291 2.63357
-8.85654 -0 0.981305 -0.212657
-4.20996 -0 -4.52677 -2.58779
-0 -8.92838 -5.82592 -2.78234
-0 -5.80725 -3.52583 8.38343
-0 3.69542 -5.22446 -3.26477
-0 -3.81609 -5.35717 -0.679135
-0 -3.28087 -8.16453 -4.60698
-0 -8.37906 4.43596 9.02379
-0 -0.137239 5.91385 2.04472
7.04031 -8.25054 -0 4.00072
1.36117 2.07093 -0 -2.27289
8.86024 -7.52558 -0 0.461272
-5.02013 8.67702 -0 -3.76267
2.96712 -6.97371 -0 3.01637
9.18365 7.53662 -0 -1.33784
1.62825 -0.158594 -0 3.37889
-9.32536 4.51903 8.87278 -0
-2.91363 9.12565 8.22577 -0
5.56525 3.6776 -4.8741 -0
-3.67008 -0.637281 -7.90646 -0
8.21503 2.8087 7.95678 -0
5.24746 3.08803 -3.61503 -0
-3.98839 -9.09985 9.56076 -0
