4
26
-5.931 8.37434 5.23908 -5.72519
-6.64712 5.16954 -4.67651 -1.76601
-7.68281 1.857 9.505 6.8622
6.61867 -7.86672 -3.24063 8.94092
-5.81892 -9.00183 9.63816 -3.78371
-0 -3.11081 7.33882 0.697056
-0 -3.27412 3.06676 1.24538
-0 -3.94891 -8.92087 9.97808
-0 2.88585 -4.35936 -0.465471
-0 8.27275 6.93462 3.90759
-0 -0.676649 -4.00192 8.51322
-0 1.9053 0.190212 -1.80047
8.91908 -2.97845 -0 -6.69033
4.00712 -1.04373 -0 -0.772147
7.44491 1.52661 -0 -5.36492
-7.1952 2.88479 -0 1.07604
1.76536 6.87433 -0 -0.480834
-1.78209 9.52818 -0 5.15276
5.11605 -8.85994 -0 -4.08457
0.141507 9.35767 -9.51846 -0
-0.00465949 5.10038 0.441873 -0
-0.779702 4.43914 -2.55012 -0
-8.25737 8.47603 6.12911 -0
-8.49937 8.81455 5.58984 -0
-7.05307 5.96424 5.84024 -0
-6.70156 -5.93596 -6.96522 -0
