4
26
-8.92108 0.432196 -9.05727 9.47345
-5.27903 0.338384 -6.82846 -8.54813
4.0993 7.76673 6.02074 2.56281
6.52654 -4.05033 3.74776 -8.4567
4.56131 -3.93172 4.00424 3.07093
5.55223 -0 7.70151 1.22382
-1.14507 -0 9.02174 -8.39386
7.15471 -0 -6.44747 -8.88921
9.22725 -0 5.87619 0.762978
8.16402 -0 -7.48989 -4.4608
5.29076 -0 2.34856 -8.64112
2.28885 -0 -0.204123 -8.62418
-9.32536 4.51903 8.87278 -0
-2.91363 9.12565 8.22577 -0
5.56525 3.6776 -4.8741 -0
-3.67008 -0.637281 -7.90646 -0
8.21503 2.8087 7.95678 -0
5.24746 3.08803 -3.61503 -0
-3.98839 -9.09985 9.56076 -0
6.98376 7.30836 -0 -1.98759
8.80497 -3.54549 -0 6.59932
-7.6351 -6.5994 -0 3.5428
6.41216 -4.38742 -0 -0.628912
0.33478 0.853853 -0 2.14121
9.05873 -5.19532 -0 -2.1903
3.5856 5.35789 -0 9.43813
