4
19
2.36983 5.30647 4.64274 0.0518911
7.4396 1.96491 1.81374 -9.86387
0.738408 -5.83431 -3.03782 -8.81412
-5.81042 -5.6488 -6.02294 -4.83593
9.14439 6.251 6.90608 -6.56685
-0 -8.92838 -5.82592 -2.78234
-0 -5.80725 -3.52583 8.38343
-0 3.69542 -5.22446 -3.26477
-0 -3.81609 -5.35717 -0.679135
-0 -3.28087 -8.16453 -4.60698
-0 -8.37906 4.43596 9.02379
-0 -0.137239 5.91385 2.04472
4.764 -0 -3.44669 8.11603
-5.23316 -0 8.35884 6.87158
-6.9013 -0 4.53449 8.43143
-7.51228 -0 -9.777 1.74742
4.88383 -0 3.60064 -3.12187
5.6009 -0 -2.8605 3.19527
3.34631 -0 -0.24861 -2.62297
