4
33
-1.39499 -4.76764 4.23699 8.56917
0.512417 -7.62122 -4.93642 -3.18109
-6.15348 -9.30877 -1.57247 -9.94743
2.73147 -1.49145 7.6625 2.61378
8.86187 -3.57745 3.61015 -4.86809
6.82234 2.09288 -0 2.59048
-4.98918 -2.16097 -0 -6.1834
5.97659 -1.59422 -0 9.47988
-5.82595 4.62866 -0 5.14509
7.53875 -9.47766 -0 7.73418
9.55165 -6.47952 -0 0.520636
-6.55471 4.72976 -0 -8.77855
-0 -3.11081 7.33882 0.697056
-0 -3.27412 3.06676 1.24538
-0 -3.94891 -8.92087 9.97808
-0 2.88585 -4.35936 -0.465471
-0 8.27275 6.93462 3.90759
-0 -0.676649 -4.00192 8.51322
-0 1.9053 0.190212 -1.80047
-6.01724 -0 -7.84387 2.68624
-3.87915 -0 -6.19379 -6.16749
-2.30828 -0 -8.98016 1.91747
-7.93623 -0 -5.55122 -3.39544
-4.0199 -0 -0.604976 7.62971
6.98459 -0 -6.82202 1.96343
6.49744 -0 7.68111 5.54668
-6.23547 -9.82078 3.70994 -0
-4.90647 -2.50178 -7.12914 -0
-4.27276 6.77499 -9.75762 -0
5.67407 -8.58209 -2.80723 -0
1.23711 -5.54274 -3.71858 -0
-5.67628 -5.81888 8.42806 -0
-6.2479 -6.0666 1.47897 -0
