4
26
-7.58832 3.27704 3.5829 7.87506
9.53268 2.59499 -6.50316 8.86266
-3.06565 -6.50054 1.73958 1.80486
-4.59475 9.1202 -0.532854 5.24295
3.53776 -4.9956 -4.79019 -8.05299
-6.01724 -0 -7.84387 2.68624
-3.87915 -0 -6.19379 -6.16749
-2.30828 -0 -8.98016 1.91747
-7.93623 -0 -5.55122 -3.39544
-4.0199 -0 -0.604976 7.62971
6.98459 -0 -6.82202 1.96343
6.49744 -0 7.68111 5.54668
7.04031 -8.25054 -0 4.00072
1.36117 2.07093 -0 -2.27289
8.86024 -7.52558 -0 0.461272
-5.02013 8.67702 -0 -3.76267
2.96712 -6.97371 -0 3.01637
9.18365 7.53662 -0 -1.33784
1.62825 -0.158594 -0 3.37889
1.5498 7.70901 3.33165 -0
-0.570925 -6.33234 -2.75198 -0
1.42245 -4.52171 -9.65141 -0
-8.6605 -1.87817 0.254342 -0
8.95448 -1.77339 7.99023 -0
-4.9269 7.81831 -9.60124 -0
-1.08533 0.114289 8.72632 -0
