4
33
-8.7863 -6.15802 7.69533 -2.29772
2.22302 6.596 6.53771 4.37621
4.07495 -1.92241 3.75521 -6.96127
-6.76162 -8.72946 -7.05592 0.000195456
-3.69002 9.05048 -8.90976 -4.82177
8.61399 -9.44248 -8.56133 -0
-3.07214 -3.3073 -1.22981 -0
-9.24717 8.80679 8.70562 -0
-5.64397 -1.92271 6.27045 -0
9.97463 -4.47322 5.44576 -0
-3.78144 9.9474 8.52206 -0
-2.38812 8.60593 5.79119 -0
-0 -5.94772 -6.11168 -8.37003
-0 1.84391 3.1833 9.89334
-0 -5.71578 -9.20401 2.86679
-0 -0.58136 8.33068 -4.54831
-0 -0.665208 8.73497 2.20758
-0 7.38186 -0.417441 -9.29989
-0 4.45728 -2.58859 -1.44835
5.55223 -0 7.70151 1.22382
-1.14507 -0 9.02174 -8.39386
7.15471 -0 -6.44747 -8.88921
9.22725 -0 5.87619 0.762978
8.16402 -0 -7.48989 -4.4608
5.29076 -0 2.34856 -8.64112
2.28885 -0 -0.204123 -8.62418
7.25375 7.43809 -0 -6.05712
2.32424 1.94451 -0 -8.87604
4.25233 9.7728 -0 4.13628
4.63247 2.62983 -0 -4.86618
8.40094 6.38401 -0 -1.52274
3.08647 9.61132 -0 -7.65018
-5.32102 2.89879 -0 -7.46364
