4
26
5.105 -3.79203 2.77957 7.55417
5.04906 7.94469 7.15347 -9.77353
-2.95768 -6.83899 -4.67607 -3.61699
-7.86634 -1.10173 7.30994 4.96926
-8.01705 6.10259 5.87808 -4.44656
-0 -5.94772 -6.11168 -8.37003
-0 1.84391 3.1833 9.89334
-0 -5.71578 -9.20401 2.86679
-0 -0.58136 8.33068 -4.54831
-0 -0.665208 8.73497 2.20758
-0 7.38186 -0.417441 -9.29989
-0 4.45728 -2.58859 -1.44835
-3.06916 -5.30953 5.05019 -0
0.365083 -9.17342 -3.83615 -0
-3.85749 -6.34021 7.31452 -0
9.72271 6.01092 -6.85134 -0
3.6824 9.76965 -1.02732 -0
-3.80064 5.1287 8.07555 -0
-9.91902 -4.61764 0.279457 -0
4.82377 7.84855 -0 7.17178
-9.11251 9.57016 -0 -2.66292
1.74061 -4.61487 -0 1.91509
-7.60738 -3.43128 -0 -9.98954
-6.43778 -5.87628 -0 -6.07352
-3.92525 -9.88166 -0 6.77121
4.47503 -5.01922 -0 -1.06874
