4
26
6.71791 -6.85422 -5.46071 -9.85481
-1.92262 7.34829 -5.94851 -1.07445
-3.54701 9.3576 -9.32579 4.28744
6.09564 8.72868 6.70865 -6.04676
-8.92227 7.96462 3.94391 6.24322
7.77126 -0 1.39636 1.81983
-0.950099 -0 0.766026 -8.45878
-3.91752 -0 9.78532 -9.28775
-7.50948 -0 -5.72541 -2.42885
7.76984 -0 8.0797 1.62315
-6.09694 -0 -4.1077 3.998
-5.75493 -0 -0.325456 3.65713
6.98376 7.30836 -0 -1.98759
8.80497 -3.54549 -0 6.59932
-7.6351 -6.5994 -0 3.5428
6.41216 -4.38742 -0 -0.628912
0.33478 0.853853 -0 2.14121
9.05873 -5.19532 -0 -2.1903
3.5856 5.35789 -0 9.43813
1.5498 7.70901 3.33165 -0
-0.570925 -6.33234 -2.75198 -0
1.42245 -4.52171 -9.65141 -0
-8.6605 -1.87817 0.254342 -0
8.95448 -1.77339 7.99023 -0
-4.9269 7.81831 -9.60124 -0
-1.08533 0.114289 8.72632 -0
