4
33
3.18439 4.35337 -4.58611 6.12877
-4.48112 9.48305 -3.01723 1.95341
-7.22633 0.675809 7.06863 8.46547
-2.41811 5.11098 -1.17087 -3.87852
6.74198 2.10518 8.93153 -0.764935
7.25375 7.43809 -0 -6.05712
2.32424 1.94451 -0 -8.87604
4.25233 9.7728 -0 4.13628
4.63247 2.62983 -0 -4.86618
8.40094 6.38401 -0 -1.52274
3.08647 9.61132 -0 -7.65018
-5.32102 2.89879 -0 -7.46364
-6.23547 -9.82078 3.70994 -0
-4.90647 -2.50178 -7.12914 -0
-4.27276 6.77499 -9.75762 -0
5.67407 -8.58209 -2.80723 -0
1.23711 -5.54274 -3.71858 -0
-5.67628 -5.81888 8.42806 -0
-6.2479 -6.0666 1.47897 -0
-0 -9.08972 0.142963 0.156658
-0 3.40227 8.51769 2.55304
-0 -5.82913 -7.81736 -4.68538
-0 -9.88224 -5.04892 -1.33667
-0 -6.57634 9.09531 1.84436
-0 2.72349 -1.6145 -8.15643
-0 5.71362 -1.22012 -7.8801
7.77126 -0 1.39636 1.81983
-0.950099 -0 0.766026 -8.45878
-3.91752 -0 9.78532 -9.28775
-7.50948 -0 -5.72541 -2.42885
7.76984 -0 8.0797 1.62315
-6.09694 -0 -4.1077 3.998
-5.75493 -0 -0.325456 3.65713
