4
26
0.312536 -9.05344 0.957156 -0.879753
8.07143 7.15557 -9.25708 9.37789
7.42782 8.52496 -0.324516 3.64137
9.37851 9.29439 2.15407 5.14842
-0.139617 1.67283 -0.149989 8.68128
-0 -9.08972 0.142963 0.156658
-0 3.40227 8.51769 2.55304
-0 -5.82913 -7.81736 -4.68538
-0 -9.88224 -5.04892 -1.33667
-0 -6.57634 9.09531 1.84436
-0 2.72349 -1.6145 -8.15643
-0 5.71362 -1.22012 -7.8801
4.82377 7.84855 -0 7.17178
-9.11251 9.57016 -0 -2.66292
1.74061 -4.61487 -0 1.91509
-7.60738 -3.43128 -0 -9.98954
-6.43778 -5.87628 -0 -6.07352
-3.92525 -9.88166 -0 6.77121
4.47503 -5.01922 -0 -1.06874
0.141507 9.35767 -9.51846 -0
-0.00465949 5.10038 0.441873 -0
-0.779702 4.43914 -2.55012 -0
-8.25737 8.47603 6.12911 -0
-8.49937 8.81455 5.58984 -0
-7.05307 5.96424 5.84024 -0
-6.70156 -5.93596 -6.96522 -0
