4
33
3.67567 -5.14773 7.82977 -3.75372
-0.824378 -7.76455 -9.18425 5.59372
4.908 8.34961 -5.8591 3.4858
-5.82754 9.59011 -2.65226 3.51117
-7.67424 -5.77894 0.079931 -6.40757
-0 2.80581 0.169073 6.41368
-0 -0.826208 7.4271 -2.17877
-0 -8.27716 -7.31561 6.31682
-0 9.89885 -8.96006 -3.31599
-0 -5.07621 -3.86245 3.24147
-0 4.99603 0.724965 1.4194
-0 -6.30723 -2.32087 -1.4574
-5.14194 -0 2.54681 -7.07808
4.82081 -0 3.3794 9.20756
2.72115 -0 7.20869 4.6009
9.41183 -0 3.11197 3.9486
3.28109 -0 -6.93291 2.63357
-8.85654 -0 0.981305 -0.212657
-4.20996 -0 -4.52677 -2.58779
6.82234 2.09288 -0 2.59048
-4.98918 -2.16097 -0 -6.1834
5.97659 -1.59422 -0 9.47988
-5.82595 4.62866 -0 5.14509
7.53875 -9.47766 -0 7.73418
9.55165 -6.47952 -0 0.520636
-6.55471 4.72976 -0 -8.77855
8.61399 -9.44248 -8.56133 -0
-3.07214 -3.3073 -1.22981 -0
-9.24717 8.80679 8.70562 -0
-5.64397 -1.92271 6.27045 -0
9.97463 -4.47322 5.44576 -0
-3.78144 9.9474 8.52206 -0
-2.38812 8.60593 5.79119 -0
