214
5 24 6 13 5 18
5 11 22 6 13 12
5 3 5 1 18 12
5 9 24 13 1 18
5 9 24 6 13 14
5 9 11 6 13 14
5 9 6 13 18 12
5 9 11 13 18 12
5 9 11 6 13 12
5 8 11 22 6 12
5 16 0 3 4 5
5 17 9 11 6 12
5 17 9 11 25 14
5 17 8 11 6 12
5 17 16 0 24 5
5 17 16 0 3 5
5 17 0 24 6 14
5 20 9 25 1 18
5 20 9 24 1 18
5 20 9 24 25 1
5 20 25 1 18 12
5 20 3 1 18 12
5 20 3 25 1 12
5 20 24 5 1 18
5 20 16 24 25 1
5 20 16 3 25 1
5 20 17 9 24 25
5 20 16 24 5 1
5 20 16 3 5 1
5 20 24 6 5 18
5 20 17 16 24 5
5 20 11 25 18 12
5 20 9 11 18 12
5 20 9 11 25 18
5 20 9 6 18 12
5 20 17 9 6 12
5 20 17 9 11 12
5 20 17 9 11 25
5 20 24 6 13 18
5 20 9 6 13 18
5 20 9 24 13 18
5 20 9 24 6 13
5 20 9 24 6 14
5 20 17 24 6 14
5 20 17 9 6 14
5 20 17 9 24 14
5 20 0 24 6 5
5 20 17 0 6 5
5 20 17 0 24 5
5 20 17 0 24 6
5 20 8 11 25 12
5 20 17 8 25 12
5 20 17 8 11 12
5 20 17 8 11 25
5 10 9 11 13 14
5 10 9 11 25 14
5 10 8 22 25 12
5 10 8 11 25 12
5 10 8 11 22 12
5 10 22 25 1 12
5 10 11 22 13 12
5 10 9 13 1 18
5 10 9 25 1 18
5 10 9 11 13 18
5 10 9 11 25 18
5 10 25 1 18 12
5 10 11 13 18 12
5 10 11 25 18 12
5 7 8 22 6 4
5 7 0 22 6 4
5 7 17 8 6 4
5 7 8 22 6 12
5 7 17 0 6 4
5 7 17 0 3 6
5 7 0 3 4 5
5 7 8 22 25 12
5 7 16 0 3 4
5 7 17 16 0 4
5 7 17 16 0 3
5 7 16 3 4 1
5 7 16 3 25 1
5 7 22 25 1 12
5 7 3 25 1 12
5 15 17 0 6 14
5 15 17 0 6 4
5 15 17 8 6 4
5 15 16 0 4 14
5 15 17 16 0 4
5 15 8 22 6 4
5 15 8 11 6 14
5 15 17 8 11 6
5 15 16 0 24 14
5 15 17 0 24 14
5 15 17 16 0 24
5 15 9 11 6 14
5 15 17 9 6 14
5 15 17 9 11 14
5 15 17 9 11 6
5 15 16 24 1 14
5 15 10 11 25 14
5 15 10 8 11 14
5 23 20 16 3 25
5 23 20 17 3 25
5 23 20 17 16 3
5 23 7 16 3 25
5 23 7 17 3 25
5 23 7 17 16 3
5 23 20 16 24 25
5 23 20 17 24 25
5 23 20 17 16 24
5 23 7 17 16 4
5 23 16 24 25 1
5 23 15 17 16 4
5 23 7 17 8 4
5 23 7 17 8 25
5 23 15 17 24 14
5 23 17 8 11 25
5 23 15 17 8 11
5 23 9 24 25 14
5 23 17 9 25 14
5 23 17 9 24 14
5 23 17 9 24 25
5 23 17 11 25 14
5 23 15 11 25 14
5 23 15 17 11 14
5 2 3 5 18 12
5 2 20 3 18 12
5 2 20 6 18 12
5 2 20 6 5 18
5 2 3 5 1 18
5 2 20 5 1 18
5 2 20 3 1 18
5 2 20 3 5 1
5 2 7 3 5 12
5 2 20 17 6 12
5 2 20 17 6 5
5 2 0 6 5 12
5 2 7 0 5 12
5 2 7 0 6 12
5 2 7 17 3 6
5 2 7 0 3 5
5 2 7 0 3 6
5 2 20 3 25 12
5 2 20 17 25 12
5 2 20 17 3 25
5 2 17 0 6 5
5 2 17 0 3 5
5 2 17 0 3 6
5 2 17 16 3 5
5 2 20 16 3 5
5 2 20 17 16 5
5 2 20 17 16 3
5 2 17 8 6 12
5 2 7 8 6 12
5 2 7 17 8 6
5 2 17 8 25 12
5 2 7 3 25 12
5 2 7 8 25 12
5 2 7 17 3 25
5 2 7 17 8 25
5 19 10 22 25 1
5 19 10 8 22 25
5 19 7 22 4 1
5 19 7 22 25 1
5 19 7 8 22 4
5 19 7 8 22 25
5 19 7 16 4 1
5 19 7 16 25 1
5 19 23 7 8 4
5 19 23 7 8 25
5 19 10 8 11 25
5 19 23 8 11 25
5 19 23 7 16 4
5 19 23 7 16 25
5 19 15 10 25 14
5 19 23 15 25 14
5 19 15 17 8 4
5 19 23 17 8 4
5 19 23 15 17 4
5 19 23 15 17 8
5 19 15 10 8 11
5 19 23 15 8 11
5 19 15 10 11 25
5 19 23 15 11 25
5 21 19 10 25 1
5 21 9 24 25 1
5 21 10 9 25 1
5 21 23 24 25 1
5 21 19 10 25 14
5 21 9 24 1 14
5 21 10 9 1 14
5 21 9 24 25 14
5 21 10 9 25 14
5 21 23 16 25 1
5 21 19 16 25 1
5 21 19 23 16 25
5 21 23 24 25 14
5 21 19 23 25 14
5 21 15 24 1 14
5 21 23 15 24 14
5 21 19 23 15 14
5 21 15 16 24 1
5 21 23 16 24 1
5 21 19 16 4 1
5 21 23 15 16 4
5 21 19 23 16 4
5 21 19 23 15 4
5 21 16 4 1 14
5 21 15 16 1 14
5 21 15 16 4 14
5 21 15 17 16 24
5 21 23 17 16 24
5 21 23 15 17 24
5 21 23 15 17 16
