309
5 10 18 2 23 7
5 10 18 2 23 8
5 10 18 2 7 8
5 22 10 2 7 8
5 22 14 2 7 8
5 32 14 2 7 8
5 32 2 23 1 8
5 12 31 14 27 7
5 12 24 31 6 27
5 12 31 14 7 9
5 12 24 31 6 9
5 3 32 14 2 30
5 3 22 14 2 8
5 3 32 2 1 8
5 3 32 14 1 8
5 3 32 14 2 8
5 3 14 27 1 8
5 3 22 14 27 8
5 17 10 18 23 7
5 17 31 18 23 7
5 17 31 14 7 9
5 17 32 14 9 30
5 17 22 10 2 7
5 17 32 14 2 30
5 17 32 14 2 7
5 17 22 14 2 7
5 17 3 14 2 30
5 17 3 22 2 30
5 17 3 22 14 30
5 17 3 22 14 2
5 5 10 18 23 8
5 5 17 10 18 7
5 5 17 22 10 7
5 5 14 27 7 8
5 5 22 14 7 8
5 5 22 14 27 8
5 5 22 14 27 7
5 5 10 18 7 8
5 5 22 10 7 8
5 13 31 14 27 9
5 13 6 14 27 9
5 13 31 6 27 9
5 13 17 14 9 30
5 13 17 31 14 9
5 13 24 31 6 9
5 13 17 22 14 30
5 13 32 14 9 30
5 13 3 22 14 30
5 13 3 22 14 27
5 13 24 31 28 9
5 13 3 32 1 30
5 13 3 32 14 30
5 13 3 32 14 1
5 13 6 14 27 1
5 13 3 14 27 1
5 13 22 6 27 1
5 13 3 22 27 1
5 11 13 32 9 30
5 11 13 32 1 30
5 11 12 32 14 1
5 11 12 32 14 7
5 11 10 2 23 1
5 11 32 2 23 1
5 11 3 10 2 30
5 11 3 10 2 1
5 11 3 32 1 30
5 11 3 32 2 30
5 11 3 32 2 1
5 11 32 2 23 7
5 15 5 27 7 8
5 15 5 18 7 8
5 15 14 27 7 8
5 15 12 14 27 7
5 15 32 23 1 8
5 15 11 32 23 1
5 15 11 12 32 1
5 15 12 18 23 7
5 15 11 32 23 7
5 15 11 12 23 7
5 15 11 12 32 7
5 15 14 27 1 8
5 15 12 14 27 1
5 15 32 14 7 8
5 15 12 32 14 7
5 15 18 2 7 8
5 15 32 2 7 8
5 15 18 2 23 8
5 15 32 2 23 8
5 15 32 14 1 8
5 15 12 32 14 1
5 15 18 2 23 7
5 15 32 2 23 7
5 19 12 6 27 21
5 26 11 12 23 7
5 26 17 31 28 23
5 26 31 18 23 7
5 26 12 18 23 7
5 26 12 31 18 7
5 26 12 31 18 23
5 26 17 31 23 7
5 26 12 31 7 9
5 26 17 31 7 9
5 26 17 10 23 7
5 26 13 31 28 9
5 26 13 17 9 30
5 26 13 17 31 9
5 26 17 14 7 9
5 26 10 2 23 7
5 26 11 2 23 7
5 26 11 10 2 23
5 26 17 10 2 7
5 26 11 13 9 30
5 26 17 32 9 30
5 26 11 32 9 30
5 26 17 10 2 30
5 26 11 10 2 30
5 26 17 32 14 9
5 26 11 32 14 9
5 26 17 32 14 7
5 26 11 32 14 7
5 26 17 32 2 7
5 26 11 32 2 7
5 26 17 32 2 30
5 26 11 32 2 30
5 4 17 10 18 23
5 4 5 10 18 23
5 4 5 17 10 18
5 4 5 18 23 8
5 4 5 10 23 8
5 4 15 5 18 8
5 4 5 22 10 8
5 4 5 27 21 8
5 4 15 27 21 8
5 4 15 5 27 8
5 0 13 6 14 9
5 0 13 32 14 9
5 0 11 32 14 9
5 0 13 6 14 1
5 0 13 32 14 1
5 0 11 32 14 1
5 0 11 13 32 9
5 0 11 13 32 1
5 0 12 31 14 9
5 0 12 31 6 9
5 0 26 11 14 9
5 0 26 11 12 9
5 0 12 24 6 9
5 0 11 12 24 9
5 0 11 12 24 6
5 0 11 12 14 1
5 0 6 14 27 9
5 0 31 14 27 9
5 0 31 6 27 9
5 0 12 31 14 27
5 0 12 31 6 27
5 0 12 14 7 9
5 0 26 14 7 9
5 0 26 12 7 9
5 0 11 12 14 7
5 0 26 11 14 7
5 0 26 11 12 7
5 0 6 14 27 1
5 0 12 14 27 1
5 0 12 6 27 1
5 20 13 31 6 27
5 20 13 24 31 6
5 20 13 22 6 27
5 20 13 22 14 27
5 20 13 17 22 14
5 20 13 31 14 27
5 20 13 17 31 14
5 20 5 22 27 7
5 20 5 17 22 7
5 20 22 14 27 7
5 20 17 22 14 7
5 20 31 14 27 7
5 20 17 31 14 7
5 20 4 15 5 18
5 20 15 5 27 7
5 20 15 5 18 7
5 20 17 31 18 7
5 20 5 17 18 7
5 20 4 5 17 18
5 20 12 31 27 7
5 20 15 12 27 7
5 20 12 31 18 7
5 20 15 12 18 7
5 20 17 31 18 23
5 20 4 31 18 23
5 20 4 17 18 23
5 20 4 17 31 23
5 16 26 17 31 28
5 16 26 13 28 30
5 16 26 13 31 28
5 16 26 17 10 30
5 16 26 13 17 30
5 16 26 13 17 31
5 16 20 13 31 28
5 16 26 10 28 23
5 16 26 17 28 23
5 16 26 17 10 23
5 16 20 13 17 31
5 16 13 22 28 30
5 16 20 13 22 28
5 16 17 10 2 30
5 16 17 22 2 30
5 16 17 22 10 2
5 16 13 17 22 30
5 16 20 13 17 22
5 16 20 4 22 28
5 16 20 4 31 28
5 16 20 4 17 31
5 16 4 10 28 23
5 16 4 17 10 23
5 16 3 10 2 30
5 16 3 22 2 30
5 16 3 22 10 2
5 16 5 17 22 10
5 16 4 5 22 10
5 16 4 5 17 10
5 16 20 5 17 22
5 16 20 4 5 22
5 16 20 4 5 17
5 16 17 31 28 23
5 16 4 31 28 23
5 16 4 17 31 23
5 29 24 31 6 27
5 29 20 31 6 27
5 29 20 24 31 6
5 29 20 22 6 27
5 29 19 24 22 6
5 29 20 12 31 27
5 29 20 13 24 31
5 29 19 6 27 21
5 29 20 5 22 27
5 29 13 24 22 6
5 29 20 13 22 6
5 29 20 13 24 6
5 29 19 13 24 22
5 29 19 12 27 21
5 29 13 24 31 28
5 29 19 24 31 28
5 29 19 13 24 28
5 29 20 13 31 28
5 29 20 4 5 22
5 29 19 13 22 28
5 29 20 13 22 28
5 29 15 12 27 21
5 29 20 15 12 27
5 29 20 12 31 18
5 29 20 4 31 28
5 29 4 5 22 21
5 29 4 5 27 21
5 29 20 4 22 28
5 29 4 15 27 21
5 29 20 4 31 18
5 29 19 31 28 21
5 29 4 31 28 21
5 29 19 22 28 21
5 29 4 22 28 21
5 29 4 15 5 27
5 29 20 15 5 27
5 29 20 4 15 5
5 29 4 15 18 21
5 29 20 15 12 18
5 29 20 4 15 18
5 25 12 24 6 27
5 25 29 24 6 27
5 25 19 12 6 27
5 25 29 19 6 27
5 25 29 19 12 27
5 25 12 24 31 27
5 25 29 24 31 27
5 25 29 12 31 27
5 25 29 19 24 6
5 25 29 19 24 31
5 25 19 24 6 21
5 25 19 12 6 21
5 25 29 19 31 21
5 25 29 19 12 21
5 25 12 24 31 9
5 25 26 12 31 9
5 25 19 24 31 28
5 25 29 12 31 18
5 25 19 24 28 21
5 25 24 31 28 9
5 25 26 31 28 9
5 25 11 12 24 9
5 25 26 11 12 9
5 25 19 31 28 21
5 25 26 12 31 23
5 25 12 31 18 23
5 25 29 4 18 21
5 25 29 4 31 21
5 25 29 4 31 18
5 25 29 15 18 21
5 25 29 15 12 21
5 25 29 15 12 18
5 25 26 11 12 23
5 25 26 11 28 9
5 25 26 31 28 23
5 25 4 18 23 21
5 25 4 31 18 23
5 25 15 18 23 21
5 25 15 12 23 21
5 25 15 12 18 23
5 25 4 28 23 21
5 25 4 31 28 21
5 25 4 31 28 23
