291
5 16 5 4 1 27
5 16 5 19 1 27
5 16 5 19 4 27
5 26 5 4 1 27
5 26 16 5 4 1
5 14 26 5 1 27
5 13 7 4 20 27
5 13 16 4 1 27
5 13 26 4 1 27
5 13 16 19 1 27
5 13 16 19 4 27
5 13 16 32 19 11
5 23 13 7 19 4
5 23 13 16 19 4
5 25 21 14 26 27
5 30 13 26 7 15
5 30 3 13 7 11
5 30 3 13 7 15
5 30 21 13 26 15
5 30 21 13 26 6
5 30 13 26 7 4
5 30 3 31 32 11
5 30 13 32 19 11
5 30 23 13 7 4
5 30 13 16 32 19
5 30 23 16 32 19
5 30 23 13 16 19
5 30 23 13 16 4
5 28 16 5 19 4
5 28 23 16 19 4
5 28 23 16 5 4
5 28 23 16 5 19
5 28 5 19 4 27
5 28 23 7 19 4
5 28 13 4 20 27
5 28 13 19 20 27
5 28 13 19 4 27
5 28 13 7 4 20
5 28 13 7 19 20
5 28 13 7 19 4
5 10 13 7 19 20
5 10 30 13 19 11
5 10 13 19 20 27
5 10 3 13 20 27
5 10 13 19 11 27
5 10 3 19 11 27
5 10 3 13 11 27
5 10 3 13 7 20
5 10 3 13 7 11
5 10 31 32 19 11
5 10 30 32 19 11
5 10 30 31 32 11
5 10 30 13 7 11
5 10 30 3 7 11
5 10 30 3 31 11
5 10 30 3 31 7
5 10 28 7 19 20
5 10 28 23 19 20
5 10 28 23 7 20
5 10 28 23 7 19
5 10 23 13 7 19
5 10 30 23 13 19
5 10 30 23 13 7
5 10 23 31 32 19
5 10 30 23 32 19
5 8 30 6 32 11
5 8 30 13 32 11
5 8 13 16 32 11
5 8 30 13 16 32
5 8 30 6 32 24
5 8 13 16 19 11
5 8 13 16 19 1
5 8 6 32 1 24
5 8 16 32 1 24
5 8 30 13 26 6
5 8 26 16 4 1
5 8 13 16 4 1
5 8 13 26 4 1
5 9 14 26 1 27
5 9 21 14 26 27
5 9 8 6 1 24
5 9 14 5 1 24
5 9 14 26 5 1
5 9 8 26 16 1
5 9 8 30 26 6
5 9 13 26 1 27
5 9 8 13 26 1
5 18 25 21 26 27
5 18 25 21 26 15
5 18 21 13 26 15
5 18 25 26 7 27
5 18 25 26 7 15
5 18 25 21 14 27
5 18 13 26 7 15
5 18 25 7 20 27
5 18 25 7 15 20
5 18 3 13 7 15
5 18 26 7 4 27
5 18 13 7 4 27
5 18 13 26 4 27
5 18 13 26 7 4
5 18 3 7 15 20
5 18 13 7 20 27
5 18 3 13 20 27
5 18 3 13 7 20
5 12 30 6 15 11
5 12 30 6 32 11
5 12 30 21 6 15
5 12 30 6 32 24
5 12 3 6 15 11
5 12 30 3 15 11
5 12 30 3 32 11
5 12 30 3 7 15
5 12 30 3 31 32
5 12 30 21 26 15
5 12 25 21 6 24
5 12 30 3 31 7
5 12 30 21 26 6
5 12 3 31 32 11
5 2 25 14 20 27
5 2 28 19 20 27
5 2 28 5 19 27
5 2 14 26 5 27
5 2 25 7 20 27
5 2 25 14 26 27
5 2 26 5 4 27
5 2 28 5 4 27
5 2 28 26 5 4
5 2 7 4 20 27
5 2 28 4 20 27
5 2 28 7 4 20
5 2 25 26 7 27
5 2 26 7 4 27
5 2 28 26 7 4
5 0 12 25 21 24
5 0 12 25 21 26
5 0 25 21 14 24
5 0 25 21 14 26
5 0 23 16 5 24
5 0 9 14 5 24
5 0 9 14 26 5
5 0 9 21 14 24
5 0 9 21 14 26
5 0 9 21 6 24
5 0 12 21 6 24
5 0 9 21 26 6
5 0 12 21 26 6
5 0 16 5 1 24
5 0 9 5 1 24
5 29 18 13 26 27
5 29 18 21 26 27
5 29 18 21 13 26
5 29 9 13 26 27
5 29 9 21 26 27
5 29 9 8 13 26
5 29 18 3 13 27
5 29 9 13 1 27
5 29 9 8 13 1
5 29 21 13 26 6
5 29 8 13 26 6
5 29 9 21 26 6
5 29 9 8 26 6
5 29 3 13 11 27
5 29 18 3 13 15
5 29 18 21 13 15
5 29 21 14 1 27
5 29 9 14 1 27
5 29 9 21 14 27
5 29 9 21 14 1
5 29 9 8 6 1
5 29 30 3 13 11
5 29 8 30 13 11
5 29 30 3 13 15
5 29 30 21 6 15
5 29 30 21 13 15
5 29 30 21 13 6
5 29 8 30 13 6
5 29 30 3 15 11
5 29 3 6 15 11
5 29 30 6 15 11
5 29 8 30 6 11
5 22 2 28 25 5
5 22 0 28 23 5
5 22 2 28 26 5
5 22 0 28 26 5
5 22 2 14 26 5
5 22 2 25 14 5
5 22 2 25 14 26
5 22 0 14 26 5
5 22 0 25 14 5
5 22 0 25 14 26
5 22 2 25 26 7
5 22 2 28 26 7
5 22 2 25 7 20
5 22 2 28 7 20
5 22 2 28 25 20
5 22 28 23 7 20
5 22 0 12 25 26
5 22 10 23 7 20
5 22 0 12 30 26
5 22 10 3 7 20
5 22 10 25 3 20
5 22 25 26 7 15
5 22 30 26 7 15
5 22 12 30 7 15
5 22 12 30 26 15
5 22 3 7 15 20
5 22 25 7 15 20
5 22 25 3 15 20
5 22 10 3 31 7
5 22 10 25 3 31
5 22 10 23 31 32
5 22 12 23 31 32
5 22 12 30 23 32
5 22 12 3 31 7
5 22 12 25 3 31
5 22 12 3 7 15
5 22 12 25 3 15
5 22 25 21 26 15
5 22 12 21 26 15
5 22 12 25 21 15
5 22 12 25 21 26
5 22 10 30 31 32
5 22 10 30 31 7
5 22 10 30 23 32
5 22 10 30 23 7
5 22 12 30 31 32
5 22 12 30 31 7
5 17 30 26 7 4
5 17 28 26 7 4
5 17 30 23 7 4
5 17 22 30 26 7
5 17 22 0 30 26
5 17 28 23 7 4
5 17 28 26 5 4
5 17 0 28 26 5
5 17 22 28 26 7
5 17 22 0 28 26
5 17 30 23 16 4
5 17 22 30 23 7
5 17 28 23 5 4
5 17 0 28 23 5
5 17 22 28 23 7
5 17 22 0 28 23
5 17 26 16 5 4
5 17 23 16 5 4
5 17 0 23 16 5
5 17 0 23 16 24
5 17 22 12 30 23
5 17 22 0 12 23
5 17 22 0 12 30
5 17 8 26 16 4
5 17 0 16 1 24
5 17 9 8 30 26
5 17 0 9 1 24
5 17 0 9 6 24
5 17 9 30 26 6
5 17 0 9 26 6
5 17 26 16 5 1
5 17 0 16 5 1
5 17 23 16 32 24
5 17 30 23 16 32
5 17 12 30 23 32
5 17 9 8 26 16
5 17 8 16 32 24
5 17 8 30 32 24
5 17 8 30 16 32
5 17 30 13 16 4
5 17 8 13 16 4
5 17 8 30 13 16
5 17 30 13 26 4
5 17 8 13 26 4
5 17 8 30 13 26
5 17 9 26 16 1
5 17 8 30 6 24
5 17 9 8 6 24
5 17 9 8 30 6
5 17 9 26 5 1
5 17 0 9 5 1
5 17 0 9 26 5
5 17 12 30 6 24
5 17 0 12 6 24
5 17 12 30 26 6
5 17 0 12 26 6
5 17 0 12 30 26
5 17 12 23 32 24
5 17 0 12 23 24
5 17 12 30 32 24
5 17 8 16 1 24
5 17 9 8 1 24
5 17 9 8 16 1
