213
5 19 5 16 0 14
5 19 5 11 16 0
5 24 19 5 11 16
5 24 19 1 11 16
5 24 19 1 11 14
5 18 5 11 16 0
5 18 5 23 16 0
5 18 5 23 11 16
5 18 23 7 0 2
5 18 23 22 7 0
5 18 24 1 11 4
5 6 1 7 13 14
5 6 22 7 13 20
5 6 5 16 0 14
5 6 1 7 2 14
5 6 5 23 16 0
5 12 24 19 11 14
5 12 19 5 11 14
5 12 24 5 11 20
5 12 24 19 5 11
5 12 24 19 1 14
5 3 18 23 22 7
5 17 6 23 16 0
5 17 18 23 0 2
5 17 18 23 16 0
5 17 6 16 0 14
5 17 6 1 2 14
5 17 6 1 16 14
5 17 6 1 7 2
5 17 18 24 23 16
5 17 19 1 16 14
5 17 19 1 11 16
5 17 18 19 11 16
5 17 18 24 1 4
5 17 24 1 11 16
5 17 18 24 11 16
5 17 18 24 1 11
5 15 6 5 20 14
5 15 12 5 20 14
5 15 12 6 5 20
5 15 12 6 13 20
5 15 6 7 13 14
5 15 6 1 13 14
5 15 12 24 11 14
5 15 12 24 11 4
5 15 12 24 1 14
5 15 24 1 13 4
5 15 12 24 13 4
5 15 12 24 1 13
5 8 3 23 22 7
5 8 23 22 7 0
5 8 6 22 7 13
5 8 3 22 7 13
5 8 23 7 0 2
5 8 6 5 23 0
5 8 6 22 13 20
5 8 17 6 7 2
5 8 17 6 1 7
5 8 17 23 0 2
5 8 17 6 0 2
5 8 17 6 23 0
5 8 6 22 0 20
5 8 6 5 0 20
5 21 12 13 20 4
5 21 12 24 13 4
5 21 3 24 13 4
5 21 3 12 24 13
5 21 3 18 22 4
5 21 12 11 20 4
5 21 12 24 11 4
5 21 12 24 11 20
5 21 18 24 11 4
5 21 3 18 23 22
5 21 3 18 24 23
5 21 24 5 11 20
5 21 18 11 0 4
5 21 18 22 0 4
5 21 18 5 23 11
5 21 5 23 11 16
5 21 24 5 11 16
5 21 18 23 11 16
5 21 18 24 11 16
5 21 18 24 23 16
5 10 3 18 22 4
5 10 3 18 22 7
5 10 3 7 13 4
5 10 17 18 4 2
5 10 18 23 7 2
5 10 3 18 23 7
5 10 1 13 4 2
5 10 1 7 13 2
5 10 17 1 4 2
5 10 17 18 23 2
5 10 17 18 24 4
5 10 24 1 13 4
5 10 3 24 13 4
5 10 3 24 1 13
5 10 17 1 7 2
5 10 8 3 7 13
5 10 17 24 1 4
5 10 3 18 24 23
5 10 17 18 24 23
5 10 21 18 24 4
5 10 21 3 24 4
5 10 21 3 18 4
5 10 21 3 18 24
5 10 8 23 7 2
5 10 8 17 7 2
5 10 8 17 23 2
5 10 8 3 23 7
5 10 8 17 1 7
5 10 6 1 7 13
5 10 8 6 7 13
5 10 8 6 1 7
5 10 17 24 23 16
5 9 8 3 6 13
5 9 10 6 1 13
5 9 10 8 6 13
5 9 10 8 6 1
5 9 10 3 1 13
5 9 10 8 3 13
5 9 15 6 1 13
5 9 15 12 1 13
5 9 15 12 6 13
5 9 12 24 1 13
5 9 3 24 1 13
5 9 3 12 24 13
5 9 12 6 13 20
5 9 17 6 1 16
5 9 8 17 6 1
5 9 10 3 24 1
5 9 10 8 17 1
5 9 10 8 3 23
5 9 17 6 23 16
5 9 8 17 6 23
5 9 6 5 23 16
5 9 8 6 5 23
5 9 6 1 16 14
5 9 15 6 1 14
5 9 15 12 1 14
5 9 24 19 1 16
5 9 12 24 19 1
5 9 21 3 12 24
5 9 12 6 5 20
5 9 6 5 16 14
5 9 17 24 1 16
5 9 10 17 24 16
5 9 10 17 24 1
5 9 10 24 23 16
5 9 10 3 24 23
5 9 10 17 23 16
5 9 10 8 17 23
5 9 21 5 23 16
5 9 19 1 16 14
5 9 12 19 1 14
5 9 15 6 5 14
5 9 15 12 5 14
5 9 15 12 6 5
5 9 24 19 5 16
5 9 12 24 19 5
5 9 21 24 5 16
5 9 21 24 23 16
5 9 21 3 24 23
5 9 12 24 5 20
5 9 21 24 5 20
5 9 21 12 24 20
5 9 19 5 16 14
5 9 12 19 5 14
5 25 8 6 13 20
5 25 8 3 6 13
5 25 9 6 13 20
5 25 9 3 6 13
5 25 8 22 13 20
5 25 8 3 22 13
5 25 9 8 3 6
5 25 21 22 13 20
5 25 21 3 22 13
5 25 8 6 5 20
5 25 9 6 5 20
5 25 9 8 6 5
5 25 21 12 13 20
5 25 9 12 13 20
5 25 9 21 12 20
5 25 21 3 12 13
5 25 9 3 12 13
5 25 9 21 3 12
5 25 8 3 23 22
5 25 21 3 23 22
5 25 9 8 3 23
5 25 9 21 3 23
5 25 9 21 5 20
5 25 8 22 0 20
5 25 8 5 0 20
5 25 9 8 5 23
5 25 9 21 5 23
5 25 8 23 22 0
5 25 8 5 23 0
5 25 22 0 20 4
5 25 21 22 20 4
5 25 21 22 0 4
5 25 5 11 0 20
5 25 21 5 11 20
5 25 11 0 20 4
5 25 21 11 20 4
5 25 21 11 0 4
5 25 18 5 11 0
5 25 21 18 11 0
5 25 21 18 5 11
5 25 18 23 22 0
5 25 21 18 22 0
5 25 21 18 23 22
5 25 18 5 23 0
5 25 21 18 5 23
