297
5 25 31 16 18 27
5 17 25 16 18 27
5 17 25 1 18 5
5 17 25 16 18 5
5 22 7 16 27 21
5 22 13 7 31 16
5 22 14 31 8 6
5 22 13 31 8 6
5 22 13 14 8 6
5 22 13 14 8 20
5 4 14 31 8 6
5 4 25 31 18 27
5 4 17 25 18 27
5 4 17 25 1 27
5 26 25 31 16 18
5 26 25 16 5 3
5 2 26 25 31 18
5 2 13 31 16 18
5 23 22 13 8 20
5 23 22 13 31 8
5 23 12 22 7 20
5 23 22 13 7 31
5 23 12 10 8 20
5 23 26 12 10 20
5 23 26 12 7 10
5 23 22 13 7 16
5 23 13 7 31 16
5 30 4 14 31 6
5 30 22 14 31 6
5 30 4 31 18 27
5 30 4 17 18 27
5 30 22 13 6 21
5 30 7 31 16 27
5 30 22 7 31 16
5 30 22 13 31 6
5 30 31 16 18 27
5 30 2 13 31 6
5 30 2 13 31 18
5 30 17 16 18 27
5 30 13 31 16 18
5 30 22 13 31 16
5 30 2 13 5 6
5 30 2 13 18 5
5 30 2 17 18 5
5 24 12 22 7 21
5 24 30 22 7 31
5 24 22 14 6 21
5 24 30 14 6 21
5 24 30 22 6 21
5 24 30 22 14 6
5 24 22 7 27 21
5 24 4 7 31 27
5 24 30 7 31 27
5 24 30 4 31 27
5 24 22 16 27 21
5 24 30 22 16 21
5 24 22 7 16 27
5 24 30 7 16 27
5 24 30 22 7 16
5 19 26 12 10 20
5 19 13 16 18 5
5 19 2 13 18 5
5 19 2 13 16 18
5 19 2 13 31 16
5 19 23 22 13 20
5 19 23 22 13 16
5 19 23 26 7 16
5 19 23 13 31 16
5 19 23 26 31 16
5 19 12 7 10 16
5 19 26 7 10 16
5 19 26 12 7 10
5 19 25 16 18 5
5 19 26 25 16 5
5 19 26 25 16 18
5 19 2 26 25 18
5 19 26 31 16 18
5 19 2 31 16 18
5 19 2 26 31 18
5 19 22 7 16 20
5 19 23 22 7 20
5 19 23 22 7 16
5 19 23 12 7 20
5 19 23 26 12 20
5 19 23 26 12 7
5 15 17 25 1 18
5 15 4 17 25 18
5 15 4 17 25 1
5 15 17 1 18 5
5 15 2 17 18 5
5 15 25 1 18 5
5 15 4 25 31 18
5 15 2 25 31 18
5 15 30 4 17 18
5 15 30 2 17 18
5 15 30 2 5 6
5 15 30 2 17 5
5 15 30 4 31 18
5 15 30 2 31 18
5 15 30 4 31 6
5 15 30 2 31 6
5 15 4 14 8 6
5 15 2 14 8 6
5 15 4 14 1 3
5 15 4 31 8 6
5 15 2 31 8 6
5 11 30 22 14 31
5 11 24 30 22 31
5 11 24 30 22 14
5 11 22 14 31 8
5 11 30 4 14 31
5 11 24 30 4 31
5 11 24 30 4 14
5 11 4 14 31 8
5 11 24 22 7 31
5 11 4 7 31 8
5 11 24 4 7 31
5 11 23 7 31 8
5 11 23 22 31 8
5 11 23 22 7 31
5 11 24 12 22 7
5 11 22 14 8 20
5 11 12 14 8 20
5 11 24 22 14 21
5 11 24 12 22 21
5 11 24 4 14 27
5 11 24 4 7 27
5 11 23 12 22 7
5 11 23 22 8 20
5 11 23 12 8 20
5 11 23 12 22 20
5 11 22 14 20 21
5 11 12 14 20 21
5 11 12 22 20 21
5 11 12 14 10 8
5 11 24 12 7 21
5 11 4 14 27 3
5 11 24 7 27 21
5 11 23 7 10 8
5 11 23 12 10 8
5 11 23 12 7 10
5 11 14 10 8 3
5 0 13 14 8 20
5 0 12 10 8 20
5 0 12 14 8 20
5 0 12 14 10 8
5 0 23 10 8 20
5 0 23 13 8 20
5 0 19 23 13 20
5 0 12 14 20 21
5 0 22 14 20 21
5 0 22 13 14 20
5 0 2 13 5 6
5 0 22 14 6 21
5 0 22 13 6 21
5 0 22 13 14 6
5 28 15 4 25 31
5 28 15 4 31 8
5 28 15 4 1 3
5 28 15 4 25 1
5 28 4 25 31 27
5 28 2 26 25 31
5 28 15 2 25 31
5 28 15 14 8 3
5 28 15 4 14 3
5 28 15 4 14 8
5 28 25 1 27 3
5 28 4 1 27 3
5 28 4 25 1 27
5 28 26 10 16 3
5 28 26 25 16 3
5 28 26 25 31 16
5 28 4 7 31 8
5 28 10 16 27 3
5 28 25 16 27 3
5 28 4 7 31 27
5 28 15 2 31 8
5 28 11 14 8 3
5 28 11 4 14 3
5 28 11 4 14 8
5 28 23 26 10 8
5 28 23 26 31 8
5 28 26 7 10 16
5 28 11 4 27 3
5 28 23 7 10 8
5 28 23 7 31 8
5 28 7 10 16 27
5 28 25 31 16 27
5 28 7 31 16 27
5 28 23 26 7 10
5 28 23 7 31 16
5 28 23 26 31 16
5 28 23 26 7 16
5 28 11 10 27 3
5 28 11 7 10 27
5 28 11 10 8 3
5 28 11 7 10 8
5 28 11 4 7 27
5 28 11 4 7 8
5 29 23 26 10 20
5 29 0 23 10 20
5 29 19 26 10 20
5 29 19 23 26 20
5 29 0 19 23 20
5 29 23 26 10 8
5 29 0 23 10 8
5 29 28 26 10 8
5 29 28 10 8 3
5 29 28 26 10 3
5 29 0 19 13 5
5 29 14 10 8 3
5 29 0 14 10 3
5 29 0 14 10 8
5 9 26 10 5 3
5 9 29 26 10 3
5 9 29 19 2 5
5 9 29 19 2 26
5 9 29 28 26 3
5 9 19 26 25 5
5 9 19 2 26 25
5 9 29 0 14 3
5 9 26 25 5 3
5 9 28 26 25 3
5 9 19 25 18 5
5 9 19 2 18 5
5 9 19 2 25 18
5 9 28 2 26 25
5 9 29 28 2 26
5 9 25 1 5 3
5 9 28 25 1 3
5 9 28 15 1 3
5 9 28 15 8 3
5 9 29 28 8 3
5 9 15 25 18 5
5 9 15 2 18 5
5 9 15 2 25 18
5 9 28 15 2 25
5 9 15 14 1 3
5 9 15 14 1 5
5 9 15 14 8 3
5 9 29 14 8 3
5 9 0 14 5 6
5 9 0 2 5 6
5 9 15 25 1 5
5 9 28 15 25 1
5 9 28 15 2 8
5 9 15 14 5 6
5 9 15 2 5 6
5 9 15 2 14 6
5 32 0 23 13 8
5 32 29 0 23 8
5 32 0 19 23 13
5 32 29 0 19 13
5 32 29 0 19 23
5 32 23 13 31 8
5 32 0 2 13 6
5 32 0 2 13 5
5 32 29 0 13 5
5 32 13 31 8 6
5 32 2 31 8 6
5 32 2 13 31 6
5 32 19 2 13 31
5 32 19 23 13 31
5 32 28 2 31 8
5 32 23 26 31 8
5 32 29 23 26 8
5 32 19 2 13 5
5 32 29 19 13 5
5 32 29 19 2 5
5 32 29 19 2 26
5 32 29 19 23 26
5 32 13 14 8 6
5 32 0 13 14 6
5 32 0 13 14 8
5 32 2 14 8 6
5 32 9 28 2 8
5 32 9 29 28 8
5 32 9 29 28 2
5 32 29 0 14 8
5 32 9 29 14 8
5 32 9 29 0 14
5 32 9 0 2 5
5 32 9 29 2 5
5 32 9 29 0 5
5 32 19 2 26 31
5 32 19 23 26 31
5 32 28 26 31 8
5 32 29 28 26 8
5 32 28 2 26 31
5 32 29 28 2 26
5 32 9 2 14 6
5 32 9 0 14 6
5 32 9 0 2 6
5 32 15 2 14 8
5 32 9 15 14 8
5 32 9 15 2 8
5 32 9 15 2 14
