219
5 24 8 4 16 17
5 24 20 8 4 17
5 24 3 8 4 19
5 11 24 4 16 17
5 11 24 8 4 16
5 11 24 3 8 16
5 11 24 3 8 4
5 6 22 2 16 17
5 6 3 8 16 19
5 23 24 20 4 17
5 10 24 8 4 19
5 10 24 20 8 4
5 10 3 8 4 19
5 25 11 24 4 17
5 25 11 24 22 4
5 25 23 24 4 17
5 25 11 24 16 17
5 25 23 24 20 17
5 25 22 2 16 17
5 25 11 2 16 17
5 25 23 24 20 4
5 18 24 8 16 17
5 18 6 8 16 17
5 18 6 22 16 17
5 18 25 22 16 17
5 18 25 24 16 17
5 18 25 24 22 17
5 18 3 8 16 19
5 18 24 3 8 19
5 18 24 3 8 16
5 18 25 11 22 16
5 18 25 11 24 16
5 18 25 11 24 22
5 18 11 24 3 16
5 13 10 20 8 19
5 13 10 15 20 19
5 0 13 23 20 2
5 0 13 23 15 20
5 9 18 24 22 17
5 9 18 6 22 17
5 9 18 24 8 17
5 9 18 6 8 17
5 9 25 24 22 17
5 9 6 22 2 17
5 9 18 24 8 19
5 9 13 6 8 19
5 9 10 24 20 8
5 9 13 10 20 8
5 9 25 24 20 22
5 9 10 24 8 19
5 9 13 10 8 19
5 9 13 10 15 20
5 9 25 23 20 22
5 9 13 10 15 19
5 9 10 24 20 22
5 12 0 10 15 19
5 12 0 10 15 20
5 12 9 10 20 22
5 12 9 10 15 20
5 12 25 23 20 22
5 12 10 24 20 22
5 12 25 24 20 22
5 12 25 23 20 4
5 12 9 10 24 22
5 12 10 24 20 4
5 12 25 24 20 4
5 21 12 25 23 22
5 21 12 0 25 22
5 21 12 0 25 23
5 21 0 13 23 15
5 21 9 25 23 22
5 21 9 13 25 22
5 21 9 13 25 23
5 21 12 23 20 22
5 21 0 23 15 20
5 21 12 0 15 20
5 21 12 0 23 20
5 21 0 13 15 2
5 21 9 23 20 22
5 21 13 23 15 20
5 21 9 13 15 20
5 21 9 13 23 20
5 21 12 9 20 22
5 21 12 9 15 20
5 21 12 0 15 19
5 21 9 13 22 2
5 21 12 10 15 19
5 21 12 9 10 15
5 14 9 13 20 8
5 14 24 20 8 17
5 14 9 24 8 17
5 14 9 24 20 8
5 14 9 6 8 17
5 14 9 13 6 8
5 14 9 13 23 20
5 14 6 2 8 17
5 14 13 23 20 2
5 14 25 24 20 17
5 14 9 25 24 17
5 14 9 25 24 20
5 14 9 6 2 17
5 14 9 13 6 2
5 14 25 23 20 17
5 14 9 25 23 20
5 14 9 13 25 23
5 14 25 23 2 17
5 14 9 22 2 17
5 14 9 13 22 2
5 14 9 25 22 17
5 14 9 13 25 22
5 14 25 22 2 17
5 14 21 13 25 23
5 14 21 25 22 2
5 14 21 13 22 2
5 14 21 13 25 22
5 14 0 25 23 2
5 14 21 0 25 2
5 14 21 0 25 23
5 14 0 13 23 2
5 14 21 0 13 2
5 14 21 0 13 23
5 1 13 6 15 19
5 1 9 13 15 19
5 1 9 13 6 19
5 1 21 9 15 19
5 1 21 9 13 15
5 1 21 9 18 19
5 1 9 13 6 2
5 1 21 9 13 2
5 1 9 6 8 19
5 1 9 18 8 19
5 1 9 18 6 8
5 1 9 18 6 22
5 1 21 9 18 22
5 1 9 6 22 2
5 1 6 8 16 19
5 1 18 8 16 19
5 1 18 6 8 16
5 1 6 3 16 19
5 1 18 3 16 19
5 1 18 11 3 19
5 1 18 11 3 16
5 1 18 6 22 16
5 1 6 22 2 16
5 5 9 10 15 19
5 5 21 10 15 19
5 5 21 9 15 19
5 5 21 9 10 15
5 5 21 12 10 19
5 5 21 12 9 10
5 5 9 10 24 19
5 5 12 9 10 24
5 5 21 9 18 19
5 5 10 24 4 19
5 5 12 10 24 4
5 5 9 18 24 19
5 5 21 9 18 22
5 5 21 12 9 22
5 5 10 3 4 19
5 5 9 18 24 22
5 5 12 9 24 22
5 5 24 3 4 19
5 5 18 24 3 19
5 5 12 0 10 19
5 5 18 11 3 19
5 5 11 24 3 4
5 5 18 11 24 3
5 5 11 24 22 4
5 5 18 11 24 22
5 5 25 24 22 4
5 5 12 25 24 4
5 5 12 25 24 22
5 5 25 11 22 4
5 5 12 25 23 4
5 5 12 0 23 4
5 5 12 0 25 23
5 7 21 13 15 2
5 7 1 21 13 2
5 7 1 21 13 15
5 7 13 6 15 2
5 7 1 13 6 2
5 7 1 13 6 15
5 7 21 0 15 2
5 7 21 0 15 19
5 7 1 21 15 19
5 7 21 25 22 2
5 7 21 0 25 2
5 7 21 0 25 22
5 7 21 9 22 2
5 7 1 9 22 2
5 7 1 21 9 2
5 7 1 21 9 22
5 7 1 6 2 16
5 7 21 12 0 22
5 7 5 21 12 22
5 7 1 21 18 22
5 7 5 21 18 22
5 7 21 12 0 19
5 7 5 12 0 19
5 7 5 21 12 19
5 7 1 21 18 19
5 7 5 21 18 19
5 7 1 11 3 19
5 7 5 11 3 19
5 7 25 22 2 16
5 7 25 11 2 16
5 7 25 11 22 16
5 7 5 25 11 22
5 7 5 0 25 11
5 7 1 22 2 16
5 7 5 18 11 22
5 7 12 0 25 22
5 7 5 12 25 22
5 7 5 12 0 25
5 7 1 18 11 19
5 7 5 18 11 19
5 7 18 11 22 16
5 7 1 18 22 16
5 7 1 18 11 16
