334
5 27 29 5 20 0
5 16 27 15 5 0
5 31 9 15 5 20
5 31 16 9 15 5
5 18 27 29 5 20
5 18 29 5 20 0
5 18 27 29 5 0
5 18 27 15 5 0
5 13 16 27 29 0
5 13 16 27 15 0
5 13 18 27 29 0
5 13 18 27 15 0
5 13 18 16 15 0
5 13 16 27 15 5
5 13 18 16 9 15
5 13 6 17 11 0
5 28 16 27 5 0
5 32 8 9 20 30
5 32 13 18 9 15
5 32 16 9 15 5
5 32 13 16 9 15
5 21 8 4 20 30
5 21 32 8 20 30
5 21 9 4 20 30
5 21 27 29 20 1
5 21 27 5 20 1
5 21 32 9 20 30
5 21 28 5 20 1
5 21 28 31 5 20
5 21 28 27 5 1
5 2 28 27 29 0
5 2 28 16 27 0
5 2 28 16 27 5
5 2 28 31 16 5
5 2 28 27 29 1
5 12 31 9 5 20
5 12 32 9 5 20
5 12 21 31 5 20
5 12 21 31 9 20
5 12 21 32 9 20
5 12 31 16 9 5
5 12 32 16 9 5
5 12 21 27 5 20
5 12 21 32 9 30
5 12 2 31 16 5
5 12 21 32 8 20
5 12 2 16 27 5
5 12 21 27 29 20
5 12 2 28 27 5
5 12 2 28 31 5
5 12 13 27 15 5
5 12 13 16 15 5
5 12 32 16 15 5
5 12 32 13 16 15
5 25 9 15 5 20
5 25 32 15 5 20
5 25 32 9 5 20
5 25 32 9 15 5
5 25 32 18 9 15
5 25 32 8 9 20
5 25 13 18 6 9
5 25 32 13 6 9
5 25 32 13 18 9
5 25 8 9 20 30
5 25 32 6 9 30
5 25 32 8 9 30
5 25 32 8 6 30
5 25 8 4 20 30
5 25 8 6 4 30
5 25 8 4 20 11
5 25 8 6 4 11
5 22 10 29 20 1
5 22 21 29 20 1
5 22 21 10 20 1
5 22 12 21 29 20
5 22 21 27 29 1
5 22 12 21 27 29
5 22 12 21 8 20
5 22 21 28 27 1
5 22 2 28 27 1
5 22 12 2 28 27
5 22 21 28 31 1
5 22 21 28 27 5
5 22 12 28 27 5
5 22 12 21 27 5
5 22 12 2 28 31
5 22 21 31 17 1
5 22 28 31 17 1
5 22 2 28 17 1
5 22 2 28 31 17
5 22 21 28 31 5
5 22 12 28 31 5
5 22 12 21 31 5
5 23 2 28 31 17
5 23 2 28 31 16
5 23 2 28 16 0
5 23 12 31 16 9
5 23 12 2 31 16
5 23 12 32 16 9
5 23 2 16 27 0
5 23 12 32 13 16
5 23 13 6 17 0
5 23 6 9 17 30
5 23 32 6 9 30
5 23 32 13 6 9
5 23 32 13 16 9
5 23 13 18 16 0
5 23 13 18 6 9
5 23 13 18 16 9
5 23 31 4 17 30
5 23 21 31 4 30
5 23 21 31 4 17
5 23 6 4 17 30
5 7 12 32 8 20
5 7 22 10 29 20
5 7 22 12 29 20
5 7 22 8 10 20
5 7 22 12 8 20
5 7 22 10 29 1
5 7 22 12 27 29
5 7 13 16 27 29
5 7 2 27 29 1
5 7 22 27 29 1
5 7 22 2 27 1
5 7 12 2 16 27
5 7 13 16 29 0
5 7 23 12 13 16
5 7 23 12 2 16
5 7 13 16 27 5
5 7 12 16 27 5
5 7 12 13 27 5
5 7 12 13 16 5
5 7 23 2 16 27
5 19 25 32 8 20
5 19 7 32 8 20
5 19 25 8 20 11
5 19 25 18 15 20
5 19 25 32 15 20
5 19 25 32 18 15
5 19 25 32 13 18
5 19 18 15 5 20
5 19 32 15 5 20
5 19 25 32 8 6
5 19 25 32 13 6
5 19 8 10 20 11
5 19 7 8 10 11
5 19 7 8 10 20
5 19 18 27 29 20
5 19 7 10 29 20
5 19 7 12 29 20
5 19 7 12 32 20
5 19 7 32 8 11
5 19 7 32 13 11
5 19 25 8 6 11
5 19 25 13 18 6
5 19 18 27 5 20
5 19 18 27 15 5
5 19 32 8 6 11
5 19 32 13 6 11
5 19 7 13 10 11
5 19 12 27 29 20
5 19 10 29 20 0
5 19 18 29 20 0
5 19 7 10 29 0
5 19 7 12 27 29
5 19 13 18 27 29
5 19 7 13 27 29
5 19 13 18 27 15
5 19 32 13 18 15
5 19 7 12 13 27
5 19 7 12 32 13
5 19 13 10 11 0
5 19 13 6 11 0
5 19 13 18 6 0
5 19 12 27 5 20
5 19 12 32 5 20
5 19 12 27 15 5
5 19 12 32 15 5
5 19 7 13 10 0
5 19 13 18 29 0
5 19 7 13 29 0
5 19 12 13 27 15
5 19 12 32 13 15
5 26 2 28 17 1
5 26 7 22 10 1
5 26 2 28 29 1
5 26 7 10 29 1
5 26 7 2 29 1
5 26 10 29 1 0
5 26 28 29 1 0
5 26 10 17 11 0
5 26 7 10 29 0
5 14 7 22 12 8
5 14 7 32 8 11
5 14 7 12 32 8
5 14 7 8 10 11
5 14 7 22 8 10
5 14 32 8 6 11
5 14 26 7 10 11
5 14 6 4 17 11
5 14 8 6 4 11
5 14 26 17 11 1
5 14 26 22 17 1
5 14 22 21 10 1
5 14 22 8 10 20
5 14 22 21 10 20
5 14 22 21 8 20
5 14 26 10 11 1
5 14 26 22 10 1
5 14 21 4 17 1
5 14 22 21 17 1
5 14 10 20 11 1
5 14 8 10 20 11
5 14 21 10 20 1
5 14 8 4 20 11
5 14 21 4 20 1
5 14 21 8 4 20
5 3 22 2 17 1
5 3 26 2 17 1
5 3 26 22 17 1
5 3 14 26 22 17
5 3 7 23 12 2
5 3 14 26 17 11
5 3 14 26 7 11
5 3 14 6 17 11
5 3 26 7 2 29
5 3 14 7 32 11
5 3 23 12 32 13
5 3 7 12 32 13
5 3 7 23 12 13
5 3 13 6 17 11
5 3 23 13 6 17
5 3 14 32 6 11
5 3 23 28 17 0
5 3 23 2 28 0
5 3 23 2 28 17
5 3 26 28 17 0
5 3 26 2 28 17
5 3 23 13 17 0
5 3 26 7 29 0
5 3 7 2 27 29
5 3 7 23 2 27
5 3 13 17 11 0
5 3 26 17 11 0
5 3 7 13 10 11
5 3 26 7 10 11
5 3 23 32 13 6
5 3 2 28 29 0
5 3 26 28 29 0
5 3 26 2 28 29
5 3 2 27 29 0
5 3 23 2 27 0
5 3 23 13 16 0
5 3 7 13 16 0
5 3 7 23 13 16
5 3 7 13 10 0
5 3 26 7 10 0
5 3 7 16 29 0
5 3 7 16 27 29
5 3 7 23 16 27
5 3 13 10 11 0
5 3 26 10 11 0
5 3 32 13 6 11
5 3 7 32 13 11
5 3 16 27 29 0
5 3 23 16 27 0
5 24 14 22 12 8
5 24 14 12 32 8
5 24 14 21 8 4
5 24 14 22 21 8
5 24 12 21 32 8
5 24 22 12 21 8
5 24 14 8 6 4
5 24 14 32 8 6
5 24 14 21 4 17
5 24 14 22 21 17
5 24 14 6 4 17
5 24 21 8 4 30
5 24 21 32 8 30
5 24 12 21 32 30
5 24 8 6 4 30
5 24 32 8 6 30
5 24 3 14 32 6
5 24 23 21 4 17
5 24 23 6 4 17
5 24 3 14 6 17
5 24 3 14 22 17
5 24 3 14 26 22
5 24 23 21 4 30
5 24 23 6 4 30
5 24 23 32 6 30
5 24 22 12 21 31
5 24 3 23 32 6
5 24 3 23 12 32
5 24 14 7 12 32
5 24 3 7 12 32
5 24 3 14 7 32
5 24 22 21 31 17
5 24 23 21 31 17
5 24 3 23 6 17
5 24 3 23 12 2
5 24 14 7 22 12
5 24 3 14 26 7
5 24 23 21 31 30
5 24 12 32 9 30
5 24 23 32 9 30
5 24 23 12 32 9
5 24 21 31 9 30
5 24 12 21 9 30
5 24 12 21 31 9
5 24 22 2 31 17
5 24 23 2 31 17
5 24 3 22 2 17
5 24 3 23 2 17
5 24 22 12 2 31
5 24 23 12 2 31
5 24 26 7 22 10
5 24 14 7 22 10
5 24 14 26 22 10
5 24 14 26 7 10
5 24 3 7 12 2
5 24 3 26 7 2
5 24 3 22 2 1
5 24 3 26 2 1
5 24 3 26 22 1
5 24 23 31 9 30
5 24 23 12 31 9
5 24 22 12 2 27
5 24 7 12 2 27
5 24 7 22 2 27
5 24 7 22 12 27
5 24 7 22 2 1
5 24 26 7 2 1
5 24 26 7 22 1
