316
5 0 30 28 4 21
5 25 24 15 7 3
5 32 19 22 17 28
5 32 2 15 28 7
5 9 0 30 28 4
5 9 0 28 4 21
5 9 32 2 15 28
5 23 0 4 3 21
5 23 24 0 3 21
5 18 22 8 20 21
5 18 32 19 17 20
5 11 18 26 2 20
5 11 26 25 2 7
5 11 25 24 7 3
5 11 26 17 2 20
5 11 26 17 2 7
5 11 24 8 7 20
5 11 17 8 7 20
5 11 26 17 8 20
5 11 26 17 8 7
5 5 23 4 3 21
5 5 24 8 3 21
5 5 23 24 3 21
5 5 23 24 8 3
5 5 18 22 8 21
5 5 23 0 4 21
5 5 22 30 4 21
5 5 18 22 4 21
5 5 18 22 30 4
5 5 18 19 22 30
5 5 18 22 8 20
5 5 18 19 22 20
5 5 19 22 17 20
5 12 25 2 15 6
5 12 23 25 6 3
5 12 9 2 15 6
5 12 23 0 4 3
5 12 25 24 15 3
5 12 24 0 15 3
5 12 23 24 0 3
5 27 11 25 24 7
5 27 11 26 25 7
5 27 25 2 15 7
5 27 26 25 2 7
5 27 25 2 15 6
5 27 26 25 2 6
5 27 32 15 28 7
5 27 32 2 15 7
5 27 9 32 15 28
5 27 32 17 2 7
5 27 26 17 2 7
5 27 26 32 17 2
5 27 9 2 15 6
5 27 9 32 2 6
5 27 9 32 2 15
5 13 23 24 0 21
5 13 25 24 15 7
5 13 27 25 24 7
5 13 0 28 7 21
5 13 5 23 24 21
5 13 5 23 24 8
5 13 11 24 8 7
5 13 27 11 24 7
5 13 27 32 28 7
5 13 24 8 7 20
5 13 11 26 8 7
5 13 27 11 26 7
5 13 17 28 7 21
5 13 22 17 28 21
5 13 24 7 20 21
5 13 32 17 28 7
5 13 27 32 17 7
5 13 17 8 7 20
5 13 24 8 20 21
5 13 5 24 8 21
5 13 26 17 8 7
5 13 27 26 17 7
5 13 17 7 20 21
5 13 22 17 20 21
5 13 22 8 20 21
5 13 5 22 8 21
5 13 5 22 8 20
5 13 5 22 17 20
5 13 5 19 22 17
5 31 26 25 2 6
5 31 11 26 25 2
5 31 27 26 25 6
5 31 11 25 24 3
5 31 27 11 25 24
5 31 27 11 26 25
5 31 23 25 6 3
5 31 13 27 11 24
5 31 13 27 11 26
5 31 13 11 26 8
5 31 23 24 8 3
5 31 11 24 8 3
5 31 13 23 24 8
5 31 13 11 24 8
5 31 13 5 23 8
5 14 5 18 8 4
5 14 18 8 4 3
5 14 11 18 8 3
5 14 5 8 4 3
5 14 5 18 30 4
5 14 31 11 8 3
5 14 18 32 2 4
5 14 5 23 4 3
5 14 18 32 30 4
5 14 12 25 6 3
5 14 11 25 2 3
5 14 31 25 6 3
5 14 31 11 25 3
5 14 9 32 2 4
5 14 12 25 2 6
5 14 31 25 2 6
5 14 31 11 25 2
5 14 31 26 2 6
5 14 11 18 26 2
5 14 31 11 26 2
5 14 12 23 4 3
5 14 12 23 6 3
5 14 12 23 6 4
5 14 31 23 6 3
5 14 31 5 23 6
5 14 5 23 8 3
5 14 31 23 8 3
5 14 31 5 23 8
5 14 9 32 30 4
5 14 12 9 2 4
5 14 12 9 2 6
5 10 0 30 4 21
5 10 5 30 4 21
5 10 5 0 4 21
5 10 5 23 0 21
5 10 5 23 0 4
5 10 0 30 28 21
5 10 14 23 30 4
5 10 14 5 30 4
5 10 14 5 23 4
5 10 13 0 28 21
5 10 13 23 0 21
5 10 13 5 23 21
5 10 14 23 30 6
5 10 14 5 30 6
5 10 14 5 23 6
5 10 22 30 28 21
5 10 19 22 30 28
5 10 5 22 30 21
5 10 5 19 22 30
5 10 32 19 30 28
5 10 13 22 28 21
5 10 13 5 22 21
5 10 13 5 19 22
5 10 19 22 17 28
5 10 13 22 17 28
5 10 13 19 22 17
5 10 32 19 17 28
5 10 13 32 17 28
5 10 13 27 32 28
5 1 12 9 15 6
5 1 27 9 15 6
5 1 12 23 6 4
5 1 12 9 0 15
5 1 14 12 6 4
5 1 14 12 9 4
5 1 14 12 9 6
5 1 12 9 0 4
5 1 12 23 0 4
5 1 27 9 32 6
5 1 27 9 32 28
5 1 9 0 15 28
5 1 27 9 15 28
5 1 14 9 30 4
5 1 14 9 30 6
5 1 14 23 6 4
5 1 14 23 30 4
5 1 14 23 30 6
5 1 10 23 30 4
5 1 10 23 30 6
5 1 10 23 0 4
5 1 9 32 30 6
5 1 9 32 30 28
5 1 9 0 30 4
5 1 10 0 30 4
5 1 10 32 30 6
5 1 10 32 30 28
5 1 9 0 30 28
5 1 10 0 30 28
5 29 31 11 26 8
5 29 31 13 26 8
5 29 31 13 5 8
5 29 5 18 8 20
5 29 5 18 19 20
5 29 11 26 8 20
5 29 11 18 8 20
5 29 11 18 26 20
5 29 14 11 18 8
5 29 14 31 11 8
5 29 14 11 18 26
5 29 14 31 11 26
5 29 13 26 17 8
5 29 31 13 23 26
5 29 31 13 5 23
5 29 14 5 18 8
5 29 14 31 5 6
5 29 14 31 5 8
5 29 14 31 26 6
5 29 31 5 23 6
5 29 18 19 17 20
5 29 26 17 8 20
5 29 5 19 17 20
5 29 13 17 8 20
5 29 13 5 8 20
5 29 13 5 17 20
5 29 13 5 19 17
5 29 10 13 5 23
5 29 14 5 30 6
5 29 14 5 18 30
5 29 10 5 23 6
5 29 26 17 2 20
5 29 18 17 2 20
5 29 18 26 2 20
5 29 18 32 19 17
5 29 10 13 5 19
5 29 18 32 19 30
5 29 5 18 19 30
5 29 13 27 26 17
5 29 14 18 32 30
5 29 14 26 2 6
5 29 14 18 32 2
5 29 14 18 26 2
5 29 26 32 17 2
5 29 18 32 17 2
5 29 27 26 32 17
5 29 10 32 30 6
5 29 10 5 30 6
5 29 10 32 19 30
5 29 10 5 19 30
5 29 10 13 19 17
5 29 9 32 30 6
5 29 14 9 30 6
5 29 14 9 32 30
5 29 27 32 2 6
5 29 27 26 2 6
5 29 27 26 32 2
5 29 9 32 2 6
5 29 14 9 2 6
5 29 14 9 32 2
5 29 10 32 19 17
5 29 1 10 32 6
5 29 13 27 32 17
5 29 10 13 32 17
5 29 10 13 27 32
5 16 1 27 15 6
5 16 27 25 15 6
5 16 13 25 24 15
5 16 27 25 15 7
5 16 13 25 15 7
5 16 13 27 25 7
5 16 1 12 15 6
5 16 1 12 23 6
5 16 1 10 23 6
5 16 13 24 0 15
5 16 13 23 24 0
5 16 1 12 0 15
5 16 1 12 23 0
5 16 13 0 15 7
5 16 10 13 23 0
5 16 1 10 23 0
5 16 27 15 28 7
5 16 1 27 15 28
5 16 13 27 28 7
5 16 29 10 13 23
5 16 29 10 13 27
5 16 10 13 27 28
5 16 12 25 15 6
5 16 12 23 25 6
5 16 12 25 24 15
5 16 31 13 23 24
5 16 31 23 25 6
5 16 31 27 25 6
5 16 29 10 23 6
5 16 29 1 10 6
5 16 12 24 0 15
5 16 12 23 24 0
5 16 0 15 28 7
5 16 1 0 15 28
5 16 13 0 28 7
5 16 10 13 0 28
5 16 1 10 0 28
5 16 29 13 23 26
5 16 29 13 27 26
5 16 10 27 32 28
5 16 1 27 32 28
5 16 1 10 32 28
5 16 12 25 24 3
5 16 12 23 24 3
5 16 12 23 25 3
5 16 31 25 24 3
5 16 31 23 24 3
5 16 31 23 25 3
5 16 13 27 25 24
5 16 31 27 25 24
5 16 31 13 27 24
5 16 31 27 26 6
5 16 31 13 23 26
5 16 31 13 27 26
5 16 29 27 26 6
5 16 1 27 32 6
5 16 29 27 32 6
5 16 29 1 32 6
5 16 29 10 27 32
5 16 29 1 10 32
5 16 29 31 26 6
5 16 29 31 23 6
5 16 29 31 23 26
