219
5 23 7 1 9 18
5 22 23 7 1 18
5 11 16 1 9 18
5 11 23 1 9 12
5 14 23 7 17 18
5 14 22 23 7 18
5 14 22 23 1 18
5 14 23 1 9 18
5 14 16 1 9 18
5 14 13 17 9 18
5 24 13 4 6 12
5 24 13 4 6 17
5 24 13 16 6 17
5 24 14 13 17 9
5 24 14 13 16 17
5 24 11 16 1 9
5 24 14 16 1 9
5 24 14 11 16 1
5 24 11 16 9 18
5 24 13 11 9 18
5 24 13 11 16 18
5 24 14 16 9 18
5 24 14 13 9 18
5 24 14 13 16 18
5 10 14 23 7 17
5 10 13 16 6 17
5 10 13 4 6 17
5 10 14 7 17 18
5 10 13 7 17 18
5 5 11 23 1 9
5 5 14 23 1 9
5 5 14 23 17 9
5 5 24 11 1 9
5 5 24 14 1 9
5 5 24 14 17 9
5 5 24 14 11 1
5 5 11 23 1 0
5 5 24 14 16 17
5 5 24 14 11 16
5 5 14 11 16 1
5 5 10 14 23 17
5 5 10 14 16 17
5 5 14 22 23 1
5 5 11 3 1 0
5 5 10 23 3 0
5 5 22 23 3 7
5 5 10 23 3 7
5 5 14 22 23 7
5 5 10 14 23 7
5 5 10 14 22 7
5 20 5 22 3 7
5 20 5 10 3 7
5 20 5 22 3 1
5 8 13 4 6 12
5 8 6 3 12 0
5 8 13 4 7 12
5 8 10 13 4 6
5 8 23 3 12 0
5 8 4 23 12 0
5 8 10 6 3 0
5 8 23 3 7 12
5 8 4 23 7 12
5 8 10 23 3 0
5 8 10 4 23 0
5 8 10 23 3 7
5 8 10 4 23 7
5 8 20 13 22 7
5 8 20 10 3 7
5 8 10 13 4 7
5 8 10 13 16 6
5 19 24 11 6 12
5 19 24 4 17 12
5 19 24 4 6 12
5 19 24 4 6 17
5 19 11 23 9 12
5 19 24 11 9 12
5 19 24 16 6 17
5 19 4 23 12 0
5 19 8 6 12 0
5 19 8 4 12 0
5 19 8 4 6 12
5 19 10 4 6 17
5 19 5 11 23 0
5 19 5 23 17 9
5 19 5 24 17 9
5 19 5 11 23 9
5 19 5 24 11 9
5 19 10 16 6 0
5 19 10 16 6 17
5 19 5 24 16 17
5 19 5 11 16 0
5 19 5 24 11 16
5 19 10 4 23 0
5 19 10 4 23 17
5 19 8 10 6 0
5 19 8 10 4 0
5 19 8 10 4 6
5 19 5 10 23 0
5 19 5 10 23 17
5 19 5 10 16 0
5 19 5 10 16 17
5 21 13 22 7 18
5 21 10 13 7 18
5 21 14 22 7 18
5 21 10 14 7 18
5 21 10 14 22 7
5 21 14 13 16 18
5 21 20 14 16 18
5 21 5 10 14 16
5 21 14 13 17 18
5 21 10 13 17 18
5 21 10 14 17 18
5 21 14 13 16 17
5 21 10 13 16 17
5 21 10 14 16 17
5 2 20 10 13 16
5 2 8 10 13 16
5 2 8 20 10 13
5 2 8 13 16 6
5 2 8 20 10 3
5 2 8 13 6 3
5 2 8 20 13 3
5 2 20 5 10 3
5 2 20 5 10 16
5 2 8 10 6 3
5 2 8 10 16 6
5 2 5 10 3 0
5 2 5 10 16 0
5 2 20 5 3 1
5 2 10 6 3 0
5 2 10 16 6 0
5 2 24 13 16 6
5 2 24 13 11 6
5 2 24 13 11 16
5 2 13 11 16 18
5 2 5 11 3 0
5 2 5 11 16 0
5 2 5 11 3 1
5 2 5 11 16 1
5 2 5 14 16 1
5 2 20 5 14 1
5 2 20 5 14 16
5 2 11 16 1 18
5 2 21 13 16 18
5 2 21 20 16 18
5 2 21 20 13 16
5 2 14 16 1 18
5 2 20 14 1 18
5 2 20 14 16 18
5 2 19 16 6 0
5 2 19 24 16 6
5 2 19 11 6 0
5 2 19 24 11 6
5 2 19 11 16 0
5 2 19 24 11 16
5 15 19 24 9 12
5 15 19 24 17 12
5 15 19 24 17 9
5 15 24 13 9 12
5 15 24 13 17 9
5 15 19 23 9 12
5 15 19 23 17 9
5 15 13 7 9 12
5 15 24 4 17 12
5 15 24 13 4 12
5 15 24 13 4 17
5 15 23 7 9 12
5 15 19 4 17 12
5 15 19 4 23 12
5 15 19 4 23 17
5 15 13 4 7 12
5 15 13 17 9 18
5 15 13 7 9 18
5 15 13 7 17 18
5 15 4 23 7 12
5 15 23 7 9 18
5 15 23 7 17 18
5 15 10 13 7 17
5 15 10 13 4 17
5 15 10 13 4 7
5 15 10 23 7 17
5 15 10 4 23 17
5 15 10 4 23 7
5 15 14 17 9 18
5 15 14 23 9 18
5 15 14 23 17 18
5 15 14 23 17 9
5 25 21 14 22 18
5 25 21 20 22 18
5 25 21 20 14 18
5 25 14 22 1 18
5 25 20 22 1 18
5 25 20 14 1 18
5 25 5 14 22 1
5 25 20 5 22 1
5 25 20 5 14 1
5 25 5 10 14 22
5 25 21 10 14 22
5 25 21 5 10 14
5 25 20 5 14 16
5 25 21 5 14 16
5 25 21 20 14 16
5 25 5 10 22 7
5 25 20 5 22 7
5 25 20 5 10 7
5 25 21 20 13 22
5 25 20 5 10 16
5 25 21 5 10 16
5 25 20 13 22 7
5 25 21 13 22 7
5 25 21 10 22 7
5 25 21 10 13 7
5 25 20 10 13 16
5 25 21 10 13 16
5 25 21 20 13 16
5 25 8 10 13 7
5 25 8 20 13 7
5 25 8 20 10 7
5 25 8 20 10 13
