226
5 11 20 24 19 14
5 4 11 22 19 5
5 10 11 20 19 5
5 10 11 22 19 5
5 10 11 20 24 19
5 10 11 22 24 19
5 10 4 22 19 5
5 21 0 9 8 2
5 16 10 1 20 0
5 16 15 18 24 14
5 16 15 18 20 24
5 16 10 15 20 24
5 16 1 20 19 14
5 16 10 1 20 19
5 16 18 20 24 14
5 16 1 0 9 14
5 16 20 24 19 14
5 16 10 20 24 19
5 16 10 1 24 19
5 6 4 1 0 8
5 6 10 15 20 0
5 6 10 1 20 5
5 6 10 1 20 0
5 6 10 4 22 5
5 3 10 4 22 24
5 3 10 22 24 19
5 3 10 1 24 19
5 3 6 10 1 24
5 3 6 10 4 24
5 3 10 4 22 19
5 3 22 9 24 19
5 3 4 22 9 19
5 3 4 22 9 24
5 3 6 4 1 5
5 3 6 10 1 5
5 3 6 10 4 5
5 3 4 1 19 5
5 3 10 1 19 5
5 3 10 4 19 5
5 3 9 24 19 14
5 3 4 1 0 9
5 3 16 24 19 14
5 3 16 1 19 14
5 3 16 1 24 19
5 3 16 9 24 14
5 3 16 1 9 14
5 3 16 1 0 9
5 23 18 0 9 2
5 23 21 0 9 2
5 23 16 18 20 0
5 23 16 15 18 20
5 23 10 15 20 0
5 23 16 10 20 0
5 23 16 10 15 20
5 23 18 0 9 14
5 23 16 0 9 14
5 23 16 18 0 14
5 23 16 15 18 14
5 23 16 10 1 0
5 23 3 0 9 24
5 23 3 16 9 24
5 23 3 16 0 9
5 23 16 9 24 14
5 23 16 15 24 14
5 23 6 21 0 8
5 23 6 10 1 0
5 23 6 10 15 0
5 23 16 10 1 24
5 23 16 10 15 24
5 23 3 16 1 24
5 23 3 16 1 0
5 23 6 10 1 24
5 7 11 9 8 2
5 7 4 11 9 8
5 7 4 22 9 19
5 7 4 11 9 19
5 7 4 11 22 19
5 7 22 9 24 19
5 7 11 22 24 19
5 7 9 24 19 14
5 7 11 24 19 14
5 7 11 9 19 14
5 7 11 18 9 14
5 17 11 8 2 5
5 17 4 11 8 5
5 17 4 11 22 5
5 17 7 11 8 2
5 17 6 4 8 5
5 17 6 4 22 5
5 17 21 9 8 2
5 17 7 9 8 2
5 17 7 21 9 2
5 17 7 4 11 8
5 17 7 4 11 22
5 17 10 11 22 5
5 17 10 11 22 24
5 17 7 11 22 24
5 17 6 10 22 5
5 17 7 4 9 8
5 17 10 4 22 24
5 17 6 10 4 24
5 17 6 10 4 22
5 17 23 6 21 8
5 17 4 0 9 8
5 17 21 0 9 8
5 17 4 22 9 24
5 17 7 22 9 24
5 17 7 4 22 9
5 17 23 10 15 24
5 17 23 6 10 24
5 17 23 6 10 15
5 17 23 6 21 15
5 17 23 21 0 8
5 17 6 4 0 8
5 17 23 6 0 8
5 17 3 6 4 24
5 17 23 3 0 24
5 17 23 0 9 24
5 17 23 21 0 9
5 17 6 4 1 0
5 17 23 6 1 0
5 17 3 6 1 24
5 17 23 6 1 24
5 17 23 3 1 24
5 17 3 6 4 1
5 17 3 0 9 24
5 17 3 4 9 24
5 17 3 4 0 9
5 17 3 4 1 0
5 17 23 3 1 0
5 13 7 21 9 2
5 13 11 18 9 2
5 13 7 11 9 2
5 13 7 11 18 9
5 13 17 23 21 9
5 13 17 7 21 9
5 13 15 18 20 24
5 13 23 18 9 14
5 13 7 18 9 14
5 13 23 15 18 14
5 13 17 23 9 24
5 13 17 7 9 24
5 13 11 18 20 14
5 13 7 11 18 14
5 13 18 20 24 14
5 13 15 18 24 14
5 13 23 9 24 14
5 13 7 9 24 14
5 13 23 15 24 14
5 13 11 20 24 14
5 13 7 11 24 14
5 12 10 11 20 24
5 12 17 10 11 24
5 12 13 11 20 24
5 12 10 15 20 24
5 12 17 10 15 24
5 12 10 11 20 5
5 12 17 10 11 5
5 12 13 15 20 24
5 12 17 7 11 24
5 12 13 7 11 24
5 12 13 17 7 24
5 12 17 6 10 15
5 12 17 23 15 24
5 12 13 23 15 24
5 12 13 17 23 24
5 12 13 17 7 21
5 12 17 23 21 15
5 12 13 17 23 21
5 12 17 7 21 2
5 12 13 7 21 2
5 12 13 15 18 20
5 12 13 23 15 18
5 25 6 10 15 20
5 25 12 10 15 20
5 25 12 6 10 15
5 25 6 10 20 5
5 25 12 10 20 5
5 25 17 6 21 15
5 25 12 17 21 15
5 25 12 17 6 15
5 25 17 6 10 5
5 25 12 17 10 5
5 25 12 17 6 10
5 25 6 15 20 0
5 25 12 15 18 20
5 25 12 23 21 15
5 25 23 15 20 0
5 25 23 21 0 2
5 25 21 0 8 2
5 25 6 21 0 8
5 25 23 6 15 0
5 25 23 6 21 0
5 25 23 6 21 15
5 25 23 15 18 20
5 25 12 13 18 20
5 25 12 23 15 18
5 25 12 11 20 5
5 25 12 17 21 2
5 25 12 13 21 2
5 25 12 13 23 21
5 25 17 6 8 5
5 25 17 6 21 8
5 25 23 18 0 2
5 25 23 18 20 0
5 25 17 8 2 5
5 25 17 21 8 2
5 25 11 18 20 2
5 25 13 11 18 2
5 25 13 11 18 20
5 25 12 13 11 20
5 25 12 13 23 18
5 25 17 11 2 5
5 25 12 17 11 5
5 25 23 21 9 2
5 25 13 21 9 2
5 25 13 23 21 9
5 25 13 7 11 2
5 25 12 13 7 2
5 25 12 13 7 11
5 25 23 18 9 2
5 25 13 18 9 2
5 25 13 23 18 9
5 25 17 7 11 2
5 25 12 17 7 2
5 25 12 17 7 11
