116
5 0 6 12 8 17
5 0 4 6 12 17
5 0 12 14 8 17
5 0 7 12 14 8
5 0 4 12 14 17
5 0 4 7 12 14
5 11 0 4 10 17
5 11 0 7 14 17
5 11 0 4 14 17
5 11 0 4 7 14
5 5 7 12 14 8
5 5 12 14 8 17
5 13 11 10 17 1
5 13 11 4 17 1
5 13 11 4 10 17
5 2 11 14 17 1
5 2 11 4 17 1
5 2 11 4 14 17
5 2 13 4 17 1
5 2 13 4 6 17
5 2 4 12 14 17
5 2 4 6 12 17
5 2 5 6 8 1
5 2 5 12 14 17
5 2 13 11 4 1
5 2 13 4 6 12
5 2 6 12 8 17
5 2 5 12 8 17
5 2 11 7 14 1
5 2 13 11 7 1
5 2 11 4 7 14
5 2 13 11 4 7
5 2 4 7 12 14
5 2 13 4 7 12
5 2 5 7 14 1
5 16 0 6 12 8
5 16 13 10 17 1
5 16 13 15 6 1
5 16 0 4 6 12
5 16 2 6 17 1
5 16 2 13 17 1
5 16 2 13 6 1
5 16 2 13 6 17
5 16 0 4 10 17
5 16 13 4 10 17
5 16 0 4 6 17
5 16 13 4 6 17
5 18 13 11 10 1
5 18 13 11 7 1
5 18 16 15 10 1
5 18 16 13 10 1
5 18 16 13 15 1
5 18 16 13 15 10
5 18 15 6 8 1
5 18 13 15 6 1
5 9 2 6 12 8
5 9 2 5 12 8
5 9 2 5 6 8
5 9 2 13 6 12
5 9 18 15 6 8
5 9 5 7 12 8
5 9 18 5 7 8
5 9 5 6 8 1
5 9 18 6 8 1
5 9 18 5 8 1
5 9 2 13 7 12
5 9 18 13 15 6
5 9 2 5 6 1
5 9 5 7 12 14
5 9 2 7 12 14
5 9 2 5 12 14
5 9 2 5 7 14
5 9 2 5 7 1
5 9 2 13 7 1
5 9 2 13 6 1
5 9 18 13 6 1
5 9 18 5 7 1
5 9 18 13 7 1
5 3 16 13 15 6
5 3 9 13 6 12
5 3 9 13 15 6
5 3 16 6 12 8
5 3 16 15 6 8
5 3 13 4 6 12
5 3 16 4 6 12
5 3 16 13 4 6
5 3 16 13 15 10
5 3 9 6 12 8
5 3 9 15 6 8
5 3 9 18 13 15
5 3 16 0 12 8
5 3 16 0 15 8
5 3 16 13 4 10
5 3 18 13 15 10
5 3 16 0 15 10
5 3 9 18 15 8
5 3 9 13 7 12
5 3 9 18 13 7
5 3 0 15 8 10
5 3 13 11 4 10
5 3 16 0 4 10
5 3 16 0 4 12
5 3 18 13 11 10
5 3 9 7 12 8
5 3 9 18 7 8
5 3 18 13 11 7
5 3 0 7 12 8
5 3 11 0 4 10
5 3 13 4 7 12
5 3 13 11 4 7
5 3 18 11 7 10
5 3 18 7 8 10
5 3 18 15 8 10
5 3 11 0 7 10
5 3 0 4 7 12
5 3 11 0 4 7
