4
33
-8.71217 -7.57917 2.57605 8.78195
9.89115 -7.6175 -2.85671 -8.00456
7.54841 -3.37128 3.24472 1.46786
5.039 -1.89329 -4.85862 6.25497
3.06327 8.16323 -6.37419 -5.38918
-0 -3.43947 9.31787 0.958345
-0 8.31442 -3.76961 1.89622
-0 -4.59633 -0.81526 0.959105
-0 6.17283 -3.25783 -3.59078
-0 9.4589 1.38639 0.642372
-0 -7.97703 -5.50596 -0.920362
-0 -1.58025 -9.60397 -0.669707
3.32529 -0 2.27958 -0.654838
-5.31642 -0 1.24916 5.42558
3.46417 -0 -8.43163 -2.73889
-4.13419 -0 8.61979 4.39453
0.0846025 -0 7.50472 6.44286
9.4846 -0 -7.20505 8.25133
-8.65095 -0 3.39818 4.40606
-8.26195 -0.299844 -0 1.92838
-5.62792 7.68581 -0 -9.93284
9.23681 0.411672 -0 -6.62592
8.95971 -0.545353 -0 -5.47259
7.20587 1.13814 -0 8.74931
6.09489 0.29094 -0 -1.42724
-4.93098 9.19167 -0 -1.67379
2.54712 -7.08869 -5.96187 -0
0.0359282 -7.02661 4.4161 -0
9.67845 -4.41124 6.76658 -0
-1.00846 -7.88264 2.05299 -0
0.434652 9.51417 0.051486 -0
9.87012 -0.776767 6.55325 -0
-0.0202413 4.46789 0.493205 -0
