4
26
-9.8203 0.151979 3.0299 -1.4576
7.55962 -1.71929 -2.2168 -9.69734
-4.88751 -7.20987 2.37987 -1.31266
-7.67667 -4.44415 9.36482 -0.307875
0.720374 2.08766 2.21641 6.7522
2.53693 -0 3.10128 -3.93557
-7.10969 -0 -0.561784 5.31365
7.24986 -0 7.2 4.72633
-0.752329 -0 4.94836 7.97155
7.46908 -0 -8.0968 -2.42236
2.50479 -0 3.74914 3.72538
-5.88051 -0 -5.69881 -5.77617
2.98934 9.83134 -0 8.88583
2.74917 -8.53941 -0 6.4687
5.60381 -3.87434 -0 -4.33112
4.94517 4.86582 -0 4.01811
-0.912382 -5.50354 -0 -1.83531
2.29607 1.47678 -0 2.51747
8.13363 -7.58796 -0 -2.33903
-6.14293 3.39451 -1.30087 -0
-0.634829 -9.42831 8.3642 -0
6.65877 -8.84276 2.96483 -0
7.54875 -7.93297 7.65602 -0
6.47065 4.59194 3.51213 -0
-1.85813 -0.820952 -6.11225 -0
5.11303 -8.25966 7.03018 -0
