4
26
4.17197 -9.61222 -3.42685 -2.97201
-2.25462 0.23909 4.61022 -4.70177
8.29604 -4.12021 9.1707 -8.35776
-7.41838 7.42945 -7.50969 9.2432
3.30398 2.01608 -9.66713 9.22885
-0 -2.40801 -9.23468 0.673201
-0 0.139548 9.46137 -4.44004
-0 -2.63407 -1.24166 -7.8322
-0 4.71522 6.05432 9.40696
-0 -2.3336 4.19138 0.148753
-0 -9.48689 -4.94585 6.74469
-0 8.54318 -8.08922 1.40137
2.54712 -7.08869 -5.96187 -0
0.0359282 -7.02661 4.4161 -0
9.67845 -4.41124 6.76658 -0
-1.00846 -7.88264 2.05299 -0
0.434652 9.51417 0.051486 -0
9.87012 -0.776767 6.55325 -0
-0.0202413 4.46789 0.493205 -0
-9.73436 -3.92687 -0 5.96167
7.22999 -9.76173 -0 6.30736
0.199874 -6.61314 -0 -2.05922
3.71156 -0.196728 -0 -1.81308
9.73159 -7.77456 -0 2.38047
2.56311 3.88411 -0 6.25612
7.72968 -0.910324 -0 -0.886092
