4
26
4.6352 -3.73498 7.67975 7.12536
8.2041 8.29834 -8.34779 5.05872
-3.10815 1.45944 3.50141 6.34949
-0.897663 -0.200934 1.90407 8.69925
7.71096 -7.84392 -0.490834 8.32705
-0 2.32083 5.48279 9.8257
-0 -4.10809 7.9897 -0.913727
-0 -6.43473 -0.398777 7.44371
-0 -6.39288 -4.38648 -2.65969
-0 5.22631 -1.45061 -8.59222
-0 -1.74498 -6.93165 -9.47114
-0 -1.83132 -4.38816 -8.43059
-8.26195 -0.299844 -0 1.92838
-5.62792 7.68581 -0 -9.93284
9.23681 0.411672 -0 -6.62592
8.95971 -0.545353 -0 -5.47259
7.20587 1.13814 -0 8.74931
6.09489 0.29094 -0 -1.42724
-4.93098 9.19167 -0 -1.67379
7.60351 -2.27322 -7.71489 -0
0.842498 7.09543 -0.630736 -0
9.12836 0.0173463 -8.19864 -0
-4.23094 -9.35861 -4.15229 -0
6.28231 0.0753964 -3.67506 -0
6.2701 8.96816 -1.58836 -0
3.66094 0.819489 -6.12657 -0
