4
19
7.06321 -6.00038 3.47035 7.11355
-9.34569 6.34502 -2.70683 7.7628
0.821743 6.30431 -4.79652 3.75137
0.99194 -3.94342 4.29574 1.67803
3.71959 -3.21761 -4.21662 4.76148
-0 7.22561 -0.0925005 -9.9604
-0 3.25956 6.1439 4.88622
-0 -2.42183 -7.24149 -5.63613
-0 5.32159 9.18993 -8.60474
-0 3.7419 2.90485 -1.72955
-0 -8.13904 4.42375 7.68584
-0 -8.08202 -5.56506 4.93889
3.32529 -0 2.27958 -0.654838
-5.31642 -0 1.24916 5.42558
3.46417 -0 -8.43163 -2.73889
-4.13419 -0 8.61979 4.39453
0.0846025 -0 7.50472 6.44286
9.4846 -0 -7.20505 8.25133
-8.65095 -0 3.39818 4.40606
