4
26
-6.10808 -5.7441 -4.18382 -6.7364
-7.33034 3.16077 -8.0748 1.91598
9.68823 -6.29051 1.23519 -7.18424
-1.11407 7.25019 -4.7662 2.79364
5.30599 7.59742 -6.93056 -1.19195
9.93296 -0 -7.6583 3.58611
7.45873 -0 -8.40361 0.870263
5.16811 -0 6.07638 0.845306
8.06804 -0 -6.55234 -8.51521
0.390943 -0 7.37115 -7.27657
3.26506 -0 -5.14003 5.66097
8.14369 -0 5.61089 5.36707
4.59429 -3.32945 2.10866 -0
3.93763 -1.48051 5.3185 -0
-8.6308 -3.85566 4.59123 -0
0.935642 -5.33206 0.0946535 -0
-8.28521 -3.60317 -0.693948 -0
5.60278 0.73348 -0.715008 -0
-4.99261 -7.49946 3.00691 -0
2.98934 9.83134 -0 8.88583
2.74917 -8.53941 -0 6.4687
5.60381 -3.87434 -0 -4.33112
4.94517 4.86582 -0 4.01811
-0.912382 -5.50354 -0 -1.83531
2.29607 1.47678 -0 2.51747
8.13363 -7.58796 -0 -2.33903
