4
26
6.27095 6.31182 -7.96705 9.81434
0.34364 -6.46951 -3.15399 -2.54072
-3.94341 4.33576 -9.75659 -5.21974
-6.42381 -2.65687 1.38809 1.55754
4.00835 -5.38947 2.64553 -4.54338
-0 3.0934 6.89281 8.13153
-0 -3.48761 2.22964 5.91124
-0 2.07934 8.96154 8.76338
-0 -9.24822 -3.92585 6.14872
-0 -6.80578 4.80052 -2.53967
-0 7.56617 4.3816 6.09851
-0 3.38999 7.34569 5.08701
-9.73436 -3.92687 -0 5.96167
7.22999 -9.76173 -0 6.30736
0.199874 -6.61314 -0 -2.05922
3.71156 -0.196728 -0 -1.81308
9.73159 -7.77456 -0 2.38047
2.56311 3.88411 -0 6.25612
7.72968 -0.910324 -0 -0.886092
7.60351 -2.27322 -7.71489 -0
0.842498 7.09543 -0.630736 -0
9.12836 0.0173463 -8.19864 -0
-4.23094 -9.35861 -4.15229 -0
6.28231 0.0753964 -3.67506 -0
6.2701 8.96816 -1.58836 -0
3.66094 0.819489 -6.12657 -0
