4
33
-3.78482 -8.18245 7.12857 2.33611
-5.07725 -3.56139 -7.8616 -6.99536
-0.844769 -7.5455 1.51465 -2.89519
-9.66141 0.135634 -4.72475 -0.026566
2.68479 -5.13954 -4.78916 0.854697
-6.93572 -8.22382 -0 -9.03751
2.95895 -8.70255 -0 0.719177
4.95317 5.69813 -0 5.43959
-1.69718 -4.00919 -0 5.42214
-8.49695 -5.89599 -0 -3.50883
-8.55848 2.79183 -0 3.48159
1.18204 -2.41983 -0 8.80141
-0 2.32083 5.48279 9.8257
-0 -4.10809 7.9897 -0.913727
-0 -6.43473 -0.398777 7.44371
-0 -6.39288 -4.38648 -2.65969
-0 5.22631 -1.45061 -8.59222
-0 -1.74498 -6.93165 -9.47114
-0 -1.83132 -4.38816 -8.43059
-4.7076 -0 7.12164 -1.09148
-0.630256 -0 8.2308 6.44046
8.95896 -0 4.80154 9.51102
5.20717 -0 7.34753 5.60924
-2.48119 -0 4.76251 3.64752
8.93472 -0 1.48684 7.10843
-3.78823 -0 -5.1704 -7.414
-6.35262 0.702481 3.84385 -0
6.95943 5.75372 -7.12308 -0
-6.54097 -0.216966 -3.49073 -0
-7.19236 -4.32252 3.94715 -0
6.09002 -6.56127 -1.09262 -0
2.6407 -4.58348 -0.676511 -0
-3.18801 -6.9362 4.35863 -0
