4
33
-4.82432 7.67236 -1.92357 -0.937005
-7.66758 0.933423 -7.65143 -7.18175
-1.07136 -7.32264 -4.90757 -3.77606
-2.38826 -6.30916 -8.82355 -4.4349
0.735822 -6.69457 6.01585 7.24022
-2.64581 -8.7033 -0 6.76701
-5.14366 8.23289 -0 5.09247
-2.50701 -4.05986 -0 -1.09786
-7.89766 -9.72507 -0 1.50981
1.80811 8.3413 -0 -0.41666
2.80395 -8.14427 -0 -2.82256
-3.27531 4.73468 -0 -7.02165
-6.35262 0.702481 3.84385 -0
6.95943 5.75372 -7.12308 -0
-6.54097 -0.216966 -3.49073 -0
-7.19236 -4.32252 3.94715 -0
6.09002 -6.56127 -1.09262 -0
2.6407 -4.58348 -0.676511 -0
-3.18801 -6.9362 4.35863 -0
-0 3.0934 6.89281 8.13153
-0 -3.48761 2.22964 5.91124
-0 2.07934 8.96154 8.76338
-0 -9.24822 -3.92585 6.14872
-0 -6.80578 4.80052 -2.53967
-0 7.56617 4.3816 6.09851
-0 3.38999 7.34569 5.08701
2.53693 -0 3.10128 -3.93557
-7.10969 -0 -0.561784 5.31365
7.24986 -0 7.2 4.72633
-0.752329 -0 4.94836 7.97155
7.46908 -0 -8.0968 -2.42236
2.50479 -0 3.74914 3.72538
-5.88051 -0 -5.69881 -5.77617
