4
33
-6.65742 -0.139247 1.34942 3.87212
-4.58732 9.48088 6.58584 -9.73572
1.9915 -5.57769 5.46082 1.00587
2.46834 -2.88127 -9.18899 1.46387
1.21595 -1.01384 3.00878 -1.43923
-0 -3.43947 9.31787 0.958345
-0 8.31442 -3.76961 1.89622
-0 -4.59633 -0.81526 0.959105
-0 6.17283 -3.25783 -3.59078
-0 9.4589 1.38639 0.642372
-0 -7.97703 -5.50596 -0.920362
-0 -1.58025 -9.60397 -0.669707
-4.49637 -0 -4.41964 4.98018
1.92441 -0 -0.432909 -3.46635
2.8886 -0 9.22756 4.35058
5.43552 -0 -4.60432 6.37512
-7.70984 -0 2.8707 -9.25755
-6.85397 -0 0.589457 1.63056
7.37399 -0 -3.52332 4.85855
-6.93572 -8.22382 -0 -9.03751
2.95895 -8.70255 -0 0.719177
4.95317 5.69813 -0 5.43959
-1.69718 -4.00919 -0 5.42214
-8.49695 -5.89599 -0 -3.50883
-8.55848 2.79183 -0 3.48159
1.18204 -2.41983 -0 8.80141
1.16454 0.10203 3.53451 -0
8.1218 -2.17642 3.71115 -0
0.00411867 -6.79391 4.44576 -0
5.67656 6.61517 -2.96723 -0
-3.13333 -1.04529 -3.70277 -0
-2.13621 -5.42736 -8.82216 -0
-4.89412 -1.33602 -6.83371 -0
