4
26
5.1837 4.8534 9.52196 -7.47617
-1.02155 2.91341 -4.60635 9.27249
9.50844 5.37979 1.24073 8.80581
8.04311 -3.82924 3.59528 5.3632
6.6632 -8.385 -9.22367 -6.37855
-4.7076 -0 7.12164 -1.09148
-0.630256 -0 8.2308 6.44046
8.95896 -0 4.80154 9.51102
5.20717 -0 7.34753 5.60924
-2.48119 -0 4.76251 3.64752
8.93472 -0 1.48684 7.10843
-3.78823 -0 -5.1704 -7.414
-4.76722 -7.56206 -0 5.6295
0.789639 -8.33901 -0 9.93753
-9.44357 0.372722 -0 9.9321
-6.31337 -5.99789 -0 9.46043
-3.36087 4.16347 -0 0.320984
6.21006 6.57643 -0 6.34837
8.67916 4.1553 -0 -3.43993
-6.14293 3.39451 -1.30087 -0
-0.634829 -9.42831 8.3642 -0
6.65877 -8.84276 2.96483 -0
7.54875 -7.93297 7.65602 -0
6.47065 4.59194 3.51213 -0
-1.85813 -0.820952 -6.11225 -0
5.11303 -8.25966 7.03018 -0
