206
5 12 7 9 0 6
5 16 17 0 24 21
5 16 12 17 0 21
5 16 17 3 24 21
5 16 12 17 3 21
5 16 12 17 0 6
5 16 12 7 0 6
5 16 12 7 3 6
5 16 7 4 0 6
5 16 20 12 3 6
5 16 20 12 17 6
5 16 20 12 17 3
5 16 20 17 3 24
5 16 20 17 4 24
5 16 20 7 3 6
5 16 20 7 4 6
5 16 20 17 4 6
5 5 16 7 11 0
5 5 7 11 9 0
5 8 12 9 25 21
5 8 9 0 25 21
5 8 11 9 0 21
5 8 5 9 0 25
5 8 5 11 9 25
5 8 5 11 9 0
5 13 20 12 17 3
5 13 20 1 3 25
5 13 20 12 17 6
5 13 8 1 3 25
5 13 8 12 3 25
5 13 8 12 1 25
5 13 12 17 3 21
5 13 8 12 3 21
5 13 12 17 1 21
5 13 8 12 1 21
5 15 7 9 4 6
5 15 20 7 4 6
5 10 12 7 3 6
5 10 20 7 3 6
5 10 20 12 3 6
5 10 15 20 7 6
5 10 12 7 9 6
5 10 15 7 9 6
5 10 13 20 12 6
5 10 15 20 4 6
5 10 13 12 3 25
5 10 13 20 3 25
5 10 13 20 12 3
5 10 13 12 1 25
5 10 13 20 1 25
5 10 13 12 17 6
5 10 13 20 17 6
5 10 20 17 4 6
5 2 16 12 0 21
5 2 16 12 3 21
5 2 16 11 3 24
5 2 16 7 11 0
5 2 11 9 0 21
5 2 7 11 9 0
5 2 16 12 7 0
5 2 16 12 7 3
5 2 16 20 7 3
5 2 12 9 0 21
5 2 12 7 9 0
5 2 10 12 7 3
5 2 10 12 7 9
5 2 8 12 3 21
5 2 8 11 9 21
5 2 8 12 9 21
5 2 15 11 9 25
5 2 10 15 7 9
5 2 10 20 7 3
5 2 10 15 20 7
5 2 8 11 9 25
5 2 8 12 3 25
5 2 8 12 9 25
5 2 20 1 3 25
5 2 10 12 3 25
5 2 8 1 3 25
5 19 8 11 3 24
5 19 2 8 1 3
5 19 2 8 11 3
5 19 13 20 1 3
5 19 16 11 3 24
5 19 16 20 3 24
5 19 2 20 1 3
5 19 13 8 1 3
5 19 13 8 17 3
5 19 13 8 17 1
5 19 8 5 1 25
5 19 8 5 11 25
5 19 2 8 1 25
5 19 2 8 11 25
5 19 20 17 3 24
5 19 13 20 17 3
5 19 13 20 17 1
5 19 5 16 11 24
5 19 2 16 11 3
5 19 2 16 20 3
5 19 2 20 1 25
5 19 16 20 4 24
5 19 15 20 1 4
5 19 15 20 1 25
5 19 15 5 4 25
5 22 17 3 24 21
5 22 8 11 3 24
5 22 13 17 3 21
5 22 13 8 3 21
5 22 13 8 17 3
5 22 19 17 3 24
5 22 19 8 3 24
5 22 19 8 17 3
5 22 2 11 3 24
5 22 2 8 3 21
5 22 2 8 11 21
5 22 2 8 11 3
5 22 13 17 1 21
5 22 13 8 1 21
5 22 13 8 17 1
5 22 19 17 1 24
5 22 19 8 17 1
5 22 16 3 24 21
5 22 2 16 3 21
5 22 2 16 3 24
5 22 2 16 11 24
5 22 5 16 11 24
5 22 8 11 0 21
5 22 8 5 11 0
5 22 19 5 11 24
5 22 19 8 11 24
5 22 19 8 5 11
5 22 2 11 0 21
5 22 2 16 0 21
5 22 2 16 11 0
5 22 16 0 24 21
5 22 5 16 0 24
5 22 5 16 11 0
5 22 19 5 0 24
5 22 19 8 5 0
5 18 5 7 11 9
5 18 5 11 9 25
5 18 15 11 9 25
5 18 15 7 9 4
5 18 5 7 9 0
5 18 15 9 4 6
5 18 7 4 0 6
5 18 7 9 0 6
5 18 7 9 4 6
5 18 16 7 4 0
5 18 5 16 4 0
5 18 5 16 7 0
5 18 5 16 7 4
5 14 2 16 20 7
5 14 16 20 7 4
5 14 5 16 7 4
5 14 5 16 7 11
5 14 2 16 7 11
5 14 15 20 7 4
5 14 19 16 20 4
5 14 19 5 16 4
5 14 2 15 20 7
5 14 19 5 16 11
5 14 19 2 16 11
5 14 19 2 16 20
5 14 18 5 7 4
5 14 18 15 7 4
5 14 18 15 5 4
5 14 19 15 20 4
5 14 19 15 5 4
5 14 18 5 7 11
5 14 2 7 11 9
5 14 2 15 11 9
5 14 2 15 7 9
5 14 2 15 11 25
5 14 2 15 20 25
5 14 19 2 11 25
5 14 19 2 20 25
5 14 18 7 11 9
5 14 18 15 11 9
5 14 18 15 7 9
5 14 18 5 11 25
5 14 18 15 11 25
5 14 18 15 5 25
5 14 19 15 20 25
5 14 19 5 11 25
5 14 19 15 5 25
5 23 2 15 9 25
5 23 2 10 15 9
5 23 10 15 9 6
5 23 2 12 9 25
5 23 2 10 12 25
5 23 2 10 12 9
5 23 2 15 20 25
5 23 2 10 15 20
5 23 18 15 9 25
5 23 18 15 9 6
5 23 10 12 9 6
5 23 10 15 4 6
5 23 10 15 20 4
5 23 10 20 3 25
5 23 2 20 3 25
5 23 2 10 3 25
5 23 2 10 20 3
5 23 10 12 1 25
5 23 10 20 1 25
5 23 12 9 25 21
