314
5 7 20 14 24 28
5 1 32 20 13 17
5 8 1 32 20 17
5 8 1 10 32 17
5 12 15 20 14 28
5 12 7 20 14 28
5 12 7 15 20 14
5 30 10 7 16 32
5 30 7 14 24 28
5 30 8 10 7 32
5 30 8 1 10 32
5 30 7 20 24 28
5 30 8 32 14 24
5 30 8 7 32 14
5 30 8 1 32 20
5 30 1 32 20 13
5 30 7 20 14 24
5 30 8 7 20 14
5 3 10 7 16 32
5 3 30 16 32 14
5 3 30 7 32 14
5 3 30 7 16 32
5 3 8 7 32 14
5 3 8 10 7 32
5 3 15 21 20 17
5 23 30 14 24 28
5 23 30 7 14 28
5 23 16 32 14 24
5 23 30 32 14 24
5 23 30 16 32 14
5 23 3 7 14 28
5 23 3 30 16 14
5 23 3 30 7 14
5 23 3 30 7 16
5 23 30 10 16 32
5 0 15 21 13 28
5 0 21 20 13 17
5 0 15 21 20 17
5 0 15 21 20 13
5 0 1 20 13 17
5 0 1 15 20 17
5 0 1 15 20 13
5 18 12 7 15 20
5 18 1 15 20 17
5 18 12 15 20 28
5 18 12 7 20 28
5 18 1 15 13 28
5 18 0 1 15 17
5 18 7 15 20 14
5 18 0 15 13 28
5 18 0 12 15 28
5 18 0 1 13 28
5 18 0 12 1 28
5 18 0 1 15 13
5 18 3 15 21 17
5 18 12 7 15 14
5 18 0 15 21 17
5 18 0 12 15 21
5 6 3 8 10 7
5 6 8 7 20 14
5 6 3 8 20 14
5 6 3 8 7 14
5 6 3 8 20 17
5 6 3 8 10 17
5 6 8 1 20 17
5 6 8 1 10 17
5 6 18 7 20 14
5 6 18 1 20 17
5 6 18 1 7 20
5 6 3 15 20 17
5 6 18 15 20 17
5 6 18 3 15 17
5 6 3 15 20 14
5 6 18 15 20 14
5 6 18 3 15 14
5 6 18 12 7 14
5 4 12 15 14 28
5 4 12 7 14 28
5 4 3 7 14 28
5 4 23 3 14 28
5 4 23 3 16 14
5 4 6 12 7 14
5 4 6 3 7 14
5 4 18 12 15 14
5 4 6 18 12 14
5 4 6 18 3 14
5 4 3 15 21 14
5 4 18 3 15 14
5 4 18 3 15 21
5 4 18 3 21 17
5 4 6 18 3 17
5 4 18 0 12 21
5 26 9 22 21 2
5 26 9 22 16 2
5 26 9 22 16 25
5 26 23 22 16 25
5 26 3 16 14 2
5 26 4 3 14 2
5 26 4 3 16 14
5 26 3 22 16 2
5 26 4 3 22 2
5 26 4 3 22 16
5 26 4 23 16 14
5 26 4 23 22 16
5 26 4 23 14 28
5 26 4 23 22 28
5 31 23 30 24 28
5 31 23 30 7 28
5 31 30 20 24 28
5 31 30 20 13 24
5 31 30 1 20 13
5 31 30 7 20 28
5 31 30 1 10 32
5 31 23 30 10 32
5 31 15 13 24 28
5 31 15 20 24 28
5 31 15 20 13 24
5 31 1 15 13 28
5 31 1 15 20 13
5 31 18 7 20 28
5 31 18 1 7 20
5 31 30 8 7 20
5 31 30 8 1 20
5 31 30 8 10 7
5 31 30 8 1 10
5 31 30 10 7 16
5 31 23 30 7 16
5 31 23 30 10 16
5 31 18 15 20 28
5 31 18 1 15 28
5 31 18 1 15 20
5 31 18 12 7 28
5 31 18 12 1 28
5 31 18 12 1 7
5 31 6 1 7 20
5 31 6 8 7 20
5 31 6 8 1 20
5 31 6 1 10 7
5 31 6 8 10 7
5 31 6 8 1 10
5 5 23 16 25 24
5 5 9 16 2 17
5 27 4 15 14 28
5 27 26 4 14 28
5 27 26 4 22 28
5 27 26 4 14 2
5 27 23 22 25 28
5 27 26 23 22 28
5 27 26 23 22 25
5 27 15 25 13 28
5 27 15 21 13 28
5 27 15 21 25 13
5 27 4 12 15 28
5 27 4 22 21 2
5 27 26 22 21 2
5 27 26 4 22 2
5 27 26 9 22 21
5 27 0 25 13 28
5 27 0 21 13 28
5 27 0 21 25 13
5 27 4 0 12 28
5 27 4 0 12 21
5 27 0 15 21 28
5 27 0 12 15 28
5 27 0 12 15 21
5 27 18 12 15 21
5 27 4 18 15 21
5 27 4 18 12 21
5 27 4 18 12 15
5 29 23 3 7 28
5 29 31 23 7 28
5 29 4 3 7 28
5 29 4 23 3 28
5 29 23 3 7 16
5 29 31 23 7 16
5 29 4 12 7 28
5 29 31 12 7 28
5 29 4 23 22 28
5 29 4 23 3 16
5 29 3 10 7 16
5 29 31 10 7 16
5 29 31 12 1 28
5 29 6 3 10 7
5 29 4 6 3 7
5 29 23 22 25 28
5 29 4 23 22 16
5 29 0 12 1 28
5 29 4 0 12 28
5 29 31 1 10 7
5 29 31 12 1 7
5 29 6 3 10 17
5 29 4 6 3 17
5 29 4 3 22 16
5 29 23 22 16 25
5 29 6 1 10 17
5 29 6 1 10 7
5 29 4 6 18 17
5 29 3 10 16 2
5 29 3 22 16 2
5 29 27 4 22 28
5 29 27 4 0 28
5 29 18 0 1 17
5 29 18 0 12 1
5 29 4 18 0 12
5 29 18 12 1 7
5 29 6 18 12 7
5 29 4 6 12 7
5 29 4 6 18 12
5 29 6 18 1 17
5 29 6 18 1 7
5 29 3 10 2 17
5 29 4 3 21 17
5 29 9 22 16 2
5 29 27 22 25 28
5 29 27 0 25 28
5 29 9 22 16 25
5 29 27 4 22 21
5 29 27 4 0 21
5 29 18 0 21 17
5 29 4 18 21 17
5 29 4 18 0 21
5 29 3 21 2 17
5 29 4 22 21 2
5 29 4 3 21 2
5 29 4 3 22 2
5 29 10 16 2 17
5 29 9 16 2 17
5 29 31 23 10 16
5 29 27 9 22 25
5 29 5 9 16 25
5 29 27 9 22 21
5 29 0 1 13 17
5 29 9 21 2 17
5 29 9 22 21 2
5 29 5 10 16 17
5 29 5 9 16 17
5 29 23 10 16 32
5 29 31 23 10 32
5 29 0 9 21 25
5 29 27 9 21 25
5 29 27 0 21 25
5 29 9 21 13 17
5 29 0 21 13 17
5 29 0 9 21 13
5 29 5 1 13 17
5 29 5 9 13 17
5 19 5 25 13 24
5 19 5 23 25 24
5 19 25 13 24 28
5 19 23 25 24 28
5 19 31 13 24 28
5 19 31 23 24 28
5 19 5 9 25 13
5 19 29 5 9 13
5 19 29 5 9 25
5 19 29 5 1 13
5 19 5 23 16 25
5 19 29 23 16 25
5 19 29 5 16 25
5 19 29 5 23 16
5 19 31 1 13 28
5 19 0 25 13 28
5 19 0 1 13 28
5 19 29 23 25 28
5 19 29 0 1 13
5 19 29 0 9 13
5 19 29 0 9 25
5 19 29 31 1 28
5 19 29 31 23 28
5 19 29 0 25 28
5 19 29 0 1 28
5 19 9 21 25 13
5 19 0 21 25 13
5 19 0 9 21 13
5 19 0 9 21 25
5 11 19 31 23 24
5 11 19 5 23 24
5 11 31 23 30 24
5 11 19 29 31 23
5 11 19 29 5 23
5 11 23 30 32 24
5 11 31 23 30 32
5 11 19 31 13 24
5 11 19 31 1 13
5 11 19 5 13 24
5 11 19 5 1 13
5 11 19 29 31 1
5 11 19 29 5 1
5 11 29 31 23 32
5 11 23 16 32 24
5 11 5 23 16 24
5 11 31 30 13 24
5 11 31 30 1 13
5 11 31 30 1 32
5 11 29 23 16 32
5 11 29 5 23 16
5 11 30 20 13 24
5 11 30 32 20 24
5 11 30 32 20 13
5 11 30 1 32 13
5 11 31 1 10 32
5 11 29 31 10 32
5 11 29 31 1 10
5 11 29 5 1 17
5 11 5 10 16 32
5 11 29 10 16 32
5 11 29 5 10 16
5 11 32 20 13 17
5 11 1 32 13 17
5 11 5 1 13 17
5 11 1 10 32 17
5 11 29 1 10 17
5 11 5 10 32 17
5 11 29 5 10 17
