214
5 4 2 24 23 12
5 4 2 16 24 23
5 4 19 18 3 23
5 4 16 14 24 23
5 0 4 16 14 24
5 0 4 14 24 23
5 0 4 19 5 23
5 0 19 5 23 25
5 9 17 18 3 12
5 9 17 13 3 12
5 9 10 17 18 12
5 9 10 17 13 12
5 9 10 17 13 3
5 9 10 18 24 12
5 7 18 24 23 12
5 7 4 24 23 12
5 7 4 18 23 12
5 7 10 18 24 12
5 7 10 17 24 12
5 7 10 17 18 12
5 7 4 2 24 12
5 7 4 2 16 24
5 7 17 2 24 12
5 7 17 2 16 24
5 15 21 2 14 3
5 15 7 17 2 16
5 15 17 2 16 24
5 15 21 17 13 3
5 15 10 17 13 3
5 15 7 17 16 24
5 15 7 10 17 24
5 6 0 4 16 14
5 6 4 16 14 23
5 6 4 2 16 23
5 6 0 4 14 23
5 6 16 14 24 23
5 6 2 16 24 23
5 6 0 4 5 23
5 6 2 14 3 5
5 6 15 14 3 5
5 6 15 2 14 3
5 20 21 17 13 12
5 20 10 17 13 12
5 20 10 17 24 12
5 20 15 21 17 13
5 20 15 10 17 13
5 20 9 10 24 12
5 20 9 10 13 12
5 20 9 10 21 13
5 20 15 10 17 24
5 20 9 21 13 18
5 20 9 10 18 24
5 20 9 10 21 18
5 20 15 17 2 24
5 20 21 18 24 23
5 20 10 18 24 23
5 20 15 21 2 14
5 20 21 18 23 25
5 20 10 21 18 25
5 20 15 2 16 24
5 20 10 21 19 25
5 20 19 18 23 25
5 20 10 19 18 25
5 20 10 19 18 23
5 20 6 16 14 24
5 20 6 2 14 24
5 20 6 2 16 24
5 20 21 14 24 23
5 20 0 14 24 23
5 20 0 21 14 23
5 20 0 19 23 25
5 20 0 21 23 25
5 1 0 21 14 25
5 1 0 19 5 25
5 11 9 18 3 12
5 11 9 13 3 12
5 11 9 13 18 12
5 11 1 9 18 3
5 11 1 19 18 3
5 11 9 10 13 3
5 11 1 9 10 3
5 11 1 9 19 18
5 11 9 10 21 13
5 11 1 21 13 25
5 11 1 21 19 25
5 11 9 21 13 18
5 11 10 19 18 25
5 11 9 10 19 18
5 11 1 9 10 19
5 11 10 21 18 25
5 11 9 10 21 18
5 11 10 21 19 25
5 22 4 18 3 12
5 22 7 4 18 12
5 22 17 18 3 12
5 22 7 17 18 12
5 22 4 3 5 12
5 22 17 2 3 12
5 22 7 17 2 12
5 22 7 10 17 18
5 22 2 3 5 12
5 22 4 2 5 12
5 22 7 4 2 12
5 22 4 19 18 3
5 22 1 19 18 3
5 22 15 17 2 3
5 22 15 7 17 2
5 22 9 17 18 3
5 22 9 10 17 3
5 22 9 10 17 18
5 22 15 10 17 3
5 22 15 7 10 17
5 22 7 4 2 16
5 22 4 19 3 5
5 22 1 19 3 5
5 22 1 9 18 3
5 22 1 9 10 3
5 22 1 15 10 3
5 22 7 4 18 23
5 22 15 7 2 16
5 22 6 2 3 5
5 22 6 4 2 5
5 22 6 4 2 16
5 22 4 19 18 23
5 22 10 19 18 23
5 22 9 10 19 18
5 22 1 9 19 18
5 22 1 9 10 19
5 22 10 18 24 23
5 22 7 18 24 23
5 22 7 10 18 24
5 22 7 4 24 23
5 22 6 15 2 3
5 22 6 15 2 16
5 22 6 15 3 5
5 22 6 0 4 5
5 22 6 0 4 16
5 22 0 4 19 5
5 22 1 0 19 5
5 22 15 7 16 24
5 22 15 7 10 24
5 22 7 4 16 24
5 8 20 10 21 13
5 8 20 15 21 13
5 8 20 15 10 13
5 8 11 10 21 13
5 8 11 1 21 13
5 8 15 21 13 3
5 8 1 21 13 3
5 8 15 10 13 3
5 8 1 15 10 3
5 8 20 10 21 19
5 8 20 15 21 14
5 8 22 1 15 10
5 8 11 10 13 3
5 8 11 1 13 3
5 8 11 1 10 3
5 8 11 10 21 19
5 8 11 1 21 19
5 8 11 1 10 19
5 8 15 21 14 3
5 8 1 21 14 3
5 8 22 1 10 19
5 8 20 0 21 14
5 8 1 0 21 14
5 8 20 15 10 24
5 8 22 15 10 24
5 8 15 14 3 5
5 8 1 14 3 5
5 8 20 21 19 25
5 8 20 0 19 25
5 8 20 0 21 25
5 8 1 21 19 25
5 8 1 0 19 25
5 8 1 0 21 25
5 8 22 1 0 19
5 8 20 10 19 23
5 8 22 10 19 23
5 8 20 10 24 23
5 8 22 10 24 23
5 8 20 15 16 24
5 8 22 15 16 24
5 8 22 15 3 5
5 8 22 1 3 5
5 8 22 1 15 3
5 8 20 0 19 23
5 8 1 0 14 5
5 8 22 1 0 5
5 8 20 6 16 14
5 8 22 4 24 23
5 8 22 4 16 24
5 8 0 4 19 23
5 8 22 4 19 23
5 8 22 0 4 19
5 8 0 16 14 24
5 8 20 16 14 24
5 8 20 0 14 24
5 8 6 0 16 14
5 8 22 6 0 16
5 8 22 0 4 16
5 8 6 0 14 5
5 8 22 6 0 5
5 8 6 15 14 5
5 8 6 15 2 14
5 8 20 15 2 14
5 8 20 6 2 14
5 8 6 15 2 16
5 8 20 15 2 16
5 8 20 6 2 16
5 8 22 6 15 5
5 8 22 6 15 16
5 8 0 4 24 23
5 8 20 0 24 23
5 8 0 4 16 24
