333
5 5 1 2 21 16
5 19 23 1 21 16
5 13 23 1 16 10
5 13 19 23 21 16
5 13 23 5 16 10
5 13 23 5 21 16
5 13 20 2 15 16
5 6 19 20 15 28
5 6 13 23 1 15
5 6 13 19 20 15
5 6 13 19 23 15
5 6 13 19 20 16
5 6 19 23 1 16
5 6 13 23 1 16
5 6 13 19 23 16
5 6 19 20 2 16
5 6 1 2 21 16
5 6 19 1 21 16
5 3 24 8 2 17
5 3 24 31 26 15
5 3 8 20 2 28
5 7 31 26 15 10
5 7 14 26 15 10
5 7 29 23 21 10
5 7 29 31 21 10
5 7 29 31 26 21
5 7 6 19 15 28
5 7 6 19 23 15
5 7 6 19 23 21
5 7 23 1 15 10
5 7 14 1 15 10
5 7 14 23 1 15
5 7 14 29 31 26
5 7 6 29 23 21
5 18 8 5 1 2
5 18 6 8 2 21
5 18 8 5 2 17
5 18 24 5 2 17
5 18 24 5 2 21
5 18 24 29 5 21
5 18 14 29 31 26
5 25 24 5 2 16
5 25 13 2 15 16
5 25 24 13 2 16
5 25 24 13 2 15
5 25 18 24 29 5
5 25 13 15 16 10
5 25 13 5 16 10
5 25 7 31 21 10
5 25 29 31 21 10
5 25 24 29 5 21
5 25 13 5 21 16
5 25 23 5 21 10
5 25 13 23 5 10
5 25 13 23 5 21
5 22 3 20 2 15
5 22 3 24 2 15
5 22 13 20 2 15
5 22 24 13 2 15
5 22 3 24 26 15
5 22 13 19 20 15
5 22 3 26 15 28
5 22 3 20 15 28
5 22 3 8 20 2
5 22 25 24 13 15
5 22 19 20 2 16
5 22 13 20 2 16
5 22 13 19 20 16
5 22 19 20 15 28
5 22 13 19 21 16
5 22 24 13 2 16
5 22 7 26 15 28
5 22 7 19 15 28
5 22 6 8 2 21
5 22 6 8 20 2
5 22 6 19 20 2
5 22 6 19 8 20
5 22 25 13 21 16
5 22 25 24 13 16
5 22 6 2 21 16
5 22 6 19 21 16
5 22 6 19 2 16
5 22 5 2 21 16
5 22 24 5 2 16
5 22 24 5 2 21
5 22 7 31 26 15
5 22 7 31 26 21
5 22 24 31 26 15
5 22 25 24 31 15
5 22 24 31 26 21
5 22 25 24 31 21
5 22 13 19 23 15
5 22 7 19 23 15
5 22 13 19 23 21
5 22 7 19 23 21
5 22 25 7 31 21
5 22 25 13 15 10
5 22 25 13 23 21
5 22 25 5 21 16
5 22 25 24 5 16
5 22 25 24 5 21
5 22 13 23 15 10
5 22 7 23 15 10
5 22 7 31 15 10
5 22 25 31 15 10
5 22 25 7 31 10
5 22 25 13 23 10
5 22 7 23 21 10
5 22 25 23 21 10
5 22 25 7 21 10
5 9 3 31 26 15
5 9 18 14 31 26
5 9 18 14 29 31
5 9 24 5 2 17
5 9 3 24 31 15
5 9 25 24 31 15
5 9 18 24 5 17
5 9 25 18 24 5
5 9 25 18 29 5
5 9 3 24 2 15
5 9 25 24 5 2
5 9 25 18 24 29
5 9 18 24 29 21
5 9 25 29 31 21
5 9 25 24 31 21
5 9 25 24 29 21
5 32 7 26 15 28
5 32 7 14 26 28
5 32 7 14 26 15
5 32 7 6 15 28
5 32 7 6 23 15
5 32 7 14 23 15
5 32 6 23 1 15
5 32 6 8 20 28
5 0 7 14 23 1
5 0 7 23 1 10
5 0 7 29 23 10
5 0 7 14 1 10
5 0 7 6 29 23
5 0 7 14 6 29
5 0 6 29 23 21
5 0 32 6 23 1
5 0 32 14 6 29
5 0 32 7 6 23
5 0 32 7 14 23
5 0 32 7 14 6
5 0 19 23 1 21
5 0 6 19 1 21
5 0 6 19 23 21
5 0 6 19 23 1
5 0 14 23 1 15
5 0 32 23 1 15
5 0 32 14 1 15
5 0 32 14 23 15
5 0 32 18 14 29
5 0 18 29 5 21
5 0 6 1 2 21
5 0 18 6 2 21
5 0 32 18 6 8
5 0 5 1 2 21
5 0 18 5 2 21
5 0 18 5 1 2
5 0 6 8 1 2
5 0 18 8 1 2
5 0 18 6 8 2
5 11 3 24 8 2
5 11 22 3 8 2
5 11 22 3 24 2
5 11 22 8 2 21
5 11 22 24 2 21
5 11 18 8 2 21
5 11 18 24 2 21
5 11 3 24 8 17
5 11 22 24 26 21
5 11 22 3 24 26
5 11 24 8 2 17
5 11 18 8 2 17
5 11 18 24 2 17
5 11 9 3 24 17
5 11 22 3 26 28
5 11 3 8 20 28
5 11 22 3 20 28
5 11 22 3 8 20
5 11 24 31 26 21
5 11 3 24 31 26
5 11 9 18 24 17
5 11 9 18 24 21
5 11 9 24 31 21
5 11 9 3 24 31
5 11 22 7 19 28
5 11 22 7 19 21
5 11 22 19 20 28
5 11 22 19 8 20
5 11 22 6 8 21
5 11 22 6 19 21
5 11 22 6 19 8
5 11 22 7 26 28
5 11 22 7 26 21
5 11 32 6 8 28
5 11 18 6 8 21
5 11 32 18 6 8
5 11 7 6 19 28
5 11 7 6 19 21
5 11 6 8 20 28
5 11 6 19 20 28
5 11 6 19 8 20
5 11 7 14 26 28
5 11 29 31 26 21
5 11 18 29 31 26
5 11 9 3 31 26
5 11 9 18 31 26
5 11 9 29 31 21
5 11 9 18 29 21
5 11 9 18 29 31
5 11 32 7 6 28
5 11 32 7 14 28
5 11 32 18 14 29
5 11 18 14 29 26
5 11 32 14 26 28
5 11 7 29 26 21
5 11 7 14 29 26
5 11 7 6 29 21
5 11 0 6 29 21
5 11 0 18 29 21
5 11 0 18 6 21
5 11 0 32 6 29
5 11 0 32 18 29
5 11 0 32 18 6
5 11 7 14 6 29
5 11 32 14 6 29
5 11 32 7 14 6
5 12 3 8 2 17
5 12 11 3 8 17
5 12 3 24 2 17
5 12 9 24 2 17
5 12 9 3 24 17
5 12 9 3 24 2
5 12 11 3 8 28
5 12 11 32 14 26
5 12 11 3 26 28
5 12 11 32 26 28
5 12 11 9 3 17
5 12 11 9 3 26
5 12 9 18 14 17
5 12 9 18 14 26
5 12 3 26 15 28
5 12 9 3 26 15
5 12 11 18 14 26
5 12 11 9 18 17
5 12 11 9 18 26
5 4 12 9 14 17
5 4 18 8 5 17
5 4 12 18 14 17
5 4 12 32 14 26
5 4 18 8 5 1
5 4 11 32 18 14
5 4 12 11 18 14
5 4 12 11 32 14
5 4 0 32 18 14
5 4 11 18 8 17
5 4 12 11 8 17
5 4 12 11 18 17
5 4 11 32 18 8
5 4 0 18 8 1
5 4 0 32 18 8
5 4 12 32 26 28
5 4 11 32 8 28
5 4 12 11 8 28
5 4 12 11 32 28
5 4 0 6 8 1
5 4 0 32 6 1
5 4 0 32 6 8
5 4 32 8 20 28
5 4 32 6 8 20
5 4 12 3 8 28
5 30 4 9 14 17
5 30 9 18 5 17
5 30 9 18 14 17
5 30 4 18 14 17
5 30 9 18 29 5
5 30 9 18 14 29
5 30 0 14 1 10
5 30 14 1 15 10
5 30 9 25 5 10
5 30 9 25 29 5
5 30 9 14 29 31
5 30 0 7 29 10
5 30 0 7 14 10
5 30 0 7 14 29
5 30 25 29 31 10
5 30 9 25 31 10
5 30 9 25 29 31
5 30 7 29 31 10
5 30 7 14 29 31
5 30 31 26 15 10
5 30 14 26 15 10
5 30 9 14 31 26
5 30 7 31 26 10
5 30 7 14 26 10
5 30 7 14 31 26
5 27 30 18 5 17
5 27 4 18 5 1
5 27 0 18 5 1
5 27 30 4 18 14
5 27 30 0 14 1
5 27 0 18 29 5
5 27 30 18 29 5
5 27 4 0 18 1
5 27 4 0 18 14
5 27 0 5 1 21
5 27 0 29 5 21
5 27 30 0 1 10
5 27 30 0 29 10
5 27 0 18 14 29
5 27 30 18 14 29
5 27 30 0 14 29
5 27 23 1 16 10
5 27 23 5 16 10
5 27 0 23 1 21
5 27 0 29 23 21
5 27 30 25 5 10
5 27 30 25 29 10
5 27 30 25 29 5
5 27 0 23 1 10
5 27 0 29 23 10
5 27 5 1 21 16
5 27 23 1 21 16
5 27 23 5 21 16
5 27 23 5 21 10
5 27 29 23 21 10
5 27 25 5 21 10
5 27 25 29 21 10
5 27 25 29 5 21
