98
5 0 3 17 9 4
5 0 11 3 17 4
5 0 13 11 17 4
5 14 11 17 10 15
5 14 0 3 17 9
5 14 0 11 3 15
5 14 0 11 3 17
5 14 3 6 9 15
5 7 0 11 3 4
5 7 5 11 10 15
5 1 6 8 9 15
5 1 14 17 10 15
5 1 11 17 10 15
5 1 5 11 10 15
5 1 5 13 11 10
5 2 1 13 6 9
5 2 1 13 17 9
5 2 14 0 17 9
5 2 13 6 9 4
5 2 0 6 9 4
5 2 13 17 9 4
5 2 0 17 9 4
5 2 0 13 17 4
5 2 0 13 11 17
5 2 1 14 17 9
5 2 0 3 6 9
5 2 14 3 6 9
5 2 14 0 3 9
5 2 14 6 9 15
5 2 1 6 9 15
5 2 1 14 9 15
5 2 1 14 17 15
5 2 1 11 17 15
5 2 14 3 6 15
5 2 14 0 3 15
5 2 14 11 17 15
5 2 14 0 11 15
5 2 14 0 11 17
5 2 13 11 17 10
5 2 1 11 17 10
5 2 1 13 17 10
5 2 1 13 11 10
5 18 5 13 11 10
5 18 7 5 11 10
5 18 13 11 10 4
5 18 7 11 10 4
5 18 1 5 13 10
5 18 2 1 6 8
5 18 2 1 13 6
5 18 13 6 9 4
5 18 1 6 8 9
5 18 1 13 6 9
5 12 2 0 6 8
5 12 2 0 3 6
5 12 2 0 3 15
5 12 2 3 6 15
5 12 0 11 3 15
5 12 7 11 3 15
5 12 7 0 11 3
5 12 2 0 11 15
5 12 6 8 9 15
5 12 3 6 9 15
5 12 1 6 8 15
5 12 2 1 6 15
5 12 2 1 6 8
5 12 7 5 11 15
5 12 1 5 11 15
5 12 2 1 11 15
5 16 2 0 13 4
5 16 0 13 11 4
5 16 18 13 11 4
5 16 2 13 6 4
5 16 18 13 6 4
5 16 18 2 13 6
5 16 2 0 13 11
5 16 7 0 11 4
5 16 18 7 11 4
5 16 18 2 6 8
5 16 0 6 8 4
5 16 2 0 6 4
5 16 2 0 6 8
5 16 12 2 0 8
5 16 18 5 13 11
5 16 18 6 9 4
5 16 18 6 8 9
5 16 18 2 1 8
5 16 12 2 1 8
5 16 1 5 13 11
5 16 2 1 13 11
5 16 18 1 5 13
5 16 18 2 1 13
5 16 12 7 0 11
5 16 12 2 0 11
5 16 12 1 5 8
5 16 12 1 5 11
5 16 12 2 1 11
5 16 18 7 5 11
5 16 12 7 5 11
