336
5 30 17 7 13 25
5 30 14 28 13 25
5 4 30 17 28 25
5 4 30 14 28 25
5 4 14 17 13 25
5 4 30 17 13 25
5 4 30 14 13 25
5 4 30 14 17 13
5 16 17 27 13 25
5 15 22 24 27 29
5 2 4 30 14 28
5 2 16 14 12 31
5 2 30 14 28 13
5 2 16 30 14 13
5 9 4 17 28 25
5 9 4 17 7 28
5 9 30 7 28 25
5 9 30 17 28 25
5 9 30 17 7 25
5 9 30 17 7 28
5 9 29 7 28 25
5 9 4 29 28 25
5 9 4 29 7 28
5 9 17 7 13 25
5 9 17 27 13 25
5 9 22 24 27 25
5 11 4 17 7 28
5 11 4 29 7 28
5 11 9 4 17 7
5 11 9 24 29 7
5 19 4 14 17 10
5 19 4 30 17 10
5 19 4 30 14 17
5 19 2 4 30 14
5 19 30 14 17 13
5 19 16 14 17 13
5 19 16 30 17 13
5 19 16 30 14 13
5 19 2 4 30 28
5 19 2 16 30 14
5 20 22 12 29 25
5 20 4 14 17 25
5 20 14 17 13 25
5 20 16 17 13 25
5 20 16 14 17 13
5 20 16 22 27 25
5 20 9 22 27 25
5 20 16 17 27 25
5 20 9 17 27 25
5 21 16 22 14 12
5 21 15 22 27 29
5 21 15 22 12 29
5 0 11 29 7 28
5 0 30 17 7 28
5 0 19 2 30 28
5 0 11 17 7 28
5 0 11 17 10 7
5 0 4 30 17 28
5 0 4 30 17 10
5 0 19 4 30 28
5 0 19 4 30 10
5 0 19 2 4 28
5 0 19 2 4 10
5 0 11 4 17 28
5 0 11 4 17 10
5 5 19 2 4 14
5 5 2 4 14 28
5 5 2 14 28 13
5 5 16 22 14 12
5 5 20 16 22 12
5 5 20 16 22 14
5 5 20 22 12 29
5 5 4 14 28 25
5 5 20 4 14 25
5 5 14 28 13 25
5 5 20 12 29 25
5 5 20 14 13 25
5 5 4 29 28 25
5 32 5 4 29 28
5 32 15 22 24 29
5 32 5 22 12 29
5 32 11 9 24 29
5 32 5 20 22 29
5 32 5 20 29 25
5 6 21 16 27 31
5 6 19 16 30 31
5 6 2 16 14 31
5 6 19 2 16 31
5 6 19 2 16 14
5 6 16 14 12 31
5 6 21 16 12 31
5 6 21 16 14 12
5 6 19 4 14 10
5 6 5 4 14 10
5 6 5 19 4 14
5 6 2 14 12 31
5 6 0 2 10 31
5 6 0 19 10 31
5 6 0 19 2 31
5 6 0 19 2 10
5 6 19 2 4 10
5 6 5 19 2 4
5 6 5 2 14 12
5 6 5 19 2 14
5 23 9 4 17 25
5 23 20 4 17 25
5 23 20 9 17 25
5 23 11 9 4 17
5 23 11 4 17 10
5 23 20 9 22 27
5 23 4 14 17 10
5 23 20 4 14 17
5 23 20 9 17 27
5 23 9 22 24 27
5 23 20 16 14 17
5 23 5 4 14 10
5 23 5 20 4 14
5 23 20 16 17 27
5 23 15 22 24 27
5 23 32 15 22 24
5 23 20 16 22 27
5 23 20 16 22 14
5 23 11 9 24 7
5 23 21 16 22 27
5 23 21 15 22 27
5 23 6 5 14 10
5 23 6 21 16 14
5 1 15 12 29 31
5 1 0 12 29 31
5 1 0 2 12 31
5 1 0 12 29 28
5 1 15 24 29 31
5 1 15 24 10 31
5 1 23 15 10 31
5 1 32 15 24 29
5 1 6 2 12 31
5 1 0 24 29 31
5 1 0 24 10 31
5 1 0 2 10 31
5 1 0 2 12 28
5 1 5 12 29 28
5 1 32 5 29 28
5 1 32 5 12 29
5 1 0 11 29 28
5 1 32 11 29 28
5 1 23 15 24 10
5 1 23 32 15 24
5 1 32 11 24 29
5 1 6 2 10 31
5 1 6 5 2 12
5 1 0 2 4 10
5 1 5 2 12 28
5 1 0 2 4 28
5 1 23 6 5 10
5 1 23 11 24 10
5 1 23 32 11 24
5 1 6 2 4 10
5 1 6 5 2 4
5 1 11 24 29 7
5 1 0 24 29 7
5 1 0 11 29 7
5 1 11 24 10 7
5 1 0 24 10 7
5 1 0 11 10 7
5 1 0 11 4 28
5 1 0 11 4 10
5 1 5 2 4 28
5 1 32 5 4 28
5 1 6 5 4 10
5 1 23 5 4 10
5 8 6 19 10 31
5 8 16 17 27 13
5 8 16 30 27 13
5 8 16 30 17 13
5 8 16 30 27 31
5 8 6 16 27 31
5 8 6 16 30 31
5 8 19 16 30 17
5 8 6 19 16 17
5 8 6 19 16 30
5 8 15 24 27 31
5 8 0 24 10 31
5 8 6 19 30 31
5 8 19 30 17 10
5 8 0 24 10 7
5 8 0 17 10 7
5 8 0 30 17 10
5 8 0 19 10 31
5 8 0 19 30 10
5 8 0 30 17 7
5 8 19 2 30 31
5 8 0 19 2 31
5 8 0 19 2 30
5 3 23 11 17 10
5 3 23 11 9 17
5 3 11 17 10 7
5 3 11 9 17 7
5 3 23 11 9 7
5 3 8 17 10 7
5 3 9 17 24 7
5 3 23 9 24 7
5 3 11 24 10 7
5 3 23 11 24 7
5 3 23 11 24 10
5 3 8 24 10 7
5 3 8 17 24 7
5 3 9 17 24 27
5 3 23 9 24 27
5 3 23 9 17 27
5 3 8 17 24 27
5 3 23 14 17 10
5 3 23 16 14 17
5 3 8 6 16 17
5 3 23 16 17 27
5 3 8 16 17 27
5 3 23 15 24 27
5 3 23 15 24 10
5 3 8 15 24 27
5 3 23 6 14 10
5 3 23 6 16 14
5 3 8 19 17 10
5 3 8 6 19 10
5 3 8 6 19 17
5 3 8 6 16 27
5 3 23 15 10 31
5 3 8 15 27 31
5 3 15 24 10 31
5 3 8 24 10 31
5 3 8 15 24 31
5 3 23 6 10 31
5 3 8 6 27 31
5 3 8 6 10 31
5 3 19 14 17 10
5 3 6 19 14 10
5 3 19 16 14 17
5 3 6 19 16 17
5 3 6 19 16 14
5 3 6 21 16 27
5 3 23 21 16 27
5 3 23 6 21 16
5 3 21 15 27 31
5 3 23 21 15 31
5 3 23 21 15 27
5 3 6 21 27 31
5 3 23 6 21 31
5 18 23 6 10 31
5 18 1 6 10 31
5 18 1 23 10 31
5 18 1 23 6 10
5 18 1 23 15 31
5 18 23 21 15 31
5 18 23 6 21 31
5 18 21 15 12 31
5 18 1 15 12 31
5 18 6 21 12 31
5 18 1 6 12 31
5 18 23 21 15 22
5 18 23 6 21 14
5 18 21 15 22 12
5 18 1 6 5 12
5 18 23 32 15 22
5 18 1 23 32 15
5 18 23 6 5 14
5 18 1 23 6 5
5 18 6 21 14 12
5 18 6 5 14 12
5 18 15 22 12 29
5 18 32 22 12 29
5 18 32 15 22 29
5 18 32 5 22 12
5 18 1 32 5 12
5 18 1 15 12 29
5 18 1 32 12 29
5 18 1 32 15 29
5 18 21 22 14 12
5 18 5 22 14 12
5 18 21 16 22 14
5 18 23 16 22 14
5 18 23 21 16 14
5 18 23 21 16 22
5 18 5 20 22 14
5 18 23 20 22 14
5 18 23 5 20 14
5 26 1 23 32 11
5 26 1 11 4 28
5 26 1 32 4 28
5 26 1 32 11 28
5 26 23 11 4 10
5 26 1 11 4 10
5 26 1 23 4 10
5 26 1 23 11 10
5 26 23 20 4 25
5 26 11 4 29 28
5 26 32 4 29 28
5 26 32 11 29 28
5 26 1 32 5 4
5 26 23 5 20 4
5 26 1 23 5 4
5 26 18 1 23 32
5 26 5 20 4 25
5 26 32 5 20 25
5 26 23 9 4 25
5 26 23 11 9 4
5 26 23 20 9 25
5 26 32 11 9 29
5 26 18 1 32 5
5 26 18 23 5 20
5 26 18 1 23 5
5 26 18 23 20 22
5 26 18 23 32 22
5 26 9 4 29 25
5 26 5 4 29 25
5 26 32 5 29 25
5 26 32 5 4 29
5 26 32 11 9 24
5 26 23 11 9 24
5 26 23 32 11 24
5 26 20 9 22 25
5 26 23 20 9 22
5 26 9 4 29 7
5 26 11 4 29 7
5 26 11 9 29 7
5 26 11 9 4 7
5 26 32 5 20 22
5 26 18 5 20 22
5 26 18 32 5 22
5 26 23 9 22 24
5 26 23 32 22 24
5 26 20 22 29 25
5 26 32 20 29 25
5 26 32 20 22 29
5 26 22 24 29 25
5 26 9 24 29 25
5 26 9 22 24 25
5 26 32 22 24 29
5 26 32 9 24 29
