220
5 21 1 2 7 14
5 18 21 1 7 14
5 11 21 22 2 7
5 11 21 1 2 7
5 20 21 22 2 14
5 20 18 21 1 14
5 10 17 9 16 19
5 0 20 2 19 14
5 0 10 17 2 19
5 5 20 21 22 14
5 5 20 18 21 14
5 5 18 21 7 14
5 5 21 2 7 14
5 5 21 22 2 14
5 5 21 22 2 7
5 15 11 16 1 13
5 15 18 16 1 13
5 15 11 16 1 7
5 15 11 21 1 7
5 15 5 18 21 7
5 15 18 16 1 7
5 15 18 21 1 7
5 8 11 16 13 19
5 8 10 17 2 19
5 8 11 22 2 7
5 8 10 17 16 19
5 8 15 11 16 13
5 8 11 16 2 19
5 8 10 16 2 19
5 8 10 11 16 2
5 8 10 17 2 7
5 8 10 11 2 7
5 8 11 21 1 13
5 8 15 21 1 13
5 8 15 11 1 13
5 8 15 11 21 1
5 8 10 11 16 7
5 8 15 11 16 7
5 8 15 10 16 7
5 3 5 20 21 22
5 3 5 20 18 21
5 3 15 5 18 21
5 3 20 18 1 13
5 3 20 18 21 1
5 12 15 17 9 16
5 12 15 0 17 9
5 12 15 10 17 16
5 12 15 0 17 22
5 12 15 5 0 22
5 12 15 5 18 7
5 12 5 0 20 14
5 12 10 18 16 7
5 12 15 18 16 7
5 12 15 10 16 7
5 12 5 18 7 14
5 12 0 17 9 19
5 12 0 10 17 19
5 12 0 20 19 14
5 12 5 2 7 14
5 12 0 17 22 2
5 12 5 22 2 7
5 12 0 2 19 14
5 12 0 10 2 19
5 12 10 17 2 7
5 12 0 10 17 2
5 12 0 22 2 14
5 12 5 22 2 14
5 12 5 0 22 14
5 12 8 22 2 7
5 12 8 17 2 7
5 12 8 17 22 2
5 24 8 17 2 19
5 24 0 17 2 19
5 24 0 17 22 2
5 24 0 20 2 19
5 24 0 17 9 19
5 24 20 22 2 14
5 24 0 22 2 14
5 24 0 20 2 14
5 24 3 5 20 22
5 24 5 20 22 14
5 24 5 0 22 14
5 24 5 0 20 14
5 4 15 0 9 22
5 4 15 5 21 22
5 4 3 5 21 22
5 4 3 15 5 21
5 4 24 9 13 19
5 4 8 21 22 13
5 4 15 21 1 13
5 4 3 21 1 13
5 4 15 18 1 13
5 4 3 18 1 13
5 4 3 15 18 13
5 4 15 18 21 1
5 4 3 18 21 1
5 4 3 15 18 21
5 25 12 15 5 18
5 25 3 15 5 18
5 25 12 15 9 16
5 25 12 15 18 16
5 25 3 5 20 18
5 25 5 20 18 14
5 25 12 5 18 14
5 25 12 5 20 14
5 25 12 10 18 16
5 25 3 20 18 13
5 25 15 9 16 13
5 25 15 18 16 13
5 25 3 15 18 13
5 25 4 15 9 13
5 25 4 3 15 13
5 25 12 0 9 19
5 25 12 0 20 19
5 25 12 20 19 14
5 25 10 9 16 19
5 25 10 17 9 16
5 25 12 17 9 16
5 25 12 10 17 16
5 25 4 9 13 19
5 25 4 3 13 19
5 25 4 3 9 19
5 25 9 16 13 19
5 25 10 17 9 19
5 25 12 17 9 19
5 25 12 10 17 19
5 23 24 8 13 19
5 23 24 8 17 19
5 23 8 16 13 19
5 23 8 17 16 19
5 23 24 9 13 19
5 23 24 17 9 19
5 23 9 16 13 19
5 23 17 9 16 19
5 23 8 15 16 13
5 23 15 9 16 13
5 23 15 17 9 16
5 23 15 10 17 16
5 23 8 10 17 16
5 23 8 15 10 16
5 23 4 15 9 13
5 23 4 24 9 13
5 23 15 0 17 9
5 23 24 0 17 9
5 23 8 15 21 13
5 23 4 15 21 13
5 23 4 8 21 13
5 23 24 8 22 13
5 23 4 8 22 13
5 23 4 24 22 13
5 23 12 15 17 22
5 23 12 8 17 22
5 23 15 0 17 22
5 23 24 0 17 22
5 23 8 17 22 2
5 23 24 17 22 2
5 23 24 8 22 2
5 23 24 8 17 2
5 23 12 15 10 17
5 23 4 15 9 22
5 23 4 24 9 22
5 23 15 0 9 22
5 23 24 0 9 22
5 23 4 15 21 22
5 23 4 8 21 22
5 23 12 8 22 7
5 23 8 10 17 7
5 23 12 10 17 7
5 23 12 8 17 7
5 23 8 15 10 7
5 23 12 15 10 7
5 23 15 5 21 22
5 23 12 5 22 7
5 23 12 15 5 7
5 23 12 15 5 22
5 23 5 21 22 7
5 23 15 5 21 7
5 23 11 21 22 7
5 23 8 11 22 7
5 23 8 11 21 22
5 23 15 11 21 7
5 23 8 15 11 7
5 23 8 15 11 21
5 6 4 3 15 5
5 6 25 3 15 5
5 6 25 4 3 15
5 6 25 4 15 9
5 6 25 4 3 9
5 6 4 15 0 9
5 6 25 12 15 9
5 6 25 12 15 5
5 6 12 15 0 9
5 6 12 15 5 0
5 6 15 5 0 22
5 6 4 15 0 22
5 6 4 15 5 22
5 6 25 12 0 9
5 6 4 0 9 22
5 6 4 3 5 22
5 6 25 3 5 20
5 6 12 5 0 20
5 6 25 12 0 20
5 6 25 12 5 20
5 6 24 0 9 22
5 6 4 24 9 22
5 6 4 24 3 22
5 6 24 5 0 22
5 6 24 3 5 22
5 6 25 0 9 19
5 6 25 0 20 19
5 6 25 3 9 19
5 6 25 3 20 19
5 6 24 5 0 20
5 6 24 3 5 20
5 6 4 3 9 19
5 6 4 24 9 19
5 6 4 24 3 19
5 6 24 0 9 19
5 6 24 0 20 19
5 6 24 3 20 19
