326
5 8 30 5 4 11
5 28 8 26 12 4
5 28 8 26 19 4
5 28 8 30 4 11
5 28 21 12 11 23
5 28 8 30 4 29
5 25 26 19 9 1
5 25 21 26 9 1
5 25 28 18 16 23
5 25 21 26 12 1
5 25 28 8 26 19
5 17 25 19 9 1
5 17 25 16 9 1
5 17 19 5 4 1
5 17 8 19 5 4
5 17 28 8 19 4
5 17 25 21 16 23
5 17 25 21 16 1
5 17 28 12 4 23
5 17 8 5 4 11
5 17 28 8 4 11
5 17 28 8 5 11
5 17 25 28 12 23
5 17 25 21 12 23
5 17 25 21 12 1
5 17 25 26 12 1
5 17 25 26 19 1
5 17 26 12 4 1
5 17 26 19 4 1
5 17 28 26 12 4
5 17 28 26 19 4
5 17 25 28 26 12
5 17 25 28 26 19
5 13 19 5 4 1
5 13 8 19 5 4
5 13 8 32 30 29
5 13 8 30 4 29
5 13 8 30 5 4
5 27 28 18 30 11
5 27 28 8 30 11
5 27 28 8 18 30
5 27 13 8 30 5
5 27 13 8 32 30
5 0 27 16 5 11
5 0 13 9 5 1
5 0 27 15 18 32
5 0 27 15 32 30
5 22 0 15 30 11
5 22 0 27 30 11
5 22 0 27 15 30
5 22 0 27 15 18
5 22 27 18 32 30
5 22 27 15 32 30
5 22 27 15 18 32
5 22 15 32 30 29
5 22 28 8 18 30
5 22 8 32 30 29
5 14 17 16 5 1
5 14 17 16 9 1
5 14 17 19 5 1
5 14 17 19 9 1
5 14 17 25 16 9
5 14 17 8 19 5
5 14 17 25 19 9
5 14 25 28 18 16
5 14 17 28 8 19
5 14 17 25 28 19
5 14 17 16 5 11
5 14 27 16 5 11
5 14 27 28 18 16
5 14 25 28 16 23
5 14 17 28 16 23
5 14 17 25 16 23
5 14 17 25 28 23
5 14 13 8 19 5
5 14 27 13 8 5
5 14 17 28 8 5
5 14 27 28 8 18
5 14 17 28 5 11
5 14 17 28 16 11
5 14 27 28 16 11
5 14 28 8 5 11
5 14 27 28 8 11
5 14 8 30 5 11
5 14 27 30 5 11
5 14 27 8 30 11
5 14 27 8 30 5
5 3 13 15 32 29
5 3 22 15 32 29
5 3 13 8 32 29
5 3 22 8 32 29
5 3 13 8 4 29
5 3 8 26 19 4
5 3 13 26 19 4
5 3 13 8 19 4
5 3 8 26 12 4
5 3 28 8 26 12
5 3 28 8 12 4
5 2 25 26 19 9
5 2 26 19 9 1
5 2 3 13 26 19
5 2 26 19 4 1
5 2 13 26 19 4
5 2 15 21 26 12
5 2 3 13 26 4
5 6 0 9 5 1
5 6 0 13 9 1
5 6 0 13 15 9
5 6 0 15 21 16
5 6 25 16 9 1
5 6 25 21 9 1
5 6 25 21 16 1
5 6 14 9 5 1
5 6 14 16 5 1
5 6 14 16 9 1
5 6 0 27 9 5
5 6 0 27 16 5
5 6 21 26 9 1
5 6 14 27 16 5
5 6 0 27 18 16
5 6 2 25 15 21
5 6 2 26 9 1
5 6 14 27 18 16
5 6 14 25 16 9
5 6 14 25 18 9
5 6 14 25 18 16
5 6 25 21 26 9
5 6 2 25 26 9
5 6 2 25 21 26
5 10 25 21 12 23
5 10 15 21 26 12
5 10 25 21 26 12
5 10 28 21 11 23
5 10 25 28 12 23
5 10 28 21 12 23
5 10 3 22 15 29
5 10 2 15 21 26
5 10 2 25 21 26
5 10 2 25 15 21
5 10 28 21 12 11
5 10 2 15 26 12
5 10 3 28 8 26
5 10 25 28 26 12
5 10 3 28 26 12
5 10 3 22 8 29
5 10 28 12 4 11
5 10 28 8 30 29
5 10 22 8 30 29
5 10 22 28 8 30
5 10 28 8 4 29
5 10 3 8 4 29
5 10 3 28 8 4
5 10 3 12 4 29
5 10 3 28 12 4
5 10 28 30 4 11
5 10 22 28 30 11
5 10 28 30 4 29
5 10 30 4 11 29
5 10 22 30 11 29
5 31 14 25 19 9
5 31 14 25 18 9
5 31 14 19 9 1
5 31 2 25 19 9
5 31 2 19 9 1
5 31 2 13 9 1
5 31 2 13 19 1
5 31 13 9 5 1
5 31 14 9 5 1
5 31 13 19 5 1
5 31 14 19 5 1
5 31 14 13 19 5
5 31 6 14 18 9
5 31 6 14 27 18
5 31 6 25 18 9
5 31 2 25 26 19
5 31 25 8 26 19
5 31 25 28 8 19
5 31 14 28 8 19
5 31 14 25 28 19
5 31 14 28 8 18
5 31 14 25 28 18
5 31 6 0 27 9
5 31 6 0 27 18
5 31 0 27 9 5
5 31 6 27 9 5
5 31 6 14 9 5
5 31 6 14 27 5
5 31 14 27 8 18
5 31 6 0 15 9
5 7 6 0 15 18
5 7 6 0 15 21
5 7 0 15 21 16
5 7 6 25 15 21
5 7 6 0 18 16
5 7 6 0 21 16
5 7 6 25 18 16
5 7 6 25 21 16
5 7 0 27 16 11
5 7 0 27 18 16
5 7 22 0 15 11
5 7 22 0 15 18
5 7 10 25 21 23
5 7 25 18 16 23
5 7 25 21 16 23
5 7 21 16 11 23
5 7 10 21 11 23
5 7 27 28 16 11
5 7 27 28 18 11
5 7 27 28 18 16
5 7 22 0 27 11
5 7 22 0 27 18
5 7 25 28 18 23
5 7 10 25 28 23
5 7 28 16 11 23
5 7 28 18 16 23
5 7 10 28 11 23
5 7 10 22 28 11
5 7 27 18 30 11
5 7 22 27 30 11
5 7 22 27 18 30
5 7 28 18 30 11
5 7 22 28 30 11
5 7 22 28 18 30
5 20 2 13 15 9
5 20 31 2 15 9
5 20 31 2 13 9
5 20 0 13 15 9
5 20 31 0 15 9
5 20 2 3 13 15
5 20 0 13 9 5
5 20 31 13 9 5
5 20 31 0 9 5
5 20 0 13 15 32
5 20 3 13 15 32
5 20 2 3 13 19
5 20 31 2 13 19
5 20 0 27 13 5
5 20 31 0 27 5
5 20 0 15 18 32
5 20 31 0 15 18
5 20 0 27 13 32
5 20 3 13 8 32
5 20 3 13 8 19
5 20 2 3 26 19
5 20 31 2 26 19
5 20 31 2 3 26
5 20 14 27 13 5
5 20 31 14 13 5
5 20 31 14 27 5
5 20 0 27 18 32
5 20 31 0 27 18
5 20 27 13 8 32
5 20 14 13 8 19
5 20 31 14 8 19
5 20 31 14 13 19
5 20 3 8 26 19
5 20 31 8 26 19
5 20 31 3 8 26
5 20 14 27 13 8
5 20 31 14 27 8
5 20 31 27 8 18
5 20 8 18 32 30
5 20 27 18 32 30
5 20 27 8 32 30
5 20 27 8 18 30
5 24 6 2 25 9
5 24 31 2 25 9
5 24 31 6 25 9
5 24 6 2 15 9
5 24 31 2 15 9
5 24 31 6 15 9
5 24 31 6 25 18
5 24 6 2 25 15
5 24 6 0 15 18
5 24 31 0 15 18
5 24 31 6 0 18
5 24 31 6 0 15
5 24 10 2 25 15
5 24 7 6 15 18
5 24 7 6 25 18
5 24 7 6 25 15
5 24 31 25 28 18
5 24 10 2 25 26
5 24 31 2 25 26
5 24 10 2 3 15
5 24 20 31 15 18
5 24 20 2 3 15
5 24 20 31 2 15
5 24 20 31 2 3
5 24 7 25 28 18
5 24 7 10 25 28
5 24 31 28 8 18
5 24 31 25 28 8
5 24 10 2 3 26
5 24 31 2 3 26
5 24 31 25 8 26
5 24 10 3 22 15
5 24 20 31 8 18
5 24 20 31 3 8
5 24 7 22 15 18
5 24 7 10 22 15
5 24 10 25 15 21
5 24 7 25 15 21
5 24 7 10 15 21
5 24 7 10 25 21
5 24 7 22 28 18
5 24 7 10 22 28
5 24 22 28 8 18
5 24 10 22 28 8
5 24 25 28 8 26
5 24 10 28 8 26
5 24 10 25 28 26
5 24 10 3 22 8
5 24 10 3 8 26
5 24 31 3 8 26
5 24 22 15 18 32
5 24 20 15 18 32
5 24 3 22 15 32
5 24 20 3 15 32
5 24 20 8 18 32
5 24 20 3 8 32
5 24 3 22 8 32
5 24 8 18 32 30
5 24 22 18 32 30
5 24 22 8 32 30
5 24 22 8 18 30
