241
5 13 5 25 19 3
5 13 5 25 16 19
5 22 17 4 19 3
5 22 17 5 19 3
5 23 25 0 19 3
5 23 4 0 19 3
5 23 22 4 19 3
5 15 22 17 5 14
5 15 8 13 2 16
5 15 22 17 5 3
5 15 22 17 11 3
5 15 17 13 2 3
5 15 8 6 14 16
5 1 15 6 14 16
5 1 8 6 14 16
5 1 8 23 6 16
5 1 23 6 16 11
5 1 23 22 6 11
5 1 15 22 5 14
5 1 15 6 16 11
5 1 22 6 14 11
5 1 15 6 14 11
5 1 22 5 14 19
5 1 23 16 19 11
5 1 23 22 19 11
5 1 15 22 11 3
5 1 15 22 5 3
5 1 13 5 16 19
5 1 22 19 11 3
5 1 22 5 19 3
5 1 15 13 11 3
5 1 15 13 5 3
5 1 13 5 19 3
5 24 8 23 0 11
5 24 8 23 6 11
5 24 23 22 6 11
5 24 1 23 22 6
5 24 1 8 23 6
5 24 1 22 6 14
5 24 1 8 6 14
5 21 13 5 25 3
5 21 15 13 2 3
5 21 15 13 5 3
5 21 25 0 19 3
5 21 5 25 19 3
5 21 15 17 2 3
5 21 15 17 5 3
5 21 15 17 5 14
5 12 1 15 14 16
5 12 1 15 5 14
5 12 1 13 5 16
5 12 1 15 13 5
5 12 21 15 13 5
5 12 15 13 16 11
5 12 1 13 16 11
5 12 1 15 16 11
5 12 1 15 13 11
5 12 15 8 13 16
5 12 13 5 25 16
5 12 21 5 25 16
5 12 21 13 25 16
5 12 21 13 5 25
5 10 24 8 0 11
5 10 4 2 0 3
5 10 21 2 0 3
5 10 17 4 2 3
5 18 15 8 6 14
5 18 24 8 6 11
5 18 15 6 14 11
5 18 22 6 14 11
5 18 24 22 6 11
5 18 10 24 8 11
5 18 15 22 17 11
5 18 15 22 17 14
5 18 15 8 2 16
5 18 15 8 6 16
5 18 8 2 16 11
5 18 8 6 16 11
5 18 1 22 14 11
5 18 1 15 14 11
5 18 1 15 22 11
5 18 1 15 22 14
5 18 15 6 16 11
5 18 15 17 13 2
5 18 22 4 11 3
5 18 22 17 11 3
5 18 22 17 4 3
5 18 23 22 4 11
5 18 24 23 22 11
5 18 10 17 4 2
5 18 10 8 4 2
5 18 10 24 0 11
5 18 10 24 4 0
5 18 15 13 16 11
5 18 15 13 2 16
5 18 17 13 2 3
5 18 15 13 11 3
5 18 15 17 11 3
5 18 15 17 13 3
5 18 23 4 0 11
5 18 24 23 0 11
5 18 23 22 4 0
5 18 24 22 4 0
5 18 24 23 22 0
5 18 10 8 0 11
5 18 10 8 4 0
5 7 5 25 16 19
5 7 21 5 25 19
5 7 21 5 25 16
5 7 1 5 16 19
5 7 12 21 5 16
5 7 23 25 16 19
5 7 1 23 16 19
5 7 1 8 23 16
5 7 1 8 14 16
5 7 12 1 14 16
5 7 24 1 8 23
5 7 21 23 25 0
5 7 24 1 8 14
5 7 12 8 13 16
5 7 12 21 13 16
5 7 24 8 23 0
5 7 12 15 8 13
5 7 15 8 14 16
5 7 12 15 14 16
5 7 12 15 8 16
5 7 10 24 8 0
5 7 15 8 13 2
5 7 10 21 2 0
5 9 18 22 17 4
5 9 18 24 22 4
5 9 18 10 17 4
5 9 18 10 24 4
5 9 18 22 17 14
5 9 24 22 4 0
5 9 10 24 4 0
5 9 18 10 17 2
5 9 24 22 6 14
5 9 18 22 6 14
5 9 18 24 22 6
5 9 22 17 4 19
5 9 10 4 0 3
5 9 10 17 4 3
5 9 18 10 8 2
5 9 18 10 24 8
5 9 18 15 17 14
5 9 18 15 8 14
5 9 24 8 6 14
5 9 18 8 6 14
5 9 18 24 8 6
5 9 4 0 19 3
5 9 17 4 19 3
5 9 23 4 0 19
5 9 23 22 4 19
5 9 23 22 4 0
5 9 18 15 17 2
5 9 18 15 8 2
5 9 22 5 14 19
5 9 22 17 5 19
5 9 22 17 5 14
5 9 24 23 22 0
5 9 21 0 19 3
5 9 7 15 8 2
5 9 1 22 14 19
5 9 1 23 22 19
5 9 24 1 22 14
5 9 24 1 23 22
5 9 7 15 8 14
5 9 7 24 8 14
5 9 17 5 19 3
5 9 21 5 19 3
5 20 7 1 5 19
5 20 7 21 5 19
5 20 9 21 5 19
5 20 1 5 14 19
5 20 9 5 14 19
5 20 9 1 14 19
5 20 7 1 23 19
5 20 7 24 1 23
5 20 12 1 5 14
5 20 7 12 1 14
5 20 7 12 21 5
5 20 9 1 23 19
5 20 9 24 1 23
5 20 21 17 5 14
5 20 9 17 5 14
5 20 7 23 25 19
5 20 7 21 25 19
5 20 7 21 23 25
5 20 7 24 23 0
5 20 7 21 23 0
5 20 7 24 1 14
5 20 9 24 1 14
5 20 9 7 24 14
5 20 12 1 5 16
5 20 7 1 5 16
5 20 7 12 5 16
5 20 7 12 1 16
5 20 21 15 5 14
5 20 12 15 5 14
5 20 12 21 15 5
5 20 7 12 15 14
5 20 9 7 15 14
5 20 9 24 23 0
5 20 21 15 17 14
5 20 9 15 17 14
5 20 21 17 5 3
5 20 9 17 5 3
5 20 9 21 5 3
5 20 7 10 24 0
5 20 7 10 21 0
5 20 9 10 24 0
5 20 7 10 24 8
5 20 9 10 24 8
5 20 9 7 24 8
5 20 7 10 21 2
5 20 12 21 15 13
5 20 7 12 15 13
5 20 7 12 21 13
5 20 9 7 15 2
5 20 23 25 0 19
5 20 9 23 0 19
5 20 21 25 0 19
5 20 9 21 0 19
5 20 21 23 25 0
5 20 21 15 17 2
5 20 9 15 17 2
5 20 9 10 17 3
5 20 10 21 0 3
5 20 9 21 0 3
5 20 9 10 0 3
5 20 7 10 8 2
5 20 9 10 8 2
5 20 9 7 8 2
5 20 9 10 17 2
5 20 21 15 13 2
5 20 7 15 13 2
5 20 7 21 13 2
5 20 21 17 2 3
5 20 10 17 2 3
5 20 10 21 2 3
