177
5 1 20 4 6 14
5 17 20 4 6 14
5 12 17 20 4 14
5 12 17 20 8 4
5 12 1 20 4 14
5 12 1 20 8 4
5 7 12 17 20 8
5 7 12 17 8 4
5 7 0 17 8 4
5 7 0 17 15 8
5 13 3 1 6 14
5 13 3 0 1 15
5 13 9 1 15 5
5 13 3 0 15 18
5 2 0 17 15 8
5 2 7 15 20 8
5 2 7 17 20 8
5 2 7 17 15 8
5 2 17 20 8 4
5 2 0 17 8 4
5 2 1 15 20 8
5 2 0 1 15 8
5 2 3 0 1 15
5 2 1 20 8 4
5 2 0 1 8 4
5 2 3 0 15 18
5 2 7 0 17 15
5 2 13 3 1 15
5 2 3 1 20 4
5 2 3 0 1 4
5 2 13 3 15 18
5 2 7 15 5 20
5 2 1 15 5 20
5 2 13 1 15 5
5 10 13 9 15 5
5 10 13 9 1 14
5 24 2 0 17 4
5 24 2 3 0 4
5 24 2 3 0 18
5 24 2 7 0 17
5 25 10 13 6 14
5 25 10 13 5 14
5 25 2 7 5 20
5 25 12 17 20 14
5 25 7 12 17 20
5 16 9 1 20 14
5 16 13 9 1 14
5 16 1 20 6 14
5 16 13 1 6 14
5 16 25 9 20 14
5 16 9 1 5 20
5 16 13 9 1 5
5 16 13 3 1 6
5 16 25 9 5 14
5 16 25 13 5 14
5 16 25 9 5 20
5 16 2 1 5 20
5 16 2 13 1 5
5 16 25 13 6 14
5 16 2 3 1 20
5 16 2 13 3 1
5 16 25 2 5 20
5 16 10 9 5 14
5 16 10 13 5 14
5 16 10 13 9 14
5 16 10 13 9 5
5 16 1 20 4 6
5 16 3 1 4 6
5 16 24 3 4 6
5 16 3 1 20 4
5 16 2 3 20 4
5 16 24 2 3 4
5 16 13 3 6 18
5 16 24 3 6 18
5 16 2 13 3 18
5 16 24 2 3 18
5 16 17 20 4 6
5 16 24 17 4 6
5 16 2 17 20 4
5 16 24 2 17 4
5 21 10 13 15 5
5 21 25 10 13 6
5 21 25 10 13 5
5 21 2 7 15 5
5 21 2 13 15 5
5 21 25 2 7 5
5 21 2 13 15 18
5 21 16 2 13 5
5 21 16 25 13 5
5 21 16 25 2 5
5 11 10 9 15 5
5 11 12 9 15 8
5 11 9 1 15 8
5 11 9 1 15 5
5 11 7 12 15 8
5 11 21 7 15 5
5 11 1 15 20 8
5 11 1 15 5 20
5 11 7 15 20 8
5 11 7 15 5 20
5 11 7 12 20 8
5 11 25 7 5 20
5 11 25 7 12 20
5 19 7 0 17 4
5 19 24 0 17 4
5 19 24 7 0 17
5 19 24 17 4 6
5 19 24 2 7 17
5 19 17 4 6 14
5 19 25 7 12 17
5 19 16 24 17 6
5 19 16 24 2 6
5 19 16 24 2 17
5 19 25 12 17 14
5 19 2 7 17 20
5 19 25 7 17 20
5 19 25 2 7 20
5 19 17 20 6 14
5 19 25 17 20 14
5 19 16 17 20 6
5 19 16 2 17 20
5 19 16 25 2 20
5 19 16 20 6 14
5 19 16 25 6 14
5 19 16 25 20 14
5 22 24 2 7 0
5 22 2 7 0 15
5 22 21 7 0 15
5 22 21 2 7 15
5 22 24 2 0 18
5 22 19 24 2 7
5 22 2 0 15 18
5 22 21 0 15 18
5 22 21 2 15 18
5 22 16 24 2 18
5 22 21 25 2 7
5 22 19 25 2 7
5 22 19 24 2 6
5 22 16 24 6 18
5 22 21 25 7 6
5 22 19 25 7 6
5 22 16 2 13 18
5 22 21 2 13 18
5 22 21 16 2 13
5 22 16 24 2 6
5 22 21 16 25 2
5 22 19 16 25 2
5 22 19 16 2 6
5 22 16 13 6 18
5 22 21 13 6 18
5 22 19 16 25 6
5 22 16 25 13 6
5 22 21 25 13 6
5 22 21 16 25 13
5 23 11 10 9 5
5 23 11 10 12 9
5 23 10 9 5 14
5 23 10 12 9 14
5 23 25 9 5 14
5 23 25 10 5 14
5 23 25 9 5 20
5 23 9 1 5 20
5 23 11 1 5 20
5 23 11 9 1 5
5 23 11 25 5 20
5 23 11 25 12 20
5 23 25 9 20 14
5 23 25 12 20 14
5 23 9 1 20 14
5 23 12 1 20 14
5 23 12 9 1 14
5 23 12 1 20 8
5 23 11 1 20 8
5 23 11 12 20 8
5 23 12 9 1 8
5 23 11 9 1 8
5 23 11 12 9 8
