4
33
-7.33263 3.61305 -3.22534 6.14781
-7.86418 -1.2492 3.28645 -6.86919
-0.129474 0.323796 8.2045 -7.58195
-7.64931 -0.482223 0.356469 -1.70778
-5.06585 1.96669 -3.31811 2.80828
-0 -0.433018 8.70337 6.08094
-0 8.46083 6.86104 -2.48104
-0 -2.84295 3.54404 -8.27972
-0 -5.73579 -1.55955 3.46829
-0 8.64161 5.41811 -0.714127
-0 -3.65138 -4.64372 -7.95491
-0 -9.52717 7.82154 -5.25936
-7.00672 -0 8.4813 6.72506
7.98074 -0 -0.757103 -6.64798
-7.04045 -0 -7.13408 -3.41401
-9.07819 -0 -2.93287 -3.2564
5.15977 -0 9.55224 3.31
0.170117 -0 -8.15419 -6.00768
8.30116 -0 7.45558 -5.40704
-6.14402 -5.69596 -0 -4.49934
-2.85917 1.53797 -0 -6.47974
2.86359 0.737491 -0 4.93357
4.31524 -4.44426 -0 4.20635
-3.82617 7.63601 -0 5.11225
-5.5714 5.66974 -0 -7.55796
1.23403 -2.94968 -0 8.8912
1.09453 9.80981 -3.62664 -0
6.29119 4.67021 8.18927 -0
-0.384707 3.224 -3.21608 -0
-8.39349 4.05001 1.02347 -0
-9.54538 -6.8547 5.71956 -0
-3.92348 -3.62964 0.972542 -0
2.81729 0.405059 9.0996 -0
