4
26
-2.03183 6.20355 -2.76324 0.847496
5.43011 -7.03518 5.45983 2.8232
-1.04106 -5.09642 1.41544 1.83544
-0.53554 9.53906 -9.62626 -3.05708
7.81038 1.04326 5.65924 -4.50636
-0 1.66148 6.56231 6.01263
-0 -3.27599 2.83615 -2.30345
-0 -7.51607 1.75539 -9.80893
-0 6.03713 2.54411 1.30567
-0 -8.48801 -3.78882 -4.97768
-0 2.88027 5.67173 7.01155
-0 2.70452 3.60616 7.25156
1.09453 9.80981 -3.62664 -0
6.29119 4.67021 8.18927 -0
-0.384707 3.224 -3.21608 -0
-8.39349 4.05001 1.02347 -0
-9.54538 -6.8547 5.71956 -0
-3.92348 -3.62964 0.972542 -0
2.81729 0.405059 9.0996 -0
5.69783 -8.92127 -0 -7.9646
-7.51294 0.154036 -0 6.79988
6.36182 -5.79881 -0 9.75297
-9.27272 -2.60104 -0 -7.99179
-1.20238 3.82821 -0 3.05318
3.24927 5.48992 -0 -4.2943
-9.66388 8.00675 -0 1.23307
