4
33
-5.3337 1.34633 8.40046 -6.08768
3.14141 9.91881 6.65661 7.217
-1.03258 7.82374 -5.38613 0.512585
-6.54373 -0.977706 -6.82244 -0.960685
5.43667 -6.38273 -9.71131 5.99611
-0 -0.433018 8.70337 6.08094
-0 8.46083 6.86104 -2.48104
-0 -2.84295 3.54404 -8.27972
-0 -5.73579 -1.55955 3.46829
-0 8.64161 5.41811 -0.714127
-0 -3.65138 -4.64372 -7.95491
-0 -9.52717 7.82154 -5.25936
7.92378 -0 -8.89912 -5.11063
-8.05177 -0 -0.739585 7.76062
1.58813 -0 5.00125 4.51977
-7.26574 -0 3.21813 -8.71913
7.96276 -0 5.97288 -5.90157
8.18901 -0 2.28201 5.19087
-2.32015 -0 3.23914 -3.37335
2.71547 3.42355 -0 6.66841
-6.38955 0.907853 -0 1.29535
7.88876 0.807286 -0 -7.29585
-5.60667 -6.0219 -0 -6.78763
8.27933 -0.464697 -0 -4.79773
-3.0515 0.555148 -0 -3.66584
5.98284 2.44145 -0 -4.14362
1.40766 6.30446 -7.2052 -0
-3.42161 -3.51412 7.24683 -0
5.50735 -5.94848 -1.61462 -0
-9.05141 -6.6825 -4.77955 -0
-4.64603 -9.10936 2.65006 -0
-2.48128 2.89513 1.80387 -0
-8.7403 -4.09746 -0.351862 -0
