4
33
-5.35 8.24232 -7.66958 -3.15379
2.24198 5.934 3.66395 0.609147
-7.65621 5.85732 -5.61297 2.24266
-1.78104 -2.87235 1.59271 -4.29482
5.96616 3.81874 -2.17743 0.515016
2.71547 3.42355 -0 6.66841
-6.38955 0.907853 -0 1.29535
7.88876 0.807286 -0 -7.29585
-5.60667 -6.0219 -0 -6.78763
8.27933 -0.464697 -0 -4.79773
-3.0515 0.555148 -0 -3.66584
5.98284 2.44145 -0 -4.14362
-0 4.99638 5.71367 7.61947
-0 -9.70821 -5.48974 4.53799
-0 -1.14574 -0.63437 6.89628
-0 2.58546 9.68536 0.267939
-0 -5.02151 1.44711 7.32852
-0 -8.16048 -3.10921 -3.38938
-0 2.71938 5.50082 4.75961
-7.05537 -0 -3.47686 1.01017
5.13523 -0 -0.162677 5.75589
-1.69161 -0 7.80146 5.35005
3.06831 -0 7.26556 5.47088
1.77585 -0 3.34047 -1.73628
5.09438 -0 8.75505 -5.0369
8.69815 -0 -2.70134 3.65739
5.35324 3.76328 1.96124 -0
0.968679 -5.47485 9.45521 -0
5.06017 9.89303 -6.61211 -0
6.25837 6.66151 9.30062 -0
-5.65894 -7.16386 -8.38281 -0
-8.96429 2.81552 4.56385 -0
4.71636 4.84858 4.47005 -0
