4
33
-1.20379 -8.49305 -4.22482 5.49786
-1.21122 -8.45303 -7.00333 7.87569
-2.10458 9.40485 -4.3118 -6.88781
0.118005 2.71964 7.03996 -7.10979
-9.07727 -6.07311 7.03098 -8.53659
7.92378 -0 -8.89912 -5.11063
-8.05177 -0 -0.739585 7.76062
1.58813 -0 5.00125 4.51977
-7.26574 -0 3.21813 -8.71913
7.96276 -0 5.97288 -5.90157
8.18901 -0 2.28201 5.19087
-2.32015 -0 3.23914 -3.37335
-0 -0.0572304 7.59148 -8.78844
-0 8.44214 -4.25426 9.94665
-0 -9.12489 4.5746 -0.438096
-0 7.8992 9.7313 9.74467
-0 9.82033 -9.79125 9.17032
-0 -1.41569 3.67608 -9.67237
-0 -5.11051 0.55614 -5.63824
-4.13651 4.57399 -0 5.53885
-8.41232 9.12645 -0 4.3286
0.49254 1.58933 -0 0.592
-1.88881 5.82199 -0 2.22974
0.446627 1.31686 -0 8.93714
3.08737 5.50702 -0 -5.09261
8.05177 3.86336 -0 -1.53817
2.65317 0.981711 8.63302 -0
6.87243 -7.55888 -5.71369 -0
-9.42403 -0.0341363 8.99029 -0
2.28323 -4.6597 -0.107346 -0
7.49453 -7.94805 1.70154 -0
6.51229 0.871584 6.47254 -0
-9.41927 -7.19419 7.10157 -0
