4
26
6.08144 -5.38516 9.67227 -6.10471
0.81098 -0.799482 -3.02951 3.75335
3.88529 9.87084 7.37894 -7.10571
-9.92064 6.67263 -5.25228 -9.91439
8.23736 2.77725 4.11561 -9.47589
-7.05537 -0 -3.47686 1.01017
5.13523 -0 -0.162677 5.75589
-1.69161 -0 7.80146 5.35005
3.06831 -0 7.26556 5.47088
1.77585 -0 3.34047 -1.73628
5.09438 -0 8.75505 -5.0369
8.69815 -0 -2.70134 3.65739
-4.13651 4.57399 -0 5.53885
-8.41232 9.12645 -0 4.3286
0.49254 1.58933 -0 0.592
-1.88881 5.82199 -0 2.22974
0.446627 1.31686 -0 8.93714
3.08737 5.50702 -0 -5.09261
8.05177 3.86336 -0 -1.53817
-8.32297 -7.05312 -5.78992 -0
-3.26945 -0.680986 5.88209 -0
-9.66416 -0.692488 4.3182 -0
3.99205 -1.20549 -2.99062 -0
5.78951 -9.81289 -1.33243 -0
3.25942 -2.07713 6.1119 -0
-9.7959 -7.4573 -5.13313 -0
