4
26
-7.98674 -4.91244 -3.11748 -6.03626
-8.63723 0.424562 -6.15017 0.63653
6.91131 2.76578 -1.49866 -9.46523
-3.18548 8.0228 -7.93462 0.450894
6.41046 -7.45737 -2.09709 -1.04812
-1.40733 -0 -8.60967 -9.75746
3.3321 -0 -2.82606 -9.73752
6.43766 -0 0.181789 1.10551
-4.66506 -0 1.60659 -1.38706
-2.96931 -0 0.41957 9.32124
-1.04622 -0 1.99118 6.53064
-7.41886 -0 -1.02685 8.77553
9.35057 7.23186 -0 8.44951
-8.75326 1.89529 -0 9.37836
-8.04007 -2.17556 -0 -7.62447
2.28251 5.27694 -0 -0.526366
4.9091 -0.110228 -0 -4.63967
4.484 6.8577 -0 2.73289
1.05392 -3.0061 -0 9.98036
-8.32297 -7.05312 -5.78992 -0
-3.26945 -0.680986 5.88209 -0
-9.66416 -0.692488 4.3182 -0
3.99205 -1.20549 -2.99062 -0
5.78951 -9.81289 -1.33243 -0
3.25942 -2.07713 6.1119 -0
-9.7959 -7.4573 -5.13313 -0
