4
33
-6.25115 -4.30261 -4.82759 2.73551
6.06375 -5.87757 7.61528 1.23637
3.75833 6.38362 -2.45983 8.41576
1.63089 -6.19832 -3.29163 2.33607
9.86841 -4.17922 0.942243 0.654095
1.40766 6.30446 -7.2052 -0
-3.42161 -3.51412 7.24683 -0
5.50735 -5.94848 -1.61462 -0
-9.05141 -6.6825 -4.77955 -0
-4.64603 -9.10936 2.65006 -0
-2.48128 2.89513 1.80387 -0
-8.7403 -4.09746 -0.351862 -0
-0 1.66148 6.56231 6.01263
-0 -3.27599 2.83615 -2.30345
-0 -7.51607 1.75539 -9.80893
-0 6.03713 2.54411 1.30567
-0 -8.48801 -3.78882 -4.97768
-0 2.88027 5.67173 7.01155
-0 2.70452 3.60616 7.25156
-6.18953 -0 3.86926 0.809528
0.764686 -0 -0.397832 7.63729
0.911353 -0 9.61109 -6.38757
5.87219 -0 0.877 -6.87117
4.63442 -0 0.141112 7.98213
6.93118 -0 8.0767 -1.89577
5.57404 -0 2.68154 -9.92143
-8.64558 -8.76931 -0 0.589922
-0.923273 7.45415 -0 5.30288
0.314882 6.31285 -0 5.20513
-5.4565 6.34282 -0 8.49742
-5.83515 -7.19928 -0 -8.55776
-7.92651 3.73577 -0 3.99922
-7.4357 -7.24912 -0 4.57777
