4
26
-9.08826 4.44519 4.96247 8.96129
4.15508 3.05177 9.09796 -4.27096
-0.987679 0.701816 1.89278 2.46516
-1.42095 2.00219 0.62283 -1.21396
3.55781 -2.55226 -4.79597 7.32793
-0 4.99638 5.71367 7.61947
-0 -9.70821 -5.48974 4.53799
-0 -1.14574 -0.63437 6.89628
-0 2.58546 9.68536 0.267939
-0 -5.02151 1.44711 7.32852
-0 -8.16048 -3.10921 -3.38938
-0 2.71938 5.50082 4.75961
-6.14402 -5.69596 -0 -4.49934
-2.85917 1.53797 -0 -6.47974
2.86359 0.737491 -0 4.93357
4.31524 -4.44426 -0 4.20635
-3.82617 7.63601 -0 5.11225
-5.5714 5.66974 -0 -7.55796
1.23403 -2.94968 -0 8.8912
3.06911 7.1047 6.05501 -0
2.53879 1.31031 -1.94029 -0
-9.51071 3.47231 6.66097 -0
-8.59895 4.66619 6.53397 -0
3.03294 -9.85653 0.448518 -0
-4.22997 9.6594 1.32173 -0
4.94133 -4.64138 6.67262 -0
