4
33
0.854477 0.0832301 7.41173 -4.458
-1.49028 0.303022 6.33483 2.38148
-2.5823 1.60957 -8.89578 -9.30504
-2.19743 7.08896 -8.26872 -3.5735
3.59551 4.17819 -3.58022 -6.10345
-8.64558 -8.76931 -0 0.589922
-0.923273 7.45415 -0 5.30288
0.314882 6.31285 -0 5.20513
-5.4565 6.34282 -0 8.49742
-5.83515 -7.19928 -0 -8.55776
-7.92651 3.73577 -0 3.99922
-7.4357 -7.24912 -0 4.57777
5.35324 3.76328 1.96124 -0
0.968679 -5.47485 9.45521 -0
5.06017 9.89303 -6.61211 -0
6.25837 6.66151 9.30062 -0
-5.65894 -7.16386 -8.38281 -0
-8.96429 2.81552 4.56385 -0
4.71636 4.84858 4.47005 -0
-0 -7.94737 3.8378 -0.805837
-0 9.72908 8.35968 8.42042
-0 0.570129 7.23346 -7.82282
-0 -0.816454 -5.44076 -9.60726
-0 -7.73257 -3.48389 4.73965
-0 -9.98463 -0.965832 9.20356
-0 -9.15075 2.03932 -5.02842
-1.40733 -0 -8.60967 -9.75746
3.3321 -0 -2.82606 -9.73752
6.43766 -0 0.181789 1.10551
-4.66506 -0 1.60659 -1.38706
-2.96931 -0 0.41957 9.32124
-1.04622 -0 1.99118 6.53064
-7.41886 -0 -1.02685 8.77553
