4
26
4.97936 3.82299 4.53992 3.43212
-8.89992 -9.50129 3.69305 -9.45738
6.53874 9.11008 7.14739 -6.856
-3.64135 0.903345 -2.95665 7.5426
0.814766 -0.481625 -4.32793 3.38489
-6.18953 -0 3.86926 0.809528
0.764686 -0 -0.397832 7.63729
0.911353 -0 9.61109 -6.38757
5.87219 -0 0.877 -6.87117
4.63442 -0 0.141112 7.98213
6.93118 -0 8.0767 -1.89577
5.57404 -0 2.68154 -9.92143
2.65317 0.981711 8.63302 -0
6.87243 -7.55888 -5.71369 -0
-9.42403 -0.0341363 8.99029 -0
2.28323 -4.6597 -0.107346 -0
7.49453 -7.94805 1.70154 -0
6.51229 0.871584 6.47254 -0
-9.41927 -7.19419 7.10157 -0
9.35057 7.23186 -0 8.44951
-8.75326 1.89529 -0 9.37836
-8.04007 -2.17556 -0 -7.62447
2.28251 5.27694 -0 -0.526366
4.9091 -0.110228 -0 -4.63967
4.484 6.8577 -0 2.73289
1.05392 -3.0061 -0 9.98036
