164
5 19 21 5 3 14
5 4 21 24 17 23
5 10 0 8 17 23
5 10 19 8 17 23
5 10 4 0 17 23
5 10 4 0 8 17
5 10 19 21 14 23
5 10 19 21 17 23
5 10 19 21 8 14
5 10 4 21 17 23
5 10 4 0 24 23
5 10 4 21 24 23
5 9 21 5 24 23
5 9 19 21 14 23
5 9 19 21 5 23
5 9 19 21 5 14
5 1 19 5 3 14
5 11 19 0 8 23
5 11 10 0 8 23
5 11 10 19 8 23
5 11 10 19 14 23
5 11 19 0 8 2
5 11 10 0 8 2
5 11 19 0 2 23
5 11 10 0 24 23
5 11 10 19 8 14
5 11 9 19 14 23
5 15 21 5 3 14
5 15 9 21 5 14
5 7 19 0 2 23
5 7 19 0 8 23
5 7 19 0 8 2
5 7 11 19 8 2
5 7 11 1 19 2
5 7 11 19 8 14
5 7 1 19 5 3
5 7 1 19 3 14
5 25 11 10 0 24
5 25 10 4 0 24
5 25 11 10 0 2
5 25 10 4 0 8
5 25 10 0 8 2
5 12 15 21 3 14
5 12 10 4 8 17
5 12 25 8 3 14
5 12 10 21 8 14
5 12 25 10 8 14
5 12 25 10 4 8
5 20 10 21 24 23
5 20 9 21 24 23
5 20 10 4 21 24
5 20 15 9 21 14
5 20 11 10 24 23
5 20 10 21 14 23
5 20 9 21 14 23
5 20 25 10 4 24
5 20 25 15 9 24
5 20 12 10 21 14
5 20 12 15 21 14
5 20 11 10 14 23
5 20 11 9 14 23
5 20 12 25 10 4
5 20 10 4 21 17
5 20 12 10 21 17
5 20 12 10 4 17
5 20 25 11 10 14
5 20 25 11 10 24
5 20 12 25 10 14
5 20 12 25 15 14
5 6 19 21 5 3
5 6 7 19 5 3
5 6 7 1 5 3
5 6 19 21 3 14
5 6 19 21 8 14
5 6 7 8 3 14
5 6 7 19 3 14
5 6 7 19 8 14
5 6 19 21 17 23
5 6 12 21 3 17
5 6 12 8 3 14
5 6 12 21 3 14
5 6 12 21 8 14
5 6 10 19 8 17
5 6 10 19 21 17
5 6 10 19 21 8
5 6 19 8 17 23
5 6 7 19 8 23
5 6 7 1 19 5
5 6 12 10 8 17
5 6 12 10 21 17
5 6 12 10 21 8
5 16 20 25 9 24
5 16 20 25 11 24
5 16 20 9 24 23
5 16 20 11 24 23
5 16 20 11 9 23
5 16 20 11 9 14
5 16 20 25 11 14
5 16 11 9 19 23
5 16 20 15 9 14
5 16 20 25 15 14
5 16 20 25 15 9
5 16 9 19 5 14
5 16 1 19 5 14
5 16 15 9 5 14
5 16 11 9 19 14
5 13 16 25 9 24
5 13 25 11 0 24
5 13 16 25 11 24
5 13 16 11 1 2
5 22 16 11 1 2
5 22 16 25 11 14
5 22 16 1 5 14
5 22 13 16 1 2
5 22 7 1 3 14
5 22 25 8 3 14
5 22 1 5 3 14
5 22 7 11 1 2
5 22 16 1 19 14
5 22 16 11 19 14
5 22 16 11 1 19
5 22 25 11 10 14
5 22 25 11 10 2
5 22 13 16 11 2
5 22 13 16 25 11
5 22 16 15 5 14
5 22 16 25 15 14
5 22 7 8 3 14
5 22 25 10 8 14
5 22 25 10 8 2
5 22 7 11 8 14
5 22 7 11 8 2
5 22 7 1 19 14
5 22 7 11 19 14
5 22 7 11 1 19
5 22 11 10 8 14
5 22 11 10 8 2
5 22 25 11 0 2
5 22 13 11 0 2
5 22 13 25 0 2
5 22 13 25 11 0
5 18 16 9 24 23
5 18 13 16 9 24
5 18 9 19 5 23
5 18 16 11 24 23
5 18 13 16 11 24
5 18 16 9 19 23
5 18 16 9 19 5
5 18 13 16 9 5
5 18 11 0 24 23
5 18 13 11 0 24
5 18 16 11 19 23
5 18 16 1 19 5
5 18 13 16 1 5
5 18 11 0 2 23
5 18 13 11 0 2
5 18 11 19 2 23
5 18 16 11 1 19
5 18 13 16 11 1
5 18 7 19 2 23
5 18 7 1 19 2
5 18 7 0 2 23
5 18 11 1 19 2
5 18 13 11 1 2
