326
5 10 25 30 16 3
5 8 25 9 14 3
5 8 6 9 31 12
5 11 25 30 4 18
5 11 25 14 4 18
5 11 8 14 4 18
5 11 8 25 14 4
5 11 8 25 31 4
5 11 10 30 16 3
5 21 6 30 12 18
5 27 9 32 16 2
5 27 21 6 9 32
5 27 21 22 6 32
5 27 24 9 32 2
5 27 21 24 9 32
5 13 8 31 3 2
5 23 25 30 4 18
5 23 25 24 30 18
5 23 21 22 6 32
5 23 27 21 24 32
5 23 27 21 22 32
5 23 27 24 32 2
5 23 27 22 32 2
5 1 8 25 9 14
5 1 8 6 9 12
5 1 21 6 12 18
5 1 8 9 14 2
5 1 24 14 4 18
5 1 8 14 4 18
5 1 23 21 24 18
5 15 6 30 12 18
5 15 21 6 30 18
5 15 23 21 30 18
5 15 23 21 6 18
5 15 23 21 6 30
5 15 11 30 4 18
5 15 23 30 4 18
5 15 23 22 30 4
5 15 23 6 4 18
5 15 23 22 6 4
5 15 23 22 30 32
5 15 23 22 6 32
5 15 13 11 22 4
5 26 11 10 16 3
5 26 11 10 30 16
5 26 15 13 11 22
5 26 10 30 32 16
5 26 15 11 22 30
5 28 8 6 9 31
5 28 8 9 31 2
5 28 1 8 6 9
5 28 1 8 9 2
5 28 13 8 31 2
5 28 27 21 6 9
5 28 1 21 6 9
5 28 27 24 9 2
5 28 27 21 24 9
5 28 1 21 24 9
5 28 24 9 14 2
5 28 1 9 14 2
5 28 1 24 9 14
5 28 8 14 4 2
5 28 1 8 14 2
5 28 1 8 14 4
5 28 13 8 4 2
5 28 13 27 22 6
5 28 15 13 22 6
5 28 15 22 6 4
5 28 23 27 21 24
5 28 1 23 21 24
5 28 1 21 6 18
5 28 15 6 4 18
5 28 24 14 4 2
5 28 1 24 14 4
5 28 23 24 4 2
5 28 23 27 24 2
5 28 13 22 4 2
5 28 13 27 22 2
5 28 15 13 22 4
5 28 23 22 6 4
5 28 23 6 4 18
5 28 23 21 6 18
5 28 27 21 22 6
5 28 23 21 22 6
5 28 23 27 21 22
5 28 1 23 21 18
5 28 23 22 4 2
5 28 23 27 22 2
5 28 23 24 4 18
5 28 1 24 4 18
5 28 1 23 24 18
5 19 1 21 24 9
5 19 1 24 9 14
5 19 1 25 9 14
5 19 1 25 9 12
5 19 1 21 24 18
5 19 10 25 9 16
5 19 21 24 9 32
5 19 10 25 9 12
5 19 25 24 14 18
5 19 1 24 14 18
5 19 1 25 14 18
5 19 21 6 9 12
5 19 1 6 9 12
5 19 1 21 6 12
5 19 1 21 6 9
5 19 25 24 30 18
5 19 24 9 32 16
5 19 10 9 32 16
5 19 25 24 30 16
5 19 10 25 30 16
5 19 10 25 30 12
5 19 25 30 12 18
5 19 1 25 12 18
5 19 21 30 12 18
5 19 1 21 12 18
5 19 23 24 30 18
5 19 23 21 30 18
5 19 23 21 24 18
5 19 24 30 32 16
5 19 10 30 32 16
5 19 23 24 30 32
5 19 23 21 30 32
5 19 23 21 24 32
5 0 11 8 25 31
5 0 8 25 31 3
5 0 1 25 9 12
5 0 1 8 9 12
5 0 1 8 25 9
5 0 8 9 31 12
5 0 8 25 9 3
5 0 10 25 30 12
5 0 11 10 30 12
5 0 11 25 31 3
5 0 10 25 16 3
5 0 8 31 3 2
5 0 8 9 3 2
5 0 8 9 31 2
5 0 25 9 16 3
5 0 10 25 30 3
5 0 11 25 30 3
5 0 11 10 30 3
5 0 10 9 12 16
5 0 10 25 9 16
5 0 10 25 9 12
5 5 0 11 8 31
5 5 11 8 31 4
5 5 0 8 31 12
5 5 0 1 8 12
5 5 0 11 31 12
5 5 13 11 31 4
5 5 15 13 11 4
5 5 11 8 4 18
5 5 15 11 4 18
5 5 8 6 31 12
5 5 1 8 6 12
5 5 28 8 6 31
5 5 28 1 8 6
5 5 0 11 8 25
5 5 0 1 8 25
5 5 13 8 31 4
5 5 28 13 8 4
5 5 28 13 8 31
5 5 28 15 13 4
5 5 28 15 4 18
5 5 28 15 13 6
5 5 28 1 6 18
5 5 28 15 6 18
5 5 1 6 12 18
5 5 15 6 12 18
5 5 1 8 4 18
5 5 28 1 4 18
5 5 28 1 8 4
5 5 15 30 12 18
5 5 15 11 30 18
5 5 15 11 30 12
5 5 1 25 12 18
5 5 0 1 25 12
5 5 11 25 14 18
5 5 11 8 14 18
5 5 11 8 25 14
5 5 1 25 14 18
5 5 1 8 14 18
5 5 1 8 25 14
5 5 25 30 12 18
5 5 11 25 30 18
5 5 0 25 30 12
5 5 0 11 30 12
5 5 0 11 25 30
5 17 0 11 10 12
5 17 11 10 30 12
5 17 15 11 30 12
5 17 26 11 10 30
5 17 26 15 11 30
5 17 26 10 30 32
5 17 26 15 22 30
5 29 27 22 6 32
5 29 13 27 22 2
5 29 26 13 22 2
5 29 27 22 32 2
5 29 17 26 15 22
5 29 26 22 30 32
5 29 17 22 30 32
5 29 17 26 30 32
5 29 17 26 22 30
5 29 27 9 32 16
5 29 27 32 16 2
5 29 17 26 10 32
5 29 10 9 32 16
5 29 26 10 32 16
5 29 17 10 12 16
5 29 17 26 10 16
5 29 10 9 12 16
5 20 28 13 27 6
5 20 28 6 9 31
5 20 28 27 6 9
5 20 5 28 6 31
5 20 5 28 13 31
5 20 5 28 13 6
5 20 28 13 31 2
5 20 28 13 27 2
5 20 29 13 27 2
5 20 13 27 22 6
5 20 29 27 22 6
5 20 29 13 27 22
5 20 6 9 31 12
5 20 27 6 9 12
5 20 28 9 31 2
5 20 28 27 9 2
5 20 5 15 13 6
5 20 29 27 16 2
5 20 29 26 13 2
5 20 15 13 22 6
5 20 27 9 16 2
5 20 5 13 11 31
5 20 5 15 13 11
5 20 5 6 31 12
5 20 29 17 12 16
5 20 29 9 12 16
5 20 29 27 9 16
5 20 29 27 9 12
5 20 29 17 26 16
5 20 29 17 26 15
5 20 29 17 15 22
5 20 29 26 16 2
5 20 26 13 16 2
5 20 26 15 13 22
5 20 29 26 13 22
5 20 29 26 15 22
5 20 0 9 12 16
5 20 0 9 31 12
5 20 9 16 3 2
5 20 5 15 6 12
5 20 5 11 31 12
5 20 26 15 13 11
5 20 17 26 15 11
5 20 13 11 31 3
5 20 26 13 11 3
5 20 13 16 3 2
5 20 13 31 3 2
5 20 26 13 16 3
5 20 0 9 16 3
5 20 0 31 3 2
5 20 0 9 3 2
5 20 0 9 31 2
5 20 5 15 11 12
5 20 17 15 11 12
5 20 0 11 31 12
5 20 17 0 11 12
5 20 0 10 12 16
5 20 17 10 12 16
5 20 17 0 10 12
5 20 26 11 10 3
5 20 17 26 11 10
5 20 26 10 16 3
5 20 17 26 10 16
5 20 17 0 11 10
5 20 0 10 16 3
5 20 0 11 31 3
5 20 0 11 10 3
5 7 29 22 6 32
5 7 29 17 22 32
5 7 15 22 6 32
5 7 20 29 22 6
5 7 20 29 17 22
5 7 15 22 30 32
5 7 17 22 30 32
5 7 17 15 22 30
5 7 20 15 22 6
5 7 20 17 15 22
5 7 29 17 10 12
5 7 29 17 10 32
5 7 20 29 17 12
5 7 15 23 30 32
5 7 15 23 6 32
5 7 15 23 6 30
5 7 15 6 30 12
5 7 17 15 30 12
5 7 20 15 6 12
5 7 20 17 15 12
5 7 21 6 30 12
5 7 21 6 9 12
5 7 21 6 9 32
5 7 17 10 30 12
5 7 17 10 30 32
5 7 29 10 9 12
5 7 29 10 9 32
5 7 20 27 6 12
5 7 20 29 27 12
5 7 20 29 27 6
5 7 23 21 30 32
5 7 23 21 6 32
5 7 23 21 6 30
5 7 19 21 30 12
5 7 19 21 30 32
5 7 19 21 9 12
5 7 19 21 9 32
5 7 27 6 9 12
5 7 29 27 9 12
5 7 27 6 9 32
5 7 29 27 9 32
5 7 29 27 6 32
5 7 19 10 30 12
5 7 19 10 30 32
5 7 19 10 9 12
5 7 19 10 9 32
