332
5 19 20 17 29 2
5 19 10 17 29 2
5 19 10 20 17 2
5 30 19 20 29 2
5 30 19 10 29 2
5 30 19 10 20 2
5 30 20 17 29 2
5 0 22 8 24 17
5 0 28 24 17 25
5 0 22 24 17 25
5 0 28 23 24 25
5 0 22 28 23 25
5 0 3 23 24 25
5 0 22 3 24 25
5 0 22 3 23 25
5 7 10 17 29 2
5 7 10 20 17 2
5 7 28 1 17 25
5 7 19 10 20 17
5 7 22 24 17 25
5 31 0 3 23 24
5 31 0 30 23 24
5 27 0 28 23 17
5 27 31 19 23 29
5 27 31 28 23 29
5 27 31 28 19 29
5 26 27 31 19 23
5 26 27 31 28 23
5 26 27 31 28 19
5 15 30 10 20 2
5 15 7 10 20 2
5 15 22 3 1 25
5 18 30 20 17 2
5 18 30 17 29 2
5 18 30 20 17 29
5 18 27 8 20 17
5 18 0 8 24 17
5 18 27 0 8 17
5 18 19 20 17 29
5 18 27 19 17 29
5 18 27 19 20 17
5 18 0 30 23 24
5 14 28 1 17 25
5 14 22 28 1 25
5 14 26 27 28 17
5 14 7 1 17 25
5 14 7 22 17 25
5 14 7 22 1 25
5 14 27 8 20 17
5 14 0 22 8 17
5 14 0 28 17 25
5 14 0 22 17 25
5 14 0 22 28 25
5 14 27 19 20 17
5 14 26 27 19 17
5 14 26 27 19 20
5 14 27 0 8 17
5 14 27 0 28 17
5 14 27 0 28 23
5 14 26 27 28 23
5 21 15 7 10 2
5 21 15 7 20 2
5 21 15 7 10 20
5 11 18 27 8 20
5 11 18 27 0 8
5 11 14 27 8 20
5 11 14 27 0 8
5 11 18 27 0 23
5 11 31 0 3 23
5 11 14 26 27 20
5 11 14 27 0 23
5 11 14 26 27 23
5 11 18 27 19 20
5 13 15 22 3 1
5 13 11 14 26 20
5 13 14 22 28 1
5 13 14 26 28 1
5 13 22 28 1 25
5 13 22 3 1 25
5 13 11 14 8 20
5 13 0 22 3 23
5 13 11 0 3 23
5 13 11 0 22 3
5 13 22 28 23 25
5 13 14 0 22 8
5 13 11 0 22 8
5 13 11 14 0 8
5 13 14 0 22 28
5 13 14 26 28 23
5 13 11 14 26 23
5 13 0 22 28 23
5 13 14 0 28 23
5 13 11 14 0 23
5 9 30 19 10 20
5 9 15 30 10 20
5 9 30 19 10 29
5 9 15 31 3 10
5 9 31 30 10 29
5 9 15 31 30 10
5 9 26 31 19 10
5 9 26 31 3 10
5 9 15 31 30 3
5 9 15 30 3 24
5 5 21 15 20 2
5 5 18 20 17 2
5 5 18 8 20 17
5 5 21 7 20 2
5 5 7 20 17 2
5 5 18 24 17 2
5 5 18 8 24 17
5 5 21 7 24 2
5 5 21 7 1 20
5 5 21 15 1 20
5 5 7 24 17 2
5 5 14 8 20 17
5 5 14 7 20 17
5 5 14 7 1 20
5 5 15 24 2 25
5 5 21 24 2 25
5 5 21 15 2 25
5 5 13 14 8 20
5 5 13 14 22 8
5 5 13 15 22 1
5 5 15 22 1 25
5 5 21 15 1 25
5 5 22 8 24 17
5 5 7 22 24 17
5 5 14 22 8 17
5 5 14 7 22 17
5 5 0 22 8 24
5 5 18 0 8 24
5 5 7 22 24 25
5 5 21 7 24 25
5 5 14 7 22 1
5 5 7 22 1 25
5 5 21 7 1 25
5 5 13 14 1 20
5 5 13 14 22 1
5 12 15 30 20 2
5 12 18 30 20 2
5 12 5 15 20 2
5 12 5 18 20 2
5 12 9 15 30 20
5 12 15 30 24 2
5 12 5 15 24 2
5 12 18 30 24 2
5 12 5 18 24 2
5 12 9 13 15 20
5 12 9 15 30 24
5 12 11 18 19 20
5 12 9 30 19 20
5 12 13 15 1 20
5 12 5 15 1 20
5 12 5 13 1 20
5 12 5 13 15 1
5 12 5 13 15 22
5 12 11 18 8 20
5 12 5 18 8 20
5 12 9 15 3 24
5 12 30 19 20 29
5 12 18 19 20 29
5 12 18 30 20 29
5 12 18 0 30 24
5 12 9 30 3 24
5 12 13 11 8 20
5 12 5 13 8 20
5 12 13 15 22 3
5 12 9 13 15 3
5 12 11 18 0 8
5 12 5 18 0 8
5 12 5 18 0 24
5 12 11 18 0 23
5 12 31 30 3 24
5 12 9 31 30 3
5 12 13 11 22 8
5 12 5 13 22 8
5 12 13 11 22 3
5 12 9 13 11 3
5 12 11 0 22 8
5 12 5 0 22 8
5 12 5 0 22 24
5 12 22 3 24 25
5 12 15 3 24 25
5 12 15 22 3 25
5 12 5 22 24 25
5 12 5 15 24 25
5 12 5 15 22 25
5 12 31 0 3 24
5 12 11 31 0 3
5 12 11 31 0 23
5 12 0 22 3 24
5 12 11 0 22 3
5 16 26 31 3 10
5 16 21 7 10 20
5 16 21 7 1 20
5 16 13 26 28 1
5 16 31 28 19 10
5 16 26 31 19 10
5 16 26 31 28 19
5 16 7 28 1 17
5 16 14 7 1 20
5 16 21 15 10 20
5 16 21 15 1 20
5 16 9 15 3 10
5 16 15 3 1 25
5 16 21 15 1 25
5 16 9 26 3 10
5 16 9 13 26 3
5 16 7 19 10 17
5 16 14 28 1 17
5 16 14 26 28 17
5 16 14 26 28 1
5 16 7 19 10 20
5 16 13 15 1 20
5 16 13 15 3 1
5 16 9 13 15 3
5 16 9 13 26 20
5 16 13 14 1 20
5 16 13 14 26 20
5 16 13 14 26 1
5 16 14 7 1 17
5 16 9 19 10 20
5 16 9 26 19 20
5 16 9 26 19 10
5 16 14 26 19 20
5 16 14 26 19 17
5 16 26 27 19 17
5 16 26 27 28 17
5 16 26 27 28 19
5 16 7 19 20 17
5 16 14 19 20 17
5 16 14 7 20 17
5 16 9 15 10 20
5 16 9 13 15 20
5 6 12 11 19 20
5 6 9 26 19 20
5 6 12 13 11 20
5 6 12 9 13 20
5 6 12 9 13 11
5 6 26 27 19 20
5 6 11 27 19 20
5 6 11 26 27 20
5 6 13 11 26 20
5 6 9 13 26 20
5 6 9 26 31 19
5 6 12 18 19 29
5 6 12 11 18 19
5 6 26 27 19 23
5 6 11 26 27 23
5 6 9 13 26 3
5 6 9 13 11 3
5 6 26 31 19 23
5 6 9 26 31 3
5 6 31 19 23 29
5 6 18 27 19 29
5 6 11 18 27 19
5 6 27 19 23 29
5 6 18 27 23 29
5 6 11 18 27 23
5 32 16 28 1 25
5 32 16 3 1 25
5 32 16 26 31 28
5 32 16 26 31 3
5 32 13 28 23 25
5 32 3 23 24 25
5 32 31 3 23 24
5 32 26 31 28 23
5 32 13 28 1 25
5 32 13 3 1 25
5 32 16 13 28 1
5 32 16 13 3 1
5 32 16 13 26 28
5 32 16 13 26 3
5 32 22 3 23 25
5 32 13 22 23 25
5 32 13 22 3 25
5 32 13 22 3 23
5 32 13 26 28 23
5 32 6 26 31 23
5 32 6 26 31 3
5 32 13 11 3 23
5 32 13 11 26 23
5 32 11 31 3 23
5 32 6 11 31 23
5 32 6 11 31 3
5 32 6 11 26 23
5 32 6 13 26 3
5 32 6 13 11 3
5 32 6 13 11 26
5 4 12 9 19 20
5 4 6 9 19 20
5 4 6 12 19 20
5 4 6 12 9 20
5 4 12 9 30 19
5 4 9 30 19 29
5 4 12 30 19 29
5 4 6 12 19 29
5 4 12 9 31 30
5 4 6 31 19 29
5 4 6 9 31 19
5 4 9 31 30 29
5 4 12 18 30 29
5 4 6 12 18 29
5 4 12 9 31 3
5 4 6 9 31 3
5 4 31 19 10 29
5 4 9 19 10 29
5 4 9 31 10 29
5 4 9 31 19 10
5 4 31 30 23 29
5 4 6 31 23 29
5 4 18 30 23 29
5 4 6 18 23 29
5 4 6 12 11 18
5 4 12 11 31 23
5 4 6 11 31 23
5 4 12 11 31 3
5 4 6 11 31 3
5 4 12 9 11 3
5 4 6 9 11 3
5 4 6 12 9 11
5 4 6 11 18 23
5 4 12 11 18 23
5 4 31 0 30 23
5 4 12 31 0 23
5 4 18 0 30 23
5 4 12 18 0 23
5 4 12 18 0 30
5 4 31 0 30 24
5 4 12 0 30 24
5 4 12 31 30 24
5 4 12 31 0 24
