176
5 10 18 17 23 3
5 6 10 19 18 17
5 6 19 17 1 21
5 25 6 10 18 17
5 25 6 15 18 1
5 9 10 17 20 23
5 9 25 10 15 23
5 2 10 18 23 3
5 2 5 20 23 3
5 2 17 20 23 3
5 2 10 17 23 3
5 2 10 17 20 23
5 2 10 18 17 3
5 2 25 5 14 3
5 2 9 10 20 23
5 2 9 25 10 23
5 0 25 10 15 23
5 0 9 10 18 23
5 0 9 10 15 23
5 0 2 10 18 23
5 0 2 25 10 23
5 0 2 25 10 18
5 0 25 6 15 18
5 0 25 6 10 18
5 0 25 6 10 15
5 0 9 15 23 8
5 0 9 10 19 15
5 0 6 19 15 18
5 0 6 10 19 18
5 0 6 10 19 15
5 0 9 19 15 8
5 24 2 5 23 3
5 24 2 25 5 3
5 24 0 25 15 23
5 24 2 18 23 3
5 24 2 25 18 3
5 24 0 25 15 18
5 24 0 2 18 23
5 24 0 2 25 23
5 24 0 2 25 18
5 12 9 25 10 15
5 12 2 25 10 20
5 12 2 9 10 20
5 12 2 9 25 10
5 12 2 5 20 14
5 12 2 25 5 14
5 12 25 6 15 1
5 12 6 10 19 15
5 12 25 6 10 15
5 12 4 14 1 21
5 12 6 19 1 21
5 12 6 19 15 1
5 13 2 18 17 3
5 13 2 25 18 3
5 13 25 6 18 17
5 13 25 10 18 17
5 13 2 10 18 17
5 13 2 25 10 17
5 13 2 25 10 18
5 13 18 17 1 3
5 13 6 18 17 1
5 13 25 6 18 1
5 13 2 17 20 3
5 13 6 17 4 1
5 13 5 20 14 3
5 13 2 5 14 3
5 13 2 5 20 3
5 13 2 5 20 14
5 22 13 4 20 14
5 22 13 2 20 14
5 22 12 4 14 1
5 22 2 25 14 3
5 22 13 2 14 3
5 22 13 2 25 3
5 22 13 6 4 1
5 22 13 25 6 1
5 22 13 25 18 3
5 22 13 25 18 1
5 11 24 15 23 8
5 11 9 15 23 8
5 11 9 19 15 8
5 11 12 9 19 8
5 11 22 12 25 14
5 11 12 19 15 1
5 11 9 10 19 15
5 11 12 10 19 15
5 11 12 9 10 15
5 11 12 9 10 19
5 11 12 25 15 1
5 11 22 12 25 1
5 11 22 12 14 1
5 11 12 19 8 21
5 7 9 25 15 23
5 7 12 9 25 15
5 7 11 12 25 15
5 7 11 9 15 23
5 7 11 12 9 15
5 7 2 9 25 23
5 7 12 2 9 25
5 7 24 25 15 23
5 7 11 24 15 23
5 7 11 24 25 15
5 7 11 9 23 8
5 7 11 12 9 8
5 7 12 2 25 5
5 7 12 25 5 14
5 7 11 12 25 14
5 7 24 2 5 23
5 7 24 2 25 23
5 7 24 2 25 5
5 7 2 5 20 23
5 7 2 9 20 23
5 7 12 2 5 20
5 7 12 2 9 20
5 7 11 24 23 8
5 7 11 24 25 8
5 7 5 20 23 8
5 7 9 20 23 8
5 7 12 9 20 8
5 7 12 20 8 21
5 7 25 5 14 3
5 7 24 25 5 3
5 7 12 4 14 21
5 7 12 4 20 21
5 7 5 4 20 14
5 7 12 4 20 14
5 7 12 5 20 14
5 16 12 25 10 20
5 16 12 25 6 10
5 16 25 6 10 17
5 16 2 10 17 20
5 16 2 25 10 20
5 16 2 25 10 17
5 16 13 25 6 17
5 16 12 9 10 20
5 16 12 4 20 21
5 16 12 6 19 21
5 16 12 6 10 19
5 16 9 10 17 20
5 16 17 4 20 21
5 16 6 19 17 21
5 16 6 10 19 17
5 16 13 2 17 20
5 16 13 2 25 17
5 16 13 17 4 20
5 16 13 6 17 4
5 16 12 20 8 21
5 16 12 9 20 8
5 16 12 9 10 19
5 16 12 4 1 21
5 16 12 6 1 21
5 16 22 13 4 20
5 16 22 13 6 4
5 16 22 13 25 6
5 16 12 4 20 14
5 16 22 4 20 14
5 16 22 12 4 14
5 16 22 12 25 14
5 16 22 6 4 1
5 16 22 12 4 1
5 16 12 25 6 1
5 16 22 25 6 1
5 16 22 12 25 1
5 16 9 10 19 17
5 16 17 4 1 21
5 16 6 17 1 21
5 16 6 17 4 1
5 16 22 13 2 20
5 16 22 13 2 25
5 16 12 19 8 21
5 16 12 9 19 8
5 16 12 2 20 14
5 16 12 2 25 14
5 16 12 2 25 20
5 16 22 2 20 14
5 16 22 2 25 14
