296
5 11 26 6 29 22
5 17 4 7 10 16
5 17 23 7 10 16
5 17 4 22 16 21
5 17 11 25 8 22
5 2 4 7 10 16
5 2 23 7 10 16
5 2 23 7 10 18
5 15 5 7 10 21
5 15 17 5 7 21
5 15 17 5 7 10
5 15 17 4 1 21
5 15 4 7 10 21
5 15 17 4 7 21
5 15 17 4 7 10
5 28 2 26 10 18
5 28 2 23 10 18
5 28 2 23 26 10
5 28 2 26 29 18
5 28 2 23 26 29
5 13 5 11 25 8
5 13 11 25 8 22
5 13 30 29 8 22
5 13 28 30 29 18
5 13 28 26 29 18
5 13 11 26 29 22
5 13 11 26 6 29
5 13 28 26 6 29
5 13 28 11 6 29
5 13 28 23 26 6
5 9 13 23 26 6
5 9 13 23 11 6
5 9 17 23 7 10
5 9 13 11 26 6
5 9 28 23 26 10
5 9 13 28 23 26
5 9 15 17 5 10
5 9 17 5 7 10
5 9 28 26 10 18
5 9 13 26 10 18
5 9 13 28 26 18
5 9 28 23 10 18
5 9 13 15 5 10
5 19 26 6 29 22
5 19 9 23 26 6
5 19 2 23 26 29
5 19 28 26 6 29
5 19 28 23 26 29
5 19 28 23 26 6
5 27 30 25 8 22
5 27 30 4 7 16
5 14 2 23 7 18
5 14 28 2 23 18
5 14 28 2 23 29
5 14 5 11 7 8
5 14 19 28 23 29
5 14 28 30 29 18
5 14 28 2 29 18
5 14 9 23 11 7
5 14 9 5 11 7
5 14 30 5 7 18
5 14 30 5 7 8
5 14 13 28 30 18
5 14 19 28 23 6
5 14 13 5 11 8
5 14 9 13 23 11
5 14 9 13 5 11
5 14 30 29 8 22
5 14 13 28 11 29
5 14 13 30 29 8
5 14 13 28 30 29
5 14 13 30 5 18
5 14 13 30 5 8
5 14 13 23 11 6
5 14 13 28 11 6
5 14 13 28 23 6
5 14 28 11 6 29
5 14 19 28 6 29
5 14 23 7 10 18
5 14 9 23 10 18
5 14 9 23 7 10
5 14 5 7 10 18
5 14 9 5 7 10
5 14 9 28 23 18
5 14 9 13 28 18
5 14 9 13 28 23
5 14 13 29 8 22
5 14 13 11 8 22
5 14 13 11 29 22
5 14 13 5 10 18
5 14 9 13 10 18
5 14 9 13 5 10
5 31 9 26 10 1
5 31 9 15 10 1
5 31 19 26 6 22
5 31 19 9 26 6
5 31 11 26 6 22
5 31 9 11 26 6
5 31 13 11 25 22
5 31 13 11 26 22
5 31 9 13 11 26
5 31 13 5 11 25
5 31 9 5 11 25
5 31 9 13 5 11
5 12 17 22 1 21
5 12 15 17 1 21
5 12 17 25 22 21
5 12 15 17 5 21
5 12 17 11 25 22
5 12 31 11 25 22
5 12 31 9 15 1
5 12 31 9 11 25
5 12 31 9 15 25
5 12 5 11 25 8
5 12 17 11 25 8
5 12 17 5 25 8
5 12 17 5 11 8
5 12 9 5 11 25
5 12 9 17 5 11
5 12 9 15 17 5
5 12 31 9 11 6
5 24 12 15 25 21
5 24 12 15 5 21
5 24 15 5 10 21
5 24 13 15 5 10
5 24 9 13 15 5
5 24 12 17 25 21
5 24 12 17 5 21
5 24 12 17 5 25
5 24 12 9 5 25
5 24 12 9 15 25
5 24 12 9 15 5
5 24 13 5 10 18
5 24 13 30 5 18
5 24 31 13 5 25
5 24 31 9 5 25
5 24 31 9 13 5
5 24 31 9 15 25
5 24 30 5 7 18
5 24 5 7 10 21
5 24 5 7 10 18
5 24 13 5 25 8
5 24 13 30 5 8
5 24 27 30 5 7
5 24 27 30 25 8
5 24 27 30 5 8
5 24 27 4 7 21
5 24 27 30 4 7
5 0 31 19 9 6
5 0 12 17 22 1
5 0 12 31 9 1
5 0 12 15 17 1
5 0 12 9 15 1
5 0 12 9 15 17
5 0 31 19 6 22
5 0 31 9 26 1
5 0 31 19 9 26
5 0 9 17 23 10
5 0 19 17 23 16
5 0 12 31 22 1
5 0 9 15 10 1
5 0 9 15 17 10
5 0 31 26 22 1
5 0 31 19 26 22
5 0 19 29 22 16
5 0 9 26 10 1
5 0 17 23 10 16
5 0 19 2 23 16
5 0 9 23 26 10
5 0 19 9 23 26
5 0 15 4 10 1
5 0 15 17 4 1
5 0 15 17 4 10
5 0 26 29 22 1
5 0 19 26 29 22
5 0 17 4 10 16
5 0 19 2 29 16
5 0 2 23 10 16
5 0 19 2 23 26
5 0 2 23 26 10
5 0 19 2 26 29
5 20 19 9 23 6
5 20 9 23 11 6
5 20 0 19 9 6
5 20 0 9 17 23
5 20 0 19 17 23
5 20 0 19 9 23
5 20 12 9 11 6
5 20 12 9 17 11
5 20 9 23 11 7
5 20 9 17 23 7
5 20 14 23 11 6
5 20 14 19 23 6
5 20 19 17 23 16
5 20 0 12 9 17
5 20 0 19 6 22
5 20 12 17 11 22
5 20 17 23 7 16
5 20 9 5 11 7
5 20 9 17 5 7
5 20 9 17 5 11
5 20 14 11 6 29
5 20 14 19 6 29
5 20 11 6 29 22
5 20 19 6 29 22
5 20 0 12 17 22
5 20 12 31 9 6
5 20 0 31 9 6
5 20 0 12 31 9
5 20 0 17 22 16
5 20 0 19 22 16
5 20 0 19 17 16
5 20 31 11 6 22
5 20 12 31 11 22
5 20 12 31 11 6
5 20 14 23 11 7
5 20 5 11 7 8
5 20 17 5 7 8
5 20 17 5 11 8
5 20 14 11 29 22
5 20 0 31 6 22
5 20 0 12 31 22
5 20 14 11 7 8
5 20 17 11 8 22
5 20 19 29 22 16
5 3 20 14 19 29
5 3 19 2 23 29
5 3 14 2 23 29
5 3 14 19 23 29
5 3 19 2 29 16
5 3 20 19 29 16
5 3 20 14 19 23
5 3 19 2 23 16
5 3 20 19 23 16
5 3 2 30 29 18
5 3 14 30 29 18
5 3 14 2 29 18
5 3 20 29 22 16
5 3 14 30 29 22
5 3 20 14 29 22
5 3 2 23 7 16
5 3 14 2 23 7
5 3 20 23 7 16
5 3 20 14 23 7
5 3 30 4 7 16
5 3 2 30 7 18
5 3 14 30 7 18
5 3 14 2 7 18
5 3 27 30 7 16
5 3 14 30 7 8
5 3 20 14 7 8
5 3 14 30 8 22
5 3 14 11 8 22
5 3 20 11 8 22
5 3 20 14 11 22
5 3 20 14 11 8
5 32 3 20 8 22
5 32 20 17 8 22
5 32 27 30 8 22
5 32 3 30 8 22
5 32 3 27 30 22
5 32 3 27 22 16
5 32 3 20 22 16
5 32 3 20 7 8
5 32 17 25 8 22
5 32 27 25 8 22
5 32 20 17 22 16
5 32 20 17 7 8
5 32 3 30 7 8
5 32 3 27 30 7
5 32 17 25 22 21
5 32 17 5 25 8
5 32 17 22 16 21
5 32 17 5 7 8
5 32 30 5 7 8
5 32 27 30 5 8
5 32 27 30 5 7
5 32 3 27 7 16
5 32 20 17 7 16
5 32 3 20 7 16
5 32 24 17 25 21
5 32 24 27 25 21
5 32 24 5 25 8
5 32 24 27 25 8
5 32 24 27 5 8
5 32 24 17 5 25
5 32 17 4 16 21
5 32 17 5 7 21
5 32 17 4 7 16
5 32 27 4 7 16
5 32 24 17 5 21
5 32 17 4 7 21
5 32 27 4 7 21
5 32 24 5 7 21
5 32 24 27 7 21
5 32 24 27 5 7
