176
5 9 25 8 10 22
5 23 9 25 10 22
5 23 25 8 10 22
5 6 23 8 10 22
5 6 23 25 8 10
5 13 9 8 10 22
5 13 6 8 2 21
5 4 6 25 8 2
5 4 23 9 25 22
5 4 23 25 8 22
5 4 6 23 8 22
5 4 6 23 25 8
5 14 13 9 10 22
5 14 6 8 10 22
5 14 13 8 10 22
5 14 13 6 8 21
5 20 6 25 8 2
5 20 6 3 25 2
5 20 6 8 2 21
5 18 13 6 8 2
5 18 4 6 8 2
5 18 4 6 8 22
5 18 4 23 9 22
5 18 14 6 8 22
5 18 14 13 8 22
5 18 14 13 6 8
5 12 20 3 2 21
5 12 20 19 3 21
5 12 20 8 2 21
5 12 20 19 8 21
5 24 12 9 3 5
5 24 12 19 3 5
5 24 20 19 3 5
5 24 14 13 9 10
5 24 14 19 13 9
5 24 23 25 10 5
5 24 23 9 25 5
5 24 23 9 25 10
5 24 23 9 10 22
5 24 9 25 8 10
5 17 24 20 10 5
5 17 24 20 19 5
5 17 24 25 8 10
5 17 6 25 8 10
5 17 20 6 25 10
5 17 20 6 25 8
5 17 20 19 8 21
5 17 20 6 8 21
5 17 14 13 8 10
5 17 13 9 8 10
5 17 24 9 8 10
5 17 24 13 9 10
5 17 24 14 13 10
5 17 24 14 19 13
5 17 19 13 9 8
5 17 24 19 9 8
5 17 24 19 13 9
5 17 14 6 8 21
5 17 14 6 8 10
5 17 19 13 8 21
5 17 14 13 8 21
5 17 14 19 13 21
5 7 12 20 19 3
5 7 17 20 19 5
5 7 24 9 25 5
5 7 20 3 25 2
5 7 12 20 3 2
5 7 12 20 19 8
5 7 17 20 10 5
5 7 17 20 25 10
5 7 17 24 19 5
5 7 17 20 25 8
5 7 17 20 19 8
5 7 24 9 25 8
5 7 24 19 9 8
5 7 20 25 8 2
5 7 12 20 8 2
5 7 24 25 10 5
5 7 17 24 10 5
5 7 17 24 25 10
5 7 17 24 25 8
5 7 17 24 19 8
5 0 7 9 25 8
5 0 9 25 8 22
5 0 4 25 8 22
5 0 18 4 8 22
5 0 4 9 25 22
5 0 18 4 9 22
5 0 7 12 8 2
5 0 18 4 8 2
5 0 13 9 8 22
5 0 18 13 8 22
5 0 18 13 8 2
5 11 12 9 3 5
5 11 3 25 10 5
5 11 7 25 10 5
5 11 12 19 3 5
5 11 7 12 19 3
5 11 24 12 9 5
5 11 7 24 9 5
5 11 20 3 10 5
5 11 7 20 10 5
5 11 20 3 25 10
5 11 7 20 25 10
5 11 7 20 3 25
5 11 20 19 3 5
5 11 7 20 19 5
5 11 7 20 19 3
5 11 24 12 19 5
5 11 7 24 19 5
5 11 24 12 19 9
5 11 7 12 19 9
5 11 7 24 19 9
5 15 7 12 19 9
5 15 0 7 12 9
5 15 12 19 13 9
5 15 7 19 9 8
5 15 0 7 9 8
5 15 7 12 19 8
5 15 0 7 12 8
5 15 19 13 9 8
5 15 0 13 9 8
5 15 0 12 18 9
5 15 0 13 9 22
5 15 0 18 9 22
5 15 0 18 13 22
5 15 0 18 13 2
5 15 0 12 18 2
5 15 19 13 8 21
5 15 12 19 8 21
5 15 12 19 13 21
5 15 13 8 2 21
5 15 0 13 8 2
5 15 12 8 2 21
5 15 0 12 8 2
5 16 7 25 8 2
5 16 0 7 8 2
5 16 0 7 25 8
5 16 4 25 8 2
5 16 0 4 8 2
5 16 0 4 25 8
5 16 0 7 9 25
5 16 7 3 25 2
5 16 11 7 3 25
5 16 0 7 12 2
5 16 7 12 3 2
5 16 11 7 12 3
5 1 16 12 3 2
5 1 16 0 4 2
5 1 16 0 12 2
5 1 0 18 4 2
5 1 0 12 18 2
5 1 11 12 9 3
5 1 16 11 12 3
5 1 0 18 4 9
5 1 0 12 18 9
5 1 18 4 23 9
5 1 0 4 9 25
5 1 16 0 9 25
5 1 16 0 4 25
5 1 0 7 12 9
5 1 16 0 7 9
5 1 16 0 7 12
5 1 4 23 9 25
5 1 16 4 23 25
5 1 11 9 3 5
5 1 11 7 12 9
5 1 16 11 7 12
5 1 23 9 25 5
5 1 16 23 25 5
5 1 11 7 9 5
5 1 7 9 25 5
5 1 16 7 9 25
5 1 11 7 25 5
5 1 16 11 25 5
5 1 16 11 7 25
