186
5 18 19 20 17 14
5 11 1 20 5 14
5 11 12 1 20 5
5 11 12 16 20 5
5 11 12 16 1 5
5 11 12 16 1 20
5 11 16 1 5 7
5 11 19 17 5 14
5 11 19 20 17 14
5 11 23 19 17 5
5 2 23 19 8 17
5 2 23 19 17 5
5 2 23 3 5 24
5 2 11 23 5 24
5 2 11 23 19 5
5 21 11 1 20 14
5 21 11 19 20 14
5 21 18 19 20 14
5 21 15 18 1 7
5 21 15 1 20 14
5 21 15 18 20 14
5 21 18 1 7 14
5 21 18 19 7 14
5 6 11 23 5 24
5 6 11 16 5 24
5 6 11 16 20 5
5 6 11 20 5 14
5 6 12 16 20 5
5 6 11 20 17 14
5 6 11 19 20 17
5 6 11 23 19 17
5 0 15 18 20 14
5 0 6 20 5 14
5 0 6 23 20 5
5 0 2 23 8 17
5 0 2 23 3 17
5 0 2 23 3 8
5 0 18 20 17 14
5 0 6 20 17 14
5 0 23 19 8 17
5 0 6 23 19 17
5 0 23 17 5 14
5 0 11 17 5 14
5 0 6 11 5 14
5 0 6 11 17 14
5 0 11 23 17 5
5 0 6 11 23 5
5 0 6 11 23 17
5 9 18 19 8 17
5 9 2 19 8 17
5 9 2 18 8 17
5 9 18 19 17 7
5 9 2 19 17 7
5 9 2 18 17 7
5 9 15 18 19 8
5 9 21 18 19 7
5 9 21 15 18 7
5 9 21 15 18 19
5 9 21 15 1 7
5 9 15 12 1 22
5 9 15 12 20 22
5 25 2 11 23 19
5 25 6 11 23 19
5 25 6 2 23 19
5 25 6 11 16 24
5 25 2 11 23 24
5 25 6 11 23 24
5 25 16 5 7 24
5 25 11 16 5 24
5 25 6 12 22 24
5 25 6 12 16 24
5 4 9 15 19 8
5 4 15 18 19 8
5 4 21 15 18 20
5 4 9 2 19 8
5 4 25 9 2 19
5 4 18 19 20 17
5 4 18 19 8 17
5 4 0 15 18 20
5 4 0 15 18 8
5 4 25 6 2 19
5 4 25 9 2 3
5 4 6 19 20 17
5 4 0 18 20 17
5 4 0 18 8 17
5 4 2 23 19 8
5 4 6 2 23 19
5 4 9 15 20 22
5 4 0 6 20 17
5 4 0 19 8 17
5 4 0 6 19 17
5 4 0 23 19 8
5 4 0 6 23 19
5 4 2 23 3 8
5 4 25 2 3 24
5 4 0 23 3 8
5 4 25 6 22 24
5 4 2 23 3 24
5 4 6 23 3 24
5 4 25 2 23 24
5 4 25 6 23 24
5 4 25 6 2 23
5 13 25 6 11 16
5 13 6 11 16 20
5 13 25 6 11 19
5 13 11 16 1 20
5 13 21 11 1 20
5 13 21 11 19 20
5 13 6 11 19 20
5 13 6 12 16 20
5 13 25 6 12 16
5 13 4 25 6 19
5 13 12 16 1 20
5 13 4 6 19 20
5 13 6 12 20 22
5 13 25 6 12 22
5 13 4 6 20 22
5 13 4 25 6 22
5 13 4 25 9 19
5 13 15 12 1 20
5 13 21 15 1 20
5 13 21 18 19 20
5 13 4 18 19 20
5 13 4 21 18 20
5 13 9 1 7 22
5 13 9 21 1 7
5 13 25 12 16 22
5 13 9 15 12 20
5 13 9 12 20 22
5 13 4 21 15 20
5 13 4 9 15 20
5 13 4 9 20 22
5 13 4 25 9 22
5 13 9 21 15 19
5 13 4 9 15 19
5 13 9 15 12 1
5 13 9 21 15 1
5 13 12 1 7 22
5 13 21 15 18 19
5 13 4 15 18 19
5 13 4 21 15 18
5 13 9 12 1 22
5 10 13 25 11 16
5 10 11 16 5 7
5 10 25 16 5 7
5 10 25 11 16 5
5 10 25 16 7 22
5 10 13 25 16 22
5 10 13 25 11 19
5 10 11 16 1 7
5 10 13 21 1 7
5 10 13 21 11 19
5 10 13 11 16 1
5 10 13 21 11 1
5 10 12 16 7 22
5 10 13 12 7 22
5 10 13 12 16 22
5 10 25 9 7 22
5 10 13 9 7 22
5 10 13 25 9 22
5 10 25 2 11 19
5 10 13 25 9 19
5 10 2 11 19 5
5 10 2 5 7 24
5 10 25 5 7 24
5 10 25 2 7 24
5 10 2 11 5 24
5 10 25 11 5 24
5 10 25 2 11 24
5 10 12 16 1 7
5 10 13 12 1 7
5 10 13 12 16 1
5 10 9 21 19 7
5 10 13 9 21 7
5 10 13 9 21 19
5 10 9 2 19 7
5 10 25 9 2 7
5 10 25 9 2 19
5 10 11 19 5 14
5 10 21 1 7 14
5 10 21 19 7 14
5 10 21 11 1 14
5 10 21 11 19 14
5 10 1 5 7 14
5 10 11 1 5 14
5 10 11 1 5 7
