112
5 5 15 7 11 12
5 14 5 10 6 9
5 14 5 7 11 18
5 4 14 10 6 9
5 4 14 1 10 6
5 4 5 10 6 9
5 4 5 15 6 12
5 4 5 15 6 9
5 8 3 6 11 12
5 8 14 1 10 6
5 8 5 1 3 11
5 8 5 1 10 3
5 8 4 1 3 6
5 8 4 1 10 6
5 8 4 1 10 3
5 8 14 5 10 6
5 8 14 5 1 11
5 8 14 5 1 10
5 8 15 6 11 12
5 8 5 15 11 12
5 8 5 15 6 12
5 8 4 5 6 12
5 8 4 5 10 6
5 2 5 15 6 18
5 2 5 15 6 9
5 2 14 5 6 9
5 2 5 15 7 18
5 2 14 1 6 18
5 2 4 1 6 9
5 2 4 14 6 9
5 2 4 14 1 6
5 2 14 5 7 18
5 2 14 5 10 9
5 2 14 5 1 10
5 2 4 1 10 9
5 2 4 14 10 9
5 2 4 14 1 10
5 2 1 7 11 18
5 2 14 7 11 18
5 2 14 1 11 18
5 2 14 5 7 11
5 2 14 5 1 11
5 2 1 3 7 11
5 2 5 3 7 11
5 2 5 1 3 11
5 17 5 15 7 12
5 17 4 5 15 12
5 17 4 5 15 9
5 17 5 7 11 12
5 17 8 4 5 12
5 17 8 4 5 10
5 13 5 15 6 18
5 13 8 5 15 6
5 13 15 7 6 18
5 13 8 14 5 6
5 13 5 15 7 18
5 13 15 7 6 11
5 13 8 15 6 11
5 13 2 5 6 18
5 13 2 14 6 18
5 13 2 14 5 18
5 13 2 14 5 6
5 13 14 1 6 18
5 13 8 14 1 6
5 13 14 5 11 18
5 13 8 14 5 11
5 13 5 7 11 18
5 13 5 15 7 11
5 13 8 5 15 11
5 13 14 1 11 18
5 13 8 14 1 11
5 16 2 5 3 7
5 16 2 15 7 9
5 16 2 5 15 9
5 16 2 5 15 7
5 16 2 5 10 9
5 16 17 5 15 9
5 16 17 5 15 7
5 16 2 1 10 9
5 16 5 1 10 3
5 16 2 5 1 3
5 16 2 5 1 10
5 16 4 5 10 9
5 16 17 4 5 9
5 16 17 4 5 10
5 16 4 1 3 9
5 16 4 1 10 9
5 16 4 1 10 3
5 0 8 5 10 3
5 0 17 8 5 10
5 0 16 5 10 3
5 0 16 17 5 10
5 0 8 4 10 3
5 0 17 8 4 10
5 0 8 5 3 11
5 0 16 4 10 3
5 0 16 17 4 10
5 0 17 8 4 12
5 0 8 3 11 12
5 0 8 5 11 12
5 0 17 5 11 12
5 0 17 8 5 12
5 0 5 3 7 11
5 0 16 5 3 7
5 0 17 5 7 11
5 0 16 17 5 7
5 0 4 3 6 12
5 0 8 3 6 12
5 0 8 4 6 12
5 0 8 4 3 6
5 0 17 7 11 12
5 0 17 15 7 12
