326
5 15 12 7 3 28
5 8 15 7 3 11
5 25 9 26 23 11
5 29 18 12 13 3
5 29 18 24 12 13
5 14 26 7 3 11
5 14 18 26 7 3
5 14 18 12 7 3
5 14 29 18 26 3
5 10 8 23 7 11
5 10 15 7 3 11
5 10 25 8 23 11
5 10 25 9 23 11
5 10 25 9 1 23
5 10 25 9 15 1
5 4 8 7 3 11
5 4 8 12 7 3
5 4 18 12 7 3
5 4 18 12 13 3
5 4 8 15 3 11
5 4 15 12 13 3
5 4 8 15 12 3
5 4 10 25 9 11
5 4 10 8 15 11
5 4 10 25 8 11
5 4 10 25 8 15
5 21 10 25 8 15
5 21 4 8 15 13
5 21 4 25 8 15
5 16 25 6 26 23
5 16 9 26 23 32
5 16 25 9 26 23
5 16 21 25 6 26
5 16 21 25 9 26
5 16 25 9 1 23
5 16 21 25 9 1
5 16 21 31 6 1
5 5 29 18 24 13
5 5 16 29 1 32
5 5 14 29 24 32
5 5 14 29 18 24
5 5 16 6 26 32
5 5 14 29 26 32
5 5 14 29 18 26
5 5 31 24 1 32
5 5 16 31 1 32
5 5 16 31 6 32
5 5 16 31 6 1
5 5 14 31 24 32
5 5 16 21 6 1
5 5 29 9 26 32
5 5 16 9 26 32
5 5 16 29 9 32
5 5 16 29 9 1
5 5 16 21 9 1
5 5 21 29 9 26
5 5 16 21 6 26
5 5 16 21 9 26
5 22 31 24 1 28
5 22 16 25 1 23
5 22 10 25 1 23
5 22 16 21 25 1
5 22 16 21 31 1
5 22 10 25 15 1
5 22 21 25 15 1
5 17 14 24 23 7
5 17 14 18 26 7
5 17 18 24 12 7
5 17 14 24 12 7
5 17 14 18 12 7
5 17 14 18 24 12
5 17 5 18 24 6
5 17 5 14 18 24
5 17 4 8 7 11
5 17 8 23 7 11
5 17 14 23 7 11
5 17 5 31 24 6
5 17 5 14 31 24
5 17 4 18 6 7
5 17 5 14 18 26
5 17 5 31 6 32
5 17 5 14 31 32
5 17 14 31 23 32
5 17 5 6 26 32
5 17 5 14 26 32
5 17 14 26 23 32
5 17 16 31 23 32
5 17 16 31 6 32
5 17 16 31 6 23
5 17 16 26 23 32
5 17 16 6 26 32
5 17 16 6 26 23
5 2 21 15 1 13
5 2 21 4 15 13
5 2 25 9 15 1
5 2 21 25 15 1
5 2 21 25 9 1
5 2 5 29 1 13
5 2 5 21 1 13
5 2 5 29 9 1
5 2 5 21 9 1
5 2 5 21 29 9
5 2 21 4 25 15
5 2 4 15 13 3
5 2 5 29 6 13
5 2 5 21 6 13
5 2 5 21 29 6
5 2 21 29 9 26
5 2 10 25 9 15
5 2 4 10 25 15
5 2 4 10 25 9
5 2 4 15 3 11
5 2 10 9 15 11
5 2 4 10 15 11
5 2 4 10 9 11
5 2 9 26 3 11
5 2 4 26 3 11
5 2 4 9 26 11
5 0 5 18 24 13
5 0 5 18 6 13
5 0 18 24 12 13
5 0 17 18 24 6
5 0 24 12 7 28
5 0 18 24 12 7
5 0 17 18 24 7
5 0 12 13 3 28
5 0 15 13 3 28
5 0 15 12 3 28
5 0 15 12 13 3
5 20 21 31 6 1
5 20 22 21 31 1
5 20 22 21 31 6
5 20 5 31 6 1
5 20 22 31 1 28
5 20 0 5 1 13
5 20 0 5 6 13
5 20 5 31 24 1
5 20 0 5 24 1
5 20 5 31 24 6
5 20 31 24 1 28
5 20 0 24 1 28
5 20 5 21 1 13
5 20 5 21 6 13
5 20 5 21 6 1
5 20 21 15 1 13
5 20 0 21 15 13
5 20 22 15 1 28
5 20 22 21 15 1
5 20 5 18 24 6
5 20 0 18 24 6
5 20 0 5 18 6
5 20 0 5 18 24
5 20 15 1 13 28
5 20 0 1 13 28
5 20 0 15 13 28
5 30 17 4 6 7
5 30 17 4 8 7
5 30 17 4 8 6
5 30 0 24 7 28
5 30 0 17 24 7
5 30 17 18 6 7
5 30 0 17 18 7
5 30 0 17 18 6
5 30 10 15 7 28
5 30 10 8 23 7
5 30 17 8 23 7
5 30 4 18 6 7
5 30 15 12 7 28
5 30 0 12 7 28
5 30 0 15 12 28
5 30 20 0 15 28
5 30 0 18 12 7
5 30 0 18 6 13
5 30 20 0 24 28
5 30 0 17 24 6
5 30 20 0 24 6
5 30 22 10 15 28
5 30 8 15 7 11
5 30 10 15 7 11
5 30 10 8 7 11
5 30 10 8 15 11
5 30 20 22 15 28
5 30 20 22 21 6
5 30 4 8 12 7
5 30 4 18 12 7
5 30 4 18 6 13
5 30 20 0 21 15
5 30 15 12 7 3
5 30 8 12 7 3
5 30 8 15 7 3
5 30 8 15 12 3
5 30 4 8 15 12
5 30 20 21 6 13
5 30 20 0 6 13
5 30 20 0 21 13
5 30 17 31 24 6
5 30 20 31 24 6
5 30 21 10 8 15
5 30 20 22 21 15
5 30 21 25 8 6
5 30 21 4 6 13
5 30 21 4 8 13
5 30 21 4 8 6
5 30 21 8 15 13
5 30 0 21 15 13
5 30 4 15 12 13
5 30 0 15 12 13
5 30 4 8 15 13
5 30 4 18 12 13
5 30 0 18 12 13
5 30 21 10 25 15
5 30 22 10 25 15
5 30 22 21 25 15
5 30 21 10 25 8
5 30 22 10 25 8
5 27 17 4 7 11
5 27 26 7 3 11
5 27 4 7 3 11
5 27 4 26 3 11
5 27 14 26 7 11
5 27 17 14 7 11
5 27 17 14 26 7
5 27 17 18 26 7
5 27 17 4 18 7
5 27 18 26 7 3
5 27 4 18 7 3
5 27 14 26 23 11
5 27 17 14 23 11
5 27 17 14 26 23
5 27 17 8 23 11
5 27 17 4 8 11
5 27 17 4 18 6
5 27 4 18 13 3
5 27 25 26 23 11
5 27 25 8 23 11
5 27 4 25 8 11
5 27 17 6 26 23
5 27 17 8 6 23
5 27 17 4 8 6
5 27 4 18 6 13
5 27 17 5 6 26
5 27 17 5 18 26
5 27 17 5 18 6
5 27 29 18 13 3
5 27 29 18 26 3
5 27 2 4 13 3
5 27 2 4 26 3
5 27 25 6 26 23
5 27 25 8 6 23
5 27 25 9 26 11
5 27 4 9 26 11
5 27 4 25 9 11
5 27 21 4 25 8
5 27 21 4 8 6
5 27 5 29 18 26
5 27 2 29 13 3
5 27 2 29 26 3
5 27 21 25 6 26
5 27 21 25 8 6
5 27 2 4 9 26
5 27 2 4 25 9
5 27 2 21 4 25
5 27 2 29 6 13
5 27 5 18 6 13
5 27 5 29 6 13
5 27 5 29 18 13
5 27 21 4 6 13
5 27 2 21 6 13
5 27 2 21 4 13
5 27 5 21 6 26
5 27 5 21 29 26
5 27 5 21 29 6
5 27 21 25 9 26
5 27 2 21 9 26
5 27 2 21 25 9
5 27 2 21 29 26
5 27 2 21 29 6
5 19 30 10 23 7
5 19 17 24 23 7
5 19 30 17 23 7
5 19 30 17 24 7
5 19 30 24 7 28
5 19 30 10 7 28
5 19 30 22 10 28
5 19 30 10 8 23
5 19 30 22 10 8
5 19 30 17 31 24
5 19 22 31 24 28
5 19 10 25 8 23
5 19 22 10 25 23
5 19 22 10 25 8
5 19 30 22 25 8
5 19 17 14 24 23
5 19 17 14 31 23
5 19 17 14 31 24
5 19 17 31 6 23
5 19 30 17 31 6
5 19 20 31 24 28
5 19 30 20 24 28
5 19 30 20 31 24
5 19 20 22 31 28
5 19 30 20 22 28
5 19 25 8 6 23
5 19 30 25 8 6
5 19 14 31 23 32
5 19 14 31 24 32
5 19 20 22 31 6
5 19 30 20 31 6
5 19 30 20 22 6
5 19 17 8 6 23
5 19 30 17 8 23
5 19 30 17 8 6
5 19 30 21 25 6
5 19 30 22 21 6
5 19 30 22 21 25
5 19 16 31 23 32
5 19 16 25 6 23
5 19 16 31 6 23
5 19 22 16 25 23
5 19 22 21 31 6
5 19 16 31 1 32
5 19 22 16 31 1
5 19 16 21 25 6
5 19 16 21 31 6
5 19 22 16 21 25
5 19 22 16 21 31
