4
33
-6.89505 9.2131 5.19117 -6.73369
-7.62584 9.19801 7.29561 -6.54875
7.25226 5.73136 -3.67533 -5.78354
2.47901 -0.703927 -7.35834 -1.72649
-5.77667 -4.72489 -6.41137 -9.32866
-0 -6.17051 0.699835 1.839
-0 6.14451 3.13226 1.63367
-0 -4.23359 -4.72647 -6.6092
-0 -3.30001 -0.47556 3.50653
-0 3.81233 8.63517 -2.77987
-0 2.56951 7.66718 -9.67441
-0 2.23092 2.3639 3.58469
-8.5655 -0 6.73411 -3.41705
7.7327 -0 2.71904 2.68702
5.93918 -0 -2.53642 0.256625
-6.64252 -0 9.09777 -6.82041
-3.52673 -0 -8.30286 -7.25397
-8.30418 -0 0.893711 -4.37508
9.72044 -0 -0.511671 -0.375831
1.14925 8.72561 -0 -3.21748
-2.13856 5.06648 -0 0.831355
-9.88309 -9.46352 -0 -3.25961
-6.47009 4.71565 -0 7.71809
2.27095 7.13464 -0 -4.96468
-3.63684 -9.64154 -0 2.25113
-7.04328 -8.16762 -0 4.37843
6.11797 9.92042 5.93011 -0
-3.96153 -6.29911 -5.96901 -0
9.10857 1.55599 -0.705477 -0
7.89526 9.28959 -5.95853 -0
2.78843 -4.30358 -6.39638 -0
-2.85634 7.65611 9.86486 -0
-4.38504 -5.76414 -5.55709 -0
