4
33
6.49329 -3.89143 -3.65444 -2.34018
4.82104 6.16903 -0.0441857 6.4968
-2.84436 4.68899 -6.98386 2.0683
-8.49463 -7.88935 -9.16835 -9.01158
-7.29334 -3.36081 -2.10301 0.63129
1.30394 7.01605 -0 -0.957978
0.564819 0.00483012 -0 -0.149762
-2.03744 -8.03449 -0 -9.70765
-4.4378 -4.75492 -0 2.78904
-5.12295 6.89882 -0 6.56288
-3.98548 -8.00741 -0 8.48452
-8.83254 -7.39754 -0 2.96038
-0 -4.80001 -6.03787 -9.4847
-0 2.83958 -7.24515 -0.922204
-0 3.32093 9.63152 -6.71315
-0 -7.61528 -4.41942 8.45051
-0 8.28728 3.79293 4.59732
-0 0.00177776 5.70059 -6.19833
-0 -0.816357 -4.04203 -7.12897
5.38064 -0 7.72564 4.1187
5.81761 -0 -0.107432 1.96932
-0.624087 -0 -1.18506 3.68358
6.35218 -0 4.19121 6.23528
-5.41374 -0 9.79026 6.23232
7.4826 -0 6.70914 -7.51269
-2.84932 -0 1.18224 6.68668
-8.67158 4.25493 0.331712 -0
-7.35596 0.612957 -0.539935 -0
9.64252 -6.95552 -2.69016 -0
-2.57932 7.75194 -5.77723 -0
2.10256 -4.25046 -0.383982 -0
5.71129 2.78598 5.77791 -0
1.54287 9.23533 4.61073 -0
