4
33
6.49485 -3.4185 2.57862 -4.86106
-1.91499 4.38024 7.16989 -5.92272
-9.8374 -9.58764 8.40075 -1.01769
9.14549 -9.63262 0.986712 -7.74204
-3.12111 7.86113 9.77444 9.55128
1.87472 -0 5.10698 1.72969
-3.846 -0 0.782334 0.374647
-1.77431 -0 -3.10537 -0.896576
0.900113 -0 9.93519 -6.65196
-6.22164 -0 1.79251 -7.64828
1.18203 -0 -6.29987 -2.61876
4.93215 -0 2.20424 4.92602
-0 0.0521815 -2.21296 -2.65388
-0 -8.76173 6.14254 8.57553
-0 8.63224 9.85161 -6.65257
-0 1.03249 1.89919 5.62433
-0 -7.89786 -9.56847 -7.26442
-0 -0.864719 -4.50412 -0.660929
-0 9.5686 6.71122 0.365197
-5.86966 6.38267 -0 -5.26582
1.54931 -5.81161 -0 1.22384
-6.64698 5.20975 -0 -2.17765
-7.51857 -0.167828 -0 6.30471
-7.97198 8.41371 -0 1.78165
-8.93789 8.52777 -0 -3.49413
8.43528 9.09586 -0 -6.14151
-2.92933 -3.76427 -8.56277 -0
-8.90755 -2.75436 1.66666 -0
-8.05801 -2.66213 6.81542 -0
-5.09832 -2.82515 -6.57206 -0
3.1907 5.75079 -5.34709 -0
4.65762 -5.0658 4.47555 -0
-8.42815 3.8852 -5.05474 -0
