4
26
2.85206 -1.63202 -4.04143 -6.7947
-9.75538 6.46366 0.850508 -6.15877
-6.74433 3.90364 0.718994 3.20698
-1.41742 7.45237 -1.005 6.94827
4.45105 3.34954 5.25534 -8.40217
-7.56234 -0 -2.84955 -9.71682
8.24597 -0 -7.2861 -6.82416
-5.77423 -0 7.10278 -2.66978
-4.81208 -0 -4.54636 -9.75459
2.35044 -0 0.195177 -2.32323
-2.82518 -0 -5.00378 -4.53512
-5.39041 -0 -6.13492 5.47303
5.67699 -6.77739 -0 -0.451618
6.59817 -5.9424 -0 3.84789
-0.158264 -7.53062 -0 6.34964
-9.20856 5.85715 -0 -6.47863
0.0176386 9.7613 -0 -9.87428
7.57781 -2.90006 -0 -8.02242
4.68782 4.85459 -0 -1.81838
-0.798268 6.86347 -2.31686 -0
7.89868 9.34877 6.43343 -0
6.69879 -3.1713 3.53412 -0
-2.46944 8.85816 -3.76113 -0
5.21406 -9.96857 4.14001 -0
-1.45016 7.0148 -7.90191 -0
6.10236 -5.53588 -7.69323 -0
