4
33
6.49748 1.95257 4.25871 4.93305
-6.0538 3.87036 8.9678 4.52553
-6.23923 -1.78649 -9.2905 8.48795
-3.81201 -7.80635 0.757091 4.87029
1.04021 1.37639 -2.2769 -6.80541
2.41051 8.40953 -0 5.43144
0.128698 -8.9985 -0 8.16472
-5.34705 8.746 -0 8.3969
-6.04187 -6.70537 -0 9.27549
-8.17586 -7.77936 -0 -3.35624
6.47762 -7.44496 -0 -0.171104
9.6236 5.72673 -0 3.57267
-8.67158 4.25493 0.331712 -0
-7.35596 0.612957 -0.539935 -0
9.64252 -6.95552 -2.69016 -0
-2.57932 7.75194 -5.77723 -0
2.10256 -4.25046 -0.383982 -0
5.71129 2.78598 5.77791 -0
1.54287 9.23533 4.61073 -0
-0 6.45906 -6.23293 -3.61049
-0 -1.90437 6.86702 4.51078
-0 4.11063 -5.4744 -6.25954
-0 -7.30365 -5.28587 -7.93337
-0 -6.9944 -5.78791 0.0578246
-0 -6.98687 -2.59017 2.59134
-0 -6.92131 -2.90764 -7.59943
-7.56234 -0 -2.84955 -9.71682
8.24597 -0 -7.2861 -6.82416
-5.77423 -0 7.10278 -2.66978
-4.81208 -0 -4.54636 -9.75459
2.35044 -0 0.195177 -2.32323
-2.82518 -0 -5.00378 -4.53512
-5.39041 -0 -6.13492 5.47303
