4
19
-7.18011 3.96739 -1.53172 -1.54523
4.54141 3.48413 -7.14868 4.07867
8.56157 -2.01794 -5.53727 -4.12575
-3.07617 7.687 -7.00025 3.39669
-6.83172 -7.43377 -5.29579 1.57679
-0 0.0521815 -2.21296 -2.65388
-0 -8.76173 6.14254 8.57553
-0 8.63224 9.85161 -6.65257
-0 1.03249 1.89919 5.62433
-0 -7.89786 -9.56847 -7.26442
-0 -0.864719 -4.50412 -0.660929
-0 9.5686 6.71122 0.365197
-8.5655 -0 6.73411 -3.41705
7.7327 -0 2.71904 2.68702
5.93918 -0 -2.53642 0.256625
-6.64252 -0 9.09777 -6.82041
-3.52673 -0 -8.30286 -7.25397
-8.30418 -0 0.893711 -4.37508
9.72044 -0 -0.511671 -0.375831
