4
26
-4.96166 -0.130035 -6.59206 0.293563
2.63913 5.65152 -7.6341 -2.32851
-0.47566 2.56439 -5.57694 8.01553
9.68237 -3.26423 -8.09807 3.03879
-1.9216 8.08017 -4.87858 0.567967
9.92605 -0 -3.70585 -6.31184
-3.00015 -0 6.69452 6.93358
7.27615 -0 -3.02634 -1.32139
-1.06192 -0 2.71934 3.02966
-1.39567 -0 -6.4433 -9.7049
4.23397 -0 8.99298 -3.76206
8.75019 -0 -5.63246 -1.61427
-2.92933 -3.76427 -8.56277 -0
-8.90755 -2.75436 1.66666 -0
-8.05801 -2.66213 6.81542 -0
-5.09832 -2.82515 -6.57206 -0
3.1907 5.75079 -5.34709 -0
4.65762 -5.0658 4.47555 -0
-8.42815 3.8852 -5.05474 -0
5.67699 -6.77739 -0 -0.451618
6.59817 -5.9424 -0 3.84789
-0.158264 -7.53062 -0 6.34964
-9.20856 5.85715 -0 -6.47863
0.0176386 9.7613 -0 -9.87428
7.57781 -2.90006 -0 -8.02242
4.68782 4.85459 -0 -1.81838
