4
26
6.97741 -6.52861 -1.24962 3.45701
-1.02227 1.22733 9.10176 3.66781
2.51292 6.39615 -6.11646 0.119315
9.85953 7.94373 -8.92802 9.97906
-6.04386 6.19332 2.31428 0.829696
-0 6.45906 -6.23293 -3.61049
-0 -1.90437 6.86702 4.51078
-0 4.11063 -5.4744 -6.25954
-0 -7.30365 -5.28587 -7.93337
-0 -6.9944 -5.78791 0.0578246
-0 -6.98687 -2.59017 2.59134
-0 -6.92131 -2.90764 -7.59943
-3.08663 -0.467637 -0 -5.06595
2.71217 9.30914 -0 6.25925
-0.402291 9.82987 -0 -3.40404
6.79326 -6.81101 -0 -0.783835
-5.96316 0.942308 -0 0.252965
-5.83976 1.33122 -0 8.5765
8.97191 -4.97857 -0 7.70922
-3.53556 -8.34431 1.60454 -0
-3.56799 4.29915 -5.74713 -0
-7.39688 1.83718 2.5213 -0
2.78132 9.72518 2.59551 -0
4.12083 -5.23193 -9.34977 -0
9.6899 -3.47125 -7.38617 -0
7.40102 3.96893 0.272826 -0
