223
5 11 10 6 8 15
5 11 10 18 8 15
5 11 10 18 6 8
5 11 13 9 8 15
5 11 13 0 8 15
5 11 13 0 9 15
5 5 11 10 18 6
5 5 11 10 18 15
5 20 10 6 8 15
5 20 10 6 8 7
5 20 13 6 8 7
5 20 13 0 9 15
5 20 13 9 8 15
5 20 13 9 6 8
5 20 11 6 8 15
5 20 11 9 8 15
5 20 11 9 6 8
5 1 0 4 3 2
5 1 18 8 19 15
5 1 5 11 18 15
5 1 11 18 8 15
5 16 0 4 3 2
5 16 9 18 4 2
5 16 11 9 18 2
5 16 11 9 18 6
5 16 5 10 3 19
5 23 11 18 6 8
5 23 11 9 18 6
5 23 13 6 8 7
5 23 10 6 8 7
5 23 10 18 6 8
5 23 16 9 18 6
5 23 10 8 7 19
5 23 10 18 8 19
5 23 10 18 6 19
5 23 9 18 4 2
5 23 11 9 18 2
5 23 16 9 18 4
5 25 11 13 0 8
5 25 23 9 4 2
5 25 23 13 8 7
5 25 11 0 9 2
5 25 11 13 0 9
5 25 11 0 8 15
5 25 1 11 8 15
5 25 1 11 0 15
5 25 23 11 9 2
5 25 11 13 9 8
5 25 23 11 18 2
5 25 1 11 18 8
5 25 23 11 18 8
5 25 23 18 4 2
5 25 23 18 8 19
5 25 13 9 6 8
5 25 23 13 6 8
5 25 23 13 9 6
5 25 11 9 6 8
5 25 23 11 6 8
5 25 23 11 9 6
5 21 11 0 9 2
5 21 16 0 9 2
5 21 16 11 9 2
5 21 25 11 0 2
5 21 25 1 0 2
5 21 25 1 11 0
5 21 1 0 3 2
5 21 16 0 3 2
5 21 25 11 18 2
5 21 25 1 11 18
5 21 1 5 11 18
5 21 1 4 3 2
5 21 16 4 3 2
5 21 16 11 18 2
5 21 16 5 11 18
5 21 25 1 4 2
5 22 16 10 3 19
5 22 13 0 7 15
5 22 20 13 0 15
5 22 13 8 7 15
5 22 20 13 8 15
5 22 20 13 8 7
5 22 20 10 8 15
5 22 20 10 8 7
5 24 10 18 6 19
5 24 16 10 6 19
5 24 23 18 6 19
5 24 23 16 6 19
5 24 23 16 18 6
5 24 16 5 10 19
5 24 5 10 18 6
5 24 16 5 18 6
5 24 16 5 10 6
5 24 23 16 4 19
5 24 23 16 18 4
5 24 5 10 19 15
5 24 5 10 18 15
5 24 18 8 19 15
5 24 10 8 19 15
5 24 10 18 8 15
5 24 10 18 8 19
5 24 1 18 19 15
5 24 1 5 18 15
5 24 16 4 3 19
5 24 16 5 3 19
5 24 21 16 5 18
5 24 25 23 4 19
5 24 21 25 4 19
5 24 25 23 18 19
5 24 25 23 18 4
5 24 21 1 5 18
5 24 21 1 4 19
5 24 21 16 4 3
5 24 21 16 5 3
5 24 16 18 4 2
5 24 21 16 4 2
5 24 21 16 18 2
5 24 25 1 18 19
5 24 21 25 1 19
5 24 21 25 1 18
5 24 25 18 4 2
5 24 21 25 4 2
5 24 21 25 18 2
5 24 21 1 4 3
5 24 21 1 5 3
5 14 25 9 4 2
5 14 25 0 4 2
5 14 25 0 9 2
5 14 16 9 4 2
5 14 16 0 4 2
5 14 16 0 9 2
5 14 25 13 0 9
5 14 25 23 9 4
5 14 25 23 13 9
5 14 20 13 0 9
5 14 25 23 13 7
5 14 23 16 9 4
5 14 16 0 4 3
5 14 22 13 0 7
5 14 22 20 13 0
5 14 23 13 6 7
5 14 23 13 9 6
5 14 23 16 4 19
5 14 23 16 9 6
5 14 20 13 6 7
5 14 20 13 9 6
5 14 22 20 13 7
5 14 16 4 3 19
5 14 23 16 6 19
5 14 20 10 6 7
5 14 16 20 10 6
5 14 22 20 10 7
5 14 22 16 20 10
5 14 22 16 3 19
5 14 16 10 6 19
5 14 23 10 7 19
5 14 23 10 6 19
5 14 23 10 6 7
5 14 22 10 7 19
5 14 22 16 10 19
5 17 21 11 0 9
5 17 21 16 0 9
5 17 21 16 11 9
5 17 11 0 9 15
5 17 20 0 9 15
5 17 20 11 9 15
5 17 14 20 0 9
5 17 14 16 0 9
5 17 20 11 9 6
5 17 16 11 9 6
5 17 21 1 11 0
5 17 14 20 9 6
5 17 14 16 9 6
5 17 14 16 20 6
5 17 14 22 20 0
5 17 14 22 16 20
5 17 1 0 3 15
5 17 1 11 0 15
5 17 14 16 0 3
5 17 14 22 16 3
5 17 20 11 6 15
5 17 16 20 10 6
5 17 22 0 3 15
5 17 22 20 0 15
5 17 20 10 6 15
5 17 22 16 20 10
5 17 22 20 10 15
5 12 17 21 16 11
5 12 21 16 5 3
5 12 21 16 5 11
5 12 17 21 1 11
5 12 21 16 0 3
5 12 17 16 0 3
5 12 17 21 16 0
5 12 21 1 5 3
5 12 21 1 5 11
5 12 16 5 10 3
5 12 17 16 11 6
5 12 17 1 3 15
5 12 17 1 11 15
5 12 21 1 0 3
5 12 17 1 0 3
5 12 17 21 1 0
5 12 1 5 3 15
5 12 1 5 11 15
5 12 22 5 3 15
5 12 17 22 3 15
5 12 5 11 10 15
5 12 22 5 10 3
5 12 22 16 10 3
5 12 17 22 16 3
5 12 17 22 16 10
5 12 16 5 10 6
5 12 17 16 10 6
5 12 5 11 18 6
5 12 16 11 18 6
5 12 16 5 18 6
5 12 16 5 11 18
5 12 5 11 10 6
5 12 22 5 10 15
5 12 17 22 10 15
5 12 11 10 6 15
5 12 17 10 6 15
5 12 17 11 6 15
