216
5 2 16 6 8 19
5 4 9 14 22 18
5 4 16 14 22 18
5 4 16 9 14 22
5 10 21 9 6 8
5 10 2 16 6 19
5 10 2 16 6 22
5 10 16 6 8 19
5 10 16 9 6 8
5 10 4 21 9 8
5 12 2 16 6 22
5 12 2 16 14 22
5 12 16 9 14 22
5 12 10 16 6 22
5 12 10 16 9 22
5 12 10 16 9 6
5 12 4 16 9 14
5 12 16 9 6 8
5 7 2 25 8 19
5 7 3 2 25 19
5 7 3 2 14 18
5 7 2 16 14 18
5 7 4 25 8 18
5 7 12 2 16 14
5 7 4 16 8 18
5 7 12 4 16 8
5 7 4 16 14 18
5 7 12 4 16 14
5 7 12 16 6 8
5 7 3 13 14 6
5 7 13 21 14 6
5 7 12 21 14 6
5 15 7 4 25 18
5 15 13 4 21 25
5 15 13 21 25 6
5 15 7 13 25 6
5 15 7 12 21 14
5 15 7 4 14 18
5 15 7 12 4 14
5 15 7 12 21 6
5 15 21 25 6 8
5 15 4 21 25 8
5 15 7 25 6 8
5 15 7 4 25 8
5 15 12 21 9 6
5 15 7 12 6 8
5 15 7 12 4 8
5 15 21 9 6 8
5 15 4 21 9 8
5 15 12 9 6 8
5 15 4 16 9 8
5 15 12 16 9 8
5 15 12 4 16 8
5 15 12 4 16 9
5 20 10 16 9 22
5 20 2 16 22 19
5 20 10 2 16 19
5 20 10 2 16 22
5 20 10 16 8 19
5 20 10 16 9 8
5 11 10 2 6 19
5 11 10 6 8 19
5 11 21 25 6 8
5 11 10 21 6 8
5 11 3 13 25 0
5 11 13 21 25 6
5 11 3 13 25 6
5 11 4 21 25 8
5 11 10 4 21 8
5 11 13 4 21 25
5 11 20 10 8 19
5 1 11 13 21 6
5 1 11 3 13 6
5 1 11 10 21 6
5 1 3 14 0 18
5 1 11 3 13 0
5 24 7 12 2 14
5 24 7 3 2 14
5 24 1 3 2 14
5 24 7 12 14 6
5 24 7 3 14 6
5 24 12 2 14 22
5 24 1 2 14 22
5 24 1 12 14 22
5 24 1 12 14 6
5 24 1 3 14 6
5 24 12 2 16 6
5 24 7 12 16 6
5 24 7 12 2 16
5 24 12 2 6 22
5 24 1 11 3 6
5 24 2 16 6 8
5 24 7 16 6 8
5 24 7 2 16 8
5 24 7 3 25 6
5 24 11 3 25 6
5 24 7 3 2 25
5 24 10 2 6 22
5 24 1 10 6 22
5 24 11 10 2 6
5 24 1 11 10 6
5 24 1 3 2 19
5 24 1 11 3 19
5 24 2 6 8 19
5 24 11 6 8 19
5 24 11 2 6 19
5 24 7 25 6 8
5 24 11 25 6 8
5 24 7 2 25 8
5 24 3 2 25 19
5 24 11 3 25 19
5 24 20 10 2 22
5 24 1 20 10 22
5 24 1 11 20 10
5 24 1 11 20 19
5 24 2 25 8 19
5 24 11 25 8 19
5 24 20 2 22 19
5 24 1 2 22 19
5 24 1 20 22 19
5 24 20 10 2 19
5 24 11 10 2 19
5 24 11 20 10 19
5 23 3 13 25 0
5 23 7 3 25 0
5 23 7 25 0 18
5 23 15 7 25 18
5 23 7 3 13 14
5 23 3 13 25 6
5 23 7 13 25 6
5 23 7 3 25 6
5 23 7 3 13 6
5 23 4 25 0 18
5 23 15 4 25 18
5 23 1 3 14 0
5 23 1 3 13 0
5 23 1 3 13 14
5 23 3 14 0 18
5 23 7 3 0 18
5 23 7 3 14 18
5 23 1 14 0 18
5 23 1 13 0 18
5 23 1 13 14 18
5 17 7 13 21 6
5 17 15 13 21 6
5 17 15 7 21 6
5 17 15 7 13 6
5 17 7 13 21 14
5 17 15 7 21 14
5 17 23 7 13 14
5 17 23 13 14 18
5 17 15 4 21 18
5 17 15 13 4 21
5 17 15 7 14 18
5 17 23 7 14 18
5 17 23 15 7 18
5 17 15 7 13 25
5 17 23 7 13 25
5 17 23 15 7 25
5 17 23 15 4 18
5 17 15 13 4 25
5 17 23 15 4 25
5 17 13 4 0 18
5 17 23 4 0 18
5 17 23 13 0 18
5 17 13 4 25 0
5 17 23 4 25 0
5 17 23 13 25 0
5 5 3 13 14 6
5 5 1 3 14 6
5 5 1 3 13 6
5 5 1 3 13 14
5 5 13 21 14 6
5 5 1 13 21 6
5 5 12 21 14 6
5 5 1 12 14 6
5 5 17 13 21 14
5 5 1 12 14 22
5 5 1 13 14 18
5 5 17 13 14 18
5 5 12 10 6 22
5 5 1 10 6 22
5 5 1 10 21 6
5 5 24 12 6 22
5 5 24 1 6 22
5 5 24 1 12 22
5 5 24 1 12 6
5 5 12 9 14 22
5 5 1 14 22 18
5 5 17 15 14 18
5 5 17 15 21 18
5 5 17 15 21 14
5 5 17 4 21 18
5 5 17 13 4 18
5 5 17 13 4 21
5 5 12 10 9 22
5 5 10 21 9 6
5 5 12 21 9 6
5 5 12 10 9 6
5 5 1 20 10 22
5 5 1 20 10 21
5 5 9 14 22 18
5 5 12 4 9 14
5 5 15 4 14 18
5 5 15 4 21 18
5 5 13 4 21 9
5 5 20 10 9 22
5 5 20 10 21 9
5 5 1 20 9 22
5 5 1 20 21 9
5 5 4 9 14 18
5 5 15 12 21 14
5 5 15 12 4 14
5 5 15 4 21 9
5 5 15 12 21 9
5 5 15 12 4 9
