357
5 17 13 29 26 7
5 20 29 21 26 2
5 20 29 3 26 2
5 20 3 22 26 0
5 18 14 1 9 0
5 18 14 21 9 0
5 18 14 4 1 9
5 18 20 29 21 2
5 15 14 1 9 0
5 15 14 21 9 0
5 15 12 22 11 0
5 8 18 14 1 0
5 8 18 14 21 0
5 8 20 21 26 0
5 8 15 14 21 0
5 8 15 20 21 0
5 8 15 12 11 0
5 8 20 3 26 0
5 8 12 3 2 0
5 8 12 3 22 0
5 27 20 29 3 26
5 27 20 3 22 26
5 27 20 29 3 2
5 27 8 20 3 2
5 27 18 20 29 2
5 27 12 3 22 11
5 27 8 12 3 22
5 27 20 3 22 0
5 27 8 3 22 0
5 27 8 20 3 0
5 27 12 22 11 0
5 27 8 12 11 0
5 27 8 12 22 0
5 27 8 15 11 0
5 27 18 20 21 2
5 27 8 20 21 2
5 27 8 18 21 2
5 28 17 13 29 26
5 28 17 13 29 7
5 28 17 29 3 26
5 28 27 20 29 26
5 28 20 29 21 26
5 28 27 29 3 26
5 16 13 29 1 7
5 16 18 13 29 1
5 16 4 29 1 7
5 16 18 4 29 1
5 16 28 13 29 7
5 16 13 1 9 7
5 16 4 1 9 7
5 16 4 13 9 7
5 16 18 13 1 9
5 16 18 4 1 9
5 16 18 13 29 21
5 16 28 17 13 7
5 16 13 29 21 26
5 16 28 13 29 26
5 10 15 14 4 1
5 10 17 3 22 7
5 10 12 3 22 7
5 10 17 3 22 11
5 10 12 3 22 11
5 23 14 4 1 9
5 23 15 14 1 9
5 23 15 14 4 1
5 23 10 14 4 11
5 23 10 15 14 11
5 23 10 15 14 4
5 23 16 4 13 9
5 23 18 14 4 9
5 23 16 18 4 9
5 23 4 13 9 7
5 23 4 1 9 7
5 23 16 4 13 7
5 23 16 17 13 7
5 23 16 28 4 7
5 23 16 28 17 7
5 30 8 15 12 0
5 30 8 14 1 0
5 30 8 15 14 0
5 30 8 15 12 11
5 30 10 15 14 1
5 30 10 15 12 1
5 30 8 18 1 2
5 30 8 18 14 1
5 30 8 15 14 11
5 30 10 15 12 11
5 30 27 8 12 11
5 30 10 15 14 11
5 30 27 8 14 11
5 30 10 12 3 2
5 30 10 12 3 11
5 30 27 3 11 2
5 30 27 12 3 11
5 30 8 12 3 2
5 30 27 8 3 2
5 30 27 8 12 3
5 25 29 3 7 2
5 25 10 3 7 2
5 25 4 29 1 7
5 25 10 4 1 7
5 25 28 29 3 11
5 25 17 29 3 7
5 25 28 17 29 7
5 25 28 17 29 3
5 25 10 17 3 7
5 25 18 4 29 1
5 25 16 4 29 7
5 25 16 28 29 7
5 25 16 28 4 7
5 25 10 17 3 11
5 25 16 18 4 29
5 25 23 10 4 11
5 25 23 28 4 7
5 25 23 28 17 7
5 25 23 16 28 4
5 24 23 15 14 9
5 24 13 21 26 0
5 24 20 21 26 0
5 24 13 22 26 0
5 24 15 12 22 0
5 24 17 13 22 26
5 24 15 12 22 11
5 24 10 12 22 11
5 24 10 15 12 11
5 24 10 17 22 11
5 24 28 17 13 26
5 32 10 1 7 2
5 32 25 10 7 2
5 32 25 10 1 7
5 32 29 1 7 2
5 32 25 29 7 2
5 32 25 29 1 7
5 32 30 10 1 2
5 32 18 29 1 2
5 32 25 18 29 1
5 32 30 18 1 2
5 32 30 10 3 2
5 32 25 10 3 2
5 32 25 10 4 1
5 32 27 18 29 2
5 32 30 18 14 1
5 32 30 3 11 2
5 32 30 10 3 11
5 32 25 10 3 11
5 32 10 14 4 1
5 32 30 10 14 1
5 32 30 27 11 2
5 32 18 14 4 1
5 32 25 18 4 1
5 32 25 29 3 2
5 32 25 29 3 11
5 32 30 10 14 11
5 32 10 14 4 11
5 32 25 10 4 11
5 32 27 3 11 2
5 32 27 29 3 2
5 32 27 29 3 11
5 32 25 16 18 29
5 32 25 16 28 29
5 32 25 16 18 4
5 5 23 15 14 11
5 5 24 23 15 11
5 5 24 23 15 14
5 5 24 23 16 28
5 5 24 23 14 9
5 5 23 18 14 9
5 5 23 16 18 9
5 5 25 23 16 28
5 5 23 14 4 11
5 5 32 14 4 11
5 5 23 18 14 4
5 5 32 18 14 4
5 5 23 16 18 4
5 5 32 16 18 4
5 5 32 25 16 28
5 5 27 18 20 21
5 5 30 27 14 11
5 5 32 30 14 11
5 5 32 30 27 11
5 5 32 30 18 14
5 5 25 23 4 11
5 5 32 25 4 11
5 5 32 27 29 11
5 5 32 27 18 29
5 5 32 16 18 29
5 5 25 23 16 4
5 5 32 25 16 4
5 5 8 15 14 21
5 5 8 15 20 21
5 5 15 20 21 0
5 5 24 20 21 0
5 5 24 15 21 0
5 5 32 16 28 29
5 5 25 28 29 11
5 5 32 25 29 11
5 5 32 25 28 29
5 5 28 27 20 29
5 5 27 8 20 21
5 5 8 18 14 21
5 5 27 8 18 21
5 5 27 18 20 29
5 5 30 8 18 14
5 5 30 27 8 14
5 5 32 27 18 2
5 5 32 30 18 2
5 5 32 30 27 2
5 5 8 15 14 11
5 5 27 8 14 11
5 5 27 8 15 11
5 5 27 8 18 2
5 5 30 8 18 2
5 5 30 27 8 2
5 19 23 1 9 7
5 19 23 13 9 7
5 19 24 23 13 9
5 19 23 17 13 7
5 19 23 15 1 9
5 19 24 15 9 0
5 19 24 23 15 9
5 19 24 12 22 0
5 19 24 28 17 13
5 19 23 4 1 7
5 19 10 12 22 7
5 19 24 10 12 22
5 19 24 10 15 12
5 19 24 15 12 0
5 19 10 17 22 7
5 19 24 10 17 22
5 19 25 10 17 7
5 19 25 23 17 7
5 19 16 28 17 13
5 19 23 16 17 13
5 19 23 16 28 17
5 19 24 16 28 13
5 19 24 23 16 13
5 19 24 23 16 28
5 19 25 23 28 17
5 19 25 10 4 7
5 19 25 23 4 7
5 19 25 23 10 4
5 19 10 15 4 1
5 19 23 15 4 1
5 19 23 10 15 4
5 19 23 10 15 11
5 19 24 10 15 11
5 19 24 23 15 11
5 19 25 23 10 11
5 6 24 16 28 13
5 6 5 24 16 28
5 6 16 28 13 26
5 6 24 28 13 26
5 6 23 16 13 9
5 6 24 23 13 9
5 6 24 23 16 13
5 6 5 23 16 9
5 6 5 24 23 9
5 6 5 24 23 16
5 6 16 13 21 26
5 6 28 20 21 26
5 6 5 28 20 29
5 6 5 16 28 29
5 6 24 13 21 26
5 6 24 20 21 26
5 6 5 24 20 21
5 6 18 13 21 9
5 6 16 18 13 9
5 6 16 18 13 21
5 6 5 16 18 9
5 6 13 21 9 0
5 6 24 13 9 0
5 6 24 13 21 0
5 6 5 24 15 21
5 6 5 18 20 21
5 6 28 29 21 26
5 6 16 29 21 26
5 6 16 28 29 26
5 6 28 20 29 21
5 6 5 18 20 29
5 6 5 16 18 29
5 6 18 14 21 9
5 6 5 18 14 9
5 6 5 18 14 21
5 6 15 21 9 0
5 6 24 15 9 0
5 6 24 15 21 0
5 6 15 14 21 9
5 6 5 15 14 21
5 6 24 15 14 9
5 6 5 24 14 9
5 6 5 24 15 14
5 6 18 20 29 21
5 6 16 18 29 21
5 31 5 27 15 11
5 31 27 15 11 0
5 31 5 15 20 0
5 31 5 28 27 20
5 31 5 8 15 20
5 31 5 27 8 20
5 31 5 27 8 15
5 31 27 22 11 0
5 31 27 20 22 0
5 31 8 15 20 0
5 31 27 8 20 0
5 31 27 8 15 0
5 31 5 24 20 0
5 31 5 24 15 0
5 31 5 24 15 11
5 31 28 27 20 26
5 31 5 27 29 11
5 31 5 28 29 11
5 31 5 28 27 29
5 31 27 20 22 26
5 31 15 22 11 0
5 31 24 15 22 0
5 31 24 15 22 11
5 31 6 28 20 26
5 31 6 5 28 20
5 31 27 29 3 11
5 31 28 29 3 11
5 31 28 27 29 3
5 31 20 22 26 0
5 31 24 22 26 0
5 31 24 20 26 0
5 31 6 24 20 26
5 31 6 5 24 20
5 31 24 28 17 26
5 31 28 17 3 26
5 31 28 27 3 26
5 31 6 24 28 26
5 31 6 5 24 28
5 31 5 24 23 11
5 31 5 24 23 28
5 31 24 17 22 26
5 31 24 17 22 11
5 31 17 3 22 26
5 31 27 3 22 26
5 31 17 3 22 11
5 31 27 3 22 11
5 31 19 24 28 17
5 31 25 17 3 11
5 31 25 28 3 11
5 31 25 28 17 3
5 31 19 24 23 11
5 31 19 24 23 28
5 31 5 25 28 11
5 31 5 25 23 11
5 31 5 25 23 28
5 31 19 25 28 17
5 31 24 10 17 11
5 31 19 24 10 11
5 31 19 24 10 17
5 31 19 25 23 11
5 31 19 25 23 28
5 31 25 10 17 11
5 31 19 25 10 11
5 31 19 25 10 17
