321
5 29 8 5 11 25
5 29 5 28 11 25
5 24 20 7 31 32
5 24 10 20 7 31
5 0 27 22 7 4
5 0 10 27 7 31
5 6 29 5 28 19
5 6 29 8 5 19
5 6 29 28 19 25
5 6 29 8 19 25
5 6 29 5 28 25
5 6 29 8 5 25
5 6 8 5 19 16
5 9 6 27 28 4
5 9 10 27 7 31
5 9 0 10 27 31
5 9 0 27 22 4
5 9 6 28 19 4
5 12 24 20 31 32
5 12 24 10 31 32
5 12 24 10 20 31
5 12 8 11 25 32
5 12 8 31 25 32
5 12 20 31 25 32
5 12 24 20 11 25
5 12 29 8 11 25
5 2 9 0 27 22
5 2 9 27 22 4
5 3 20 7 31 32
5 3 9 27 7 31
5 1 10 20 7 31
5 1 0 10 7 31
5 1 12 10 20 31
5 1 24 10 20 7
5 1 12 20 31 25
5 21 24 10 5 11
5 21 9 0 10 27
5 21 2 9 0 27
5 21 2 9 0 10
5 21 2 27 22 7
5 21 2 0 27 22
5 21 2 0 10 22
5 21 29 5 28 11
5 21 29 5 28 19
5 21 2 29 28 19
5 21 0 27 22 7
5 21 0 10 22 7
5 21 0 10 27 7
5 26 12 8 11 32
5 26 12 8 31 32
5 26 12 10 31 32
5 26 12 29 8 11
5 26 8 5 11 32
5 26 8 31 16 32
5 26 8 5 16 32
5 26 21 10 5 11
5 26 21 2 29 11
5 26 2 29 11 14
5 26 29 8 5 11
5 26 21 9 5 16
5 26 21 9 10 5
5 23 29 11 25 14
5 23 12 29 25 14
5 23 12 29 11 25
5 23 12 24 11 25
5 23 26 29 11 14
5 23 26 12 29 14
5 23 26 12 29 11
5 23 12 24 20 25
5 23 26 2 11 14
5 23 3 24 28 25
5 23 1 12 20 25
5 23 21 2 11 14
5 23 12 24 10 11
5 23 21 24 10 11
5 23 26 12 10 11
5 23 3 7 25 14
5 23 1 7 25 14
5 23 1 20 7 25
5 23 1 24 20 7
5 23 3 20 7 25
5 23 3 24 20 25
5 23 3 24 20 7
5 23 12 24 10 20
5 23 1 24 10 20
5 23 1 12 10 20
5 23 26 21 10 11
5 23 26 21 2 11
5 23 26 21 2 10
5 23 21 2 10 22
5 23 1 24 10 7
5 23 21 10 22 7
5 23 21 24 10 7
5 23 0 10 22 7
5 23 1 0 22 7
5 23 1 0 10 7
5 23 1 0 10 22
5 17 3 6 28 25
5 17 8 11 25 32
5 17 8 5 11 32
5 17 8 5 11 25
5 17 3 20 25 32
5 17 6 8 5 25
5 17 12 11 25 32
5 17 12 20 25 32
5 17 12 20 11 25
5 17 24 20 11 25
5 17 3 24 20 25
5 17 24 10 5 11
5 17 8 5 16 32
5 17 6 8 5 16
5 17 12 24 20 32
5 17 12 24 20 11
5 17 24 20 7 32
5 17 3 20 7 32
5 17 3 24 20 7
5 17 26 5 11 32
5 17 26 10 5 11
5 17 12 24 10 32
5 17 12 24 10 11
5 17 9 6 5 16
5 17 26 12 11 32
5 17 26 12 10 32
5 17 26 12 10 11
5 17 26 9 10 5
5 17 21 24 10 5
5 17 21 9 10 5
5 17 26 5 16 32
5 17 26 9 5 16
5 17 3 7 31 32
5 17 3 9 31 32
5 17 3 9 7 31
5 17 3 9 27 7
5 17 26 10 31 32
5 17 26 9 10 31
5 17 24 7 31 32
5 17 24 10 31 32
5 17 24 10 7 31
5 17 9 10 7 31
5 17 9 31 16 32
5 17 26 31 16 32
5 17 26 9 31 16
5 18 17 3 27 7
5 18 17 3 24 7
5 18 21 10 27 7
5 18 21 24 10 7
5 18 17 9 27 7
5 18 9 10 27 7
5 18 21 9 10 27
5 18 3 6 27 28
5 18 23 3 24 7
5 18 23 3 24 28
5 18 23 21 24 7
5 18 17 21 24 5
5 18 17 24 10 7
5 18 17 9 10 7
5 18 17 21 24 10
5 18 17 21 9 10
5 18 21 6 5 28
5 18 23 21 28 11
5 18 23 21 24 11
5 18 3 24 28 25
5 18 21 5 28 11
5 18 21 24 5 11
5 18 3 9 6 27
5 18 17 3 9 27
5 18 17 3 9 6
5 18 17 24 5 11
5 18 17 3 6 28
5 18 23 28 11 25
5 18 23 24 11 25
5 18 23 24 28 25
5 18 17 3 28 25
5 18 17 24 11 25
5 18 17 3 24 25
5 18 21 9 6 5
5 18 17 9 6 5
5 18 17 21 9 5
5 18 6 5 28 25
5 18 17 6 28 25
5 18 17 6 5 25
5 18 5 28 11 25
5 18 17 5 11 25
5 15 26 21 5 16
5 15 6 5 19 16
5 15 8 5 19 16
5 15 26 8 5 16
5 15 21 29 5 19
5 15 9 6 19 16
5 15 9 6 5 16
5 15 21 9 5 16
5 15 21 9 6 5
5 15 6 5 28 19
5 15 21 5 28 19
5 15 21 6 5 28
5 15 29 8 5 19
5 15 26 29 8 5
5 15 26 21 9 16
5 15 21 2 29 19
5 15 21 29 5 11
5 15 26 29 5 11
5 15 26 21 5 11
5 15 26 21 29 11
5 15 9 6 19 4
5 15 6 28 19 4
5 15 9 6 27 4
5 15 2 28 19 4
5 15 21 2 28 4
5 15 21 2 28 19
5 15 18 21 28 4
5 15 18 21 6 28
5 15 2 9 27 4
5 15 21 2 27 4
5 15 21 2 9 27
5 15 18 21 27 4
5 15 18 9 6 27
5 15 18 21 9 27
5 15 18 21 9 6
5 15 6 27 28 4
5 15 18 27 28 4
5 15 18 6 27 28
5 30 26 2 29 14
5 30 2 29 19 14
5 30 23 2 22 14
5 30 23 26 2 14
5 30 26 12 29 14
5 30 26 12 29 8
5 30 23 2 10 22
5 30 23 26 2 10
5 30 1 0 22 14
5 30 12 29 25 14
5 30 12 29 8 25
5 30 23 1 22 14
5 30 23 1 10 22
5 30 2 0 10 22
5 30 15 29 8 19
5 30 15 26 29 8
5 30 15 2 29 19
5 30 1 0 10 22
5 30 26 8 31 16
5 30 12 8 31 25
5 30 23 26 12 14
5 30 26 12 8 31
5 30 23 1 12 10
5 30 23 26 12 10
5 30 2 9 0 22
5 30 2 9 0 10
5 30 15 8 19 16
5 30 15 26 8 16
5 30 26 21 2 29
5 30 15 21 2 29
5 30 15 26 21 29
5 30 1 0 10 31
5 30 26 9 31 16
5 30 9 0 10 31
5 30 26 9 10 31
5 30 1 12 31 25
5 30 23 12 25 14
5 30 23 1 25 14
5 30 23 1 12 25
5 30 1 12 10 31
5 30 26 12 10 31
5 30 21 2 9 10
5 30 26 21 9 10
5 30 26 21 2 10
5 30 15 9 19 16
5 30 15 26 9 16
5 30 15 21 2 9
5 30 15 26 21 9
5 30 2 9 22 4
5 30 15 2 9 4
5 13 21 2 22 7
5 13 23 21 22 7
5 13 23 21 2 22
5 13 27 22 7 4
5 13 2 27 22 4
5 13 2 27 22 7
5 13 23 1 22 7
5 13 2 22 4 14
5 13 23 2 22 14
5 13 21 2 27 4
5 13 21 2 27 7
5 13 18 23 21 7
5 13 21 2 28 4
5 13 0 22 7 4
5 13 1 0 7 4
5 13 1 0 22 7
5 13 23 1 7 14
5 13 23 1 22 14
5 13 18 21 27 4
5 13 18 21 27 7
5 13 18 21 28 4
5 13 18 23 21 28
5 13 23 21 2 14
5 13 0 22 4 14
5 13 1 0 4 14
5 13 1 0 22 14
5 13 23 3 7 14
5 13 2 28 19 4
5 13 18 27 28 4
5 13 18 23 3 7
5 13 18 23 3 28
5 13 21 2 29 28
5 13 23 21 11 14
5 13 23 21 28 11
5 13 2 29 19 14
5 13 2 29 28 19
5 13 23 3 25 14
5 13 23 3 28 25
5 13 3 27 7 4
5 13 3 27 28 4
5 13 18 3 27 7
5 13 18 3 27 28
5 13 21 29 28 11
5 13 2 29 11 14
5 13 21 2 11 14
5 13 21 2 29 11
5 13 23 11 25 14
5 13 23 28 11 25
5 13 29 11 25 14
5 13 29 28 11 25
