233
5 20 18 17 10 2
5 20 18 22 10 2
5 20 18 22 21 2
5 1 20 18 22 10
5 1 20 18 17 10
5 24 1 20 18 17
5 24 1 18 22 19
5 24 1 20 22 19
5 24 1 20 18 22
5 12 24 18 21 17
5 12 20 18 22 21
5 16 1 20 22 10
5 15 25 12 13 6
5 15 12 13 6 0
5 15 16 13 6 0
5 15 1 13 17 0
5 7 25 24 21 19
5 7 11 18 10 2
5 7 11 18 21 2
5 7 24 18 21 17
5 7 11 18 21 17
5 5 25 12 13 6
5 5 12 13 6 0
5 5 25 24 21 19
5 5 25 12 24 21
5 5 15 12 13 0
5 5 1 22 0 19
5 5 1 20 22 19
5 5 24 20 22 19
5 5 24 1 17 19
5 5 24 1 20 19
5 5 12 18 22 21
5 5 12 24 18 21
5 5 24 20 18 22
5 5 12 20 18 22
5 5 24 1 20 17
5 5 15 12 20 17
5 5 24 20 18 17
5 5 12 20 18 17
5 5 12 24 18 17
5 3 16 22 6 2
5 3 22 21 6 2
5 3 12 22 21 6
5 3 20 22 21 2
5 3 12 20 22 21
5 3 20 22 10 2
5 3 16 22 10 2
5 3 16 20 22 10
5 3 11 21 6 2
5 3 20 17 10 2
5 3 15 12 20 17
5 3 16 1 20 10
5 3 16 1 20 17
5 14 25 1 13 10
5 14 16 1 13 10
5 14 3 16 1 10
5 14 3 16 1 17
5 14 25 13 10 6
5 14 16 13 10 6
5 14 16 25 13 6
5 14 1 18 10 19
5 14 1 18 17 10
5 14 1 20 17 10
5 14 3 20 17 10
5 14 3 1 20 10
5 14 3 1 20 17
5 14 7 18 10 19
5 14 24 1 18 19
5 14 24 1 18 17
5 14 11 18 17 10
5 14 7 11 18 10
5 14 7 11 18 17
5 8 3 15 16 17
5 8 14 3 16 17
5 8 3 15 12 6
5 8 3 15 12 17
5 8 12 24 21 17
5 8 14 11 17 10
5 8 14 3 17 10
5 8 3 12 21 6
5 8 3 11 21 6
5 8 3 17 10 2
5 8 3 12 20 17
5 8 3 12 20 21
5 8 3 11 21 2
5 8 18 17 10 2
5 8 11 18 10 2
5 8 11 18 17 10
5 8 12 18 21 17
5 8 12 20 18 17
5 8 12 20 18 21
5 8 3 20 17 2
5 8 3 20 21 2
5 8 11 18 21 2
5 8 11 18 21 17
5 8 20 18 17 2
5 8 20 18 21 2
5 9 15 16 6 0
5 9 3 15 16 6
5 9 3 16 22 6
5 9 15 12 6 0
5 9 3 15 12 6
5 9 12 22 6 0
5 9 3 12 22 6
5 9 3 16 20 22
5 9 3 16 20 17
5 9 3 15 20 17
5 9 3 15 16 17
5 9 16 1 20 22
5 9 3 12 20 22
5 9 3 15 12 20
5 9 16 1 13 0
5 9 15 1 13 0
5 9 15 16 13 0
5 9 16 1 20 17
5 9 5 1 22 0
5 9 5 1 20 22
5 9 5 12 22 0
5 9 5 12 20 22
5 9 5 15 12 0
5 9 5 15 12 20
5 9 15 1 17 0
5 9 5 1 17 0
5 9 5 15 17 0
5 9 5 1 20 17
5 9 5 15 20 17
5 9 15 1 13 17
5 9 15 16 13 17
5 9 14 1 13 17
5 9 14 16 13 17
5 9 14 16 1 17
5 9 14 16 1 13
5 4 15 16 13 17
5 4 8 15 13 17
5 4 8 15 16 17
5 4 14 16 13 17
5 4 8 14 16 17
5 4 15 16 13 6
5 4 14 16 25 13
5 4 16 25 13 6
5 4 15 25 13 6
5 4 3 15 16 6
5 4 8 3 15 6
5 4 8 3 15 16
5 4 14 16 25 6
5 4 15 25 12 6
5 4 8 15 12 6
5 4 8 15 25 12
5 4 8 3 11 6
5 4 8 14 11 25
5 4 25 12 21 6
5 4 8 12 21 6
5 4 8 25 12 21
5 4 11 25 10 6
5 4 14 25 10 6
5 4 14 11 25 10
5 4 11 25 21 6
5 4 8 11 21 6
5 4 8 11 25 21
5 4 14 16 10 6
5 4 8 14 11 10
5 4 16 10 6 2
5 4 3 16 6 2
5 4 3 16 10 2
5 4 11 10 6 2
5 4 3 11 6 2
5 4 14 3 16 10
5 4 8 14 3 10
5 4 8 14 3 16
5 4 8 11 10 2
5 4 8 3 10 2
5 4 8 3 11 2
5 23 15 25 12 13
5 23 8 15 25 12
5 23 4 15 25 13
5 23 4 8 15 13
5 23 4 8 15 25
5 23 5 25 12 13
5 23 5 25 12 24
5 23 25 12 24 21
5 23 8 12 24 21
5 23 8 25 12 21
5 23 5 15 12 13
5 23 8 15 13 17
5 23 8 12 24 17
5 23 8 15 12 17
5 23 4 8 13 17
5 23 5 25 13 19
5 23 5 25 24 19
5 23 8 11 25 21
5 23 5 12 24 17
5 23 5 15 12 17
5 23 4 14 13 17
5 23 4 14 25 13
5 23 4 8 14 17
5 23 4 8 14 25
5 23 5 24 17 19
5 23 8 14 11 17
5 23 8 14 11 25
5 23 7 25 24 21
5 23 7 11 25 21
5 23 15 13 17 0
5 23 5 15 17 0
5 23 5 15 13 0
5 23 14 25 1 13
5 23 7 25 24 19
5 23 5 13 0 19
5 23 14 1 13 17
5 23 24 1 17 19
5 23 14 24 1 19
5 23 14 24 1 17
5 23 7 24 18 17
5 23 14 24 18 17
5 23 14 7 18 17
5 23 14 7 11 17
5 23 7 24 21 17
5 23 8 24 21 17
5 23 7 11 21 17
5 23 8 11 21 17
5 23 14 1 10 19
5 23 14 25 1 10
5 23 7 24 18 19
5 23 14 24 18 19
5 23 14 7 18 19
5 23 14 7 10 19
5 23 1 13 0 19
5 23 1 13 17 0
5 23 5 1 0 19
5 23 5 1 17 19
5 23 5 1 17 0
5 23 7 11 25 10
5 23 14 11 25 10
5 23 14 7 11 10
