91
5 4 17 13 8 2
5 15 17 7 12 2
5 15 4 17 12 2
5 15 4 17 13 2
5 15 4 17 7 12
5 15 5 4 7 12
5 15 5 4 10 12
5 15 4 17 13 8
5 16 17 6 13 2
5 16 15 17 13 8
5 16 15 17 7 8
5 3 15 7 12 2
5 3 17 7 12 2
5 3 17 6 7 2
5 3 15 5 7 12
5 9 4 17 12 2
5 9 3 17 12 2
5 9 3 17 6 2
5 9 3 17 6 12
5 9 5 4 12 1
5 9 4 17 7 12
5 9 5 4 7 12
5 9 16 7 8 1
5 9 16 17 7 8
5 9 15 17 7 8
5 9 15 4 17 8
5 9 15 4 17 7
5 9 15 5 7 1
5 9 15 5 4 1
5 9 15 5 4 7
5 14 15 10 13 8
5 14 16 15 7 8
5 14 16 7 8 1
5 14 15 5 7 1
5 14 9 7 8 1
5 14 9 15 7 1
5 14 9 15 7 8
5 14 4 10 8 1
5 14 15 4 10 8
5 14 5 4 10 1
5 14 15 5 4 1
5 14 15 5 4 10
5 14 9 4 8 1
5 14 9 15 4 1
5 14 9 15 4 8
5 18 14 16 7 1
5 18 14 10 8 1
5 18 14 16 8 1
5 18 14 10 13 8
5 18 14 16 13 8
5 0 9 5 12 1
5 0 9 5 7 1
5 0 9 5 7 12
5 0 3 5 7 12
5 0 9 17 7 12
5 0 9 17 6 12
5 0 3 17 7 12
5 0 3 17 6 12
5 0 3 17 6 7
5 0 16 17 6 7
5 0 9 16 7 1
5 0 9 16 17 7
5 0 9 16 17 6
5 0 18 16 7 1
5 0 9 16 8 1
5 0 18 16 8 1
5 11 3 6 7 2
5 11 0 16 6 7
5 11 0 18 16 7
5 11 0 18 16 6
5 11 0 3 6 7
5 11 18 16 6 13
5 11 17 6 7 2
5 11 16 17 6 2
5 11 16 17 6 7
5 11 16 6 13 2
5 11 3 6 13 2
5 11 18 14 16 13
5 11 18 14 16 7
5 11 16 17 13 2
5 11 3 15 13 2
5 11 3 15 7 2
5 11 14 16 15 7
5 11 15 17 13 2
5 11 15 17 7 2
5 11 16 15 17 13
5 11 16 15 17 7
5 11 16 15 13 8
5 11 14 15 13 8
5 11 14 16 13 8
5 11 14 16 15 8
