346
5 10 23 27 9 6
5 22 2 10 29 6
5 22 2 10 29 3
5 22 2 10 9 6
5 22 2 10 9 3
5 22 2 8 9 6
5 22 2 8 9 3
5 31 8 5 28 26
5 16 4 5 0 14
5 16 31 4 5 14
5 15 10 23 9 6
5 24 16 4 0 14
5 24 27 5 0 14
5 24 16 5 0 14
5 24 10 23 27 6
5 24 22 4 20 6
5 24 22 10 20 6
5 24 22 10 29 6
5 24 22 10 29 20
5 21 2 10 9 3
5 21 22 10 9 3
5 21 2 8 3 26
5 21 2 8 9 3
5 12 8 27 9 6
5 12 10 27 9 6
5 12 10 29 27 6
5 12 2 10 29 6
5 12 2 8 9 6
5 12 2 10 9 6
5 12 8 27 9 28
5 12 23 27 9 28
5 12 10 23 27 9
5 12 24 10 29 20
5 12 24 10 29 27
5 12 24 10 23 27
5 12 2 27 5 28
5 12 2 27 5 0
5 17 12 8 9 28
5 17 12 23 9 28
5 17 15 10 23 9
5 17 12 23 27 28
5 17 12 24 23 27
5 17 12 10 23 9
5 17 24 15 23 14
5 17 12 24 10 20
5 17 12 24 10 23
5 17 15 10 23 6
5 11 22 4 0 3
5 11 22 9 3 6
5 11 24 15 23 6
5 11 21 22 4 3
5 11 21 15 4 3
5 11 24 23 0 14
5 11 24 15 23 14
5 11 22 10 9 6
5 11 15 10 9 6
5 11 21 22 9 3
5 11 21 15 9 3
5 11 24 23 0 6
5 11 24 22 0 6
5 11 24 22 4 6
5 11 21 22 10 4
5 11 24 4 0 14
5 11 24 22 4 0
5 11 22 10 20 6
5 11 21 22 10 9
5 11 21 15 10 9
5 11 22 4 20 6
5 11 24 4 20 6
5 11 22 10 4 20
5 25 24 16 4 20
5 25 24 16 4 0
5 25 16 4 29 20
5 25 16 4 29 0
5 25 22 4 29 20
5 25 24 22 29 20
5 25 24 22 4 20
5 25 24 22 4 0
5 25 12 24 29 20
5 25 12 24 16 20
5 25 22 4 0 3
5 25 22 4 29 3
5 25 12 24 29 27
5 25 24 16 5 0
5 25 12 24 16 5
5 25 22 2 29 3
5 25 24 22 0 6
5 25 24 22 29 6
5 25 12 2 27 0
5 25 16 2 5 0
5 25 12 2 5 0
5 25 24 27 5 0
5 25 12 27 5 0
5 25 12 24 27 5
5 25 22 2 27 6
5 25 22 2 29 6
5 25 10 29 27 6
5 25 24 10 27 6
5 25 24 10 29 6
5 25 24 10 29 27
5 25 12 29 27 6
5 25 12 2 27 6
5 25 12 2 29 6
5 18 2 10 29 3
5 18 21 2 29 3
5 18 21 2 10 3
5 18 22 10 29 3
5 18 21 22 10 3
5 18 22 4 29 3
5 18 21 22 4 3
5 18 22 10 29 20
5 18 22 4 29 20
5 18 22 10 4 20
5 18 21 10 4 20
5 18 21 22 10 4
5 18 16 4 29 20
5 18 21 2 10 9
5 30 21 31 3 26
5 30 21 16 31 4
5 30 25 4 0 3
5 30 25 4 29 3
5 30 25 4 29 0
5 30 18 4 29 3
5 30 18 21 29 3
5 30 18 21 4 3
5 30 16 4 29 0
5 30 16 4 5 0
5 30 16 31 4 5
5 30 11 4 0 3
5 30 21 2 3 26
5 30 21 2 29 3
5 30 18 16 4 29
5 30 18 21 16 4
5 30 18 21 31 26
5 30 11 15 4 3
5 30 31 4 5 14
5 30 15 31 5 14
5 30 15 31 4 14
5 30 18 21 16 31
5 30 4 5 0 14
5 30 11 4 0 14
5 30 2 5 0 26
5 30 16 2 5 0
5 30 25 2 29 3
5 30 18 21 2 26
5 30 18 21 2 29
5 30 11 15 4 14
5 30 25 16 29 0
5 30 25 16 2 0
5 30 25 16 2 29
5 7 31 8 28 26
5 7 2 8 28 26
5 7 12 2 8 28
5 7 12 2 5 28
5 7 2 5 28 26
5 7 31 5 28 26
5 7 25 16 2 5
5 7 25 12 2 5
5 7 25 12 16 5
5 7 30 2 5 26
5 7 30 16 2 5
5 7 30 31 5 26
5 7 30 16 31 5
5 7 30 31 2 26
5 1 17 23 9 28
5 1 17 15 23 9
5 1 17 8 9 28
5 1 11 15 9 3
5 1 31 8 5 28
5 1 7 31 8 9
5 1 21 15 9 3
5 1 31 8 5 26
5 1 17 5 28 14
5 1 15 31 5 14
5 1 21 8 3 26
5 1 21 8 9 3
5 1 21 31 3 26
5 1 21 31 8 26
5 1 21 31 8 9
5 1 30 21 31 3
5 1 30 31 3 26
5 1 30 31 5 26
5 1 30 15 31 5
5 1 21 15 4 3
5 1 30 15 4 3
5 1 30 21 4 3
5 1 30 15 31 4
5 1 30 21 31 4
5 32 12 2 10 29
5 32 18 2 10 29
5 32 12 10 29 20
5 32 18 10 29 20
5 32 12 2 10 9
5 32 18 2 10 9
5 32 18 21 10 9
5 32 12 2 8 9
5 32 17 12 10 20
5 32 18 21 10 20
5 32 25 16 29 20
5 32 25 12 29 20
5 32 25 12 16 20
5 32 7 12 16 20
5 32 25 16 2 29
5 32 25 12 2 29
5 32 18 16 29 20
5 32 7 12 2 8
5 32 21 2 8 9
5 32 18 21 2 9
5 32 17 12 10 9
5 32 7 25 16 2
5 32 7 25 12 2
5 32 7 25 12 16
5 32 30 16 2 29
5 32 30 18 2 29
5 32 30 18 16 29
5 32 7 30 16 2
5 32 18 21 16 31
5 32 30 18 16 31
5 32 7 30 16 31
5 32 7 30 31 2
5 32 21 2 8 26
5 32 7 2 8 26
5 32 21 31 8 9
5 32 7 31 8 9
5 32 18 21 2 26
5 32 18 21 31 26
5 32 7 31 2 26
5 32 30 31 2 26
5 32 30 18 2 26
5 32 30 18 31 26
5 32 21 31 8 26
5 32 7 31 8 26
5 13 16 31 5 14
5 13 7 16 31 5
5 13 16 31 4 14
5 13 24 16 4 14
5 13 24 16 4 20
5 13 15 31 4 14
5 13 32 7 16 20
5 13 32 7 16 31
5 13 17 24 15 14
5 13 1 15 31 14
5 13 1 17 31 14
5 13 1 17 15 14
5 13 21 16 31 4
5 13 32 21 16 31
5 13 32 7 31 9
5 13 32 7 17 9
5 13 11 15 4 14
5 13 11 24 4 14
5 13 11 24 15 14
5 13 11 24 4 20
5 13 17 24 10 20
5 13 1 15 31 4
5 13 1 21 31 4
5 13 1 21 15 4
5 13 18 16 4 20
5 13 18 21 4 20
5 13 18 21 16 4
5 13 32 18 16 20
5 13 32 18 21 20
5 13 32 18 21 16
5 13 32 21 10 20
5 13 32 17 10 20
5 13 32 21 31 9
5 13 1 7 31 9
5 13 1 7 17 9
5 13 1 7 17 31
5 13 11 21 15 4
5 13 11 24 20 6
5 13 11 24 15 6
5 13 24 10 20 6
5 13 17 15 10 6
5 13 1 21 31 9
5 13 1 21 15 9
5 13 1 17 15 9
5 13 32 21 10 9
5 13 32 17 10 9
5 13 21 10 4 20
5 13 11 10 4 20
5 13 11 21 10 4
5 13 11 21 15 10
5 13 11 10 20 6
5 13 11 15 10 6
5 13 21 15 10 9
5 13 17 15 10 9
5 13 24 10 23 6
5 13 17 10 23 6
5 13 17 24 10 23
5 13 24 15 23 6
5 13 17 15 23 6
5 13 17 24 15 23
5 19 32 7 12 8
5 19 17 12 8 28
5 19 7 12 8 28
5 19 17 12 8 9
5 19 32 12 8 9
5 19 32 17 12 9
5 19 32 7 8 9
5 19 32 7 17 9
5 19 13 32 7 17
5 19 7 31 8 28
5 19 17 12 27 28
5 19 1 17 8 9
5 19 1 7 8 9
5 19 1 7 17 9
5 19 32 17 12 20
5 19 13 32 17 20
5 19 32 7 12 20
5 19 13 32 7 20
5 19 1 31 8 28
5 19 1 17 8 28
5 19 7 31 5 28
5 19 1 7 31 8
5 19 1 7 17 31
5 19 12 27 5 28
5 19 7 12 5 28
5 19 17 12 24 27
5 19 17 12 24 20
5 19 13 17 24 20
5 19 1 31 5 28
5 19 1 17 5 28
5 19 13 7 31 5
5 19 13 7 17 31
5 19 12 24 27 5
5 19 17 5 28 14
5 19 12 24 16 20
5 19 7 12 16 20
5 19 13 24 16 20
5 19 13 7 16 20
5 19 13 17 24 14
5 19 13 7 16 5
5 19 1 31 5 14
5 19 1 17 5 14
5 19 1 17 31 14
5 19 13 31 5 14
5 19 13 17 31 14
5 19 12 24 16 5
5 19 7 12 16 5
5 19 24 27 5 14
5 19 24 16 5 14
5 19 13 16 5 14
5 19 13 24 16 14
5 19 24 23 27 14
5 19 17 24 23 14
5 19 17 24 23 27
