321
5 10 18 9 12 22
5 8 18 9 12 22
5 17 0 23 14 19
5 1 8 18 9 12
5 30 28 8 18 20
5 30 28 8 18 22
5 11 10 18 12 22
5 11 30 18 12 22
5 11 30 0 18 12
5 5 10 18 9 12
5 5 1 18 9 12
5 5 1 10 9 12
5 5 11 10 18 12
5 5 1 8 18 12
5 5 10 18 9 22
5 5 1 9 20 32
5 5 11 10 18 22
5 5 1 8 20 32
5 5 1 8 9 32
5 5 1 8 18 9
5 7 17 0 23 14
5 7 1 23 4 32
5 7 1 0 23 32
5 7 21 17 23 4
5 7 21 23 4 32
5 7 1 0 12 32
5 7 0 8 12 32
5 7 17 0 23 19
5 7 30 0 28 8
5 26 11 30 0 19
5 26 11 30 18 20
5 26 11 30 0 18
5 26 7 0 23 32
5 26 1 23 20 32
5 26 1 0 23 32
5 26 30 0 18 12
5 26 11 0 18 12
5 26 7 0 8 32
5 26 7 30 0 8
5 26 1 0 12 32
5 26 0 8 12 32
5 26 30 28 8 20
5 26 30 0 8 12
5 26 30 8 18 12
5 26 30 8 18 20
5 26 5 11 20 12
5 26 5 11 18 12
5 26 5 11 18 20
5 26 1 8 12 32
5 26 1 8 20 32
5 26 5 8 18 12
5 26 5 8 18 20
5 26 5 1 20 12
5 26 5 1 8 12
5 26 5 1 8 20
5 13 11 0 10 12
5 13 1 0 23 14
5 13 0 10 14 19
5 13 11 0 10 19
5 13 5 1 20 12
5 13 5 1 10 12
5 13 5 11 20 12
5 13 5 11 10 12
5 13 5 11 10 20
5 13 26 1 20 12
5 13 26 1 0 12
5 13 26 11 20 12
5 13 26 11 0 12
5 13 5 1 9 20
5 13 5 1 10 9
5 13 26 1 23 20
5 13 26 1 0 23
5 13 0 23 14 19
5 13 1 23 20 32
5 13 17 23 14 19
5 13 26 11 20 19
5 13 26 0 23 19
5 13 26 11 0 19
5 13 1 9 20 32
5 13 21 23 20 32
5 24 13 21 23 20
5 24 13 17 23 19
5 24 21 23 20 32
5 24 26 23 20 32
5 24 7 21 17 23
5 24 13 26 20 19
5 24 13 26 23 19
5 24 13 26 23 20
5 24 7 17 23 19
5 24 7 21 23 32
5 24 26 7 23 32
5 24 7 0 23 19
5 24 26 0 23 19
5 24 26 7 0 23
5 24 7 30 0 19
5 24 26 30 0 19
5 24 26 7 30 0
5 31 13 5 10 20
5 31 5 10 9 22
5 31 13 5 10 9
5 25 7 17 4 19
5 25 7 21 17 4
5 25 24 7 17 19
5 25 24 7 30 19
5 25 7 30 0 19
5 25 11 30 0 19
5 25 26 11 30 19
5 25 24 26 20 19
5 25 24 26 30 19
5 25 24 26 30 20
5 27 21 4 20 32
5 27 31 5 9 22
5 27 5 9 20 32
5 27 24 13 21 20
5 27 31 24 13 20
5 27 13 5 9 20
5 27 31 13 5 20
5 27 31 13 5 9
5 15 25 21 17 4
5 15 27 25 31 21
5 15 25 24 21 17
5 15 25 31 24 21
5 15 27 31 24 21
5 15 25 17 4 19
5 15 27 31 24 13
5 15 27 24 13 21
5 15 27 31 13 9
5 15 13 10 9 14
5 15 31 13 10 14
5 15 31 13 10 9
5 2 25 7 28 4
5 2 25 7 21 4
5 2 27 25 28 4
5 2 25 7 30 28
5 2 15 25 21 4
5 2 15 27 21 4
5 2 15 27 25 4
5 2 15 27 25 21
5 2 26 7 30 28
5 2 25 24 7 30
5 2 27 21 20 32
5 2 24 7 21 32
5 2 24 26 7 32
5 2 24 26 7 30
5 2 24 7 21 17
5 2 25 7 21 17
5 2 25 24 21 17
5 2 25 24 7 17
5 2 24 21 20 32
5 2 24 26 20 32
5 2 26 30 28 20
5 2 24 26 30 20
5 3 15 24 13 17
5 3 15 31 24 13
5 3 24 13 17 19
5 3 25 24 17 19
5 3 15 25 24 17
5 3 15 25 31 24
5 3 31 24 13 20
5 3 15 25 17 19
5 3 24 13 20 19
5 3 25 24 20 19
5 3 15 25 31 19
5 3 13 17 14 19
5 3 15 17 14 19
5 3 15 13 17 14
5 3 13 11 20 19
5 3 15 31 13 14
5 3 13 11 10 20
5 3 31 13 10 20
5 3 27 31 24 20
5 3 25 24 30 20
5 3 2 24 30 20
5 3 2 25 24 30
5 3 26 11 20 19
5 3 25 26 20 19
5 3 25 26 11 19
5 3 13 11 10 19
5 3 25 11 10 19
5 3 25 31 10 19
5 3 13 10 14 19
5 3 31 13 10 14
5 3 15 10 14 19
5 3 15 31 10 19
5 3 15 31 10 14
5 3 5 11 10 20
5 3 31 5 10 20
5 3 26 11 30 20
5 3 25 26 30 20
5 3 25 26 11 30
5 3 25 11 30 22
5 3 25 31 24 21
5 3 27 31 24 21
5 3 27 25 31 21
5 3 2 25 24 21
5 3 2 27 24 21
5 3 2 27 25 21
5 3 5 11 10 22
5 3 31 5 10 22
5 3 11 30 18 20
5 3 5 11 18 20
5 3 25 30 28 22
5 3 11 30 18 22
5 3 5 11 18 22
5 29 5 8 20 32
5 29 26 8 20 32
5 29 26 28 8 20
5 29 28 8 18 20
5 29 5 8 18 20
5 29 5 28 18 20
5 29 2 26 20 32
5 29 2 26 28 20
5 29 2 27 28 4
5 29 26 7 8 32
5 29 28 8 18 22
5 29 5 8 9 32
5 29 5 8 18 9
5 29 2 26 7 32
5 29 2 26 7 28
5 29 2 7 28 4
5 29 27 21 4 32
5 29 2 27 21 32
5 29 2 27 21 4
5 29 5 18 9 22
5 29 27 4 9 32
5 29 7 30 28 8
5 29 26 30 28 8
5 29 26 7 30 8
5 29 26 7 30 28
5 29 8 18 9 22
5 29 7 21 4 32
5 29 2 7 21 32
5 29 2 7 21 4
5 29 1 8 9 32
5 6 15 21 17 4
5 6 21 17 23 4
5 6 17 4 14 19
5 6 15 17 14 19
5 6 15 17 4 19
5 6 15 24 21 17
5 6 7 17 4 14
5 6 7 17 23 14
5 6 7 17 23 4
5 6 24 21 17 23
5 6 15 13 9 14
5 6 15 24 13 21
5 6 15 27 21 4
5 6 15 27 13 21
5 6 15 13 17 14
5 6 15 24 13 17
5 6 7 1 23 4
5 6 13 1 23 14
5 6 24 13 21 23
5 6 21 23 4 32
5 6 13 21 23 32
5 6 13 17 23 14
5 6 24 13 17 23
5 6 13 1 9 14
5 6 15 27 4 9
5 6 15 27 13 9
5 6 27 21 4 20
5 6 27 13 21 20
5 6 1 23 4 32
5 6 13 1 23 32
5 6 21 4 20 32
5 6 13 21 20 32
5 6 1 4 9 32
5 6 13 1 9 32
5 6 27 13 9 20
5 6 13 9 20 32
5 6 27 9 20 32
5 6 27 4 20 32
5 6 27 4 9 32
5 16 2 27 25 28
5 16 3 2 27 25
5 16 3 27 25 31
5 16 2 25 30 28
5 16 3 25 30 28
5 16 3 2 25 30
5 16 3 25 28 22
5 16 3 25 31 22
5 16 2 30 28 20
5 16 3 2 30 20
5 16 29 2 28 20
5 16 29 2 27 28
5 16 3 27 24 20
5 16 3 2 24 20
5 16 3 2 27 24
5 16 27 31 5 22
5 16 3 31 5 22
5 16 30 28 18 20
5 16 3 30 18 20
5 16 29 5 28 20
5 16 2 27 20 32
5 16 29 2 20 32
5 16 29 2 27 32
5 16 5 28 18 20
5 16 3 5 18 20
5 16 27 31 5 20
5 16 3 31 5 20
5 16 3 27 31 20
5 16 27 24 21 20
5 16 2 24 21 20
5 16 2 27 21 20
5 16 2 27 24 21
5 16 29 27 28 22
5 16 3 5 18 22
5 16 30 28 18 22
5 16 3 30 18 22
5 16 3 30 28 22
5 16 27 5 20 32
5 16 29 5 20 32
5 16 29 28 18 22
5 16 29 5 18 22
5 16 29 5 28 18
5 16 27 5 9 22
5 16 29 5 9 22
5 16 29 27 9 22
5 16 27 5 9 32
5 16 29 5 9 32
5 16 29 27 9 32
