230
5 12 19 6 13 2
5 12 19 1 13 2
5 12 7 6 13 2
5 15 12 7 13 2
5 17 24 19 6 5
5 17 12 19 6 13
5 17 12 7 6 13
5 9 3 25 1 5
5 9 3 25 19 1
5 9 3 7 1 5
5 9 15 19 1 2
5 9 3 19 1 2
5 9 3 15 1 2
5 9 3 15 7 2
5 9 3 15 7 1
5 9 17 19 6 13
5 9 19 6 13 2
5 9 15 19 13 2
5 9 7 6 13 2
5 9 15 7 13 2
5 9 15 7 6 13
5 16 12 19 6 2
5 16 9 19 6 2
5 16 9 3 19 2
5 16 12 7 6 2
5 16 12 19 1 2
5 16 3 19 1 2
5 16 12 19 6 4
5 16 9 7 6 2
5 16 9 3 7 2
5 16 12 1 4 2
5 16 12 19 1 4
5 16 25 19 6 4
5 16 25 19 1 4
5 16 3 25 19 1
5 11 3 7 1 5
5 11 17 24 6 5
5 8 17 22 24 6
5 8 17 24 19 6
5 8 17 12 19 6
5 8 22 25 24 6
5 8 17 12 7 13
5 8 12 19 6 4
5 8 25 19 6 4
5 8 25 24 19 6
5 8 17 12 19 13
5 0 11 17 24 5
5 0 17 24 19 5
5 0 25 24 19 5
5 0 9 25 19 5
5 0 9 25 1 5
5 0 9 25 19 1
5 0 9 15 19 1
5 0 8 17 19 13
5 0 8 17 24 13
5 0 8 17 24 19
5 0 19 1 13 2
5 0 15 1 13 2
5 0 15 19 13 2
5 0 15 19 1 2
5 10 9 15 7 6
5 10 15 7 6 13
5 10 17 7 6 13
5 10 17 15 7 13
5 10 9 15 6 13
5 10 9 17 6 13
5 10 9 17 15 13
5 10 11 17 6 5
5 10 16 9 7 6
5 10 17 19 6 5
5 10 9 17 19 6
5 10 0 11 17 5
5 10 9 3 7 5
5 10 16 9 3 7
5 10 9 25 19 5
5 10 0 17 19 5
5 10 0 9 19 5
5 10 11 3 7 5
5 10 9 3 25 5
5 10 16 9 19 6
5 20 8 17 22 7
5 20 8 16 12 4
5 20 11 22 15 7
5 18 11 22 15 7
5 18 11 17 22 7
5 18 8 17 22 7
5 18 20 22 15 7
5 18 20 8 15 7
5 18 20 8 22 7
5 18 20 8 22 15
5 18 17 15 7 13
5 18 8 15 7 13
5 18 8 17 7 13
5 18 10 17 15 7
5 18 10 11 17 7
5 18 10 0 11 17
5 18 0 11 17 24
5 18 11 17 22 24
5 18 8 17 24 13
5 18 8 17 22 24
5 18 10 9 17 15
5 18 11 7 1 5
5 18 11 15 7 1
5 18 10 11 7 5
5 18 10 0 11 5
5 18 0 17 24 13
5 18 10 9 7 5
5 18 10 9 15 7
5 18 10 0 9 5
5 18 0 9 15 19
5 18 10 9 17 19
5 18 10 0 17 19
5 18 10 0 9 19
5 18 9 7 1 5
5 18 9 15 7 1
5 18 0 15 19 13
5 18 0 17 19 13
5 18 0 9 1 5
5 18 0 9 15 1
5 18 9 15 19 13
5 18 9 17 19 13
5 18 9 17 15 13
5 14 20 11 15 7
5 14 3 15 7 1
5 14 11 3 7 1
5 14 10 11 3 7
5 14 20 8 15 7
5 14 10 16 3 7
5 14 10 11 3 5
5 14 11 3 1 5
5 14 3 15 7 2
5 14 16 3 7 2
5 14 8 15 7 13
5 14 20 8 16 4
5 14 3 15 1 2
5 14 15 12 7 13
5 14 16 1 4 2
5 14 16 3 1 2
5 14 15 12 7 2
5 14 16 12 7 2
5 14 20 16 12 7
5 14 20 8 12 7
5 14 20 8 16 12
5 14 16 25 1 4
5 14 16 3 25 1
5 14 8 12 4 13
5 14 8 16 12 4
5 14 8 12 7 13
5 14 12 4 13 2
5 14 16 12 4 2
5 14 15 12 13 2
5 21 14 16 25 4
5 21 14 25 1 4
5 21 8 22 25 6
5 21 3 25 1 5
5 21 14 3 1 5
5 21 14 3 25 5
5 21 14 3 25 1
5 21 14 11 1 5
5 23 14 20 16 4
5 23 21 14 16 4
5 23 21 14 20 4
5 23 16 12 6 4
5 23 20 16 12 4
5 23 16 25 6 4
5 23 21 16 25 4
5 23 21 20 8 4
5 23 14 10 16 7
5 23 14 20 16 7
5 23 21 14 16 25
5 23 21 14 20 11
5 23 8 12 6 4
5 23 20 8 12 4
5 23 16 12 7 6
5 23 20 16 12 7
5 23 8 25 6 4
5 23 21 8 25 4
5 23 21 8 25 6
5 23 21 8 22 6
5 23 21 20 8 22
5 23 10 16 7 6
5 23 14 10 11 7
5 23 14 20 11 7
5 23 14 16 3 25
5 23 14 10 16 3
5 23 21 14 25 5
5 23 14 10 11 5
5 23 21 14 11 5
5 23 8 17 12 6
5 23 17 12 7 6
5 23 16 25 19 6
5 23 10 16 19 6
5 23 8 17 22 6
5 23 20 8 17 22
5 23 21 20 11 22
5 23 10 17 7 6
5 23 10 11 6 5
5 23 20 11 22 7
5 23 10 9 3 25
5 23 10 16 9 3
5 23 10 3 25 5
5 23 14 3 25 5
5 23 14 10 3 5
5 23 8 17 12 7
5 23 20 8 12 7
5 23 20 8 17 7
5 23 10 19 6 5
5 23 10 25 19 5
5 23 10 9 25 19
5 23 10 16 9 19
5 23 21 22 25 5
5 23 21 22 25 6
5 23 21 11 22 5
5 23 20 17 22 7
5 23 10 11 17 6
5 23 11 17 22 7
5 23 10 11 17 7
5 23 9 3 25 19
5 23 16 3 25 19
5 23 16 9 3 19
5 23 24 19 6 5
5 23 25 24 19 5
5 23 25 24 19 6
5 23 22 25 24 5
5 23 22 25 24 6
5 23 11 24 6 5
5 23 11 22 24 5
5 23 17 22 24 6
5 23 11 17 24 6
5 23 11 17 22 24
