217
5 24 9 6 19 0
5 24 9 19 18 0
5 24 9 6 19 18
5 24 19 22 18 0
5 24 16 19 22 18
5 24 9 22 18 0
5 13 24 19 22 0
5 13 24 16 22 0
5 13 24 16 19 22
5 2 9 6 23 0
5 2 9 1 23 0
5 25 9 6 23 0
5 25 13 15 24 19
5 25 2 9 17 23
5 25 2 9 6 23
5 25 9 6 17 18
5 25 2 21 17 23
5 4 1 16 22 0
5 4 13 16 22 0
5 4 2 1 23 0
5 4 2 1 16 0
5 4 13 24 16 0
5 4 21 3 1 23
5 4 2 24 16 0
5 4 2 21 1 23
5 4 2 21 1 16
5 4 25 13 24 16
5 4 13 24 19 0
5 4 25 13 24 19
5 4 25 13 15 19
5 4 2 6 23 0
5 4 2 24 6 0
5 4 25 2 24 16
5 4 25 2 21 23
5 4 25 6 23 0
5 4 24 6 19 0
5 4 25 24 6 19
5 4 21 3 17 23
5 4 25 21 17 23
5 4 25 2 6 23
5 4 25 2 24 6
5 4 25 15 3 17
5 14 16 19 22 18
5 14 13 16 19 22
5 14 24 16 19 18
5 14 13 24 16 19
5 14 13 15 24 19
5 12 24 9 6 0
5 12 2 9 6 0
5 12 2 24 6 0
5 12 2 24 16 0
5 12 24 9 6 18
5 12 24 16 22 0
5 12 24 9 22 0
5 12 2 1 16 0
5 12 2 9 1 0
5 12 9 6 17 18
5 12 1 16 22 0
5 12 9 1 22 0
5 12 24 16 22 18
5 12 24 9 22 18
5 12 25 9 6 17
5 12 25 2 9 17
5 12 25 2 9 6
5 12 9 1 22 18
5 12 21 1 17 18
5 12 2 21 1 17
5 11 25 2 21 17
5 11 12 2 21 17
5 11 12 24 16 18
5 11 14 24 16 18
5 11 25 2 24 16
5 11 25 2 24 6
5 11 12 2 24 16
5 11 12 25 2 17
5 11 12 25 2 6
5 11 12 24 6 18
5 11 14 24 19 18
5 11 12 2 24 6
5 10 4 13 16 22
5 10 4 13 3 22
5 10 4 13 15 3
5 10 14 13 15 16
5 10 4 1 16 22
5 10 4 3 1 22
5 10 4 21 3 1
5 10 4 25 13 16
5 10 4 25 13 15
5 10 4 15 3 17
5 10 4 21 3 17
5 10 13 15 24 16
5 10 25 13 24 16
5 10 25 13 15 24
5 10 4 2 21 16
5 10 4 25 2 16
5 10 4 25 2 21
5 10 4 25 15 17
5 10 4 25 21 17
5 10 11 2 21 16
5 10 11 25 2 16
5 10 11 25 2 21
5 10 11 25 21 17
5 20 14 19 22 18
5 20 14 15 19 18
5 20 11 14 15 18
5 20 21 1 17 18
5 20 21 3 1 22
5 20 11 15 17 18
5 20 14 16 22 18
5 20 11 14 16 18
5 20 12 1 22 18
5 20 12 21 1 18
5 20 12 21 17 18
5 8 15 17 19 18
5 8 11 15 17 18
5 8 10 25 15 17
5 8 10 11 15 17
5 8 10 11 25 17
5 8 14 15 19 18
5 8 11 14 19 18
5 8 11 14 15 18
5 8 25 6 17 18
5 8 12 25 6 17
5 8 11 12 25 17
5 8 11 12 25 6
5 8 25 24 6 19
5 8 25 15 24 19
5 8 11 25 24 6
5 8 10 25 15 24
5 8 24 6 19 18
5 8 11 24 19 18
5 8 11 24 6 18
5 8 12 6 17 18
5 8 11 12 17 18
5 8 11 12 6 18
5 8 14 15 24 19
5 8 11 14 24 19
5 8 10 15 24 16
5 8 10 11 15 16
5 8 11 25 24 16
5 8 10 25 24 16
5 8 10 11 25 16
5 8 11 14 24 16
5 8 11 14 15 16
5 8 13 15 24 16
5 8 14 13 24 16
5 8 14 13 15 16
5 8 14 13 15 24
5 5 14 13 15 3
5 5 10 13 15 3
5 5 10 14 13 15
5 5 14 13 3 22
5 5 20 14 3 22
5 5 10 13 3 22
5 5 20 14 15 3
5 5 10 15 3 17
5 5 20 15 3 17
5 5 10 21 3 17
5 5 10 11 15 17
5 5 20 11 15 17
5 7 11 12 21 17
5 7 20 12 21 17
5 7 5 20 11 17
5 7 11 12 17 18
5 7 20 12 17 18
5 7 20 11 17 18
5 7 10 11 21 17
5 7 5 10 21 17
5 7 5 10 11 17
5 7 20 21 3 17
5 7 5 21 3 17
5 7 5 20 3 17
5 7 11 12 16 18
5 7 20 11 16 18
5 7 11 2 21 16
5 7 11 12 2 16
5 7 11 12 2 21
5 7 10 11 21 16
5 7 20 21 3 22
5 7 5 20 3 22
5 7 12 16 22 18
5 7 20 16 22 18
5 7 20 12 22 18
5 7 2 21 1 16
5 7 12 2 1 16
5 7 12 2 21 1
5 7 12 1 16 22
5 7 20 21 1 22
5 7 20 12 1 22
5 7 20 12 21 1
5 7 20 11 14 16
5 7 21 3 1 22
5 7 5 10 14 15
5 7 5 10 11 15
5 7 20 11 14 15
5 7 5 20 14 15
5 7 5 20 11 15
5 7 10 1 16 22
5 7 11 14 15 16
5 7 10 14 15 16
5 7 10 11 15 16
5 7 10 3 1 22
5 7 5 10 3 22
5 7 10 21 3 1
5 7 5 10 21 3
5 7 10 13 16 22
5 7 5 10 13 22
5 7 10 14 13 16
5 7 5 10 14 13
5 7 4 21 1 16
5 7 10 4 1 16
5 7 10 4 21 16
5 7 10 4 21 1
5 7 14 13 16 22
5 7 20 14 16 22
5 7 5 14 13 22
5 7 5 20 14 22
