326
5 9 17 26 15 10
5 1 23 0 16 19
5 3 7 0 16 13
5 3 23 0 16 19
5 3 7 23 16 13
5 3 1 23 0 19
5 5 23 16 19 15
5 5 23 17 16 15
5 5 23 19 15 10
5 5 23 17 15 10
5 5 7 23 16 19
5 5 3 23 19 10
5 5 7 23 19 13
5 5 22 7 19 13
5 5 3 23 19 13
5 5 3 22 19 13
5 5 3 7 23 13
5 6 22 7 19 13
5 6 22 7 25 13
5 6 7 0 16 13
5 6 7 25 27 4
5 6 3 0 19 13
5 6 3 0 16 13
5 6 3 0 16 19
5 6 7 23 19 13
5 6 7 23 16 13
5 6 7 23 16 19
5 6 3 23 19 13
5 6 3 23 16 13
5 6 3 23 16 19
5 28 23 16 19 15
5 28 1 23 16 15
5 28 1 23 16 19
5 28 1 0 16 15
5 28 6 7 0 4
5 18 9 2 15 10
5 12 5 26 16 19
5 12 17 26 16 4
5 12 5 7 23 16
5 12 5 23 17 16
5 12 5 22 26 4
5 12 5 3 7 23
5 12 20 17 26 4
5 12 5 3 7 13
5 12 5 23 17 10
5 12 5 3 23 10
5 12 20 17 27 4
5 12 5 3 22 13
5 12 5 22 7 4
5 12 5 22 7 13
5 12 22 7 25 4
5 12 22 7 25 13
5 12 22 25 27 13
5 24 25 26 27 4
5 24 20 26 27 4
5 24 20 25 26 27
5 24 12 25 27 4
5 24 12 20 27 4
5 24 22 25 26 4
5 24 12 22 25 4
5 24 12 22 25 27
5 24 12 20 26 4
5 24 22 25 27 13
5 30 17 26 15 10
5 30 9 26 15 10
5 30 5 19 15 10
5 30 5 17 15 10
5 30 5 26 19 10
5 30 5 17 26 10
5 30 28 16 19 15
5 30 5 16 19 15
5 30 5 17 16 15
5 30 5 26 16 19
5 30 17 16 15 4
5 30 17 26 16 4
5 30 28 16 15 4
5 30 12 17 26 16
5 30 12 5 26 16
5 30 12 5 17 16
5 30 12 5 17 26
5 30 28 7 16 4
5 31 12 20 17 26
5 31 18 9 26 10
5 31 5 26 19 10
5 31 5 17 26 10
5 31 12 5 17 10
5 31 12 5 17 26
5 31 12 5 3 10
5 31 12 5 3 22
5 31 9 17 26 10
5 31 20 9 17 26
5 31 12 9 17 10
5 31 12 20 9 17
5 31 12 9 2 10
5 31 18 9 2 10
5 31 18 20 9 2
5 31 18 32 2 10
5 31 18 20 32 2
5 31 3 32 2 10
5 31 3 22 32 13
5 31 24 22 32 13
5 14 12 22 26 4
5 14 24 22 26 4
5 14 24 12 26 4
5 14 24 12 22 4
5 14 31 24 12 22
5 14 12 5 22 26
5 14 31 12 5 26
5 14 31 12 5 22
5 14 24 12 20 26
5 14 31 12 20 26
5 14 31 24 12 20
5 14 5 22 26 19
5 14 31 5 26 19
5 14 31 24 22 32
5 14 5 3 22 19
5 14 31 5 3 22
5 14 31 3 22 32
5 14 5 3 19 10
5 14 31 5 19 10
5 14 31 5 3 10
5 14 31 24 20 32
5 21 6 22 7 19
5 21 6 22 7 25
5 21 14 22 26 19
5 21 24 22 25 26
5 21 14 24 22 26
5 21 22 25 26 4
5 21 22 7 25 4
5 21 6 7 25 4
5 21 14 24 20 26
5 21 5 22 26 4
5 21 5 22 26 19
5 21 5 22 7 4
5 21 5 22 7 19
5 21 30 26 16 4
5 21 30 26 16 19
5 21 30 7 16 4
5 21 12 5 26 4
5 21 12 5 26 19
5 21 12 5 7 4
5 21 6 7 16 19
5 21 30 28 16 19
5 21 30 28 7 16
5 21 28 6 7 4
5 21 30 28 7 4
5 21 12 26 16 4
5 21 12 26 16 19
5 21 12 7 16 4
5 21 5 7 16 19
5 21 12 5 16 19
5 21 12 5 7 16
5 21 6 0 16 19
5 21 6 7 0 16
5 21 28 7 0 16
5 21 28 6 7 0
5 21 1 0 16 19
5 21 28 1 16 19
5 21 28 1 0 16
5 21 6 1 0 19
5 21 28 6 1 0
5 29 6 22 25 13
5 29 6 22 32 13
5 29 24 22 25 13
5 29 24 22 32 13
5 29 21 6 22 25
5 29 21 24 22 25
5 29 24 25 27 13
5 29 24 32 27 13
5 29 24 20 25 27
5 29 24 20 32 27
5 29 14 24 22 32
5 29 21 14 24 22
5 29 6 7 25 13
5 29 20 32 2 27
5 29 18 20 2 27
5 29 18 20 32 2
5 29 28 6 1 0
5 11 29 6 0 13
5 11 29 6 32 13
5 11 29 0 2 13
5 11 29 32 2 13
5 11 29 6 1 0
5 11 6 0 19 13
5 11 6 1 0 19
5 11 3 0 2 13
5 11 3 32 2 13
5 11 29 1 0 2
5 11 29 28 6 1
5 11 3 0 19 13
5 11 3 1 0 19
5 11 3 1 0 2
5 11 6 22 19 13
5 11 6 22 32 13
5 11 29 18 32 2
5 11 29 18 1 2
5 11 29 21 28 6
5 11 3 22 19 13
5 11 3 22 32 13
5 11 21 6 22 19
5 11 21 6 1 19
5 11 21 28 1 19
5 11 21 28 6 1
5 11 29 6 22 32
5 11 29 21 6 22
5 11 14 3 22 19
5 11 14 3 22 32
5 11 14 3 19 10
5 11 3 23 19 10
5 11 3 1 23 19
5 11 3 32 2 10
5 11 18 32 2 10
5 11 21 14 22 19
5 11 28 1 23 19
5 11 18 28 1 15
5 11 29 14 22 32
5 11 29 21 14 22
5 11 14 31 19 10
5 11 31 3 32 10
5 11 14 31 3 10
5 11 14 31 3 32
5 11 3 23 15 10
5 11 3 1 23 15
5 11 3 2 15 10
5 11 3 1 2 15
5 11 18 2 15 10
5 11 18 1 2 15
5 11 31 18 32 10
5 11 23 19 15 10
5 11 28 23 19 15
5 11 28 1 23 15
5 11 21 30 28 19
5 11 29 18 20 32
5 11 21 14 26 19
5 11 31 26 19 10
5 11 31 18 26 10
5 11 30 19 15 10
5 11 30 28 19 15
5 11 21 30 26 19
5 11 31 18 20 32
5 11 14 31 20 32
5 11 14 31 18 20
5 11 14 24 20 32
5 11 29 24 20 32
5 11 29 14 24 32
5 11 21 14 24 20
5 11 29 21 24 20
5 11 29 21 14 24
5 11 14 31 26 19
5 11 30 26 19 10
5 11 18 9 15 10
5 11 30 9 15 10
5 8 29 1 0 2
5 8 29 18 1 2
5 8 29 28 1 0
5 8 18 9 2 15
5 8 18 1 2 15
5 8 29 18 2 27
5 8 18 28 1 15
5 8 20 9 2 27
5 8 18 20 2 27
5 8 18 20 9 2
5 8 11 18 28 1
5 8 11 29 28 1
5 8 11 29 18 1
5 8 29 6 0 27
5 8 29 28 6 0
5 8 11 29 21 28
5 8 6 0 27 4
5 8 28 6 0 4
5 8 29 21 28 6
5 8 30 9 26 15
5 8 11 18 9 15
5 8 11 30 9 15
5 8 11 18 28 15
5 8 11 30 28 15
5 8 9 17 26 15
5 8 30 28 15 4
5 8 20 9 17 27
5 8 20 9 17 26
5 8 29 18 20 27
5 8 31 20 9 26
5 8 31 18 9 26
5 8 31 18 20 9
5 8 11 21 30 28
5 8 11 29 18 20
5 8 11 29 21 20
5 8 21 28 6 4
5 8 29 6 25 27
5 8 29 21 6 25
5 8 30 17 15 4
5 8 30 17 26 4
5 8 30 17 26 15
5 8 21 30 26 4
5 8 21 30 28 4
5 8 20 26 27 4
5 8 20 17 27 4
5 8 20 17 26 4
5 8 14 31 20 26
5 8 14 31 18 20
5 8 11 21 30 26
5 8 6 25 27 4
5 8 21 6 25 4
5 8 25 26 27 4
5 8 21 25 26 4
5 8 29 20 25 27
5 8 18 9 26 10
5 8 11 18 26 10
5 8 11 18 9 10
5 8 30 9 26 10
5 8 11 30 26 10
5 8 11 30 9 10
5 8 20 25 26 27
5 8 11 14 18 20
5 8 11 31 18 26
5 8 11 14 31 26
5 8 11 14 31 18
5 8 21 14 20 26
5 8 11 21 14 26
5 8 11 21 14 20
5 8 29 24 20 25
5 8 29 21 24 25
5 8 29 21 24 20
5 8 24 20 25 26
5 8 21 24 25 26
5 8 21 24 20 26
