228
5 25 8 0 4 1
5 25 8 0 7 1
5 10 8 0 7 15
5 10 20 0 7 15
5 10 20 0 22 7
5 10 8 0 4 15
5 10 25 8 24 4
5 10 25 8 0 4
5 18 21 3 16 15
5 18 20 3 16 15
5 18 20 21 16 15
5 18 20 21 24 15
5 18 21 24 4 15
5 18 21 3 4 15
5 18 20 3 7 15
5 18 8 3 4 15
5 18 8 3 7 15
5 18 20 22 24 15
5 18 10 24 4 15
5 18 10 8 4 15
5 18 10 8 24 4
5 18 10 8 7 15
5 12 20 0 22 7
5 12 5 23 22 1
5 12 5 20 23 22
5 12 20 23 21 15
5 12 10 20 0 15
5 12 10 20 0 22
5 13 20 21 24 15
5 13 20 23 21 15
5 13 20 22 24 15
5 13 12 23 21 1
5 13 18 21 24 16
5 13 18 20 21 16
5 13 18 20 21 24
5 13 5 20 21 16
5 13 5 20 23 21
5 13 18 20 22 24
5 13 5 20 23 22
5 6 18 8 3 7
5 6 18 25 8 3
5 6 18 20 3 7
5 6 18 10 8 7
5 6 18 10 8 24
5 6 18 10 7 15
5 6 18 10 22 15
5 6 10 25 8 24
5 6 18 20 7 15
5 6 18 20 22 15
5 6 10 20 7 15
5 6 10 20 22 15
5 6 10 20 22 7
5 6 25 8 0 7
5 6 10 8 0 7
5 6 10 25 8 0
5 11 13 5 21 16
5 11 13 21 24 16
5 11 18 21 24 16
5 11 13 23 21 1
5 11 13 5 23 21
5 11 12 23 21 1
5 14 18 22 24 15
5 14 18 10 24 15
5 14 18 10 22 15
5 14 10 20 22 15
5 14 12 10 20 15
5 14 12 10 20 22
5 14 12 10 0 22
5 14 6 10 22 24
5 14 6 18 22 24
5 14 6 18 10 24
5 14 6 18 10 22
5 14 12 20 23 15
5 14 12 20 23 22
5 14 21 24 4 15
5 14 10 24 4 15
5 14 12 10 0 15
5 14 12 0 22 1
5 14 13 20 22 15
5 14 13 20 23 15
5 14 13 20 23 22
5 14 12 23 21 15
5 14 13 23 21 15
5 14 10 0 4 15
5 14 12 0 4 15
5 14 12 21 4 15
5 14 10 25 24 4
5 14 10 25 0 4
5 14 10 25 0 24
5 14 25 0 4 1
5 14 12 0 4 1
5 2 6 18 3 24
5 2 11 18 24 16
5 2 18 20 3 16
5 2 6 18 20 3
5 2 11 13 24 16
5 2 5 20 3 16
5 2 6 5 20 3
5 2 13 18 24 16
5 2 13 18 22 24
5 2 11 13 5 16
5 2 13 18 20 16
5 2 13 18 20 22
5 2 13 5 20 16
5 2 13 5 20 22
5 2 13 5 23 22
5 2 11 13 5 23
5 17 13 12 23 21
5 17 14 12 23 21
5 17 14 13 23 21
5 17 13 12 21 1
5 17 13 21 24 15
5 17 14 21 24 15
5 17 14 13 21 15
5 17 13 12 23 1
5 17 14 13 23 22
5 17 13 22 24 15
5 17 14 22 24 15
5 17 14 13 22 15
5 17 11 13 23 1
5 17 12 23 22 1
5 17 14 12 22 1
5 17 14 12 23 22
5 17 2 13 22 24
5 17 2 13 23 22
5 17 14 25 0 1
5 17 14 25 0 24
5 17 2 11 13 24
5 17 2 11 13 23
5 17 14 0 22 1
5 17 2 11 25 24
5 17 14 10 0 24
5 17 11 5 23 1
5 17 2 11 5 23
5 19 17 11 25 1
5 19 17 2 11 25
5 19 17 25 0 1
5 19 2 6 25 24
5 19 17 2 25 24
5 19 17 11 5 1
5 19 17 2 11 5
5 19 25 0 7 1
5 19 6 25 7 1
5 19 6 25 0 7
5 19 17 0 22 1
5 19 17 25 0 24
5 19 17 2 22 24
5 19 2 5 20 22
5 19 2 6 5 20
5 19 10 25 0 24
5 19 6 10 25 24
5 19 6 10 25 0
5 19 17 10 0 24
5 19 5 23 22 1
5 19 17 23 22 1
5 19 17 5 23 1
5 19 2 5 23 22
5 19 17 2 23 22
5 19 17 2 5 23
5 19 6 18 22 24
5 19 2 18 22 24
5 19 2 6 18 24
5 19 6 10 22 24
5 19 6 20 22 7
5 19 6 18 20 22
5 19 2 18 20 22
5 19 2 6 18 20
5 19 12 0 7 1
5 19 12 0 22 1
5 19 12 0 22 7
5 19 10 0 22 7
5 19 6 10 22 7
5 19 6 10 0 7
5 19 14 10 0 22
5 19 17 14 0 22
5 19 17 14 10 0
5 19 14 10 22 24
5 19 17 14 22 24
5 19 17 14 10 24
5 19 12 20 22 7
5 9 12 21 4 1
5 9 17 12 21 1
5 9 14 12 21 4
5 9 17 14 12 21
5 9 11 21 4 1
5 9 17 13 21 1
5 9 14 25 4 1
5 9 14 12 4 1
5 9 17 14 25 1
5 9 17 14 12 1
5 9 14 21 24 4
5 9 17 14 21 24
5 9 11 13 21 1
5 9 11 21 3 4
5 9 17 11 25 1
5 9 17 11 13 1
5 9 18 21 24 4
5 9 14 25 24 4
5 9 17 14 25 24
5 9 17 11 25 24
5 9 18 21 3 4
5 9 11 13 21 24
5 9 17 13 21 24
5 9 17 11 13 24
5 9 25 8 24 4
5 9 18 8 24 4
5 9 11 18 21 24
5 9 25 8 3 4
5 9 18 8 3 4
5 9 18 25 8 3
5 9 18 21 3 16
5 9 11 21 3 16
5 9 11 18 21 16
5 9 6 25 8 24
5 9 6 18 8 24
5 9 6 18 25 8
5 9 2 18 3 16
5 9 2 11 3 16
5 9 2 11 18 16
5 9 6 18 3 24
5 9 6 18 25 3
5 9 2 11 25 24
5 9 2 11 25 3
5 9 2 18 3 24
5 9 2 11 18 24
5 9 2 6 3 24
5 9 2 6 25 24
5 9 2 6 25 3
