4
33
3.94409 -9.62039 -7.81919 8.80344
-9.42209 -4.61463 -8.94128 6.65693
-8.57313 -5.87052 9.5583 -9.1355
1.02252 3.66773 -0.57413 3.91898
0.441975 7.74259 -3.79849 -6.61788
0.338641 -5.02539 -0 -2.77083
-0.890797 4.64948 -0 7.26745
-1.76028 -6.83216 -0 5.70145
-6.45556 -5.73216 -0 3.39446
2.61977 -6.97107 -0 2.70949
2.26101 6.23918 -0 7.16568
-7.48448 -3.96523 -0 -0.413853
-9.92934 5.43258 -4.79175 -0
5.94707 7.68532 9.85469 -0
-8.10313 9.15853 6.60871 -0
3.5926 1.18825 -5.57655 -0
-3.60029 -4.85645 -9.1765 -0
-6.10899 -0.668682 -1.41387 -0
-1.90855 2.2182 -1.31273 -0
-0 4.98856 5.53647 -7.78214
-0 -7.24372 -9.60707 -5.73684
-0 8.55473 -6.37835 7.88859
-0 -1.25127 -2.12728 -0.403161
-0 -5.7775 3.70213 -5.72001
-0 -4.62928 -2.25887 9.44037
-0 0.423422 -9.07594 3.88789
4.95339 -0 3.83541 7.2946
1.37963 -0 -8.3618 -2.15068
2.40561 -0 5.35052 1.38335
8.0746 -0 -4.78689 0.405591
-1.9664 -0 -4.99689 -9.70948
2.15882 -0 1.96212 5.7791
6.99913 -0 -2.06095 -0.719531
