4
33
-9.97234 -8.44295 -9.88391 5.77444
7.99719 6.82268 -3.87644 7.16777
9.17795 -6.05793 -6.74286 -2.81824
3.14825 -6.27103 -1.39832 -9.95336
1.77628 6.92999 -0.470306 1.59512
-0 -2.66014 -1.00717 3.22604
-0 -2.18201 2.33322 7.16825
-0 8.34713 6.14256 -5.88568
-0 -8.06001 -8.75287 3.41409
-0 3.28655 0.54018 9.65599
-0 5.45242 -3.72863 -4.09612
-0 -2.51735 -2.32182 -0.713065
-4.96802 -0 -8.18035 -9.38736
-2.40735 -0 6.47864 8.88373
0.0460586 -0 -7.0464 5.51806
-3.34194 -0 -7.7966 3.82872
1.28762 -0 4.46088 6.41196
-4.3452 -0 7.22595 -4.74573
4.54725 -0 1.34042 8.8521
-5.10534 5.26778 -0 2.33444
-0.0832128 -7.85654 -0 2.94842
-0.247318 -7.82971 -0 7.59208
-9.71177 -1.54061 -0 -8.58869
-2.00521 5.29957 -0 3.75747
-6.30082 2.74249 -0 2.77223
3.71051 3.21983 -0 -2.27499
-2.67861 -7.82128 7.2493 -0
0.814121 -5.68783 -2.09798 -0
0.800325 -2.414 5.67267 -0
7.87704 -4.02651 4.90945 -0
3.90272 -2.14802 -9.74461 -0
-0.906182 -3.56017 -0.243359 -0
6.57168 1.46894 -2.93966 -0
