4
33
-7.7673 8.8829 0.125116 -5.52251
-5.54513 7.11118 -0.524465 -9.75304
-8.20089 2.68994 -0.221705 0.163611
4.73038 2.50371 9.85238 -3.54548
-9.10589 5.83087 9.95009 -1.73051
-0 -2.66014 -1.00717 3.22604
-0 -2.18201 2.33322 7.16825
-0 8.34713 6.14256 -5.88568
-0 -8.06001 -8.75287 3.41409
-0 3.28655 0.54018 9.65599
-0 5.45242 -3.72863 -4.09612
-0 -2.51735 -2.32182 -0.713065
1.88379 -0 -3.51799 -5.61735
-9.33458 -0 5.7105 -6.30057
-9.65398 -0 0.563034 -9.41299
-5.12455 -0 -0.40768 5.90635
1.22331 -0 -3.03543 9.90685
7.9834 -0 -0.225988 0.962253
0.312694 -0 6.19209 1.65039
-6.23351 -5.30002 -0 8.09514
7.41064 0.66849 -0 -8.71523
-4.49332 1.42257 -0 1.69702
-9.00362 6.78917 -0 -4.20413
-2.49058 1.11522 -0 -9.34954
3.47338 2.20004 -0 -5.50715
1.72523 -8.97103 -0 -9.34342
-1.4873 0.781555 -6.82204 -0
-3.43135 7.88221 9.00464 -0
-4.66071 -4.0084 8.41697 -0
-4.0969 -8.82908 -4.84407 -0
-6.87601 3.18325 -9.29668 -0
6.78841 6.66275 -8.9466 -0
9.62636 0.467651 -3.40239 -0
