4
26
-8.51914 9.20242 -4.43656 0.960544
-5.5954 -2.67679 6.71775 7.60422
2.7905 -9.0975 -4.92147 -1.97848
-4.12045 -4.28595 -7.12453 3.49195
-1.17226 8.49121 2.09116 -8.34306
-2.08369 -0 7.20662 1.74494
2.75639 -0 -0.103179 -0.67134
-1.39116 -0 -3.30148 -3.90161
7.22219 -0 -2.22027 -8.57688
6.22091 -0 9.88618 -5.04589
6.67417 -0 4.69418 0.305824
6.97071 -0 -7.31275 3.79964
-1.35995 -2.62268 -0 -3.55597
-3.95704 8.40244 -0 1.45517
-5.50757 -2.65758 -0 -2.57915
-1.01469 6.06646 -0 -4.57062
4.96502 -5.21782 -0 -8.43617
-4.03233 8.28238 -0 -0.989736
-8.7481 6.6241 -0 -4.25665
8.63786 -9.5955 -8.7706 -0
7.78585 -3.57608 9.01369 -0
1.35165 5.2353 3.48686 -0
1.85458 -6.62791 9.9118 -0
-6.26408 7.50524 -3.33882 -0
1.19583 -4.79539 -5.22383 -0
0.806843 3.89256 -7.75604 -0
