4
26
3.00493 -5.35176 4.20804 -8.26736
3.81531 -5.29526 5.54584 3.61065
-8.04915 -3.09888 -3.92327 7.2668
-3.9262 -5.69781 -0.069444 -1.26049
1.68644 -4.58666 -5.10315 -1.45288
-0 4.98856 5.53647 -7.78214
-0 -7.24372 -9.60707 -5.73684
-0 8.55473 -6.37835 7.88859
-0 -1.25127 -2.12728 -0.403161
-0 -5.7775 3.70213 -5.72001
-0 -4.62928 -2.25887 9.44037
-0 0.423422 -9.07594 3.88789
-1.50105 2.23906 -0 -6.68944
7.45566 -5.95944 -0 -5.65321
3.94133 -4.01999 -0 4.2221
0.305845 -2.39803 -0 -5.64509
-1.17826 -7.88655 -0 -2.36695
0.685534 -0.861501 -0 1.1993
-2.42047 2.74883 -0 7.98019
9.78398 8.99592 8.22525 -0
-5.75412 -4.90232 4.40249 -0
-3.27755 7.44181 -7.24202 -0
-7.74204 -5.33935 5.13272 -0
9.65813 0.189824 -1.52704 -0
4.03722 9.68822 3.50439 -0
7.35994 -2.5511 -9.18304 -0
