4
26
-8.97038 1.74643 -8.53205 4.50443
-8.04685 8.7042 -8.23737 -1.64434
-0.523288 6.85441 -9.96686 3.6315
-5.48046 9.11115 -0.925623 2.69989
6.23174 9.63094 -6.30737 8.4058
-0 8.13166 3.0641 -0.311879
-0 -3.03285 2.08497 -0.379096
-0 -9.68023 3.59925 3.54429
-0 -8.42407 2.18059 -9.06444
-0 -2.88483 -2.22884 2.51857
-0 -1.68856 8.13559 -2.53717
-0 0.713957 -3.32865 -2.55063
-5.10534 5.26778 -0 2.33444
-0.0832128 -7.85654 -0 2.94842
-0.247318 -7.82971 -0 7.59208
-9.71177 -1.54061 -0 -8.58869
-2.00521 5.29957 -0 3.75747
-6.30082 2.74249 -0 2.77223
3.71051 3.21983 -0 -2.27499
9.78398 8.99592 8.22525 -0
-5.75412 -4.90232 4.40249 -0
-3.27755 7.44181 -7.24202 -0
-7.74204 -5.33935 5.13272 -0
9.65813 0.189824 -1.52704 -0
4.03722 9.68822 3.50439 -0
7.35994 -2.5511 -9.18304 -0
