4
33
6.24867 -9.16104 0.744541 -7.25532
-6.97202 -0.787768 -7.00158 -6.06106
-1.29266 -2.76896 3.43236 3.42638
6.02512 2.61543 -0.393106 5.26395
-5.31001 5.84174 9.91389 2.90208
-1.4873 0.781555 -6.82204 -0
-3.43135 7.88221 9.00464 -0
-4.66071 -4.0084 8.41697 -0
-4.0969 -8.82908 -4.84407 -0
-6.87601 3.18325 -9.29668 -0
6.78841 6.66275 -8.9466 -0
9.62636 0.467651 -3.40239 -0
-0 -8.51 -9.45597 -6.65623
-0 5.89165 0.52574 -5.155
-0 8.58654 7.67337 -3.98222
-0 8.54672 7.61502 3.9657
-0 0.443525 -1.02189 6.85534
-0 1.65817 7.90585 -1.14623
-0 -4.02871 -8.8297 1.82304
9.76168 -0 5.92838 -0.313597
-1.06175 -0 -1.26195 -1.20682
-2.43224 -0 6.06565 0.977829
-0.0329263 -0 -9.47691 8.20387
-1.88258 -0 6.06845 -4.32999
-0.695752 -0 5.07168 -0.780997
7.73713 -0 5.78077 4.13594
0.338641 -5.02539 -0 -2.77083
-0.890797 4.64948 -0 7.26745
-1.76028 -6.83216 -0 5.70145
-6.45556 -5.73216 -0 3.39446
2.61977 -6.97107 -0 2.70949
2.26101 6.23918 -0 7.16568
-7.48448 -3.96523 -0 -0.413853
