4
26
5.78749 7.91543 1.95304 -2.51479
-8.47789 -6.38177 8.34697 -8.96977
-9.59587 -0.76247 6.24729 -5.33351
-5.50287 -4.99472 6.46437 -3.04762
-2.12145 -7.62851 -6.97785 4.3096
9.76168 -0 5.92838 -0.313597
-1.06175 -0 -1.26195 -1.20682
-2.43224 -0 6.06565 0.977829
-0.0329263 -0 -9.47691 8.20387
-1.88258 -0 6.06845 -4.32999
-0.695752 -0 5.07168 -0.780997
7.73713 -0 5.78077 4.13594
-4.2706 -0.300688 -3.62303 -0
-8.44095 9.48791 0.246232 -0
-5.63708 -6.2023 5.01537 -0
-7.44667 7.56613 7.33777 -0
-3.63917 -4.6075 -1.20913 -0
1.73982 6.11447 -0.237341 -0
0.500608 7.48952 6.70734 -0
2.11109 0.989172 -0 -6.7782
2.7025 -5.4959 -0 6.75394
6.51916 -5.70401 -0 6.11566
7.67532 -2.01211 -0 7.03411
0.809746 -4.00246 -0 2.86824
8.19893 6.24493 -0 0.179716
9.29316 -2.88258 -0 -7.59512
