4
33
5.40557 -4.93101 -8.05969 7.47125
-5.89685 -1.23906 0.64106 -9.41328
-2.35042 8.38641 -5.13554 1.05302
-0.78592 -2.63428 -7.15304 -9.80621
1.30406 -7.11396 -3.39093 -1.04365
-6.23351 -5.30002 -0 8.09514
7.41064 0.66849 -0 -8.71523
-4.49332 1.42257 -0 1.69702
-9.00362 6.78917 -0 -4.20413
-2.49058 1.11522 -0 -9.34954
3.47338 2.20004 -0 -5.50715
1.72523 -8.97103 -0 -9.34342
-0 8.13166 3.0641 -0.311879
-0 -3.03285 2.08497 -0.379096
-0 -9.68023 3.59925 3.54429
-0 -8.42407 2.18059 -9.06444
-0 -2.88483 -2.22884 2.51857
-0 -1.68856 8.13559 -2.53717
-0 0.713957 -3.32865 -2.55063
-2.08369 -0 7.20662 1.74494
2.75639 -0 -0.103179 -0.67134
-1.39116 -0 -3.30148 -3.90161
7.22219 -0 -2.22027 -8.57688
6.22091 -0 9.88618 -5.04589
6.67417 -0 4.69418 0.305824
6.97071 -0 -7.31275 3.79964
-9.92934 5.43258 -4.79175 -0
5.94707 7.68532 9.85469 -0
-8.10313 9.15853 6.60871 -0
3.5926 1.18825 -5.57655 -0
-3.60029 -4.85645 -9.1765 -0
-6.10899 -0.668682 -1.41387 -0
-1.90855 2.2182 -1.31273 -0
