4
33
-7.00358 -6.40179 8.84245 -2.47596
-5.92938 -6.46464 7.66054 -1.09912
3.98281 6.03163 5.87491 9.75522
6.74613 1.61362 7.89771 -8.6881
-9.73363 2.5537 -6.17136 -4.25924
1.88379 -0 -3.51799 -5.61735
-9.33458 -0 5.7105 -6.30057
-9.65398 -0 0.563034 -9.41299
-5.12455 -0 -0.40768 5.90635
1.22331 -0 -3.03543 9.90685
7.9834 -0 -0.225988 0.962253
0.312694 -0 6.19209 1.65039
-0 2.53226 -8.36749 -6.12587
-0 6.20965 9.93201 -8.81698
-0 5.48915 -0.387226 -2.26803
-0 -7.44019 -1.26305 6.21987
-0 -7.40997 -1.60551 -8.43931
-0 -2.86138 -9.06935 5.48321
-0 3.47397 3.73155 6.8206
-1.35995 -2.62268 -0 -3.55597
-3.95704 8.40244 -0 1.45517
-5.50757 -2.65758 -0 -2.57915
-1.01469 6.06646 -0 -4.57062
4.96502 -5.21782 -0 -8.43617
-4.03233 8.28238 -0 -0.989736
-8.7481 6.6241 -0 -4.25665
-4.2706 -0.300688 -3.62303 -0
-8.44095 9.48791 0.246232 -0
-5.63708 -6.2023 5.01537 -0
-7.44667 7.56613 7.33777 -0
-3.63917 -4.6075 -1.20913 -0
1.73982 6.11447 -0.237341 -0
0.500608 7.48952 6.70734 -0
