329
5 28 9 19 22 13
5 30 3 9 17 11
5 30 8 9 17 11
5 23 15 12 24 2
5 14 15 12 24 2
5 14 15 12 24 4
5 14 21 12 4 2
5 14 21 15 12 2
5 14 21 15 12 4
5 14 21 8 15 4
5 14 23 15 24 2
5 14 30 8 15 11
5 14 23 30 15 11
5 14 23 30 15 24
5 10 6 19 22 13
5 18 30 3 9 17
5 5 28 19 22 13
5 5 10 19 22 13
5 5 28 9 22 13
5 5 10 6 22 13
5 5 28 3 32 13
5 5 28 3 9 13
5 5 18 9 17 22
5 5 18 3 9 17
5 25 23 30 15 11
5 25 30 3 32 11
5 25 23 30 32 11
5 25 23 32 2 11
5 25 14 15 2 11
5 25 14 23 2 11
5 25 14 23 15 11
5 25 14 23 15 2
5 25 21 12 31 2
5 25 21 15 12 2
5 25 23 15 12 2
5 25 12 32 31 2
5 25 23 12 32 2
5 25 23 12 32 31
5 25 23 12 24 31
5 25 21 15 12 24
5 25 23 15 12 24
5 20 23 12 24 2
5 20 23 12 32 2
5 20 14 23 24 2
5 20 10 23 12 24
5 20 10 23 12 32
5 20 14 28 19 2
5 20 28 32 2 11
5 20 14 28 2 11
5 20 23 32 2 11
5 20 14 23 2 11
5 20 10 12 19 2
5 20 10 12 19 24
5 20 12 32 2 13
5 20 10 12 2 13
5 20 10 12 32 13
5 20 28 32 2 13
5 20 28 19 2 13
5 20 10 19 2 13
5 20 14 12 24 2
5 20 14 12 19 2
5 20 14 12 19 24
5 20 14 23 30 11
5 29 14 15 24 4
5 29 14 8 15 4
5 29 14 8 15 24
5 29 14 8 19 4
5 29 14 8 19 24
5 29 14 12 24 4
5 29 14 12 19 24
5 29 10 12 19 24
5 29 10 6 4 13
5 29 10 6 19 13
5 29 14 19 4 2
5 29 14 12 4 2
5 29 14 12 19 2
5 29 10 12 19 2
5 29 10 19 2 13
5 29 12 4 2 13
5 29 10 12 2 13
5 29 10 12 4 13
5 16 20 14 19 24
5 16 20 14 28 19
5 16 14 8 19 24
5 16 5 28 19 22
5 16 14 30 15 24
5 16 14 30 8 15
5 16 14 30 8 11
5 16 14 23 30 24
5 16 20 14 23 24
5 16 20 14 23 30
5 16 20 30 28 11
5 16 20 14 28 11
5 16 20 14 30 11
5 16 14 28 8 11
5 16 14 28 8 19
5 16 20 10 19 24
5 16 5 28 19 13
5 16 20 28 19 13
5 16 28 9 19 22
5 16 5 28 9 22
5 16 28 8 9 11
5 16 30 8 9 11
5 16 28 8 9 19
5 26 18 23 24 31
5 26 25 23 24 31
5 26 25 21 15 24
5 26 18 21 4 31
5 26 25 12 24 31
5 26 25 21 12 31
5 26 25 21 12 24
5 26 16 30 15 24
5 26 16 30 8 15
5 26 29 8 15 24
5 26 21 12 4 31
5 26 15 12 24 4
5 26 21 15 12 4
5 26 21 15 12 24
5 26 29 15 24 4
5 26 21 8 15 4
5 26 14 8 15 24
5 26 16 14 15 24
5 26 16 14 8 24
5 26 16 14 8 15
5 26 29 8 15 4
5 26 30 8 9 17
5 26 18 30 9 17
5 26 21 8 17 4
5 26 18 8 17 4
5 26 18 21 17 4
5 26 29 12 24 4
5 26 29 10 12 4
5 26 29 10 12 24
5 1 10 23 12 32
5 1 23 12 32 31
5 1 10 12 32 13
5 1 5 10 32 13
5 1 23 12 24 31
5 1 10 23 12 24
5 1 12 32 2 13
5 1 12 32 31 2
5 1 5 3 32 31
5 1 5 10 6 13
5 1 26 12 24 31
5 1 26 10 12 24
5 1 26 18 24 31
5 1 26 12 4 31
5 1 26 10 12 4
5 1 26 5 18 24
5 1 18 3 17 31
5 1 5 18 3 31
5 1 5 18 3 17
5 1 5 10 6 22
5 1 26 18 4 31
5 1 29 10 6 4
5 1 5 6 17 22
5 1 5 18 17 22
5 1 26 29 10 4
5 1 18 21 4 31
5 1 18 21 17 31
5 1 18 21 17 4
5 1 8 6 17 4
5 1 18 8 17 4
5 1 18 8 6 17
5 27 3 32 2 11
5 27 25 32 2 11
5 27 25 3 32 11
5 27 25 3 32 2
5 27 25 15 2 11
5 27 25 21 15 2
5 27 14 15 2 11
5 27 14 21 15 2
5 27 30 3 17 11
5 27 25 30 3 11
5 27 14 8 15 11
5 27 25 30 15 11
5 27 18 30 3 17
5 27 30 8 17 11
5 27 30 8 15 11
5 27 26 21 8 17
5 27 26 21 8 15
5 27 18 21 17 31
5 27 26 25 21 31
5 27 26 25 21 15
5 27 18 3 17 31
5 27 26 30 8 17
5 27 26 30 8 15
5 27 26 18 21 17
5 27 26 18 30 17
5 27 26 18 21 31
5 27 25 23 30 15
5 27 26 25 23 31
5 27 23 30 15 24
5 27 26 30 15 24
5 27 26 23 30 24
5 27 25 23 15 24
5 27 26 25 15 24
5 27 26 25 23 24
5 0 16 5 28 13
5 0 16 20 28 13
5 0 5 28 32 13
5 0 20 28 32 13
5 0 16 5 19 13
5 0 16 20 19 13
5 0 16 20 30 28
5 0 5 10 32 13
5 0 20 10 32 13
5 0 5 10 19 13
5 0 20 10 19 13
5 0 16 20 10 19
5 0 16 5 28 9
5 0 16 20 23 30
5 0 20 10 23 32
5 0 5 28 3 32
5 0 20 28 32 11
5 0 20 30 28 11
5 0 16 20 10 24
5 0 5 28 3 9
5 0 16 28 9 11
5 0 16 30 9 11
5 0 16 30 28 11
5 0 16 23 30 24
5 0 16 20 23 24
5 0 1 10 23 32
5 0 1 5 10 32
5 0 20 10 23 24
5 0 28 3 32 11
5 0 30 3 32 11
5 0 23 30 32 11
5 0 20 23 32 11
5 0 20 23 30 11
5 0 28 3 9 11
5 0 30 3 9 11
5 0 18 30 3 9
5 0 5 18 3 9
5 0 26 18 30 9
5 0 26 16 30 24
5 0 1 23 32 31
5 0 1 5 32 31
5 0 1 10 23 24
5 0 1 5 10 24
5 0 25 30 3 32
5 0 25 23 30 32
5 0 5 3 32 31
5 0 26 5 18 24
5 0 26 23 30 24
5 0 26 18 23 24
5 0 1 5 18 24
5 0 1 5 18 31
5 0 25 3 32 31
5 0 25 23 32 31
5 0 27 25 30 3
5 0 27 25 23 30
5 0 5 18 3 31
5 0 27 18 30 3
5 0 27 26 23 30
5 0 27 26 18 30
5 0 18 23 24 31
5 0 1 23 24 31
5 0 1 18 24 31
5 0 27 25 3 31
5 0 27 25 23 31
5 0 27 18 3 31
5 0 26 18 23 31
5 0 27 26 23 31
5 0 27 26 18 31
5 7 10 6 19 22
5 7 29 10 6 19
5 7 29 10 19 24
5 7 26 29 10 24
5 7 8 6 19 22
5 7 29 8 6 19
5 7 16 10 19 24
5 7 29 8 19 24
5 7 26 29 8 24
5 7 1 10 6 22
5 7 1 29 10 6
5 7 1 26 29 10
5 7 0 16 10 24
5 7 0 16 10 19
5 7 0 26 16 24
5 7 16 8 19 24
5 7 26 16 8 24
5 7 0 5 10 24
5 7 0 26 5 24
5 7 1 5 10 24
5 7 1 26 10 24
5 7 1 26 5 24
5 7 1 5 10 22
5 7 8 9 19 22
5 7 16 9 19 22
5 7 16 8 9 19
5 7 5 10 19 22
5 7 0 5 10 19
5 7 16 5 19 22
5 7 0 16 5 19
5 7 1 5 18 22
5 7 1 26 5 18
5 7 16 30 8 9
5 7 26 30 8 9
5 7 26 16 30 8
5 7 8 6 17 22
5 7 18 8 6 17
5 7 1 18 8 6
5 7 29 8 6 4
5 7 1 8 6 4
5 7 1 29 6 4
5 7 26 29 8 4
5 7 1 26 29 4
5 7 1 6 17 22
5 7 1 18 17 22
5 7 1 18 6 17
5 7 16 5 9 22
5 7 0 16 5 9
5 7 0 16 30 9
5 7 0 26 30 9
5 7 0 26 16 30
5 7 5 18 9 22
5 7 0 5 18 9
5 7 0 26 18 9
5 7 0 26 5 18
5 7 8 9 17 22
5 7 18 9 17 22
5 7 26 8 9 17
5 7 26 18 9 17
5 7 26 18 8 17
5 7 26 18 8 4
5 7 1 18 8 4
5 7 1 26 18 4
