181
5 25 13 5 14 9
5 25 13 17 5 14
5 10 25 17 12 15
5 10 25 12 14 9
5 10 25 17 12 14
5 7 13 17 5 14
5 7 25 17 5 14
5 7 10 0 12 14
5 7 20 17 12 15
5 22 7 0 5 2
5 4 20 0 5 2
5 19 7 20 17 5
5 19 20 17 18 5
5 19 4 20 18 5
5 19 20 17 18 15
5 19 20 17 12 15
5 19 10 17 12 15
5 19 7 20 0 12
5 19 7 20 17 12
5 19 10 17 12 14
5 19 7 17 12 14
5 6 22 0 5 2
5 6 4 0 5 2
5 6 4 22 0 2
5 6 4 20 0 5
5 6 4 22 20 0
5 6 19 4 20 5
5 6 4 22 20 24
5 6 7 20 0 5
5 6 19 7 20 5
5 6 19 7 20 0
5 6 22 7 0 5
5 6 22 20 0 24
5 6 19 4 20 18
5 6 20 0 12 24
5 3 22 7 13 0
5 3 7 10 0 14
5 3 7 10 13 14
5 3 7 10 0 12
5 11 25 13 5 9
5 11 25 13 17 5
5 11 23 13 5 9
5 11 25 13 14 9
5 11 25 13 17 14
5 11 23 10 13 9
5 11 10 25 14 9
5 11 10 25 17 14
5 11 10 13 14 9
5 11 7 13 17 14
5 11 7 10 13 14
5 16 23 4 5 2
5 16 6 4 5 2
5 16 23 13 5 2
5 16 6 22 5 2
5 16 4 22 2 24
5 16 6 4 22 24
5 16 6 4 22 2
5 16 7 13 5 2
5 16 22 7 5 2
5 16 22 7 13 2
5 16 6 22 7 5
5 16 23 22 13 2
5 16 11 13 17 5
5 16 11 23 13 5
5 16 3 22 7 13
5 16 3 23 22 24
5 16 3 23 22 13
5 16 3 22 7 0
5 8 6 19 4 5
5 8 16 19 4 5
5 8 16 6 4 5
5 8 19 7 17 5
5 8 6 19 7 5
5 8 16 6 7 5
5 8 7 13 17 5
5 8 16 13 17 5
5 8 16 7 13 5
5 8 16 3 7 13
5 8 6 19 7 0
5 8 16 3 7 0
5 8 3 7 10 13
5 8 19 7 0 12
5 8 3 7 0 12
5 8 6 22 7 0
5 8 16 22 7 0
5 8 16 6 22 7
5 8 16 3 22 0
5 8 11 23 10 13
5 8 16 11 23 13
5 8 11 19 10 17
5 8 11 7 13 17
5 8 11 7 10 13
5 8 19 10 17 14
5 8 19 7 17 14
5 8 3 7 10 12
5 8 16 11 13 17
5 8 3 23 10 13
5 8 16 3 23 13
5 8 19 20 0 12
5 8 6 20 0 12
5 8 6 19 20 0
5 8 6 0 12 24
5 8 3 0 12 24
5 8 6 22 0 24
5 8 3 22 0 24
5 8 16 6 22 24
5 8 16 3 22 24
5 8 11 10 17 14
5 8 11 7 17 14
5 8 11 7 10 14
5 8 7 10 12 14
5 8 19 10 12 14
5 8 19 7 12 14
5 1 8 16 11 23
5 1 16 23 4 5
5 1 16 11 23 5
5 1 19 17 18 5
5 1 19 4 18 5
5 1 16 19 4 5
5 1 16 11 17 5
5 1 8 11 19 17
5 1 8 16 11 17
5 1 25 17 18 5
5 1 11 25 17 5
5 1 8 19 17 5
5 1 8 16 17 5
5 1 8 16 19 5
5 1 11 10 25 9
5 1 11 23 10 9
5 1 23 4 5 2
5 1 11 25 5 9
5 1 11 23 5 9
5 1 25 17 18 15
5 1 19 17 18 15
5 1 11 10 25 17
5 1 11 19 10 17
5 1 10 25 12 15
5 1 10 25 17 15
5 1 19 10 17 15
5 21 1 8 16 23
5 21 1 16 23 4
5 21 8 16 6 4
5 21 8 16 6 24
5 21 16 23 4 24
5 21 8 11 23 10
5 21 1 11 23 10
5 21 1 8 11 23
5 21 1 19 4 18
5 21 8 16 19 4
5 21 1 16 19 4
5 21 1 8 16 19
5 21 16 6 4 24
5 21 8 6 12 24
5 21 6 19 4 18
5 21 8 6 19 4
5 21 16 3 23 24
5 21 8 16 3 24
5 21 8 16 3 23
5 21 3 23 10 24
5 21 8 3 23 10
5 21 1 19 18 15
5 21 1 19 10 15
5 21 8 11 19 10
5 21 1 11 19 10
5 21 1 8 11 19
5 21 6 4 20 24
5 21 6 4 20 18
5 21 6 20 12 24
5 21 8 3 12 24
5 21 8 3 10 12
5 21 1 18 12 15
5 21 1 10 12 15
5 21 19 10 12 15
5 21 8 19 10 12
5 21 20 18 12 15
5 21 8 6 20 12
5 21 19 20 18 15
5 21 6 19 20 18
5 21 8 6 19 20
5 21 19 20 12 15
5 21 8 19 20 12
