312
5 25 18 26 21 27
5 29 13 0 31 1
5 3 25 18 26 27
5 3 18 26 13 9
5 10 18 13 0 9
5 10 18 13 21 0
5 10 18 26 13 9
5 10 18 26 13 21
5 10 3 26 20 9
5 10 3 18 26 9
5 10 29 26 20 9
5 19 3 25 26 20
5 19 25 21 20 27
5 19 25 26 21 27
5 19 25 26 21 20
5 19 14 21 20 27
5 7 11 23 31 1
5 15 10 13 21 0
5 15 29 13 0 9
5 15 10 13 0 9
5 15 10 29 0 9
5 15 10 26 13 21
5 15 29 26 13 9
5 15 10 26 13 9
5 15 10 29 26 9
5 15 10 29 26 20
5 6 10 29 20 9
5 6 15 10 29 20
5 6 15 10 29 0
5 6 11 29 0 1
5 6 7 11 23 1
5 22 15 29 26 13
5 22 19 26 21 27
5 22 19 29 26 20
5 22 15 29 26 20
5 22 19 17 21 20
5 22 15 17 21 20
5 22 17 26 13 21
5 22 15 26 13 21
5 22 15 17 13 21
5 22 14 17 21 27
5 22 19 14 21 27
5 22 19 14 17 27
5 22 19 14 17 21
5 22 15 10 26 20
5 22 15 10 26 21
5 22 15 10 21 20
5 22 10 26 21 20
5 22 19 26 21 20
5 12 19 3 25 26
5 12 22 19 29 26
5 12 19 29 26 20
5 12 29 26 20 9
5 12 6 19 29 20
5 12 22 29 26 13
5 12 29 26 13 9
5 12 6 7 29 1
5 2 7 23 31 27
5 2 3 25 18 27
5 2 12 7 31 27
5 2 12 19 25 27
5 2 12 19 25 20
5 16 12 6 7 29
5 16 12 6 7 20
5 16 12 29 20 9
5 16 12 6 29 20
5 16 10 3 20 9
5 16 3 26 20 9
5 16 12 26 20 9
5 16 12 3 26 9
5 16 2 7 23 3
5 16 19 3 26 20
5 16 12 19 26 20
5 16 12 19 3 26
5 16 19 3 25 20
5 16 12 19 25 20
5 16 12 19 3 25
5 16 2 12 25 20
5 16 2 12 7 20
5 16 2 12 3 25
5 16 2 12 7 3
5 16 2 23 18 30
5 16 2 23 3 18
5 24 15 10 21 20
5 24 6 15 10 20
5 24 15 17 21 20
5 24 15 10 21 0
5 24 6 15 10 0
5 24 14 21 20 27
5 24 14 18 21 27
5 24 14 18 21 0
5 24 10 18 21 0
5 24 6 10 30 0
5 24 25 21 20 27
5 24 25 18 21 27
5 24 25 26 21 20
5 24 10 26 21 20
5 24 25 18 26 21
5 24 10 18 26 21
5 24 14 18 30 0
5 24 10 18 30 0
5 24 2 25 20 27
5 24 2 25 18 27
5 24 14 18 30 27
5 24 2 18 30 27
5 24 3 25 26 20
5 24 10 3 26 20
5 24 2 3 25 18
5 24 16 10 3 20
5 24 3 25 18 26
5 24 10 3 18 26
5 24 16 2 30 20
5 24 16 2 18 30
5 24 16 2 3 18
5 24 16 3 25 20
5 24 16 2 25 20
5 24 16 2 3 25
5 24 10 3 18 9
5 24 16 3 18 9
5 24 16 10 3 9
5 8 6 11 30 0
5 8 11 23 30 0
5 8 24 14 30 0
5 8 24 6 30 0
5 8 11 23 30 27
5 8 14 18 30 0
5 8 23 18 30 0
5 32 12 6 19 20
5 32 11 29 31 1
5 32 6 11 29 1
5 32 12 6 7 20
5 32 2 12 31 27
5 32 2 12 19 27
5 32 22 19 17 27
5 32 22 15 17 20
5 32 6 19 29 20
5 32 22 19 29 20
5 32 7 11 31 1
5 32 12 7 31 1
5 32 6 7 11 1
5 32 12 6 7 1
5 32 6 15 29 20
5 32 22 15 29 20
5 32 12 6 19 29
5 32 12 22 19 29
5 32 12 29 31 1
5 32 12 6 29 1
5 32 22 15 29 13
5 32 22 15 17 13
5 32 15 29 13 31
5 32 12 22 29 13
5 28 16 6 7 30
5 28 16 6 7 29
5 28 6 7 23 30
5 28 6 7 29 1
5 28 6 7 23 1
5 28 16 7 23 30
5 28 16 12 29 9
5 28 16 12 7 29
5 28 16 6 30 20
5 28 6 29 20 9
5 28 16 29 20 9
5 28 16 6 29 20
5 28 6 29 0 1
5 28 6 11 23 1
5 28 6 11 23 30
5 28 16 23 18 30
5 28 16 12 3 9
5 28 16 12 7 3
5 28 6 10 30 0
5 28 10 29 0 9
5 28 6 10 29 9
5 28 6 10 29 0
5 28 6 10 20 9
5 28 24 16 30 20
5 28 23 18 30 0
5 28 11 23 0 1
5 28 11 23 30 0
5 28 6 11 0 1
5 28 6 11 30 0
5 28 24 16 18 9
5 28 24 16 18 30
5 28 16 3 18 9
5 28 16 23 3 18
5 28 16 7 23 3
5 28 10 18 0 9
5 28 10 18 30 0
5 28 24 6 30 20
5 28 24 6 10 20
5 28 24 6 10 30
5 28 16 10 20 9
5 28 24 16 10 9
5 28 24 16 10 20
5 28 29 13 0 9
5 28 24 10 18 9
5 28 24 10 18 30
5 28 18 13 0 9
5 5 24 6 30 20
5 5 8 24 6 30
5 5 8 6 11 30
5 5 8 24 14 30
5 5 8 11 30 27
5 5 32 8 6 11
5 5 24 14 20 27
5 5 24 14 30 27
5 5 8 14 30 27
5 5 24 15 17 20
5 5 24 6 15 20
5 5 16 6 30 20
5 5 16 6 7 20
5 5 16 6 7 30
5 5 32 6 7 20
5 5 32 6 7 11
5 5 6 11 23 30
5 5 6 7 23 30
5 5 6 7 11 23
5 5 24 2 20 27
5 5 24 2 30 27
5 5 24 2 30 20
5 5 24 17 21 20
5 5 24 14 21 20
5 5 32 15 17 20
5 5 32 6 15 20
5 5 32 6 15 17
5 5 24 15 17 21
5 5 16 7 23 30
5 5 11 23 30 27
5 5 2 23 30 27
5 5 32 8 11 31
5 5 8 14 31 27
5 5 19 17 21 20
5 5 19 14 21 20
5 5 19 14 17 21
5 5 8 14 17 31
5 5 32 8 17 31
5 5 16 2 30 20
5 5 16 2 23 30
5 5 16 2 7 20
5 5 16 2 7 23
5 5 32 2 19 27
5 5 32 2 31 27
5 5 2 23 31 27
5 5 8 23 31 27
5 5 8 11 23 27
5 5 8 11 23 31
5 5 19 14 20 27
5 5 19 14 17 27
5 5 32 19 17 27
5 5 14 17 31 27
5 5 32 17 31 27
5 5 7 11 23 31
5 5 32 7 11 31
5 5 2 7 23 31
5 5 2 12 19 20
5 5 2 12 7 20
5 5 32 12 19 20
5 5 32 12 7 20
5 5 32 2 12 19
5 5 19 25 20 27
5 5 2 25 20 27
5 5 2 19 25 27
5 5 2 19 25 20
5 5 22 19 17 20
5 5 32 22 17 20
5 5 32 22 19 20
5 5 32 22 19 17
5 5 2 12 7 31
5 5 32 12 7 31
5 5 32 2 12 31
5 4 6 15 29 0
5 4 32 6 15 29
5 4 32 6 15 17
5 4 24 6 15 0
5 4 5 24 6 15
5 4 8 24 6 0
5 4 5 8 24 6
5 4 5 6 15 17
5 4 32 15 29 31
5 4 32 8 17 31
5 4 6 11 29 0
5 4 8 6 11 0
5 4 32 6 11 29
5 4 32 8 6 11
5 4 5 32 6 17
5 4 5 32 8 17
5 4 5 32 8 6
5 4 24 15 21 0
5 4 5 24 15 21
5 4 5 15 17 21
5 4 29 13 0 31
5 4 15 29 13 31
5 4 15 29 13 0
5 4 15 13 21 0
5 4 15 17 13 21
5 4 32 17 13 31
5 4 32 15 13 31
5 4 32 15 17 13
5 4 8 14 17 31
5 4 32 11 29 31
5 4 32 8 11 31
5 4 24 14 21 0
5 4 8 24 14 0
5 4 5 24 14 21
5 4 5 8 24 14
5 4 5 14 17 21
5 4 5 8 14 17
5 4 29 0 31 1
5 4 11 29 31 1
5 4 11 29 0 1
5 4 8 0 31 1
5 4 8 11 31 1
5 4 8 11 0 1
