228
5 0 3 9 2 14
5 24 22 9 11 15
5 24 22 20 9 14
5 24 0 20 3 14
5 24 0 20 3 11
5 24 0 20 9 14
5 24 0 20 9 11
5 23 0 20 3 11
5 23 0 17 20 11
5 23 0 1 3 11
5 12 4 21 14 15
5 12 8 4 21 6
5 12 8 22 21 6
5 12 24 22 14 15
5 16 22 21 9 14
5 16 22 20 9 14
5 16 23 0 17 20
5 16 21 9 2 14
5 16 23 0 17 2
5 16 0 20 9 14
5 16 0 9 2 14
5 16 0 20 3 14
5 16 23 0 20 3
5 16 0 3 2 14
5 16 23 3 2 14
5 16 23 0 3 2
5 10 24 1 3 14
5 10 23 20 3 11
5 10 23 1 3 11
5 10 24 20 3 14
5 10 24 17 20 6
5 10 23 17 20 6
5 10 24 20 3 11
5 10 24 1 3 11
5 10 24 22 20 6
5 10 12 24 22 6
5 10 24 22 20 14
5 10 12 24 22 14
5 10 24 17 6 11
5 10 24 17 20 11
5 10 23 17 20 11
5 10 23 1 17 11
5 25 8 4 21 2
5 25 23 0 17 2
5 25 23 0 17 11
5 25 23 0 1 11
5 25 16 0 17 2
5 25 16 23 17 2
5 25 16 0 9 2
5 25 16 21 9 2
5 25 16 8 21 2
5 25 16 8 21 9
5 25 23 0 3 2
5 25 23 0 1 3
5 13 10 17 6 11
5 13 10 1 17 11
5 13 10 24 6 11
5 13 10 24 1 11
5 13 10 23 17 6
5 13 10 23 1 17
5 13 24 1 11 15
5 13 23 1 17 11
5 13 25 23 17 11
5 13 25 23 1 11
5 19 23 17 20 6
5 19 16 23 17 20
5 19 10 23 20 6
5 19 8 23 17 6
5 19 10 22 20 6
5 19 25 8 23 17
5 19 25 16 23 17
5 19 25 16 8 17
5 19 16 22 20 14
5 19 10 22 20 14
5 19 16 23 2 14
5 19 16 20 3 14
5 19 16 23 3 14
5 19 16 23 20 3
5 19 10 20 3 14
5 19 10 23 20 3
5 19 16 8 21 2
5 19 25 8 23 2
5 19 25 16 23 2
5 19 25 16 8 2
5 19 8 22 21 6
5 19 12 22 21 6
5 19 10 12 22 6
5 19 16 22 21 14
5 19 16 21 2 14
5 19 23 3 2 14
5 19 12 4 21 6
5 19 8 4 21 6
5 18 24 17 20 6
5 18 19 17 20 6
5 18 19 16 17 20
5 18 24 22 20 6
5 18 24 17 6 11
5 18 24 17 20 11
5 18 19 22 20 6
5 18 19 16 22 20
5 18 19 8 17 6
5 18 19 16 8 17
5 18 24 22 20 9
5 18 16 22 20 9
5 18 0 17 20 11
5 18 16 0 17 20
5 18 24 20 9 11
5 18 19 8 22 6
5 18 24 22 9 11
5 18 0 20 9 11
5 18 16 0 20 9
5 18 19 8 22 21
5 18 19 16 22 21
5 18 19 16 8 21
5 18 12 24 22 6
5 18 12 8 22 6
5 18 16 22 21 9
5 18 25 16 0 9
5 18 25 16 0 17
5 18 24 22 11 15
5 18 12 24 22 15
5 18 21 9 11 15
5 18 22 9 11 15
5 18 22 21 9 15
5 18 16 8 21 9
5 18 25 16 8 9
5 18 12 22 21 15
5 18 12 8 22 21
5 18 12 4 21 15
5 7 13 24 1 15
5 7 13 12 24 15
5 7 24 1 14 15
5 7 12 24 14 15
5 7 13 10 24 1
5 7 12 4 14 15
5 7 10 24 1 14
5 7 10 12 24 14
5 7 10 12 24 6
5 7 13 10 24 6
5 7 13 25 1 2
5 7 10 1 3 14
5 7 12 4 21 14
5 7 25 8 4 2
5 7 13 25 8 4
5 7 13 10 23 1
5 7 19 12 4 6
5 7 19 10 12 6
5 7 12 8 4 6
5 7 12 22 21 14
5 7 10 12 22 14
5 7 19 12 4 21
5 7 25 1 3 2
5 7 13 25 23 1
5 7 13 25 8 23
5 7 10 23 1 3
5 7 13 8 23 6
5 7 13 10 23 6
5 7 19 8 4 6
5 7 4 21 2 14
5 7 8 4 21 2
5 7 19 8 4 21
5 7 19 22 21 14
5 7 19 10 22 14
5 7 19 12 22 21
5 7 19 10 12 22
5 7 25 23 3 2
5 7 25 8 23 2
5 7 25 23 1 3
5 7 19 8 23 6
5 7 19 10 23 6
5 7 19 3 2 14
5 7 19 10 3 14
5 7 19 21 2 14
5 7 19 8 21 2
5 7 19 23 3 2
5 7 19 10 23 3
5 7 19 8 23 2
5 5 25 16 8 17
5 5 18 16 8 17
5 5 18 25 16 17
5 5 18 25 16 8
5 5 13 25 17 11
5 5 18 17 6 11
5 5 18 8 17 6
5 5 25 0 17 11
5 5 18 0 17 11
5 5 18 25 0 17
5 5 13 17 6 11
5 5 13 25 4 11
5 5 13 25 8 4
5 5 25 8 23 17
5 5 13 25 23 17
5 5 13 25 8 23
5 5 18 24 6 11
5 5 18 0 9 11
5 5 18 25 0 9
5 5 18 25 8 9
5 5 13 24 6 11
5 5 8 23 17 6
5 5 13 23 17 6
5 5 13 8 23 6
5 5 13 4 11 15
5 5 18 24 11 15
5 5 18 12 24 6
5 5 18 12 8 6
5 5 13 24 11 15
5 5 7 13 24 6
5 5 7 13 8 6
5 5 25 8 21 9
5 5 18 12 24 15
5 5 7 12 24 6
5 5 7 12 8 6
5 5 18 21 9 11
5 5 18 8 21 9
5 5 13 12 24 15
5 5 7 13 12 24
5 5 18 21 11 15
5 5 18 4 21 15
5 5 18 12 4 15
5 5 7 12 4 15
5 5 7 13 4 15
5 5 7 13 12 15
5 5 7 12 8 4
5 5 7 13 8 4
5 5 21 9 11 15
5 5 12 8 4 21
5 5 18 12 4 21
5 5 18 12 8 21
