96
5 17 16 12 5 18
5 4 16 12 5 18
5 1 17 16 12 18
5 10 0 7 5 14
5 8 1 0 11 12
5 8 1 0 16 12
5 8 1 17 11 12
5 8 1 17 16 12
5 8 17 16 12 5
5 8 10 0 16 5
5 15 4 16 12 18
5 15 4 0 3 14
5 15 4 0 5 14
5 15 1 16 12 18
5 15 1 0 16 12
5 15 4 16 12 5
5 15 4 0 16 5
5 15 8 0 11 12
5 15 1 11 12 18
5 15 1 0 11 18
5 15 1 0 11 12
5 15 8 16 12 5
5 15 8 0 16 5
5 15 8 0 16 12
5 6 4 0 3 14
5 6 3 7 5 14
5 6 4 3 5 14
5 6 10 0 7 14
5 6 10 7 5 14
5 6 4 0 5 14
5 6 10 0 5 14
5 6 4 16 5 18
5 6 4 0 16 5
5 6 10 0 16 5
5 6 10 1 0 16
5 6 10 1 0 7
5 2 6 10 1 16
5 2 1 17 16 18
5 2 6 1 16 18
5 2 10 17 16 5
5 2 6 10 16 5
5 2 6 10 1 7
5 2 1 0 7 11
5 2 10 0 7 11
5 2 10 1 0 7
5 2 17 16 5 18
5 2 6 16 5 18
5 2 6 1 7 18
5 2 6 10 7 5
5 2 6 7 5 18
5 13 8 10 0 16
5 13 2 10 17 16
5 13 8 1 0 16
5 13 8 1 17 16
5 13 10 17 16 5
5 13 8 17 16 5
5 13 8 10 16 5
5 13 2 1 17 16
5 13 10 1 0 16
5 13 2 10 1 16
5 13 2 10 1 0
5 13 8 1 0 11
5 13 8 1 17 11
5 13 8 10 0 11
5 13 2 10 0 11
5 13 2 1 0 11
5 13 2 1 17 11
5 13 2 10 7 11
5 9 6 0 3 14
5 9 6 1 0 16
5 9 15 0 3 14
5 9 15 1 0 16
5 9 3 7 18 14
5 9 6 3 7 14
5 9 6 3 7 18
5 9 6 1 7 18
5 9 6 1 16 18
5 9 1 0 11 18
5 9 0 7 11 14
5 9 6 0 7 14
5 9 1 0 7 11
5 9 6 1 0 7
5 9 6 4 0 16
5 9 6 4 0 3
5 9 15 3 18 14
5 9 15 4 0 16
5 9 15 4 0 3
5 9 15 1 16 18
5 9 15 1 0 18
5 9 6 4 16 18
5 9 6 4 3 18
5 9 15 11 18 14
5 9 15 0 11 14
5 9 15 0 11 18
5 9 15 4 16 18
5 9 15 4 3 18
