206
5 7 10 1 3 6
5 22 7 1 6 21
5 22 7 10 1 6
5 22 10 1 3 6
5 11 13 4 6 15
5 11 4 3 6 15
5 11 7 1 6 21
5 16 7 10 1 3
5 16 7 4 3 6
5 16 7 1 3 6
5 16 7 10 25 23
5 16 7 10 25 3
5 19 11 7 4 21
5 19 11 7 1 21
5 19 16 14 1 23
5 19 10 14 1 23
5 19 16 10 1 23
5 19 16 7 10 23
5 19 16 7 10 1
5 18 12 14 25 23
5 9 12 14 5 15
5 9 18 12 14 15
5 9 11 22 13 21
5 17 9 12 14 5
5 17 19 10 14 1
5 17 9 19 12 14
5 17 19 10 14 23
5 17 9 19 1 21
5 17 9 19 14 1
5 17 9 22 5 21
5 17 7 10 1 21
5 17 19 7 1 21
5 17 19 7 10 1
5 17 19 7 10 23
5 17 18 12 14 23
5 17 18 12 25 23
5 2 10 25 1 3
5 2 22 10 1 3
5 2 17 7 10 21
5 2 17 10 14 1
5 2 9 22 1 5
5 2 17 9 22 5
5 2 17 10 1 21
5 2 7 10 1 21
5 2 22 7 1 21
5 2 22 7 10 1
5 2 17 12 14 5
5 2 10 14 25 23
5 2 17 10 25 23
5 2 17 10 14 23
5 2 9 14 1 5
5 2 17 9 14 5
5 2 17 9 14 1
5 2 9 22 1 21
5 2 17 9 1 21
5 2 17 9 22 21
5 2 12 14 25 23
5 2 17 12 25 23
5 2 17 12 14 23
5 8 11 13 4 6
5 8 13 4 6 15
5 8 11 7 4 6
5 8 11 7 1 6
5 8 11 22 13 6
5 8 13 3 6 15
5 8 16 7 4 6
5 8 16 7 1 6
5 8 19 11 7 4
5 8 19 11 7 1
5 8 22 1 3 6
5 8 22 13 3 6
5 8 22 1 6 21
5 8 11 1 6 21
5 8 11 22 6 21
5 8 22 13 1 21
5 8 11 22 13 21
5 8 19 11 1 21
5 8 4 3 6 15
5 8 16 4 3 6
5 8 16 1 3 6
5 8 19 16 4 15
5 8 22 13 3 15
5 8 19 16 7 4
5 8 19 16 7 1
5 8 19 16 14 1
5 8 22 3 5 15
5 8 22 13 5 15
5 8 14 13 5 15
5 8 2 22 1 5
5 8 2 22 1 3
5 8 9 22 1 5
5 8 9 22 13 5
5 8 9 22 13 1
5 8 9 14 1 5
5 8 9 14 13 5
5 20 19 16 4 15
5 20 19 16 14 23
5 20 18 16 14 23
5 20 9 19 12 14
5 20 9 18 12 14
5 20 19 16 7 4
5 20 17 19 14 23
5 20 17 18 14 23
5 20 19 16 7 23
5 20 9 18 12 15
5 20 17 19 12 14
5 20 17 18 12 14
5 20 19 7 4 21
5 20 17 19 7 23
5 20 18 16 25 23
5 20 17 9 12 21
5 20 17 9 19 21
5 20 17 9 19 12
5 20 17 19 7 21
5 24 8 4 3 15
5 24 8 16 4 15
5 24 8 16 4 3
5 24 20 16 4 15
5 24 25 4 3 15
5 24 20 25 4 15
5 24 16 25 4 3
5 24 20 16 25 4
5 24 25 3 5 15
5 24 8 3 5 15
5 24 8 16 1 3
5 24 20 18 25 15
5 24 20 18 16 25
5 24 2 25 3 5
5 24 18 16 25 23
5 24 10 25 1 3
5 24 16 10 1 3
5 24 16 10 25 3
5 24 2 25 1 3
5 24 8 2 1 3
5 24 20 18 14 15
5 24 20 18 16 14
5 24 8 14 5 15
5 24 8 14 1 5
5 24 8 2 1 5
5 24 2 22 3 5
5 24 8 22 3 5
5 24 8 2 22 5
5 24 8 2 22 3
5 24 18 14 25 23
5 24 18 16 14 23
5 24 16 14 1 23
5 24 8 16 14 1
5 24 16 10 1 23
5 24 16 10 25 23
5 24 20 19 14 15
5 24 20 19 16 15
5 24 20 19 16 14
5 24 18 25 5 15
5 24 2 14 1 5
5 24 10 14 1 23
5 24 10 14 25 23
5 24 8 19 14 15
5 24 8 19 16 15
5 24 8 19 16 14
5 24 12 14 5 15
5 24 18 12 5 15
5 24 18 12 14 15
5 24 18 12 25 5
5 24 18 12 14 25
5 24 2 12 25 5
5 24 2 12 14 5
5 24 2 12 14 25
5 24 2 10 25 1
5 24 2 10 14 1
5 24 2 10 14 25
5 0 8 14 13 15
5 0 8 19 14 15
5 0 8 13 4 15
5 0 8 19 4 15
5 0 8 9 14 13
5 0 14 13 5 15
5 0 9 14 5 15
5 0 9 14 13 5
5 0 20 19 14 15
5 0 20 9 19 14
5 0 20 19 4 15
5 0 8 11 13 4
5 0 8 19 11 4
5 0 8 9 13 1
5 0 9 19 14 1
5 0 8 19 14 1
5 0 8 9 14 1
5 0 9 18 14 15
5 0 20 18 14 15
5 0 20 9 18 15
5 0 20 9 18 14
5 0 11 13 4 15
5 0 8 11 13 21
5 0 8 19 11 21
5 0 9 19 1 21
5 0 8 13 1 21
5 0 8 19 1 21
5 0 9 11 13 21
5 0 20 9 19 21
5 0 19 11 4 21
5 0 20 19 4 21
5 0 22 13 1 21
5 0 9 22 1 21
5 0 9 22 13 21
5 0 9 22 13 1
5 0 20 9 4 21
