331
5 5 27 3 14 1
5 32 21 9 7 17
5 26 5 21 16 17
5 26 5 21 27 16
5 26 27 16 14 6
5 2 32 17 6 11
5 2 32 16 17 6
5 2 21 17 6 11
5 2 21 16 17 6
5 2 32 21 17 11
5 2 18 21 16 6
5 2 18 29 6 11
5 12 5 27 14 1
5 12 27 3 14 1
5 31 8 21 9 23
5 31 2 18 21 9
5 24 2 18 16 6
5 24 2 18 29 6
5 24 27 16 6 23
5 24 2 18 21 16
5 24 31 2 21 16
5 24 31 2 18 21
5 24 2 18 29 11
5 24 18 21 16 23
5 24 31 2 18 9
5 22 2 32 16 6
5 22 2 29 6 11
5 22 2 32 6 11
5 22 24 2 29 11
5 22 32 16 17 6
5 22 32 4 17 6
5 22 24 31 2 16
5 22 2 32 16 17
5 22 12 26 4 14
5 22 31 12 26 14
5 22 24 31 2 9
5 22 2 32 21 17
5 22 12 26 4 17
5 22 26 21 16 17
5 22 31 26 21 17
5 22 31 26 21 16
5 22 2 21 16 17
5 22 31 2 21 16
5 22 24 18 29 11
5 22 32 21 9 11
5 22 2 21 9 11
5 22 2 32 21 11
5 22 31 2 21 9
5 22 24 2 18 11
5 22 24 2 18 9
5 22 8 32 9 7
5 22 32 21 9 17
5 22 12 26 8 17
5 22 31 26 8 17
5 22 31 12 26 8
5 22 8 21 9 17
5 22 31 8 21 17
5 22 31 8 21 9
5 15 12 26 4 17
5 0 12 5 27 14
5 0 26 5 27 14
5 0 12 26 5 14
5 0 31 12 26 14
5 0 12 5 27 1
5 0 12 27 3 1
5 0 26 27 16 14
5 0 31 26 16 14
5 0 26 5 21 27
5 0 31 26 5 21
5 0 5 27 1 23
5 0 27 3 1 23
5 0 26 21 27 16
5 0 31 26 21 16
5 0 21 27 16 23
5 0 31 21 16 23
5 0 5 21 27 23
5 30 22 32 4 6
5 30 26 16 14 6
5 30 22 16 17 6
5 30 22 4 17 6
5 30 22 26 16 14
5 30 22 26 4 14
5 30 27 16 14 6
5 30 5 27 3 14
5 30 5 3 14 1
5 30 26 16 17 6
5 30 22 26 16 17
5 30 22 26 4 17
5 30 12 3 14 1
5 30 12 5 14 1
5 30 15 26 4 17
5 30 15 12 3 1
5 30 15 12 4 3
5 30 15 26 5 17
5 30 12 26 4 14
5 30 15 12 26 4
5 30 12 26 5 14
5 30 15 12 26 5
5 30 15 12 5 1
5 13 22 31 8 9
5 13 0 12 8 3
5 13 0 31 12 8
5 13 12 8 7 3
5 13 22 8 9 7
5 13 22 24 31 9
5 13 22 24 18 9
5 13 22 24 18 29
5 13 7 3 1 23
5 13 8 7 3 1
5 13 18 9 7 23
5 13 18 9 7 11
5 13 22 18 29 11
5 13 24 18 29 23
5 13 32 9 7 11
5 13 22 32 9 11
5 13 22 32 9 7
5 13 2 18 9 11
5 13 22 2 9 11
5 13 22 2 18 11
5 13 22 2 18 9
5 19 15 12 4 17
5 19 22 12 4 17
5 19 22 12 8 17
5 19 12 26 8 17
5 19 15 12 26 17
5 19 22 32 4 17
5 19 15 32 4 17
5 19 15 26 5 17
5 19 15 12 26 5
5 19 22 32 9 17
5 19 22 8 9 17
5 19 22 8 32 9
5 19 31 26 8 17
5 19 13 12 8 7
5 19 8 32 9 7
5 19 32 9 7 17
5 19 15 32 7 17
5 19 15 21 7 17
5 19 8 7 3 1
5 19 12 8 3 1
5 19 12 8 7 3
5 19 15 7 3 1
5 19 15 12 3 1
5 19 21 9 7 17
5 19 8 21 9 17
5 19 8 21 9 7
5 25 13 22 24 31
5 25 13 24 29 23
5 25 24 29 27 23
5 25 13 29 3 23
5 25 0 31 16 23
5 25 13 24 18 23
5 25 0 31 8 23
5 25 13 0 31 8
5 25 29 27 3 23
5 25 0 27 3 23
5 25 24 27 16 23
5 25 0 27 16 23
5 25 0 24 27 16
5 25 0 3 1 23
5 25 13 3 1 23
5 25 13 0 1 23
5 25 13 0 3 1
5 25 31 21 16 23
5 25 24 21 16 23
5 25 24 31 21 16
5 25 24 18 21 23
5 25 24 31 18 21
5 25 13 18 9 23
5 25 24 31 18 9
5 25 13 24 18 9
5 25 13 24 31 9
5 25 31 8 9 23
5 25 13 31 8 9
5 25 18 21 9 23
5 25 31 21 9 23
5 25 31 18 21 9
5 25 8 9 7 23
5 25 13 9 7 23
5 25 13 8 7 23
5 25 13 8 9 7
5 10 0 31 12 8
5 10 0 12 5 1
5 10 0 31 8 23
5 10 0 12 26 5
5 10 0 31 26 5
5 10 0 31 12 26
5 10 19 12 8 1
5 10 19 12 26 5
5 10 31 12 26 8
5 10 19 12 26 8
5 10 19 31 26 8
5 10 0 5 1 23
5 10 12 8 3 1
5 10 0 12 3 1
5 10 0 12 8 3
5 10 31 8 21 23
5 10 0 5 21 23
5 10 0 31 21 23
5 10 0 31 5 21
5 10 19 8 7 1
5 10 15 12 5 1
5 10 19 15 5 1
5 10 19 15 12 1
5 10 19 15 12 5
5 10 19 8 21 7
5 10 19 5 21 17
5 10 31 8 21 17
5 10 19 8 21 17
5 10 19 31 8 17
5 10 19 26 5 17
5 10 19 31 26 17
5 10 13 0 1 23
5 10 13 8 3 1
5 10 13 0 3 1
5 10 13 0 8 3
5 10 26 5 21 17
5 10 31 26 21 17
5 10 31 26 5 21
5 10 13 7 1 23
5 10 13 8 7 23
5 10 13 8 7 1
5 10 25 0 8 23
5 10 25 13 8 23
5 10 25 13 0 23
5 10 25 13 0 8
5 10 8 9 7 23
5 10 8 21 9 23
5 10 8 21 9 7
5 28 30 22 16 6
5 28 30 22 29 6
5 28 30 27 16 6
5 28 30 22 16 14
5 28 24 27 16 6
5 28 24 29 27 6
5 28 24 2 16 6
5 28 22 2 16 6
5 28 22 24 2 16
5 28 24 2 29 6
5 28 22 2 29 6
5 28 22 24 2 29
5 28 29 27 3 6
5 28 30 27 3 6
5 28 30 29 3 6
5 28 30 27 16 14
5 28 22 24 31 16
5 28 30 27 3 14
5 28 22 31 12 14
5 28 30 12 3 14
5 28 22 12 4 14
5 28 30 12 4 14
5 28 30 22 4 14
5 28 0 27 16 14
5 28 0 24 27 16
5 28 0 31 16 14
5 28 31 26 16 14
5 28 22 26 16 14
5 28 22 31 26 14
5 28 22 31 26 16
5 28 25 22 24 31
5 28 13 22 24 29
5 28 25 13 24 29
5 28 25 13 22 24
5 28 12 27 3 14
5 28 0 31 12 14
5 28 30 12 4 3
5 28 13 22 29 3
5 28 13 22 12 3
5 28 0 12 27 14
5 28 25 24 29 27
5 28 25 0 24 27
5 28 25 24 31 16
5 28 25 0 31 16
5 28 25 0 24 16
5 28 25 13 22 31
5 28 0 12 27 3
5 28 13 0 31 12
5 28 22 31 12 8
5 28 13 31 12 8
5 28 13 22 12 8
5 28 13 22 31 8
5 28 13 0 12 3
5 28 25 29 27 3
5 28 25 0 27 3
5 28 25 13 0 31
5 28 25 13 29 3
5 28 25 13 0 3
5 20 30 22 29 6
5 20 30 22 32 6
5 20 22 29 6 11
5 20 22 32 6 11
5 20 30 29 3 6
5 20 29 3 6 11
5 20 13 22 29 11
5 20 13 22 32 11
5 20 30 4 3 6
5 20 30 32 4 6
5 20 13 22 29 3
5 20 28 22 29 3
5 20 28 30 29 3
5 20 28 30 22 29
5 20 30 22 32 4
5 20 13 29 3 11
5 20 13 22 12 3
5 20 28 30 4 3
5 20 28 30 22 4
5 20 13 7 3 11
5 20 13 32 7 11
5 20 13 12 7 3
5 20 28 12 4 3
5 20 28 22 12 3
5 20 28 22 12 4
5 20 19 22 32 4
5 20 19 22 12 4
5 20 19 13 12 7
5 20 19 22 8 32
5 20 13 22 12 8
5 20 19 22 12 8
5 20 19 13 12 8
5 20 15 12 4 3
5 20 19 8 32 7
5 20 19 13 8 7
5 20 22 8 32 7
5 20 13 22 32 7
5 20 13 22 8 7
5 20 19 15 32 7
5 20 19 15 32 4
5 20 19 12 7 3
5 20 19 15 7 3
5 20 19 15 12 3
5 20 19 15 12 4
