204
5 23 5 16 25 0
5 23 5 8 16 19
5 23 5 1 10 25
5 6 5 1 10 25
5 6 23 5 25 0
5 6 23 5 1 25
5 11 22 12 19 7
5 11 23 1 10 25
5 11 23 1 19 10
5 11 23 1 16 25
5 3 11 23 1 7
5 3 11 23 1 16
5 14 23 5 19 0
5 14 23 5 16 0
5 14 23 5 16 19
5 14 3 22 8 18
5 2 23 5 19 10
5 2 23 5 8 19
5 2 22 5 8 19
5 2 23 5 10 25
5 2 11 23 19 10
5 2 11 22 19 10
5 2 5 10 25 18
5 2 5 8 25 18
5 2 11 23 10 25
5 2 5 8 16 25
5 2 23 8 16 25
5 2 23 5 16 25
5 2 23 5 8 16
5 2 11 10 25 18
5 15 6 23 25 0
5 15 6 23 1 25
5 15 23 16 25 0
5 15 23 1 16 25
5 15 3 23 1 7
5 15 3 23 1 16
5 21 2 5 10 18
5 21 2 11 22 10
5 21 2 5 19 10
5 21 2 22 19 10
5 21 2 22 5 19
5 21 2 5 8 18
5 21 2 22 8 18
5 21 2 22 5 8
5 13 11 22 12 7
5 13 21 22 12 18
5 13 21 11 22 12
5 24 3 23 8 16
5 24 3 11 8 16
5 24 3 11 23 16
5 24 23 8 16 25
5 24 11 8 16 25
5 24 11 23 16 25
5 24 2 23 8 25
5 24 2 11 23 25
5 24 2 23 8 19
5 24 11 8 25 18
5 24 2 8 25 18
5 24 2 11 25 18
5 24 2 22 8 19
5 24 3 22 8 18
5 24 2 22 8 18
5 24 2 11 23 19
5 24 2 11 22 19
5 24 21 2 22 18
5 24 21 2 11 18
5 24 21 2 11 22
5 24 13 11 22 7
5 24 13 21 22 18
5 24 13 21 11 18
5 24 13 21 11 22
5 24 13 22 12 18
5 24 13 22 12 7
5 24 14 22 12 18
5 24 14 3 22 18
5 24 14 22 12 7
5 24 14 3 22 7
5 24 13 14 12 7
5 4 14 5 19 0
5 4 14 6 5 0
5 4 13 21 14 12
5 4 13 21 14 6
5 4 14 22 12 19
5 4 21 22 12 19
5 4 21 22 5 19
5 4 14 22 12 18
5 4 21 22 12 18
5 4 21 14 12 18
5 4 22 5 8 19
5 4 21 22 5 8
5 4 14 22 8 18
5 4 21 22 8 18
5 4 5 8 16 19
5 4 14 8 16 19
5 4 14 5 16 19
5 4 14 5 8 16
5 20 14 23 16 19
5 20 23 8 16 19
5 20 3 23 8 16
5 20 14 8 16 19
5 20 14 3 8 16
5 20 3 23 16 0
5 20 14 23 16 0
5 20 14 3 16 0
5 20 24 23 8 19
5 20 24 3 23 8
5 20 14 3 22 8
5 20 14 23 19 0
5 20 14 3 22 7
5 20 24 22 8 19
5 20 24 3 22 8
5 20 4 22 8 19
5 20 4 14 8 19
5 20 4 14 22 19
5 20 4 14 22 8
5 20 24 11 23 19
5 20 24 3 22 7
5 20 3 11 23 7
5 20 24 3 11 7
5 20 24 3 11 23
5 20 22 12 19 7
5 20 14 22 12 7
5 20 14 22 12 19
5 20 11 23 1 7
5 20 11 23 1 19
5 20 11 22 19 7
5 20 24 11 22 7
5 20 24 11 22 19
5 9 13 11 6 1
5 9 11 1 19 10
5 9 11 6 1 10
5 9 13 15 6 1
5 9 13 11 1 7
5 9 13 11 6 10
5 9 6 5 1 10
5 9 15 6 23 1
5 9 13 15 1 7
5 9 20 11 19 7
5 9 20 11 1 7
5 9 20 11 1 19
5 9 11 12 19 7
5 9 13 11 12 7
5 9 23 1 19 10
5 9 23 5 19 10
5 9 23 5 1 10
5 9 21 5 19 10
5 9 21 6 5 10
5 9 6 23 5 1
5 9 20 23 1 19
5 9 15 6 23 0
5 9 20 12 19 7
5 9 13 21 6 10
5 9 11 22 19 10
5 9 11 22 12 19
5 9 13 21 11 10
5 9 13 21 11 12
5 9 4 21 5 19
5 9 4 21 6 5
5 9 23 5 19 0
5 9 6 23 5 0
5 9 20 23 19 0
5 9 4 5 19 0
5 9 4 6 5 0
5 9 4 14 19 0
5 9 13 14 6 0
5 9 4 14 6 0
5 9 4 13 14 6
5 9 20 14 19 0
5 9 13 14 12 7
5 9 20 14 12 7
5 9 20 14 12 19
5 9 21 22 19 10
5 9 21 22 12 19
5 9 4 21 12 19
5 9 4 13 21 12
5 9 4 13 21 6
5 9 4 14 12 19
5 9 4 13 14 12
5 9 21 11 22 10
5 9 21 11 22 12
5 17 9 15 23 0
5 17 9 20 23 0
5 17 20 3 23 0
5 17 9 15 23 1
5 17 9 20 23 1
5 17 3 23 16 0
5 17 15 23 16 0
5 17 15 3 23 16
5 17 15 3 23 7
5 17 20 3 23 7
5 17 9 20 14 0
5 17 9 20 14 7
5 17 9 15 1 7
5 17 9 20 1 7
5 17 15 23 1 7
5 17 20 23 1 7
5 17 20 14 3 0
5 17 20 14 3 7
5 17 9 13 14 0
5 17 9 13 14 7
5 17 9 13 15 7
5 17 9 15 6 0
5 17 9 13 6 0
5 17 9 13 15 6
