193
5 14 17 10 8 19
5 13 17 10 19 15
5 13 17 10 8 15
5 13 17 10 8 19
5 13 14 17 8 19
5 11 17 10 19 15
5 11 9 17 10 15
5 11 9 17 10 19
5 11 9 12 10 15
5 11 9 17 19 2
5 11 13 10 19 15
5 11 13 12 10 15
5 0 13 17 8 15
5 0 13 14 17 8
5 0 14 3 8 19
5 0 13 3 8 19
5 0 13 14 8 19
5 1 17 10 8 15
5 7 1 9 12 10
5 24 13 14 17 19
5 24 0 13 14 17
5 24 11 14 17 19
5 24 13 17 19 15
5 24 11 17 19 15
5 24 11 13 19 15
5 24 0 11 13 15
5 16 11 9 12 15
5 16 7 1 9 12
5 16 9 17 10 15
5 16 1 17 10 15
5 16 7 9 17 10
5 16 7 1 17 10
5 16 7 1 9 10
5 16 9 12 10 15
5 16 1 12 10 15
5 16 1 9 12 10
5 16 0 11 12 15
5 16 0 11 12 3
5 16 1 17 8 15
5 20 24 11 14 17
5 20 14 17 19 2
5 20 11 17 19 2
5 20 11 14 17 19
5 20 24 11 14 19
5 6 0 14 3 17
5 6 24 0 14 17
5 6 20 24 14 17
5 6 0 14 3 19
5 6 20 14 3 19
5 6 20 24 14 19
5 6 0 13 14 19
5 6 24 13 14 19
5 6 24 0 13 14
5 6 20 24 11 19
5 6 24 0 11 13
5 21 16 11 12 3
5 21 16 7 12 3
5 21 16 11 9 12
5 21 16 7 9 12
5 21 16 0 11 3
5 21 6 0 11 3
5 21 16 7 9 17
5 21 6 20 24 11
5 21 6 24 0 11
5 21 11 9 17 15
5 21 16 9 17 15
5 21 16 11 9 15
5 21 20 14 3 17
5 21 6 14 3 17
5 21 6 20 14 17
5 21 6 20 14 3
5 21 6 20 24 17
5 21 20 24 11 17
5 21 11 9 17 2
5 21 20 11 17 2
5 21 7 9 17 2
5 21 6 0 3 17
5 21 6 24 0 17
5 21 24 0 11 15
5 21 16 0 11 15
5 21 24 11 17 15
5 21 16 0 17 15
5 21 0 13 17 15
5 21 24 13 17 15
5 21 24 0 13 15
5 21 24 0 13 17
5 4 18 14 17 8
5 4 14 10 8 19
5 4 14 3 8 19
5 4 18 14 3 8
5 4 20 14 3 19
5 4 18 20 14 3
5 4 20 14 19 2
5 4 18 20 14 2
5 25 7 9 17 2
5 25 18 7 17 2
5 25 4 18 7 2
5 25 18 14 17 2
5 25 7 1 12 10
5 25 7 9 12 2
5 25 7 9 12 10
5 23 21 7 12 3
5 23 21 11 12 3
5 23 6 20 11 3
5 23 21 6 11 3
5 23 21 6 20 3
5 23 21 6 20 11
5 23 21 20 11 2
5 23 21 20 3 17
5 23 21 18 3 17
5 23 21 18 7 17
5 23 7 9 12 2
5 23 21 7 9 2
5 23 21 7 9 12
5 23 21 7 17 2
5 23 21 20 17 2
5 23 4 18 20 2
5 23 4 18 20 3
5 23 18 7 17 2
5 23 11 9 12 2
5 23 21 11 9 2
5 23 21 11 9 12
5 23 20 14 3 17
5 23 18 14 3 17
5 23 18 20 14 3
5 23 20 14 17 2
5 23 18 14 17 2
5 23 18 20 14 2
5 5 21 16 7 3
5 5 16 7 1 17
5 5 21 16 7 17
5 5 16 1 0 8
5 5 16 7 12 3
5 5 16 7 1 12
5 5 18 7 1 17
5 5 21 18 3 17
5 5 21 18 7 17
5 5 16 1 17 8
5 5 21 0 3 17
5 5 21 16 0 17
5 5 21 16 0 3
5 5 18 1 17 8
5 5 23 21 7 3
5 5 23 21 18 3
5 5 23 21 18 7
5 5 0 14 17 8
5 5 0 14 3 8
5 5 0 14 3 17
5 5 0 17 8 15
5 5 16 17 8 15
5 5 16 0 8 15
5 5 16 0 17 15
5 5 18 14 17 8
5 5 18 14 3 8
5 5 18 14 3 17
5 5 4 18 3 8
5 5 4 18 1 8
5 5 25 18 7 1
5 5 25 4 7 1
5 5 25 4 18 1
5 5 25 4 18 7
5 22 7 9 17 10
5 22 25 7 9 10
5 22 25 7 9 17
5 22 25 9 17 2
5 22 7 1 17 10
5 22 25 7 1 10
5 22 9 10 19 2
5 22 9 17 19 2
5 22 9 17 10 19
5 22 25 14 17 2
5 22 1 17 10 8
5 22 25 1 10 8
5 22 18 7 1 17
5 22 25 18 7 17
5 22 25 18 7 1
5 22 14 17 19 2
5 22 14 17 10 19
5 22 25 4 1 8
5 22 25 4 18 1
5 22 4 14 19 2
5 22 4 14 10 19
5 22 14 17 10 8
5 22 4 14 10 8
5 22 4 14 17 8
5 22 4 18 14 17
5 22 25 18 14 17
5 22 18 1 17 8
5 22 4 18 17 8
5 22 4 18 1 8
5 22 4 18 14 2
5 22 25 18 14 2
5 22 25 4 18 2
