313
5 13 14 24 9 2
5 32 14 30 11 2
5 7 15 27 11 10
5 7 32 15 27 11
5 7 14 30 11 2
5 6 31 17 9 10
5 6 21 32 8 5
5 6 5 31 28 10
5 6 13 24 9 28
5 6 21 32 15 25
5 3 14 24 17 9
5 3 22 14 24 9
5 3 22 32 14 24
5 3 6 22 9 25
5 3 6 22 32 25
5 3 22 32 27 25
5 3 22 32 14 27
5 3 7 32 14 27
5 20 21 32 15 25
5 20 6 8 17 10
5 20 6 21 10 25
5 20 8 5 17 10
5 20 6 9 10 25
5 20 6 17 9 10
5 20 6 21 32 25
5 20 6 21 32 8
5 20 6 8 5 10
5 20 6 21 5 10
5 20 6 21 8 5
5 20 3 6 9 25
5 20 3 6 32 25
5 20 6 8 24 17
5 20 3 22 9 25
5 20 6 24 17 9
5 20 3 24 17 9
5 20 3 6 24 9
5 16 7 26 27 10
5 16 7 30 11 2
5 16 30 5 11 28
5 16 21 5 11 10
5 16 8 30 5 11
5 0 22 26 27 9
5 0 16 7 26 27
5 0 16 7 14 2
5 0 13 14 9 2
5 0 3 14 17 9
5 0 3 22 14 9
5 0 13 31 17 9
5 0 13 26 31 9
5 0 14 24 17 9
5 0 13 24 17 9
5 0 13 14 24 9
5 0 16 26 31 2
5 0 16 26 31 17
5 1 0 16 7 14
5 1 7 14 30 2
5 1 16 7 30 2
5 1 16 7 14 2
5 1 0 13 24 17
5 1 0 14 24 17
5 1 0 16 14 2
5 1 13 14 24 2
5 1 0 13 14 2
5 1 0 13 14 24
5 1 30 24 28 2
5 1 13 24 28 2
5 1 13 30 28 2
5 29 6 31 17 10
5 29 6 8 17 10
5 29 8 5 17 10
5 29 6 5 31 10
5 29 6 8 5 10
5 29 16 5 31 10
5 29 6 5 31 28
5 29 13 31 17 9
5 29 6 31 17 9
5 29 6 8 24 17
5 29 16 8 30 5
5 29 0 13 31 17
5 29 1 0 13 17
5 29 1 13 24 17
5 29 1 8 24 17
5 29 13 24 17 9
5 29 6 24 17 9
5 29 6 13 24 9
5 29 13 31 9 28
5 29 6 31 9 28
5 29 6 13 9 28
5 29 6 13 24 28
5 29 0 16 31 17
5 29 1 0 16 17
5 29 1 8 30 17
5 29 16 5 31 28
5 29 1 13 24 28
5 29 1 13 30 28
5 29 1 16 30 2
5 29 16 31 28 2
5 29 16 30 28 2
5 29 1 30 24 28
5 29 0 13 31 2
5 29 0 16 31 2
5 29 1 0 13 2
5 29 1 0 16 2
5 29 13 31 28 2
5 29 13 30 28 2
5 29 1 13 30 2
5 23 6 8 24 28
5 23 6 24 9 28
5 23 6 32 8 5
5 23 20 6 8 24
5 23 20 6 32 8
5 23 30 24 28 2
5 23 3 6 24 9
5 23 20 8 24 17
5 23 20 3 32 24
5 23 20 3 6 24
5 23 20 3 6 32
5 23 32 14 30 2
5 23 8 30 5 11
5 23 1 8 30 24
5 23 13 24 28 2
5 23 13 24 9 2
5 23 13 24 9 28
5 23 3 22 24 9
5 23 3 22 32 24
5 23 6 22 32 9
5 23 3 6 22 9
5 23 3 6 22 32
5 23 1 30 24 2
5 23 1 14 24 2
5 23 1 14 30 2
5 23 21 8 5 11
5 23 21 32 8 5
5 23 22 14 24 9
5 23 22 32 14 24
5 18 20 32 15 25
5 18 32 15 27 25
5 18 7 15 27 25
5 18 7 32 15 27
5 18 20 3 32 25
5 18 3 32 27 25
5 18 3 7 32 27
5 18 3 7 32 14
5 18 20 21 32 15
5 18 3 14 24 17
5 18 20 3 24 17
5 18 3 32 14 24
5 18 20 3 32 24
5 18 20 21 32 8
5 18 23 20 32 8
5 18 23 20 24 17
5 18 23 20 32 24
5 19 16 7 26 10
5 19 7 26 27 10
5 19 16 26 31 17
5 19 0 16 26 17
5 19 0 16 7 26
5 19 22 26 27 10
5 19 0 7 26 27
5 19 31 17 9 10
5 19 26 31 9 10
5 19 22 27 10 25
5 19 22 26 9 10
5 19 0 22 26 27
5 19 15 27 10 25
5 19 7 15 27 10
5 19 0 31 17 9
5 19 0 26 31 9
5 19 0 26 31 17
5 19 20 17 9 10
5 19 0 22 26 9
5 19 0 22 14 27
5 19 0 7 14 27
5 19 22 9 10 25
5 19 20 9 10 25
5 19 20 22 9 25
5 19 20 3 22 25
5 19 18 20 3 25
5 19 18 20 3 17
5 19 3 22 27 25
5 19 18 3 27 25
5 19 20 3 17 9
5 19 20 3 22 9
5 19 0 3 17 9
5 19 0 3 22 9
5 19 3 7 14 27
5 19 18 3 14 17
5 19 3 22 14 27
5 19 0 3 14 17
5 19 0 3 22 14
5 4 6 8 24 28
5 4 29 6 24 28
5 4 29 6 8 24
5 4 29 30 24 28
5 4 29 6 5 28
5 4 29 6 8 5
5 4 23 30 24 28
5 4 23 8 24 28
5 4 23 8 30 24
5 4 29 8 30 5
5 4 1 8 30 24
5 4 29 1 30 24
5 4 29 1 8 24
5 4 29 1 8 30
5 4 23 6 5 28
5 4 23 6 8 28
5 4 23 6 8 5
5 4 23 30 5 28
5 4 23 8 30 5
5 4 16 30 5 28
5 4 29 16 5 28
5 4 29 16 30 28
5 4 29 16 30 5
5 12 18 20 21 15
5 12 20 21 15 25
5 12 18 20 15 25
5 12 19 18 20 25
5 12 19 18 20 17
5 12 21 15 10 25
5 12 19 15 10 25
5 12 20 21 10 25
5 12 19 20 10 25
5 12 19 7 15 10
5 12 18 7 15 25
5 12 19 20 17 10
5 12 21 15 11 10
5 12 7 15 11 10
5 12 21 32 15 11
5 12 18 21 32 15
5 12 7 32 15 11
5 12 18 7 32 15
5 12 19 16 7 10
5 12 7 15 27 25
5 12 19 15 27 25
5 12 19 7 15 27
5 12 18 7 27 25
5 12 19 18 27 25
5 12 19 18 14 17
5 12 18 20 21 8
5 12 20 5 17 10
5 12 20 21 5 10
5 12 16 21 11 10
5 12 16 7 11 10
5 12 18 21 32 8
5 12 18 3 7 27
5 12 19 3 7 27
5 12 19 18 3 27
5 12 19 0 14 17
5 12 19 0 7 14
5 12 18 3 7 14
5 12 19 3 7 14
5 12 19 18 3 14
5 12 21 8 5 11
5 12 20 8 5 17
5 12 20 21 8 5
5 12 23 20 8 17
5 12 18 23 20 17
5 12 18 23 20 8
5 12 16 21 5 10
5 12 19 31 17 10
5 12 19 16 31 17
5 12 23 21 8 11
5 12 23 21 32 11
5 12 23 21 32 8
5 12 18 23 32 8
5 12 23 32 30 11
5 12 16 21 5 11
5 12 19 0 16 17
5 12 19 0 16 7
5 12 1 0 14 17
5 12 1 0 7 14
5 12 1 14 24 17
5 12 18 14 24 17
5 12 18 7 32 14
5 12 16 8 5 11
5 12 23 8 30 11
5 12 29 5 17 10
5 12 29 16 5 10
5 12 29 31 17 10
5 12 29 16 31 10
5 12 29 16 31 17
5 12 16 26 31 10
5 12 19 26 31 10
5 12 19 16 26 10
5 12 19 16 26 31
5 12 32 14 30 11
5 12 7 14 30 11
5 12 7 32 14 11
5 12 23 32 14 30
5 12 1 0 16 17
5 12 1 0 16 7
5 12 16 7 30 11
5 12 1 16 7 30
5 12 18 23 24 17
5 12 23 1 14 24
5 12 16 8 30 11
5 12 29 8 5 17
5 12 29 16 8 5
5 12 1 8 30 17
5 12 23 1 8 30
5 12 1 7 14 30
5 12 23 1 14 30
5 12 23 32 14 24
5 12 18 32 14 24
5 12 18 23 32 24
5 12 29 1 30 17
5 12 29 1 16 17
5 12 29 1 16 30
5 12 1 8 24 17
5 12 23 8 24 17
5 12 23 1 8 24
5 12 29 8 30 17
5 12 29 16 8 30
