4
33
-7.16704 -4.54052 0.601108 -5.53138
-6.1011 -8.44949 9.93509 -1.31764
4.95418 0.983478 -8.73726 -1.20797
6.67938 -6.48342 8.27344 -8.60217
6.63996 -4.30826 3.67789 5.28343
-7.00066 -9.60803 7.14807 -0
8.66598 -9.89391 -8.14693 -0
-5.01121 9.95588 7.25577 -0
-6.58009 2.17199 6.1243 -0
-5.86492 8.34851 -2.12122 -0
-8.04745 -3.70609 7.87742 -0
8.66997 3.87365 -5.48722 -0
-0 -6.59671 7.5261 -0.124458
-0 5.61274 1.08201 -6.88656
-0 -9.95558 0.637797 -0.544354
-0 -3.5163 9.23008 7.35155
-0 -8.8845 -7.26476 0.673656
-0 -5.64361 -0.972658 9.64381
-0 3.52467 -7.96589 -8.13196
-4.78707 -0 8.82452 4.46362
8.4586 -0 1.08491 2.5692
-6.22366 -0 -8.27799 6.42171
5.90974 -0 -1.85555 -0.350285
-9.78478 -0 -4.11557 -9.70855
0.22217 -0 -6.52323 -8.51729
-5.51988 -0 -2.1724 -7.86234
-1.2304 -9.9303 -0 1.40865
-6.00617 -8.95763 -0 -6.80871
2.78437 -5.17644 -0 -6.25657
6.46212 -2.05054 -0 -9.24644
6.64454 -9.93931 -0 -0.571541
-7.02983 -1.19074 -0 -3.77088
8.48672 0.502965 -0 4.03276
