4
26
5.28253 -5.16141 -4.9313 7.18649
-5.61796 -5.95418 -2.7606 -8.34338
4.42297 -9.5635 9.64412 -1.34686
2.64624 -7.45414 -2.96198 -8.0825
-6.4664 5.29138 6.68121 -2.42824
-4.94087 -0 3.53344 1.07385
-1.92948 -0 -0.096078 0.0504034
-3.84489 -0 1.91576 -8.59625
-4.80091 -0 4.83153 0.245102
9.58374 -0 -2.86289 7.5384
-0.508455 -0 -2.83138 -3.35319
-7.49612 -0 -6.93129 4.54029
-3.34965 7.87943 -0 -2.32092
-9.1582 -4.31622 -0 -6.39015
9.78479 2.98868 -0 -6.1613
-9.15919 9.98612 -0 -1.99723
4.11268 0.504288 -0 2.83583
-1.80643 -2.69578 -0 1.93332
-0.76413 1.49763 -0 2.92817
2.85709 1.60212 -0.0275748 -0
2.24667 0.124845 -3.28535 -0
3.36087 7.31565 5.66547 -0
1.88637 5.5931 -0.613613 -0
-0.0735128 -4.9545 -0.743739 -0
-4.46999 3.83982 -5.30349 -0
-2.83177 -8.57293 7.50537 -0
