4
33
0.809889 -4.14968 3.80342 9.95215
-1.90784 -5.16754 0.621398 1.61999
7.60635 0.277018 -6.05373 -1.9216
7.30965 -0.627481 -0.338992 -8.62382
-6.88365 -8.02289 7.83859 3.87888
0.990712 -0 -3.99088 2.34063
-6.2785 -0 3.25462 -7.53217
2.20366 -0 -8.46939 -5.97106
8.77639 -0 -2.30777 8.54261
-7.7732 -0 -6.25139 5.31596
0.624589 -0 -0.190121 -1.36152
5.00544 -0 -1.93244 -0.0775509
-0 8.50874 -8.5713 2.77439
-0 5.06189 3.57659 -2.44428
-0 5.10352 5.49423 -7.00089
-0 -3.85721 -6.77052 -7.62216
-0 -2.25958 9.05912 -0.99782
-0 4.23119 -0.124163 -7.18754
-0 -8.32602 9.02899 -9.97194
-3.34965 7.87943 -0 -2.32092
-9.1582 -4.31622 -0 -6.39015
9.78479 2.98868 -0 -6.1613
-9.15919 9.98612 -0 -1.99723
4.11268 0.504288 -0 2.83583
-1.80643 -2.69578 -0 1.93332
-0.76413 1.49763 -0 2.92817
9.38255 8.13901 -8.79977 -0
-6.23462 -8.09477 -2.54485 -0
-8.97534 2.82853 -8.85572 -0
6.42575 9.86964 0.492632 -0
3.02228 -7.35532 2.71094 -0
-4.47491 7.10996 0.157872 -0
7.53211 9.6896 4.35549 -0
