4
33
1.85959 -2.07768 -0.56327 4.96035
-5.60028 -7.30829 6.08312 -1.21993
-5.34334 9.90518 -3.37171 9.25273
7.4014 -8.76043 3.68537 7.28952
-5.24023 7.20585 5.50414 -9.72846
-1.2304 -9.9303 -0 1.40865
-6.00617 -8.95763 -0 -6.80871
2.78437 -5.17644 -0 -6.25657
6.46212 -2.05054 -0 -9.24644
6.64454 -9.93931 -0 -0.571541
-7.02983 -1.19074 -0 -3.77088
8.48672 0.502965 -0 4.03276
-6.8011 4.2525 2.81729 -0
-9.04219 -7.85512 -9.81037 -0
4.65492 7.55581 -1.78206 -0
4.28385 5.40517 4.76909 -0
4.7148 -0.37852 -4.04769 -0
8.41266 -9.05612 8.97255 -0
2.70109 -4.70316 7.99923 -0
-0 -1.89739 -6.07501 -6.54335
-0 1.90158 -4.24674 6.25837
-0 9.41235 9.32171 -2.45907
-0 -9.67563 -1.92507 -4.60172
-0 1.95054 1.13349 4.34365
-0 2.1362 1.53647 1.56219
-0 3.38026 8.34152 5.04406
2.73582 -0 5.94355 -1.49825
7.43434 -0 7.95145 3.27886
4.3569 -0 -7.4233 4.82536
-6.1797 -0 -0.802142 -8.0654
6.9068 -0 1.15191 3.43569
-1.03588 -0 9.66859 3.63958
-1.74159 -0 -3.52305 9.3086
