4
26
1.60497 6.09054 -4.57935 1.29322
-1.66225 -1.19794 5.94117 -3.99123
-6.54322 -0.654467 9.54034 5.04033
6.80639 0.477201 9.65084 -8.26677
4.40862 2.01616 -7.9989 -7.63895
-0 4.63812 3.5297 9.55959
-0 6.50215 5.11275 -9.09667
-0 -8.56648 -3.11353 -8.35364
-0 3.19983 5.02324 -4.9447
-0 4.03908 -4.37124 6.16365
-0 -6.03952 7.73706 -4.25279
-0 7.97753 -5.68609 -6.37208
3.92187 -1.66042 -0 9.47397
0.88153 8.61792 -0 -1.74935
3.16106 -4.86035 -0 3.5056
8.42217 4.23236 -0 0.458715
3.3663 -7.79623 -0 -5.46688
-5.99491 -6.59111 -0 8.34045
7.4871 -3.39809 -0 5.44977
-0.258465 -4.64246 -5.3377 -0
5.53518 -2.975 -7.83892 -0
-7.27491 -1.28612 -8.99072 -0
-5.72872 7.38281 7.5689 -0
3.99042 -8.76917 3.30399 -0
7.52762 -2.30773 4.31008 -0
7.41961 -7.1233 8.30574 -0
