4
26
6.51952 3.46675 8.17771 -4.81359
2.29538 -6.78165 4.59515 5.5889
-8.67319 -8.37706 -3.4109 -4.334
0.170331 -0.559965 8.90966 -7.17286
-8.00956 -7.82121 6.65366 4.08027
-0 -6.59671 7.5261 -0.124458
-0 5.61274 1.08201 -6.88656
-0 -9.95558 0.637797 -0.544354
-0 -3.5163 9.23008 7.35155
-0 -8.8845 -7.26476 0.673656
-0 -5.64361 -0.972658 9.64381
-0 3.52467 -7.96589 -8.13196
6.47779 -9.72896 -8.49826 -0
9.13975 8.53586 5.50557 -0
-5.4541 0.786617 2.73515 -0
9.47539 0.814945 2.47247 -0
8.10222 -2.74979 1.74 -0
-2.45726 -0.566464 0.871358 -0
-6.04597 -7.09675 5.38031 -0
-6.899 9.47656 -0 0.287264
-8.21349 -1.78204 -0 -8.64854
1.33962 -0.174256 -0 -4.29557
-2.8524 -8.44774 -0 7.02863
-6.96311 -5.5725 -0 -8.42454
0.790137 5.76532 -0 -6.1262
-3.17625 -9.64926 -0 6.18305
