4
33
0.957559 -6.17083 -2.66676 5.82638
-5.52877 8.43632 8.41226 -5.49166
-6.15658 -0.867764 -4.41802 -8.02309
2.49645 2.64879 -3.62403 3.53657
3.43166 -4.2011 -3.8013 2.53706
-0 7.05138 5.21503 6.39202
-0 6.50243 8.52751 2.18976
-0 -2.13777 -9.9098 3.4895
-0 5.9563 3.58711 1.41977
-0 -6.88614 7.11713 -7.71286
-0 -8.18819 8.68828 7.49407
-0 3.62644 -7.16182 9.14077
6.67253 -0 -9.82226 7.27734
4.4631 -0 -1.31393 -9.34291
-4.9909 -0 8.27224 5.73757
-1.1955 -0 -3.51332 9.67786
3.58814 -0 -4.72573 -1.16734
6.69562 -0 -0.83459 -8.63912
7.8788 -0 4.77795 9.54225
3.92187 -1.66042 -0 9.47397
0.88153 8.61792 -0 -1.74935
3.16106 -4.86035 -0 3.5056
8.42217 4.23236 -0 0.458715
3.3663 -7.79623 -0 -5.46688
-5.99491 -6.59111 -0 8.34045
7.4871 -3.39809 -0 5.44977
6.47779 -9.72896 -8.49826 -0
9.13975 8.53586 5.50557 -0
-5.4541 0.786617 2.73515 -0
9.47539 0.814945 2.47247 -0
8.10222 -2.74979 1.74 -0
-2.45726 -0.566464 0.871358 -0
-6.04597 -7.09675 5.38031 -0
