4
33
-6.59394 -4.98058 -0.390712 -6.12265
-4.49528 3.54695 -2.47702 -3.77705
-8.97969 6.84799 -4.58293 -7.28596
6.82882 -1.55106 -2.02035 -2.72231
-2.99863 8.08386 5.46584 1.72974
-0 7.05138 5.21503 6.39202
-0 6.50243 8.52751 2.18976
-0 -2.13777 -9.9098 3.4895
-0 5.9563 3.58711 1.41977
-0 -6.88614 7.11713 -7.71286
-0 -8.18819 8.68828 7.49407
-0 3.62644 -7.16182 9.14077
0.990712 -0 -3.99088 2.34063
-6.2785 -0 3.25462 -7.53217
2.20366 -0 -8.46939 -5.97106
8.77639 -0 -2.30777 8.54261
-7.7732 -0 -6.25139 5.31596
0.624589 -0 -0.190121 -1.36152
5.00544 -0 -1.93244 -0.0775509
2.61749 -6.35011 -0 -1.37294
4.64224 0.109094 -0 -0.0942865
6.11163 2.77976 -0 9.77441
7.70699 -7.56748 -0 -4.69609
0.43674 8.67404 -0 -1.94791
-0.639235 4.3442 -0 -4.33349
9.16067 -3.44533 -0 1.5241
-7.00066 -9.60803 7.14807 -0
8.66598 -9.89391 -8.14693 -0
-5.01121 9.95588 7.25577 -0
-6.58009 2.17199 6.1243 -0
-5.86492 8.34851 -2.12122 -0
-8.04745 -3.70609 7.87742 -0
8.66997 3.87365 -5.48722 -0
