4
26
9.88881 -7.23492 2.96169 -0.0734591
2.44011 -6.42958 -0.386707 9.00407
-3.96919 3.36338 5.78832 0.0567431
-1.71279 -2.03734 -7.29801 -3.40251
7.62115 3.97727 1.44152 -2.30926
2.73582 -0 5.94355 -1.49825
7.43434 -0 7.95145 3.27886
4.3569 -0 -7.4233 4.82536
-6.1797 -0 -0.802142 -8.0654
6.9068 -0 1.15191 3.43569
-1.03588 -0 9.66859 3.63958
-1.74159 -0 -3.52305 9.3086
4.96209 6.17658 -0 0.767317
9.17599 5.90261 -0 4.54476
9.09355 3.64233 -0 -2.83756
8.34601 -8.23088 -0 5.58784
-2.61103 -7.36321 -0 -6.88964
9.49195 -6.664 -0 3.08784
-9.0644 7.99129 -0 -6.57294
2.85709 1.60212 -0.0275748 -0
2.24667 0.124845 -3.28535 -0
3.36087 7.31565 5.66547 -0
1.88637 5.5931 -0.613613 -0
-0.0735128 -4.9545 -0.743739 -0
-4.46999 3.83982 -5.30349 -0
-2.83177 -8.57293 7.50537 -0
