4
19
-4.11918 -3.1017 -0.641801 -3.91364
6.10991 -2.37825 3.84445 -4.885
4.78223 1.85303 2.37446 -8.39734
-3.76861 1.78155 6.41292 7.89544
-1.81794 4.02795 0.125561 8.32338
-0 8.50874 -8.5713 2.77439
-0 5.06189 3.57659 -2.44428
-0 5.10352 5.49423 -7.00089
-0 -3.85721 -6.77052 -7.62216
-0 -2.25958 9.05912 -0.99782
-0 4.23119 -0.124163 -7.18754
-0 -8.32602 9.02899 -9.97194
6.67253 -0 -9.82226 7.27734
4.4631 -0 -1.31393 -9.34291
-4.9909 -0 8.27224 5.73757
-1.1955 -0 -3.51332 9.67786
3.58814 -0 -4.72573 -1.16734
6.69562 -0 -0.83459 -8.63912
7.8788 -0 4.77795 9.54225
