206
5 4 2 8 23 25
5 12 2 8 7 18
5 12 0 8 7 18
5 12 4 2 8 23
5 15 4 8 23 25
5 15 12 4 8 23
5 15 12 0 8 18
5 9 4 2 23 25
5 20 12 0 8 7
5 20 2 21 8 7
5 20 12 2 8 7
5 20 12 2 21 8
5 20 15 12 0 8
5 20 15 0 8 1
5 20 15 12 8 23
5 20 15 8 6 1
5 22 20 15 12 23
5 22 20 15 0 1
5 22 20 15 12 0
5 22 15 12 0 18
5 22 24 15 4 23
5 5 12 2 7 18
5 5 12 4 2 23
5 5 9 4 2 23
5 5 20 12 2 7
5 5 20 12 2 21
5 5 9 2 23 25
5 17 22 12 0 18
5 17 5 22 9 23
5 17 5 12 23 18
5 17 5 22 12 23
5 16 5 2 7 18
5 16 5 9 2 18
5 16 20 2 21 7
5 16 5 9 2 25
5 16 2 21 8 7
5 19 20 21 6 1
5 19 22 15 6 25
5 19 20 15 6 1
5 19 22 15 6 1
5 19 22 20 15 1
5 19 15 8 6 25
5 19 20 21 8 6
5 19 20 15 8 6
5 19 22 15 23 25
5 19 22 20 15 23
5 19 15 8 23 25
5 19 20 15 8 23
5 19 2 8 23 25
5 19 2 21 8 25
5 19 20 12 8 23
5 19 20 12 21 8
5 19 16 5 2 21
5 19 5 2 23 25
5 19 5 20 12 23
5 19 5 20 12 21
5 19 12 2 8 23
5 19 12 2 21 8
5 19 5 12 2 23
5 19 5 12 2 21
5 14 22 15 0 18
5 14 17 15 0 18
5 14 17 22 0 18
5 14 22 24 15 18
5 14 17 24 15 18
5 14 17 22 24 18
5 14 22 15 0 1
5 14 17 15 0 1
5 14 22 15 6 1
5 14 22 24 15 6
5 3 5 9 2 18
5 3 5 9 4 2
5 3 17 22 24 18
5 3 22 24 4 23
5 3 5 9 4 23
5 3 17 5 23 18
5 3 17 5 9 18
5 3 17 5 9 23
5 3 22 9 4 23
5 3 17 22 9 23
5 3 5 12 2 18
5 3 5 12 4 2
5 3 12 2 8 18
5 3 12 4 2 8
5 3 5 12 23 18
5 3 5 12 4 23
5 3 15 12 4 23
5 3 24 15 4 23
5 3 17 12 23 18
5 3 17 22 12 18
5 3 17 22 12 23
5 3 15 12 8 18
5 3 15 12 4 8
5 3 22 15 12 18
5 3 22 24 15 18
5 3 22 15 12 23
5 3 22 24 15 23
5 10 19 16 17 21
5 10 19 16 17 9
5 10 19 16 5 21
5 10 17 22 12 0
5 10 17 5 22 12
5 10 17 0 7 18
5 10 17 5 9 18
5 10 16 5 7 18
5 10 16 5 9 18
5 10 22 20 12 0
5 10 20 0 21 7
5 10 16 20 21 7
5 10 20 12 0 7
5 10 5 20 12 7
5 10 5 20 2 7
5 10 16 20 2 7
5 10 16 5 2 7
5 10 5 20 2 21
5 10 16 20 2 21
5 10 16 5 2 21
5 10 17 12 0 18
5 10 17 5 12 18
5 10 12 0 7 18
5 10 5 12 7 18
5 11 14 22 6 1
5 11 19 22 6 25
5 11 19 24 6 25
5 11 14 22 24 6
5 11 3 22 9 4
5 11 3 17 9 4
5 11 3 17 22 9
5 11 17 9 4 25
5 11 14 17 22 24
5 11 24 4 6 25
5 11 3 22 24 4
5 11 3 17 24 4
5 11 3 17 22 24
5 11 22 9 4 23
5 11 17 24 4 25
5 11 15 4 6 25
5 11 22 15 6 25
5 11 24 15 4 6
5 11 22 24 15 6
5 11 22 24 15 4
5 11 15 4 23 25
5 11 22 15 23 25
5 11 22 15 4 23
5 13 10 16 5 9
5 13 10 19 16 9
5 13 10 19 16 5
5 13 16 5 9 25
5 13 19 16 9 25
5 13 16 5 2 25
5 13 19 5 2 25
5 13 19 16 2 25
5 13 19 16 5 2
5 13 10 19 17 9
5 13 5 9 23 25
5 13 19 17 9 25
5 13 11 17 9 25
5 13 11 19 17 25
5 13 19 5 23 25
5 13 17 5 22 9
5 13 10 17 5 9
5 13 10 17 5 22
5 13 5 22 9 23
5 13 11 22 9 23
5 13 11 17 22 9
5 13 9 4 23 25
5 13 11 4 23 25
5 13 11 9 4 25
5 13 11 9 4 23
5 13 19 22 23 25
5 13 11 22 23 25
5 13 11 19 22 25
5 13 10 17 22 0
5 13 10 17 0 21
5 13 10 19 17 21
5 13 11 14 19 17
5 13 19 22 20 23
5 13 19 5 20 23
5 13 19 5 20 21
5 13 10 5 20 21
5 13 10 19 5 21
5 13 19 22 20 1
5 13 10 22 20 0
5 13 14 17 22 0
5 13 11 14 17 22
5 13 10 20 0 21
5 13 11 14 19 1
5 13 22 20 12 23
5 13 10 22 20 12
5 13 5 20 12 23
5 13 10 5 20 12
5 13 5 22 12 23
5 13 10 5 22 12
5 13 11 14 22 1
5 13 19 22 6 1
5 13 11 22 6 1
5 13 11 19 6 1
5 13 11 19 22 6
5 13 17 0 21 1
5 13 14 17 0 1
5 13 19 17 21 1
5 13 14 19 17 1
5 13 20 0 21 1
5 13 19 20 21 1
5 13 22 20 0 1
5 13 14 22 0 1
