217
5 9 8 1 0 15
5 21 9 8 0 15
5 21 9 1 25 15
5 21 9 8 1 15
5 21 3 8 1 0
5 21 9 8 1 0
5 21 9 3 1 0
5 18 21 8 0 15
5 23 21 9 3 0
5 23 21 3 8 0
5 23 11 5 7 25
5 13 23 11 7 25
5 13 11 8 1 12
5 13 11 7 1 15
5 13 5 18 25 15
5 13 5 18 7 15
5 13 5 18 7 25
5 13 11 5 25 15
5 13 11 5 7 15
5 13 11 5 7 25
5 13 21 1 25 15
5 13 18 21 25 15
5 13 21 8 1 15
5 13 18 8 1 15
5 13 18 21 8 15
5 19 5 7 4 2
5 19 13 18 7 25
5 19 18 21 0 15
5 19 18 21 8 0
5 14 9 1 0 4
5 14 9 3 1 0
5 14 3 8 1 12
5 6 5 7 4 15
5 6 11 5 7 15
5 6 23 11 3 7
5 6 23 11 5 7
5 6 23 3 7 2
5 6 5 7 4 2
5 6 14 11 3 12
5 6 7 1 4 15
5 6 11 7 1 15
5 6 11 7 1 4
5 6 14 11 1 4
5 16 23 21 9 0
5 16 9 0 4 2
5 16 6 23 3 2
5 16 6 23 5 3
5 16 6 3 4 2
5 16 6 5 4 2
5 16 6 14 3 4
5 20 5 7 4 15
5 20 19 7 4 15
5 20 19 5 7 4
5 20 19 5 4 2
5 20 5 18 7 15
5 20 19 18 7 15
5 20 5 9 4 2
5 20 5 18 25 15
5 20 5 18 7 25
5 20 19 18 7 25
5 20 19 5 7 25
5 20 19 0 15 2
5 20 16 5 9 2
5 20 16 19 5 2
5 20 18 21 25 15
5 20 19 18 21 15
5 20 19 18 21 25
5 20 16 9 0 2
5 20 16 19 0 2
5 20 21 9 0 15
5 20 19 21 0 15
5 20 16 5 9 25
5 20 16 19 5 25
5 20 21 9 25 15
5 20 16 21 9 0
5 20 16 21 9 25
5 20 16 19 21 0
5 20 16 19 21 25
5 17 23 3 7 2
5 17 6 3 7 2
5 17 23 11 3 7
5 17 13 11 7 12
5 17 13 23 11 7
5 17 13 18 7 12
5 17 19 13 18 7
5 17 6 11 7 12
5 17 6 11 3 12
5 17 6 11 3 7
5 17 13 18 8 12
5 22 13 23 21 8
5 22 13 18 21 8
5 22 19 18 21 8
5 22 17 13 23 8
5 22 13 23 21 25
5 22 23 21 8 0
5 22 19 21 8 0
5 22 17 13 18 8
5 22 17 19 13 18
5 22 13 18 21 25
5 22 19 18 21 25
5 22 19 13 18 25
5 22 17 13 23 7
5 22 17 19 13 7
5 22 16 23 21 25
5 22 16 19 21 25
5 22 13 23 7 25
5 22 19 13 7 25
5 22 16 23 21 0
5 22 16 19 0 2
5 22 16 19 21 0
5 22 17 23 7 2
5 22 17 19 7 2
5 22 23 5 7 25
5 22 19 5 7 25
5 22 16 23 3 2
5 22 19 5 7 2
5 22 16 19 5 2
5 22 16 19 5 25
5 22 6 5 7 2
5 22 6 23 7 2
5 22 6 23 5 7
5 22 16 6 5 2
5 22 16 6 23 2
5 22 16 6 23 5
5 24 21 9 3 1
5 24 14 9 3 1
5 24 6 14 11 3
5 24 13 21 1 25
5 24 21 3 8 1
5 24 14 3 1 12
5 24 14 11 1 12
5 24 14 11 3 12
5 24 6 23 11 3
5 24 23 11 5 25
5 24 11 1 25 15
5 24 13 1 25 15
5 24 13 11 25 15
5 24 13 11 1 15
5 24 13 23 21 25
5 24 13 23 11 25
5 24 13 21 8 1
5 24 13 11 8 1
5 24 3 8 1 12
5 24 11 8 1 12
5 24 23 21 3 8
5 24 13 23 21 8
5 24 17 3 8 12
5 24 17 11 3 12
5 24 13 11 8 12
5 24 17 13 8 12
5 24 17 13 11 12
5 24 17 23 3 8
5 24 17 13 23 8
5 24 17 23 11 3
5 24 17 13 23 11
5 10 16 5 9 25
5 10 16 21 9 25
5 10 16 23 21 25
5 10 16 23 21 9
5 10 22 23 5 25
5 10 22 16 5 25
5 10 22 16 23 25
5 10 22 16 23 5
5 10 24 14 9 3
5 10 24 14 9 1
5 10 24 23 5 25
5 10 16 23 5 3
5 10 24 23 21 25
5 10 9 1 25 15
5 10 21 9 1 25
5 10 24 21 1 25
5 10 24 21 9 1
5 10 24 11 1 25
5 10 24 11 5 25
5 10 24 6 14 3
5 10 23 21 9 3
5 10 24 21 9 3
5 10 24 23 21 3
5 10 23 9 3 0
5 10 16 23 3 0
5 10 16 23 9 0
5 10 14 9 3 0
5 10 16 14 3 0
5 10 6 23 5 3
5 10 24 6 23 3
5 10 16 6 5 3
5 10 16 6 14 3
5 10 5 9 4 2
5 10 16 9 4 2
5 10 16 5 4 2
5 10 16 5 9 2
5 10 14 9 0 4
5 10 16 9 0 4
5 10 16 14 0 4
5 10 16 6 5 4
5 10 16 6 14 4
5 10 11 1 25 15
5 10 11 5 25 15
5 10 20 9 25 15
5 10 20 5 25 15
5 10 20 5 9 25
5 10 9 1 4 15
5 10 14 9 1 4
5 10 6 14 1 4
5 10 6 14 11 1
5 10 24 14 11 1
5 10 24 6 14 11
5 10 6 23 11 5
5 10 24 23 11 5
5 10 24 6 23 11
5 10 6 11 1 15
5 10 6 11 5 15
5 10 20 9 4 15
5 10 20 5 4 15
5 10 20 5 9 4
5 10 6 1 4 15
5 10 6 5 4 15
