304
5 8 2 19 7 29
5 18 2 19 32 7
5 18 8 2 19 7
5 13 31 3 12 0
5 13 4 3 0 1
5 28 8 2 19 29
5 28 18 8 19 10
5 28 18 8 2 19
5 15 28 4 32 29
5 9 28 4 32 29
5 9 4 12 0 29
5 9 28 2 32 29
5 9 28 8 2 29
5 9 28 18 8 10
5 9 28 18 8 2
5 11 14 13 27 32
5 11 14 18 32 7
5 25 31 27 3 12
5 25 31 4 3 12
5 25 13 27 3 1
5 25 13 4 3 1
5 25 13 27 3 12
5 25 14 31 27 12
5 25 31 4 12 10
5 25 14 13 27 12
5 25 14 13 27 32
5 25 4 3 12 0
5 25 13 3 12 0
5 25 13 4 3 0
5 25 9 4 12 10
5 25 9 4 32 10
5 25 13 4 0 1
5 25 15 4 0 1
5 25 15 13 0 1
5 25 14 13 12 0
5 25 15 4 32 29
5 25 9 4 32 29
5 16 9 8 12 10
5 16 25 31 12 10
5 16 25 14 31 12
5 16 25 9 12 10
5 16 25 9 14 12
5 5 18 2 32 7
5 5 14 2 32 7
5 5 14 18 32 7
5 5 18 8 2 7
5 5 14 8 2 7
5 5 9 14 2 32
5 5 9 18 8 2
5 5 9 14 8 2
5 5 9 18 8 10
5 5 16 9 8 10
5 5 16 9 14 10
5 23 5 9 32 10
5 23 5 9 18 10
5 23 25 15 4 32
5 23 9 28 18 10
5 23 18 19 32 7
5 23 11 19 32 7
5 23 11 18 32 7
5 23 11 18 19 7
5 23 5 18 2 32
5 23 5 9 2 32
5 23 5 9 18 2
5 23 9 4 32 10
5 23 9 28 2 32
5 23 9 28 18 2
5 23 15 28 4 10
5 23 9 28 4 10
5 23 15 28 4 32
5 23 9 28 4 32
5 23 18 2 19 32
5 23 28 18 2 19
5 23 15 28 32 29
5 23 15 28 19 29
5 23 28 2 32 29
5 23 28 2 19 29
5 6 15 13 0 1
5 6 11 13 27 32
5 6 25 15 13 1
5 6 25 15 13 0
5 6 25 13 27 1
5 6 25 13 27 32
5 24 14 2 32 7
5 24 9 14 2 32
5 24 14 8 2 7
5 24 9 14 8 2
5 24 25 14 12 0
5 24 5 14 8 7
5 24 9 8 12 0
5 24 16 9 8 12
5 24 9 8 0 29
5 24 5 9 14 8
5 24 5 16 9 8
5 24 5 16 9 14
5 20 11 14 27 32
5 20 11 14 18 32
5 20 5 14 18 32
5 20 23 11 18 32
5 20 23 5 18 32
5 20 23 5 32 10
5 20 25 14 27 32
5 20 5 9 32 10
5 20 5 9 14 10
5 20 5 9 14 32
5 20 25 9 32 10
5 20 25 9 14 32
5 20 25 14 31 27
5 20 5 16 31 10
5 20 5 16 14 10
5 20 5 16 14 31
5 20 16 9 14 10
5 20 16 25 9 10
5 20 16 25 9 14
5 20 16 25 31 10
5 20 16 25 14 31
5 20 31 27 3 1
5 20 25 27 3 1
5 20 25 31 27 3
5 20 25 31 4 10
5 21 25 15 32 29
5 21 15 19 0 29
5 21 15 4 0 29
5 21 25 15 4 29
5 21 25 15 4 0
5 21 6 25 15 0
5 21 6 25 15 32
5 21 19 0 7 29
5 21 23 15 32 29
5 21 23 15 19 29
5 21 11 15 19 0
5 21 24 9 0 29
5 21 25 9 32 29
5 21 9 4 0 29
5 21 25 9 4 29
5 21 6 11 15 0
5 21 6 25 13 0
5 21 6 25 13 32
5 21 2 19 7 29
5 21 2 19 32 7
5 21 11 19 0 7
5 21 11 19 32 7
5 21 23 2 32 29
5 21 23 2 19 29
5 21 23 2 19 32
5 21 23 11 19 32
5 21 23 11 15 19
5 21 9 2 32 29
5 21 24 9 2 32
5 21 24 2 32 7
5 21 24 9 12 0
5 21 24 25 12 0
5 21 25 9 14 32
5 21 24 9 14 32
5 21 24 11 13 0
5 21 25 14 13 0
5 21 24 14 13 0
5 21 24 25 14 0
5 21 25 14 13 32
5 21 9 4 12 0
5 21 25 4 12 0
5 21 25 9 4 12
5 21 6 11 13 0
5 21 6 11 13 32
5 21 6 23 15 32
5 21 6 23 11 32
5 21 6 23 11 15
5 21 24 11 0 7
5 21 8 0 7 29
5 21 24 8 0 29
5 21 24 8 0 7
5 21 8 2 7 29
5 21 24 8 2 7
5 21 9 8 2 29
5 21 24 9 8 29
5 21 24 9 8 2
5 21 25 9 14 12
5 21 24 25 14 12
5 21 11 14 13 32
5 21 24 11 14 13
5 21 11 14 32 7
5 21 24 14 32 7
5 21 24 11 14 7
5 21 16 9 14 12
5 21 24 16 14 12
5 21 24 16 9 12
5 21 24 16 9 14
5 26 23 11 18 19
5 26 23 11 15 19
5 26 6 11 15 19
5 26 6 23 11 15
5 26 20 23 11 18
5 26 23 15 28 19
5 26 6 23 11 32
5 26 20 23 11 32
5 26 6 11 27 32
5 26 20 11 27 32
5 26 6 23 15 32
5 26 6 25 27 32
5 26 20 25 27 32
5 26 23 25 15 32
5 26 6 25 15 1
5 26 6 25 15 32
5 26 6 25 27 1
5 26 20 25 27 1
5 26 20 6 27 1
5 17 20 11 14 18
5 17 20 5 14 18
5 17 11 14 18 7
5 17 5 14 18 7
5 17 20 11 14 27
5 17 24 11 14 7
5 17 24 5 14 7
5 17 20 5 31 10
5 17 20 14 31 27
5 17 20 5 14 31
5 17 5 18 8 7
5 17 24 5 16 14
5 17 5 16 14 31
5 17 24 5 8 7
5 17 24 11 14 13
5 17 5 16 8 10
5 17 5 16 31 10
5 17 24 11 13 0
5 17 24 5 16 8
5 17 24 16 14 12
5 17 14 13 12 0
5 17 24 14 12 0
5 17 24 14 13 0
5 22 23 28 18 10
5 22 23 28 18 19
5 22 26 23 18 19
5 22 26 23 28 19
5 22 26 20 23 18
5 22 23 15 28 10
5 22 26 23 15 28
5 22 23 5 18 10
5 22 20 5 18 10
5 22 20 23 5 10
5 22 20 23 5 18
5 22 20 31 4 10
5 22 26 20 11 18
5 22 23 15 4 10
5 22 26 23 25 15
5 22 31 4 3 10
5 22 20 25 4 10
5 22 23 25 15 4
5 22 26 25 15 1
5 22 26 20 25 1
5 22 26 23 25 32
5 22 26 20 25 32
5 22 26 20 23 32
5 22 25 31 4 3
5 22 20 25 31 3
5 22 20 25 31 4
5 22 20 31 3 1
5 22 25 4 32 10
5 22 23 4 32 10
5 22 23 25 4 32
5 22 20 25 32 10
5 22 20 23 32 10
5 22 25 15 4 1
5 22 15 4 3 1
5 22 26 15 3 1
5 22 26 15 4 3
5 22 25 4 3 1
5 22 20 25 3 1
5 22 26 20 6 1
5 22 20 6 27 1
5 30 17 20 31 27
5 30 17 20 11 27
5 30 22 26 20 6
5 30 26 6 11 27
5 30 26 20 11 27
5 30 26 20 6 27
5 30 22 20 6 27
5 30 22 26 6 1
5 30 6 11 13 27
5 30 22 6 27 1
5 30 20 31 27 1
5 30 22 20 27 1
5 30 22 20 31 1
5 30 31 27 3 1
5 30 11 14 13 27
5 30 17 11 14 27
5 30 17 11 14 13
5 30 13 27 3 1
5 30 6 13 3 1
5 30 6 13 27 1
5 30 31 27 3 12
5 30 13 27 3 12
5 30 13 31 3 12
5 30 13 31 3 0
5 30 14 13 27 12
5 30 17 14 13 12
5 30 13 31 12 0
5 30 17 31 12 0
5 30 17 13 12 0
5 30 14 31 27 12
5 30 17 14 31 27
5 30 16 14 31 12
5 30 17 16 31 12
5 30 17 16 14 12
5 30 17 16 14 31
