305
5 27 16 1 29 9
5 10 26 13 2 9
5 10 26 19 2 9
5 23 10 26 19 2
5 23 26 19 2 9
5 23 27 19 31 9
5 23 10 19 31 9
5 23 10 26 31 9
5 23 10 26 19 9
5 15 0 26 31 9
5 15 10 26 31 9
5 15 10 0 26 31
5 15 10 26 13 9
5 15 10 0 26 13
5 15 10 19 31 9
5 15 25 10 19 31
5 15 27 31 29 9
5 15 27 19 31 9
5 15 25 27 19 31
5 15 25 10 19 13
5 15 27 19 29 9
5 15 25 27 19 29
5 15 10 13 2 9
5 15 10 19 2 9
5 15 10 19 13 2
5 15 25 3 1 29
5 15 25 0 24 13
5 15 25 3 24 1
5 30 23 10 26 2
5 30 24 1 13 2
5 30 10 26 13 2
5 30 0 26 8 13
5 30 0 8 13 22
5 30 0 24 13 22
5 11 23 27 31 9
5 28 23 27 19 31
5 28 11 27 16 9
5 14 23 26 31 9
5 14 11 23 31 9
5 14 28 23 16 9
5 14 28 11 16 9
5 14 15 0 3 9
5 14 11 3 29 9
5 14 11 16 29 9
5 14 11 16 3 29
5 14 11 23 27 9
5 14 28 23 27 9
5 14 28 11 27 9
5 14 28 11 23 27
5 32 14 28 23 16
5 32 3 24 1 22
5 4 15 27 31 29
5 4 15 25 27 29
5 4 15 25 27 31
5 4 25 3 1 29
5 4 25 3 24 1
5 4 15 3 31 29
5 4 15 25 3 29
5 4 15 25 3 24
5 4 3 24 31 22
5 4 15 3 24 22
5 4 15 25 0 24
5 4 15 0 24 22
5 4 0 3 31 22
5 4 15 0 3 22
5 4 15 0 3 31
5 4 15 10 0 31
5 4 15 25 10 31
5 4 10 0 24 13
5 4 25 0 24 13
5 4 25 10 24 13
5 4 15 10 0 13
5 4 15 25 0 13
5 4 15 25 10 13
5 17 27 19 1 29
5 17 25 19 1 29
5 17 25 27 1 29
5 17 25 27 19 29
5 17 28 27 19 1
5 17 25 27 19 31
5 17 28 27 19 31
5 17 4 25 27 31
5 17 25 10 19 31
5 17 24 1 13 2
5 17 25 24 1 13
5 17 23 19 1 2
5 17 28 23 19 1
5 17 30 24 1 2
5 17 4 24 1 31
5 17 4 25 24 1
5 17 23 10 19 31
5 17 28 23 19 31
5 17 25 10 24 13
5 17 23 10 19 2
5 17 32 30 24 1
5 17 4 10 24 31
5 17 4 25 10 31
5 17 4 25 10 24
5 17 30 24 13 2
5 17 30 10 13 2
5 17 30 10 24 13
5 17 10 19 13 2
5 17 25 19 13 2
5 17 25 10 19 13
5 17 30 23 10 2
5 6 23 10 26 31
5 6 30 23 10 31
5 6 30 23 10 26
5 6 30 10 24 31
5 6 14 23 26 31
5 6 14 30 23 26
5 6 4 10 24 31
5 6 30 10 24 13
5 6 30 10 26 13
5 6 14 30 26 8
5 6 10 0 26 31
5 6 4 10 0 31
5 6 4 10 0 24
5 6 30 0 24 22
5 6 10 0 24 13
5 6 10 0 26 13
5 6 30 0 24 13
5 6 30 0 26 13
5 6 14 0 26 8
5 6 14 30 21 8
5 6 4 24 31 22
5 6 4 0 31 22
5 6 4 0 24 22
5 6 30 0 8 22
5 6 30 0 26 8
5 7 27 31 29 9
5 7 11 31 29 9
5 7 11 27 31 9
5 7 27 16 29 9
5 7 11 16 29 9
5 7 11 27 16 9
5 7 27 16 1 29
5 7 11 16 3 29
5 7 28 11 27 31
5 7 28 11 27 16
5 7 4 27 31 29
5 7 28 27 16 1
5 7 4 3 31 29
5 7 16 3 1 29
5 7 4 3 1 29
5 7 4 24 1 31
5 7 25 27 1 29
5 7 4 25 1 29
5 7 4 25 27 29
5 7 17 4 1 31
5 7 17 4 27 31
5 7 32 28 16 1
5 7 17 28 1 31
5 7 17 28 27 31
5 7 17 28 27 1
5 7 4 3 24 31
5 7 3 24 31 22
5 7 4 3 24 1
5 7 17 25 27 1
5 7 17 4 25 1
5 7 17 4 25 27
5 7 32 3 24 22
5 7 32 16 3 22
5 7 32 3 24 1
5 7 32 16 3 1
5 12 14 21 16 3
5 12 14 11 16 3
5 12 7 3 31 22
5 12 14 0 3 8
5 12 15 0 3 31
5 12 14 15 0 3
5 12 7 11 16 3
5 12 7 24 31 22
5 12 7 32 24 31
5 12 7 3 31 29
5 12 7 11 31 29
5 12 7 11 3 29
5 12 6 14 0 8
5 12 15 0 31 9
5 12 14 15 0 9
5 12 14 11 31 9
5 12 14 15 3 9
5 12 14 11 3 9
5 12 11 31 29 9
5 12 11 3 29 9
5 12 6 0 26 31
5 12 6 14 26 31
5 12 6 14 0 26
5 12 15 31 29 9
5 12 15 3 29 9
5 12 15 3 31 29
5 12 0 26 31 9
5 12 14 26 31 9
5 12 14 0 26 9
5 18 17 24 1 31
5 18 17 28 1 31
5 18 7 24 1 31
5 18 7 28 1 31
5 18 17 32 24 1
5 18 7 32 24 31
5 18 7 32 24 1
5 18 7 32 28 1
5 18 30 10 24 31
5 18 17 10 24 31
5 18 17 30 10 24
5 18 17 28 23 31
5 18 17 32 30 24
5 18 32 28 23 1
5 18 17 28 23 1
5 18 12 7 32 31
5 18 30 23 10 31
5 18 17 23 10 31
5 18 17 30 23 10
5 18 32 23 1 2
5 18 17 23 1 2
5 18 7 28 11 31
5 18 12 7 11 31
5 18 7 32 28 16
5 18 12 7 32 16
5 18 32 30 21 23
5 18 6 30 23 31
5 18 6 14 23 31
5 18 6 14 30 23
5 18 14 11 23 31
5 18 14 28 11 23
5 18 14 30 21 23
5 18 32 30 23 2
5 18 17 30 23 2
5 18 32 30 1 2
5 18 17 30 1 2
5 18 17 32 30 1
5 18 12 14 11 31
5 18 7 28 11 16
5 18 12 7 11 16
5 18 32 14 28 16
5 18 32 14 21 23
5 18 32 14 28 23
5 18 11 23 27 31
5 18 28 23 27 31
5 18 28 11 27 31
5 18 28 11 23 27
5 18 32 14 21 16
5 18 12 14 21 16
5 18 12 32 21 16
5 18 14 28 11 16
5 18 12 14 11 16
5 20 32 16 3 22
5 20 0 3 8 22
5 5 7 16 3 22
5 5 12 7 3 22
5 5 12 7 16 3
5 5 20 16 3 22
5 5 7 32 16 22
5 5 12 7 32 16
5 5 20 0 3 22
5 5 20 32 16 22
5 5 12 21 16 3
5 5 20 21 16 3
5 5 7 32 24 22
5 5 12 7 24 22
5 5 12 7 32 24
5 5 0 3 31 22
5 5 12 3 31 22
5 5 12 0 3 31
5 5 12 0 3 8
5 5 20 0 3 8
5 5 12 32 21 16
5 5 20 32 21 16
5 5 12 14 21 3
5 5 12 24 31 22
5 5 12 32 24 31
5 5 6 0 31 22
5 5 12 6 0 31
5 5 12 14 3 8
5 5 12 6 0 8
5 5 18 12 32 21
5 5 14 21 3 8
5 5 20 21 3 8
5 5 18 32 24 31
5 5 18 12 32 31
5 5 6 0 8 22
5 5 20 0 8 22
5 5 18 32 30 21
5 5 32 30 8 22
5 5 20 32 8 22
5 5 32 30 21 8
5 5 20 32 21 8
5 5 6 14 21 8
5 5 12 6 14 8
5 5 18 30 24 31
5 5 32 30 24 22
5 5 18 32 30 24
5 5 18 12 14 31
5 5 18 12 14 21
5 5 12 6 14 31
5 5 6 30 8 22
5 5 6 30 21 8
5 5 6 24 31 22
5 5 6 30 24 22
5 5 6 30 24 31
5 5 18 6 30 31
5 5 18 6 14 31
5 5 6 14 30 21
5 5 18 14 30 21
5 5 18 6 14 30
