304
5 3 13 15 1 7
5 3 15 14 8 21
5 9 3 15 1 7
5 9 29 11 1 7
5 12 9 29 11 7
5 12 29 11 16 8
5 12 11 14 16 8
5 12 17 11 14 16
5 12 29 32 16 8
5 12 32 14 16 8
5 12 17 32 14 16
5 10 9 29 1 7
5 10 9 29 11 8
5 10 12 29 11 8
5 10 12 9 29 11
5 10 12 9 29 7
5 10 12 9 11 7
5 24 3 13 15 21
5 24 3 13 15 1
5 24 9 3 15 1
5 24 10 9 3 1
5 30 3 15 14 8
5 30 10 3 14 8
5 30 10 3 15 8
5 30 10 9 15 8
5 30 10 9 3 15
5 30 12 11 14 8
5 30 3 15 14 21
5 30 12 17 11 14
5 25 12 32 31 16
5 25 12 29 32 16
5 25 18 29 31 1
5 25 18 29 1 7
5 25 12 29 11 7
5 25 12 29 11 16
5 25 18 11 16 7
5 25 12 18 11 7
5 25 12 18 11 16
5 20 12 32 31 16
5 20 12 17 32 16
5 20 12 18 17 16
5 20 12 17 32 14
5 20 25 32 31 16
5 20 25 12 31 16
5 20 12 32 14 8
5 20 17 32 14 16
5 6 12 29 32 8
5 6 10 29 32 8
5 6 10 12 29 8
5 6 20 12 32 8
5 6 20 12 32 31
5 6 25 29 32 31
5 6 25 12 32 31
5 6 25 12 29 32
5 6 10 12 29 7
5 6 20 32 31 21
5 6 20 12 14 8
5 6 30 12 14 8
5 6 25 12 29 7
5 6 10 29 1 7
5 6 32 14 8 21
5 6 20 32 14 21
5 6 20 32 14 8
5 6 20 12 17 14
5 6 10 3 8 21
5 6 10 3 31 21
5 6 25 18 29 7
5 6 25 18 29 31
5 6 25 12 18 7
5 6 18 29 1 7
5 6 18 29 31 1
5 6 24 29 31 1
5 6 24 10 29 1
5 6 24 10 29 31
5 6 20 25 18 31
5 6 20 25 12 31
5 6 24 10 3 31
5 6 25 12 18 16
5 6 20 12 18 16
5 6 20 25 18 16
5 6 20 25 12 16
5 4 25 18 31 1
5 4 20 25 32 16
5 4 20 25 18 16
5 4 29 32 31 1
5 4 25 29 31 1
5 4 25 29 32 1
5 4 25 29 32 31
5 4 20 25 32 31
5 4 20 25 18 31
5 4 20 32 31 21
5 0 24 10 29 31
5 0 24 10 29 1
5 0 10 29 32 8
5 0 6 29 32 31
5 0 6 10 29 31
5 0 6 10 29 32
5 0 24 32 31 21
5 0 10 9 29 8
5 0 10 9 29 1
5 0 24 10 9 1
5 0 6 32 31 21
5 0 6 10 31 21
5 0 10 3 31 21
5 0 24 3 31 21
5 0 24 10 3 31
5 0 15 14 8 21
5 0 32 14 8 21
5 0 10 9 15 8
5 0 6 32 8 21
5 0 6 10 8 21
5 0 6 10 32 8
5 0 24 3 15 21
5 0 29 32 16 8
5 0 10 9 3 15
5 0 24 9 3 15
5 0 24 10 9 3
5 0 3 15 8 21
5 0 10 3 8 21
5 0 10 3 15 8
5 22 9 3 15 7
5 22 30 9 3 15
5 22 3 13 15 21
5 22 30 3 15 21
5 22 30 15 14 21
5 27 3 14 8 21
5 27 6 14 8 21
5 27 6 3 8 21
5 27 10 3 14 8
5 27 6 10 3 8
5 27 30 3 14 21
5 27 22 30 14 21
5 27 22 30 3 21
5 27 6 20 14 21
5 27 6 3 31 21
5 27 30 10 14 8
5 27 6 30 14 8
5 27 6 30 10 8
5 27 30 10 3 14
5 27 6 20 31 21
5 27 6 20 17 14
5 27 6 20 18 31
5 27 24 3 31 21
5 27 20 12 18 17
5 27 6 20 12 17
5 27 6 20 12 18
5 23 24 32 31 21
5 23 4 32 31 21
5 23 4 24 31 21
5 23 4 32 31 1
5 23 4 24 31 1
5 23 0 24 32 21
5 23 4 24 13 21
5 23 4 24 13 1
5 23 0 24 32 31
5 23 0 24 15 21
5 23 24 13 15 21
5 23 24 13 15 1
5 23 29 32 31 1
5 23 0 29 32 1
5 23 0 29 32 31
5 23 24 29 31 1
5 23 0 24 29 1
5 23 0 24 29 31
5 23 24 9 15 1
5 23 0 9 15 1
5 23 0 24 9 1
5 23 0 24 9 15
5 2 22 3 13 21
5 2 27 22 3 21
5 2 24 3 13 21
5 2 27 24 3 21
5 2 3 13 15 7
5 2 22 13 15 7
5 2 22 3 15 7
5 2 22 3 13 15
5 2 3 13 1 7
5 2 24 3 13 1
5 2 27 6 18 7
5 2 22 9 3 7
5 2 6 24 3 31
5 2 27 24 3 31
5 2 27 6 3 31
5 2 6 18 1 7
5 2 9 3 1 7
5 2 10 9 1 7
5 2 10 9 3 1
5 2 6 10 1 7
5 2 24 10 3 1
5 2 6 24 10 1
5 2 6 24 10 3
5 2 27 6 18 31
5 2 6 18 31 1
5 2 6 24 31 1
5 28 27 20 18 17
5 28 27 20 17 14
5 28 20 18 17 16
5 28 2 22 13 7
5 28 27 20 14 21
5 28 27 22 14 21
5 28 2 22 13 21
5 28 2 27 22 21
5 28 18 17 11 16
5 28 4 20 31 21
5 28 27 20 31 21
5 28 4 20 18 31
5 28 27 20 18 31
5 19 28 18 11 7
5 19 28 18 17 11
5 19 28 27 18 17
5 19 2 27 18 7
5 19 28 2 18 7
5 19 28 2 27 18
5 19 28 22 13 7
5 19 28 2 22 7
5 19 28 2 27 22
5 19 28 27 17 14
5 19 28 27 22 14
5 5 2 24 13 21
5 5 2 27 24 21
5 5 28 2 13 21
5 5 28 2 27 21
5 5 2 27 24 31
5 5 4 24 13 21
5 5 27 24 31 21
5 5 28 27 31 21
5 5 4 24 31 21
5 5 28 4 31 21
5 5 2 27 18 31
5 5 28 27 18 31
5 5 28 2 27 18
5 5 28 4 18 31
5 5 4 18 31 1
5 5 4 24 31 1
5 5 2 18 31 1
5 5 2 24 31 1
5 5 4 24 13 1
5 5 2 24 13 1
5 5 28 18 13 7
5 5 28 2 13 7
5 5 28 2 18 7
5 5 18 13 1 7
5 5 2 13 1 7
5 5 2 18 1 7
5 26 27 22 30 3
5 26 2 27 22 3
5 26 19 2 27 22
5 26 22 30 9 3
5 26 2 22 9 3
5 26 27 30 10 3
5 26 27 22 30 14
5 26 19 22 30 14
5 26 19 27 22 14
5 26 30 10 9 3
5 26 22 30 9 7
5 26 19 22 30 7
5 26 2 10 9 3
5 26 2 22 9 7
5 26 19 2 22 7
5 26 27 6 30 10
5 26 27 6 10 3
5 26 2 6 10 3
5 26 2 27 6 3
5 26 19 27 17 14
5 26 2 10 9 7
5 26 2 6 10 7
5 26 2 27 6 7
5 26 19 2 27 7
5 26 27 6 17 14
5 26 27 6 30 14
5 26 30 17 11 14
5 26 19 17 11 14
5 26 19 30 11 14
5 26 10 9 11 7
5 26 30 9 11 7
5 26 6 10 12 8
5 26 6 30 12 8
5 26 6 30 10 8
5 26 6 10 12 7
5 26 27 6 12 17
5 26 27 6 12 18
5 26 27 6 18 7
5 26 19 27 18 7
5 26 30 12 17 14
5 26 6 12 17 14
5 26 6 30 12 14
5 26 30 12 17 11
5 26 27 12 18 17
5 26 19 27 18 17
5 26 10 12 11 7
5 26 10 9 11 8
5 26 30 9 11 8
5 26 30 10 9 8
5 26 19 30 11 7
5 26 10 12 11 8
5 26 30 12 11 8
5 26 6 12 18 7
5 26 19 18 17 11
5 26 12 18 11 7
5 26 19 18 11 7
5 26 18 17 11 16
5 26 12 17 11 16
5 26 12 18 11 16
5 26 12 18 17 16
