311
5 18 27 1 23 16
5 20 21 27 23 16
5 20 21 27 16 3
5 2 22 5 4 3
5 2 6 5 4 3
5 2 6 10 4 3
5 2 6 10 30 4
5 15 2 6 30 4
5 15 2 6 5 4
5 15 6 5 1 11
5 15 2 6 5 11
5 29 15 5 1 11
5 29 15 18 1 11
5 29 15 2 5 11
5 29 2 22 5 11
5 29 15 2 5 4
5 29 2 22 5 4
5 24 2 22 4 3
5 31 20 10 30 23
5 31 20 21 10 23
5 31 15 18 30 23
5 31 20 21 27 23
5 31 20 18 27 32
5 25 27 1 23 16
5 25 21 27 23 16
5 25 31 6 21 23
5 25 18 27 1 32
5 25 18 27 1 23
5 25 31 21 27 23
5 25 15 18 1 23
5 25 31 15 18 23
5 25 31 6 30 23
5 25 31 15 30 23
5 25 31 18 27 32
5 25 31 18 27 23
5 19 2 22 5 3
5 19 2 22 5 11
5 19 24 2 22 3
5 19 2 10 4 3
5 19 24 10 4 3
5 19 24 2 4 3
5 19 2 6 10 30
5 19 2 10 30 4
5 19 15 6 30 11
5 19 15 2 6 11
5 19 15 2 6 30
5 19 15 2 30 4
5 19 29 15 2 4
5 19 29 15 2 11
5 19 29 8 30 4
5 19 29 15 30 4
5 0 28 27 16 3
5 0 18 27 1 16
5 0 29 22 5 11
5 0 25 27 1 16
5 0 18 27 1 32
5 0 29 18 1 11
5 0 29 5 1 11
5 0 29 18 8 11
5 0 25 27 1 32
5 0 18 1 11 32
5 0 18 8 11 32
5 0 28 8 11 32
5 0 25 1 11 32
5 26 21 27 16 3
5 26 20 10 16 3
5 26 20 21 16 3
5 26 20 21 10 16
5 26 19 2 6 11
5 26 25 31 6 21
5 26 2 6 10 3
5 26 19 2 10 3
5 26 19 2 6 10
5 26 31 6 21 10
5 26 31 20 21 10
5 26 31 6 10 30
5 26 19 6 10 30
5 26 19 31 10 30
5 9 25 1 23 16
5 9 25 6 1 16
5 9 6 5 1 16
5 9 15 6 5 1
5 9 25 15 1 23
5 9 25 15 6 1
5 9 25 21 23 16
5 9 25 6 21 23
5 9 15 6 5 4
5 9 15 6 30 4
5 9 25 6 30 23
5 9 25 15 30 23
5 9 25 15 6 30
5 9 26 25 21 16
5 9 26 25 6 21
5 9 6 10 30 4
5 9 26 21 10 16
5 9 26 6 21 10
5 9 6 5 16 3
5 9 6 5 4 3
5 9 6 10 4 3
5 9 26 10 16 3
5 9 26 6 10 3
5 9 31 10 30 23
5 9 31 6 30 23
5 9 31 6 10 30
5 9 20 10 23 16
5 9 20 21 23 16
5 9 20 21 10 16
5 9 20 21 10 23
5 9 31 21 10 23
5 9 31 6 21 23
5 9 31 6 21 10
5 7 29 8 30 4
5 7 19 29 8 4
5 7 29 2 22 4
5 7 24 2 22 4
5 7 19 29 2 4
5 7 19 24 2 4
5 7 0 29 8 11
5 7 0 29 22 11
5 7 19 24 2 22
5 7 19 29 8 11
5 7 19 24 22 11
5 7 0 28 8 11
5 7 0 28 22 11
5 7 29 2 22 11
5 7 19 2 22 11
5 7 19 29 2 11
5 14 20 8 27 32
5 14 7 28 8 27
5 14 7 19 24 8
5 14 28 22 27 3
5 14 7 19 24 4
5 14 19 24 10 3
5 14 26 20 10 3
5 14 26 19 10 3
5 14 19 24 10 4
5 14 19 8 30 4
5 14 7 8 30 4
5 14 7 19 8 4
5 14 20 10 30 4
5 14 19 10 30 4
5 14 31 20 10 30
5 14 19 31 10 30
5 13 25 21 27 16
5 13 0 28 11 32
5 13 0 25 11 32
5 13 0 28 27 32
5 13 0 25 27 32
5 13 0 28 27 16
5 13 0 25 27 16
5 13 28 8 11 32
5 13 28 8 27 32
5 13 14 8 27 32
5 13 14 28 8 27
5 13 26 21 27 3
5 13 14 28 27 3
5 13 0 1 11 16
5 13 0 25 1 16
5 13 0 25 1 11
5 13 20 21 27 3
5 13 14 20 27 3
5 13 26 31 20 21
5 13 0 28 22 11
5 13 14 24 28 22
5 13 14 28 22 3
5 13 26 20 21 3
5 13 14 26 20 3
5 13 7 28 8 11
5 13 14 19 24 8
5 13 14 7 28 8
5 13 14 7 24 8
5 13 14 7 24 28
5 13 14 26 19 3
5 13 26 19 31 10
5 13 14 19 31 10
5 13 14 26 19 10
5 13 26 31 20 10
5 13 14 31 20 10
5 13 14 26 20 10
5 13 7 28 22 11
5 13 7 24 22 11
5 13 7 24 28 22
5 13 19 24 22 11
5 13 7 19 8 11
5 13 7 19 24 11
5 13 7 19 24 8
5 13 19 24 22 3
5 13 14 24 22 3
5 13 14 19 24 3
5 13 19 22 5 11
5 17 14 20 27 32
5 17 13 14 27 32
5 17 13 14 20 27
5 17 13 20 21 27
5 17 13 14 31 20
5 17 31 20 27 32
5 17 31 20 21 27
5 17 13 25 27 32
5 17 13 25 21 27
5 17 13 31 20 21
5 17 14 20 8 32
5 17 25 31 27 32
5 17 25 31 21 27
5 17 20 18 8 32
5 17 31 20 18 32
5 17 14 20 8 30
5 17 14 31 20 30
5 17 13 25 11 32
5 17 13 8 11 32
5 17 13 14 8 32
5 17 13 14 19 31
5 17 26 25 31 21
5 17 13 26 31 21
5 17 13 26 25 21
5 17 20 18 8 30
5 17 31 20 18 30
5 17 14 19 8 30
5 17 14 19 31 30
5 17 25 31 18 32
5 17 13 26 25 11
5 17 13 19 8 11
5 17 13 14 19 8
5 17 18 8 11 32
5 17 18 1 11 32
5 17 25 1 11 32
5 17 25 18 1 32
5 17 25 31 15 18
5 17 26 25 6 11
5 17 26 25 31 6
5 17 13 26 19 11
5 17 26 19 31 30
5 17 13 26 19 31
5 17 29 18 8 11
5 17 19 29 8 11
5 17 29 18 8 30
5 17 19 29 8 30
5 17 31 15 18 30
5 17 19 15 30 11
5 17 15 18 1 11
5 17 25 15 18 1
5 17 26 31 6 30
5 17 19 6 30 11
5 17 26 19 6 11
5 17 26 19 6 30
5 17 29 15 18 11
5 17 19 29 15 11
5 17 29 15 18 30
5 17 19 29 15 30
5 17 15 6 30 11
5 17 15 6 1 11
5 17 25 6 1 11
5 17 25 15 6 1
5 17 25 15 6 30
5 17 25 31 6 30
5 17 25 31 15 30
5 12 13 25 1 11
5 12 13 26 25 11
5 12 25 6 1 11
5 12 26 25 6 11
5 12 13 1 11 16
5 12 13 25 1 16
5 12 6 5 1 11
5 12 25 6 1 16
5 12 26 25 21 16
5 12 13 25 21 16
5 12 13 26 25 21
5 12 2 6 5 11
5 12 26 2 6 11
5 12 6 5 1 16
5 12 9 25 6 16
5 12 9 26 25 16
5 12 9 26 25 6
5 12 0 1 11 16
5 12 0 5 1 16
5 12 0 5 1 11
5 12 13 0 11 16
5 12 13 19 5 11
5 12 13 26 19 11
5 12 26 21 27 16
5 12 13 21 27 16
5 12 13 26 21 27
5 12 19 2 5 11
5 12 26 19 2 11
5 12 2 6 5 3
5 12 26 2 6 3
5 12 6 5 16 3
5 12 9 6 16 3
5 12 9 26 16 3
5 12 9 26 6 3
5 12 0 22 5 16
5 12 0 22 5 11
5 12 13 22 5 11
5 12 13 0 22 11
5 12 22 5 16 3
5 12 13 26 19 3
5 12 13 28 27 16
5 12 19 2 5 3
5 12 26 19 2 3
5 12 0 22 16 3
5 12 19 22 5 3
5 12 13 19 22 3
5 12 13 19 22 5
5 12 28 27 16 3
5 12 26 27 16 3
5 12 13 28 27 3
5 12 13 26 27 3
5 12 0 28 16 3
5 12 13 0 28 16
5 12 0 28 22 3
5 12 13 28 22 3
5 12 13 0 28 22
