297
5 19 12 1 17 22
5 21 28 1 17 22
5 21 8 28 1 5
5 21 12 1 17 22
5 21 29 12 17 22
5 21 29 12 1 22
5 15 28 23 17 4
5 15 23 11 4 3
5 15 19 23 11 17
5 9 11 17 22 3
5 9 28 17 22 3
5 9 1 11 22 3
5 9 28 1 22 3
5 9 28 1 17 22
5 9 1 11 4 3
5 9 28 1 4 3
5 9 15 28 17 4
5 9 19 11 17 22
5 9 19 1 17 22
5 9 19 1 11 22
5 9 15 23 17 4
5 9 15 23 11 4
5 9 15 23 11 17
5 9 8 28 1 4
5 9 28 23 17 4
5 16 9 8 28 4
5 13 29 12 17 22
5 13 21 29 17 22
5 13 21 29 12 17
5 13 19 12 17 22
5 13 29 12 1 25
5 13 29 12 1 22
5 13 11 17 22 3
5 13 19 11 17 22
5 13 19 12 1 25
5 13 19 12 1 22
5 13 19 1 11 25
5 13 19 1 11 22
5 6 15 28 23 4
5 6 16 28 23 4
5 6 16 8 23 4
5 6 16 8 28 4
5 31 9 28 17 3
5 31 9 15 28 17
5 31 9 11 17 3
5 31 9 15 11 17
5 31 15 28 4 3
5 31 9 28 4 3
5 31 9 15 28 4
5 31 15 19 11 17
5 31 15 11 4 3
5 31 9 11 4 3
5 31 9 15 11 4
5 31 15 23 11 3
5 32 9 8 1 4
5 32 16 9 8 4
5 32 16 9 8 1
5 32 9 1 11 4
5 32 9 23 11 4
5 32 9 28 23 4
5 32 16 28 23 4
5 32 16 9 28 4
5 32 19 1 11 25
5 32 9 19 1 11
5 32 16 19 1 25
5 32 9 28 23 17
5 32 19 23 11 17
5 32 9 23 11 17
5 32 9 19 11 17
5 32 19 23 11 25
5 32 9 19 1 17
5 7 16 9 8 28
5 7 32 9 28 17
5 7 32 16 9 28
5 7 16 9 8 1
5 7 21 8 28 5
5 7 21 28 1 17
5 7 9 28 1 17
5 7 21 8 28 1
5 7 9 8 28 1
5 7 6 8 28 5
5 7 6 16 8 28
5 7 32 28 23 17
5 7 32 16 28 23
5 7 32 9 1 17
5 7 32 16 9 1
5 7 15 28 23 17
5 7 6 21 8 5
5 7 32 19 1 17
5 7 32 16 19 17
5 7 32 16 19 1
5 7 21 12 1 17
5 7 19 12 1 17
5 7 16 19 12 1
5 24 6 16 8 25
5 24 7 6 21 5
5 24 16 8 1 25
5 24 29 12 1 25
5 24 21 29 12 1
5 24 7 6 21 8
5 24 7 6 16 8
5 24 7 21 8 1
5 24 7 16 8 1
5 24 19 12 1 25
5 24 16 19 1 25
5 24 16 19 12 25
5 24 16 19 12 1
5 24 7 21 12 1
5 24 7 16 12 1
5 30 31 15 28 3
5 30 7 6 28 5
5 30 31 28 17 3
5 30 31 15 28 17
5 30 7 15 28 17
5 30 28 17 22 3
5 30 21 28 17 22
5 30 31 13 17 3
5 30 7 21 28 17
5 30 13 17 22 3
5 30 13 21 17 22
5 30 21 28 1 22
5 30 21 29 22 3
5 30 13 29 22 3
5 30 13 21 29 22
5 27 15 23 4 3
5 27 31 15 23 3
5 27 23 11 4 3
5 27 31 23 11 3
5 27 31 15 23 11
5 27 13 11 22 3
5 27 19 23 11 25
5 20 30 15 0 5
5 20 30 6 15 5
5 20 30 7 6 5
5 20 30 21 0 5
5 20 30 7 15 17
5 20 7 21 28 5
5 20 30 21 28 5
5 20 30 7 28 5
5 20 30 7 21 28
5 20 30 7 21 17
5 20 30 13 21 17
5 14 6 16 28 23
5 14 7 16 28 23
5 14 7 6 16 28
5 14 6 15 28 23
5 14 7 15 28 23
5 14 6 15 0 23
5 14 30 6 15 28
5 14 30 7 15 28
5 14 30 7 6 28
5 14 24 7 6 16
5 14 20 30 6 15
5 14 20 30 7 15
5 14 20 30 7 6
5 14 24 6 16 25
5 14 15 19 23 17
5 14 7 15 23 17
5 14 6 15 0 5
5 14 20 15 0 5
5 14 20 6 15 5
5 14 20 7 6 5
5 14 24 16 12 25
5 14 24 7 16 12
5 14 7 16 19 17
5 14 32 19 23 25
5 14 32 16 23 25
5 14 32 16 19 25
5 14 16 19 12 25
5 14 7 16 19 12
5 14 32 19 23 17
5 14 32 16 19 17
5 14 7 32 23 17
5 14 7 32 16 17
5 14 7 32 16 23
5 2 24 7 21 12
5 2 24 21 29 12
5 2 14 24 7 12
5 2 24 7 21 5
5 2 20 21 0 5
5 2 20 7 21 5
5 2 21 0 29 5
5 2 24 21 29 5
5 2 14 20 0 5
5 2 14 20 7 5
5 2 14 20 7 0
5 2 24 6 0 5
5 2 14 6 0 5
5 2 14 24 6 0
5 2 24 7 6 5
5 2 14 7 6 5
5 2 14 24 7 6
5 26 27 31 15 0
5 26 27 15 0 23
5 26 14 15 0 23
5 26 14 27 0 23
5 26 14 15 19 23
5 26 13 0 29 12
5 26 27 31 0 3
5 26 31 15 19 11
5 26 27 31 15 11
5 26 13 19 12 25
5 26 27 19 23 25
5 26 15 19 23 11
5 26 27 19 23 11
5 26 27 15 23 11
5 26 27 31 11 3
5 26 13 19 11 25
5 26 27 19 11 25
5 26 27 13 11 25
5 26 31 13 17 3
5 26 27 13 11 3
5 26 31 11 17 3
5 26 31 19 11 17
5 26 13 11 17 3
5 26 13 19 11 17
5 10 14 15 19 17
5 10 31 15 19 17
5 10 7 19 12 17
5 10 14 7 19 17
5 10 14 7 19 12
5 10 26 14 19 12
5 10 26 14 15 19
5 10 26 31 19 17
5 10 26 31 15 19
5 10 14 7 15 17
5 10 26 14 15 0
5 10 13 19 12 17
5 10 26 13 19 17
5 10 26 13 19 12
5 10 26 31 13 17
5 10 26 31 15 0
5 10 2 14 7 12
5 10 2 14 7 0
5 10 20 7 15 17
5 10 14 20 15 0
5 10 14 20 7 0
5 10 14 20 7 15
5 10 26 13 0 12
5 10 13 21 12 17
5 10 30 31 13 17
5 10 30 31 15 17
5 10 20 30 15 17
5 10 30 31 15 0
5 10 20 30 15 0
5 10 7 21 12 17
5 10 20 7 21 17
5 10 2 20 7 0
5 10 26 13 0 3
5 10 26 31 0 3
5 10 26 31 13 3
5 10 20 13 21 17
5 10 13 0 29 12
5 10 13 21 29 12
5 10 20 30 13 17
5 10 30 31 0 3
5 10 30 31 13 3
5 10 2 20 21 0
5 10 2 7 21 12
5 10 2 20 7 21
5 10 20 30 21 0
5 10 20 30 13 21
5 10 2 0 29 12
5 10 2 21 29 12
5 10 2 21 0 29
5 10 30 21 0 29
5 10 30 13 21 29
5 10 13 0 29 3
5 10 30 0 29 3
5 10 30 13 29 3
5 18 14 24 12 25
5 18 26 0 29 12
5 18 14 19 12 25
5 18 26 19 12 25
5 18 26 14 19 12
5 18 26 14 27 0
5 18 10 26 0 12
5 18 10 26 14 12
5 18 10 26 14 0
5 18 24 29 12 25
5 18 2 14 24 12
5 18 2 14 24 0
5 18 13 29 12 25
5 18 26 13 12 25
5 18 26 13 29 12
5 18 14 19 23 25
5 18 26 19 23 25
5 18 26 14 19 23
5 18 26 27 23 25
5 18 26 14 27 23
5 18 10 2 0 12
5 18 10 2 14 12
5 18 10 2 14 0
5 18 2 0 29 12
5 18 2 24 29 12
5 18 2 24 0 29
5 18 14 27 0 23
