208
5 9 24 23 2 17
5 25 24 23 1 2
5 14 24 23 1 2
5 14 13 24 1 2
5 14 13 1 2 17
5 14 24 23 2 17
5 14 13 24 2 17
5 14 13 1 3 17
5 20 14 13 3 17
5 4 9 24 23 2
5 4 25 24 23 2
5 8 14 13 1 3
5 8 20 14 13 3
5 16 8 14 1 3
5 16 14 1 3 17
5 16 14 23 1 2
5 16 1 3 2 17
5 16 14 1 2 17
5 16 14 23 2 17
5 16 25 23 1 2
5 21 16 8 1 3
5 21 16 8 20 3
5 5 14 13 24 1
5 5 8 14 13 1
5 5 14 24 23 1
5 5 25 24 23 1
5 5 16 14 23 1
5 5 16 8 14 1
5 5 16 25 23 1
5 7 20 14 3 17
5 7 16 14 3 17
5 7 16 14 23 17
5 7 21 20 9 3
5 7 21 16 20 3
5 7 8 20 14 3
5 7 16 8 20 3
5 7 6 21 9 0
5 10 5 21 8 20
5 10 5 13 24 1
5 10 5 8 13 1
5 10 5 25 24 1
5 11 7 9 23 17
5 11 7 16 23 17
5 11 9 23 2 17
5 11 16 23 2 17
5 11 7 9 3 17
5 11 7 16 3 17
5 11 9 3 2 17
5 11 16 3 2 17
5 11 7 21 9 3
5 11 7 21 16 3
5 11 21 9 3 2
5 11 16 1 3 2
5 11 21 1 3 2
5 11 21 16 1 2
5 11 21 16 1 3
5 18 7 6 9 23
5 18 4 9 24 23
5 18 6 9 24 23
5 18 6 4 24 23
5 18 6 4 9 24
5 18 11 7 9 23
5 18 6 4 9 0
5 18 7 6 9 0
5 18 4 9 23 2
5 18 11 9 23 2
5 18 4 9 0 2
5 18 4 25 23 2
5 18 11 7 16 23
5 18 11 21 9 2
5 18 11 7 21 9
5 18 5 16 25 23
5 18 7 6 21 0
5 18 21 9 0 2
5 18 7 21 9 0
5 18 16 25 23 2
5 18 11 16 23 2
5 18 11 21 16 2
5 18 11 7 21 16
5 18 7 6 21 20
5 18 7 21 16 20
5 18 16 25 1 2
5 18 21 16 1 2
5 22 10 5 8 20
5 22 8 20 14 13
5 22 7 8 20 14
5 22 5 16 14 23
5 22 5 16 8 14
5 22 5 16 8 20
5 22 20 14 13 17
5 22 5 14 13 24
5 22 7 16 14 23
5 22 7 16 8 20
5 22 14 13 24 17
5 22 7 20 14 17
5 22 7 14 23 17
5 22 14 24 23 17
5 22 5 14 24 23
5 22 16 8 14 3
5 22 7 8 14 3
5 22 7 16 14 3
5 22 7 16 8 3
5 22 18 5 16 23
5 22 18 7 16 23
5 22 18 5 16 20
5 22 18 7 16 20
5 22 7 6 20 17
5 22 18 7 6 23
5 22 7 9 23 17
5 22 7 6 9 17
5 22 7 6 9 23
5 22 9 24 23 17
5 22 6 9 24 17
5 22 6 9 24 23
5 22 6 4 24 23
5 22 18 6 4 23
5 22 4 25 24 23
5 22 5 25 24 23
5 22 18 4 25 23
5 22 18 5 25 23
5 19 18 21 16 20
5 19 18 5 16 20
5 19 21 16 8 20
5 19 5 16 8 20
5 19 5 21 8 20
5 19 18 5 16 25
5 19 10 5 21 20
5 19 6 21 20 0
5 19 18 6 21 0
5 19 18 6 21 20
5 19 18 16 25 1
5 19 18 21 16 1
5 19 21 16 8 1
5 19 5 16 25 1
5 19 5 16 8 1
5 19 10 5 21 8
5 19 22 18 5 20
5 19 18 21 0 2
5 19 22 18 5 25
5 19 18 25 1 2
5 19 18 21 1 2
5 19 10 5 25 1
5 19 10 5 8 1
5 19 18 6 4 0
5 19 18 7 6 20
5 19 4 25 0 2
5 19 18 4 0 2
5 19 18 4 25 2
5 19 22 18 4 25
5 19 4 25 24 0
5 15 10 8 20 13
5 15 22 8 20 13
5 15 22 10 8 20
5 15 22 20 13 17
5 15 10 5 8 13
5 15 22 10 5 8
5 15 22 13 24 17
5 15 5 8 14 13
5 15 22 8 14 13
5 15 22 5 14 13
5 15 22 5 8 14
5 15 10 5 13 24
5 15 22 5 13 24
5 15 22 6 24 17
5 15 22 6 20 17
5 15 10 5 25 24
5 15 19 10 5 25
5 12 19 22 5 20
5 12 22 10 5 20
5 12 15 22 10 20
5 12 15 22 10 5
5 12 19 10 5 20
5 12 15 19 10 5
5 12 15 22 6 20
5 12 19 22 5 25
5 12 15 19 5 25
5 12 15 10 20 0
5 12 15 19 10 0
5 12 22 7 6 20
5 12 19 7 6 20
5 12 19 6 20 0
5 12 15 6 20 0
5 12 22 5 25 24
5 12 15 5 25 24
5 12 15 22 5 24
5 12 15 19 25 24
5 12 10 21 20 0
5 12 19 21 20 0
5 12 19 10 21 0
5 12 19 10 21 20
5 12 22 18 7 20
5 12 19 18 7 20
5 12 19 22 18 20
5 12 22 18 7 6
5 12 19 18 7 6
5 12 19 6 4 0
5 12 15 6 24 0
5 12 15 22 6 24
5 12 22 4 25 24
5 12 19 4 25 24
5 12 19 22 4 25
5 12 22 18 6 4
5 12 19 18 6 4
5 12 19 22 18 4
5 12 6 4 24 0
5 12 22 6 4 24
5 12 19 4 24 0
5 12 15 19 24 0
