302
5 27 25 23 3 21
5 0 27 25 23 22
5 0 25 23 3 21
5 0 12 25 13 20
5 15 25 13 20 3
5 15 12 25 13 20
5 15 25 20 3 1
5 15 0 25 13 3
5 15 0 12 25 13
5 15 0 12 13 21
5 15 12 25 3 21
5 15 0 25 3 21
5 15 0 12 25 21
5 4 17 19 20 21
5 2 27 12 25 21
5 2 27 12 25 20
5 2 15 25 20 1
5 2 15 12 25 20
5 2 15 25 3 1
5 2 15 12 25 3
5 24 27 25 20 22
5 24 27 25 23 22
5 24 0 25 20 22
5 24 0 25 23 22
5 24 27 25 23 21
5 24 0 25 23 21
5 24 27 12 20 21
5 24 27 12 25 21
5 24 27 12 25 20
5 24 17 0 13 20
5 24 0 12 25 21
5 24 0 12 25 20
5 24 17 13 20 21
5 24 17 0 13 21
5 24 17 0 23 21
5 24 12 13 20 21
5 24 0 12 13 21
5 24 0 12 13 20
5 32 0 27 23 22
5 32 24 0 23 22
5 32 24 17 0 23
5 32 0 25 13 3
5 32 0 27 25 22
5 32 0 27 25 23
5 32 24 0 20 22
5 32 24 17 0 20
5 32 0 25 20 22
5 32 0 25 13 20
5 32 25 20 3 1
5 32 25 13 20 3
5 32 15 20 3 1
5 32 15 13 3 1
5 32 15 13 20 1
5 32 15 13 20 3
5 5 4 19 8 21
5 10 12 13 20 21
5 10 4 13 20 21
5 10 4 12 20 21
5 10 15 13 20 1
5 10 15 12 20 1
5 10 15 12 13 20
5 10 29 13 20 1
5 18 10 12 20 1
5 18 15 12 20 1
5 18 2 15 20 1
5 18 2 15 12 1
5 18 2 15 12 20
5 18 27 25 20 22
5 18 2 27 25 22
5 18 2 27 25 20
5 18 16 2 25 22
5 18 32 16 20 1
5 18 32 25 20 22
5 18 32 16 20 22
5 18 32 16 25 22
5 18 2 25 20 1
5 18 32 25 20 1
5 18 16 2 25 1
5 18 32 16 25 1
5 9 24 27 20 22
5 9 18 27 20 22
5 9 18 16 20 22
5 9 24 27 23 21
5 9 16 2 27 8
5 9 24 27 20 21
5 9 2 27 8 21
5 9 27 12 20 21
5 9 16 17 19 20
5 9 24 16 17 20
5 9 17 19 23 21
5 9 24 17 23 21
5 9 2 27 12 21
5 9 17 19 20 21
5 9 24 17 20 21
5 9 4 19 20 21
5 9 4 19 8 21
5 28 32 13 3 1
5 28 32 13 20 1
5 28 29 13 20 1
5 28 32 0 13 3
5 28 32 16 20 1
5 28 29 16 20 1
5 28 29 17 13 20
5 28 17 0 13 20
5 28 32 0 13 20
5 28 32 17 0 20
5 28 32 24 17 20
5 28 24 16 20 22
5 28 32 16 20 22
5 28 32 24 20 22
5 28 24 16 17 20
5 28 29 16 17 20
5 28 32 24 23 22
5 28 32 24 17 23
5 6 5 12 8 21
5 6 2 12 3 8
5 6 2 15 12 3
5 6 2 15 3 1
5 6 16 2 8 1
5 6 18 16 2 1
5 6 18 16 2 8
5 6 10 5 15 1
5 26 10 4 13 21
5 26 17 13 20 21
5 26 4 13 20 21
5 26 4 17 20 21
5 26 10 4 13 20
5 26 15 0 13 21
5 26 17 0 13 21
5 26 15 12 13 21
5 26 10 12 13 21
5 26 10 15 12 13
5 26 15 0 3 21
5 26 10 15 13 1
5 26 10 29 13 1
5 26 15 0 13 3
5 26 28 17 0 13
5 26 28 29 17 13
5 26 15 13 3 1
5 26 28 0 13 3
5 26 28 13 3 1
5 26 28 29 3 1
5 26 28 29 13 1
5 30 4 17 19 20
5 30 26 4 17 20
5 30 26 10 4 20
5 30 26 4 17 19
5 30 16 17 19 20
5 30 29 16 17 20
5 30 29 16 17 19
5 30 29 17 13 20
5 30 10 29 13 20
5 30 26 29 17 19
5 30 10 29 20 1
5 30 26 17 13 20
5 30 26 10 13 20
5 30 26 29 17 13
5 30 26 10 29 13
5 30 29 16 20 1
5 30 29 16 19 1
5 30 18 16 20 1
5 30 5 16 19 1
5 30 5 16 4 19
5 7 2 12 8 21
5 7 4 12 20 21
5 7 5 12 8 21
5 7 5 4 8 21
5 7 5 4 12 21
5 7 10 4 12 20
5 7 18 10 12 20
5 7 10 5 4 12
5 7 6 2 12 8
5 7 6 5 12 8
5 7 30 10 4 20
5 7 6 18 2 8
5 7 30 10 5 4
5 7 18 2 12 1
5 7 6 18 2 1
5 7 18 10 20 1
5 7 30 10 20 1
5 7 30 18 20 1
5 7 6 5 16 8
5 7 6 18 16 8
5 7 30 5 16 4
5 7 10 5 15 12
5 7 6 5 15 12
5 7 6 10 5 15
5 7 18 10 12 1
5 7 6 10 5 1
5 7 30 10 5 1
5 7 2 15 12 1
5 7 6 2 15 1
5 7 6 2 15 12
5 7 6 5 16 1
5 7 6 18 16 1
5 7 30 5 16 1
5 7 30 18 16 1
5 7 10 15 12 1
5 7 6 10 15 1
5 11 24 27 23 22
5 11 9 24 27 22
5 11 9 24 27 23
5 11 9 16 2 27
5 11 28 32 23 22
5 11 28 32 16 22
5 11 28 24 23 22
5 11 28 24 16 22
5 11 24 16 20 22
5 11 9 16 20 22
5 11 9 24 20 22
5 11 9 24 16 20
5 11 9 24 17 23
5 11 9 24 16 17
5 11 2 27 25 22
5 11 16 2 25 22
5 11 16 2 27 25
5 11 18 2 27 22
5 11 9 18 27 22
5 11 9 18 2 27
5 11 18 16 2 22
5 11 9 18 16 22
5 11 9 18 16 2
5 11 28 24 17 23
5 11 28 24 16 17
5 11 9 17 19 23
5 11 9 16 17 19
5 14 9 27 12 20
5 14 9 18 27 20
5 14 2 27 12 20
5 14 18 2 12 20
5 14 18 2 27 20
5 14 9 12 20 21
5 14 9 2 27 12
5 14 9 18 2 27
5 14 7 12 20 21
5 14 7 18 12 20
5 14 9 2 12 21
5 14 7 2 12 21
5 14 7 18 2 12
5 14 9 4 20 21
5 14 7 4 20 21
5 14 9 4 8 21
5 14 7 4 8 21
5 14 9 2 8 21
5 14 7 2 8 21
5 14 7 18 2 8
5 14 9 4 19 20
5 14 7 30 4 20
5 14 7 30 18 20
5 14 18 16 2 8
5 14 9 16 2 8
5 14 9 18 16 2
5 14 30 4 19 20
5 14 9 16 19 20
5 14 9 18 16 20
5 14 9 4 19 8
5 14 7 30 16 4
5 14 7 30 18 16
5 14 7 18 16 8
5 14 9 16 19 8
5 14 30 16 19 20
5 14 30 18 16 20
5 14 30 16 4 19
5 14 7 5 4 8
5 14 7 5 16 8
5 14 7 5 16 4
5 14 5 4 19 8
5 14 5 16 19 8
5 14 5 16 4 19
5 31 4 17 19 21
5 31 26 4 17 21
5 31 26 4 17 19
5 31 26 29 17 19
5 31 5 4 19 21
5 31 26 15 3 21
5 31 26 0 3 21
5 31 26 17 0 21
5 31 5 4 12 21
5 31 26 10 4 21
5 31 30 5 4 19
5 31 30 10 5 4
5 31 30 26 4 19
5 31 30 26 10 4
5 31 26 15 3 1
5 31 26 10 29 1
5 31 10 5 15 1
5 31 26 10 15 1
5 31 10 4 12 21
5 31 6 15 12 21
5 31 6 5 12 21
5 31 6 5 15 12
5 31 10 5 15 12
5 31 10 5 4 12
5 31 26 15 12 21
5 31 26 10 12 21
5 31 26 10 15 12
5 31 30 5 19 1
5 31 30 10 5 1
5 31 30 26 29 19
5 31 30 26 10 29
5 31 30 29 19 1
5 31 30 10 29 1
