212
5 7 13 21 15 19
5 2 14 22 4 18
5 24 7 21 15 19
5 5 7 12 9 17
5 5 7 13 21 19
5 16 14 22 4 18
5 16 14 22 17 18
5 16 23 4 17 18
5 16 14 4 17 18
5 3 24 7 9 17
5 3 24 23 21 15
5 3 5 7 9 17
5 3 24 7 17 21
5 3 23 12 17 1
5 3 5 24 9 19
5 3 12 9 17 1
5 3 5 12 9 1
5 3 5 12 9 17
5 3 5 7 12 17
5 3 5 24 12 1
5 3 5 24 7 12
5 20 5 7 13 19
5 20 5 7 14 13
5 20 16 5 14 22
5 20 24 7 13 19
5 20 5 24 9 19
5 20 5 24 7 19
5 20 16 5 7 14
5 20 3 24 7 9
5 20 3 5 7 9
5 20 3 5 24 9
5 20 3 5 24 7
5 20 16 14 9 17
5 20 16 7 14 17
5 20 5 7 12 9
5 20 16 5 12 9
5 20 16 5 7 12
5 20 24 7 9 17
5 20 7 12 9 17
5 20 16 12 9 17
5 20 16 7 12 17
5 11 20 14 9 17
5 11 2 14 4 13
5 11 7 14 13 17
5 11 20 7 14 17
5 11 20 7 14 13
5 11 14 23 4 17
5 11 14 4 17 18
5 11 2 14 4 18
5 11 14 22 17 18
5 11 14 13 17 21
5 11 14 23 17 21
5 11 14 4 13 21
5 11 14 23 4 21
5 11 23 4 17 18
5 11 7 13 17 21
5 10 3 23 21 1
5 10 3 23 12 1
5 10 16 23 12 17
5 10 3 24 21 1
5 10 3 24 12 1
5 10 3 23 17 21
5 10 3 23 12 17
5 10 5 24 12 1
5 10 16 5 7 12
5 10 14 23 17 21
5 10 3 24 7 21
5 10 3 24 7 12
5 10 3 7 17 21
5 10 3 7 12 17
5 10 5 24 7 12
5 10 16 5 7 14
5 10 16 7 12 17
5 10 16 7 14 17
5 10 14 23 4 21
5 10 14 23 4 17
5 10 16 23 4 17
5 10 16 14 4 17
5 10 24 7 21 19
5 10 5 7 21 19
5 10 5 24 21 19
5 10 5 24 7 19
5 10 5 7 13 21
5 10 5 7 14 13
5 10 14 13 17 21
5 10 7 13 17 21
5 10 7 14 13 17
5 0 3 24 9 15
5 0 3 24 9 17
5 0 3 24 21 15
5 0 3 24 17 21
5 0 20 24 9 15
5 0 20 24 9 17
5 0 11 20 9 17
5 0 24 7 21 15
5 0 24 7 17 21
5 0 3 23 21 15
5 0 3 23 17 21
5 0 11 7 17 21
5 0 20 24 7 17
5 0 11 20 7 17
5 0 11 23 17 21
5 0 7 13 21 15
5 0 11 7 13 21
5 0 7 13 15 19
5 0 24 7 15 19
5 0 24 7 13 19
5 0 20 24 7 13
5 0 11 20 7 13
5 0 20 13 15 19
5 0 20 24 15 19
5 0 20 24 13 19
5 0 23 4 21 15
5 0 11 23 4 21
5 0 2 23 15 18
5 0 4 13 21 15
5 0 11 4 13 21
5 0 2 4 13 15
5 0 11 2 4 13
5 0 2 23 4 15
5 0 2 23 4 18
5 0 11 23 4 18
5 0 11 2 4 18
5 25 0 20 9 15
5 25 3 24 9 19
5 25 3 24 9 15
5 25 3 5 9 19
5 25 20 24 15 19
5 25 20 24 9 19
5 25 20 24 9 15
5 25 20 5 9 19
5 25 0 2 13 15
5 25 0 20 13 15
5 25 0 11 20 9
5 25 20 13 15 19
5 25 20 16 14 9
5 25 20 16 14 22
5 25 11 20 14 9
5 25 3 5 9 1
5 25 11 22 17 18
5 25 2 14 22 18
5 25 11 14 22 18
5 25 11 2 14 18
5 25 20 16 5 9
5 25 20 16 5 22
5 25 0 11 2 13
5 25 0 11 20 13
5 25 11 14 9 17
5 25 11 14 22 17
5 25 16 14 9 17
5 25 16 14 22 17
5 25 11 2 14 13
5 25 11 20 14 13
5 25 2 14 4 13
5 25 2 14 22 4
5 25 20 5 14 22
5 6 0 3 23 17
5 6 3 23 17 1
5 6 11 23 17 18
5 6 0 11 23 18
5 6 0 11 23 17
5 6 16 23 17 18
5 6 3 9 17 1
5 6 23 12 17 1
5 6 16 23 12 1
5 6 16 23 12 17
5 6 16 22 17 18
5 6 25 16 22 17
5 6 25 16 9 17
5 6 12 9 17 1
5 6 16 12 9 17
5 8 0 3 9 15
5 8 25 3 9 15
5 8 25 0 9 15
5 8 0 2 15 18
5 8 25 0 2 15
5 8 0 23 15 18
5 8 6 0 23 18
5 8 0 3 23 15
5 8 6 0 3 23
5 8 6 0 11 18
5 8 0 3 9 17
5 8 6 3 9 17
5 8 6 0 3 17
5 8 25 3 9 1
5 8 6 3 9 1
5 8 0 11 2 18
5 8 25 11 2 18
5 8 25 0 11 9
5 8 25 0 11 2
5 8 6 3 23 1
5 8 0 11 9 17
5 8 6 0 11 17
5 8 25 11 17 18
5 8 6 11 17 18
5 8 25 11 9 17
5 8 6 25 9 17
5 8 6 25 16 9
5 8 25 22 17 18
5 8 6 22 17 18
5 8 6 25 22 17
5 8 6 16 22 18
5 8 6 25 16 22
5 8 25 5 9 1
5 8 25 16 5 1
5 8 25 16 5 9
5 8 6 12 9 1
5 8 6 16 12 1
5 8 6 16 12 9
5 8 5 12 9 1
5 8 16 5 12 1
5 8 16 5 12 9
