4
26
-1.63596 -5.50077 9.86525 -2.63927
-0.606901 -9.5815 6.34065 3.16762
7.65423 7.40153 -2.69 -4.65162
-7.10287 -0.545375 -7.76556 -5.86379
-2.53261 -3.95918 -9.56619 -0.776819
-0 4.79209 -1.15108 -4.41333
-0 -9.2851 2.06852 9.76838
-0 8.66329 9.48751 -6.02836
-0 6.85512 4.56549 9.75433
-0 1.68202 -5.18504 -9.63905
-0 4.01546 4.48927 -8.48025
-0 -7.91539 -2.35308 -0.953409
-2.86867 4.08332 -0 -0.15912
1.9227 -7.09058 -0 -2.29349
-3.87077 -8.25744 -0 -1.03628
-3.9646 -0.897742 -0 8.54642
7.62217 7.11288 -0 -8.09747
-6.94785 -4.21128 -0 -9.55726
-8.94553 4.49999 -0 -9.46119
7.26671 -8.14636 0.2259 -0
1.70884 -5.82153 9.77173 -0
5.10039 -6.92978 9.96019 -0
-3.00808 -3.61808 -1.11889 -0
-1.57001 0.631429 -2.73579 -0
-5.40966 -6.87347 -7.51014 -0
7.96574 -5.31389 -4.69575 -0
