4
19
-5.37193 -4.18053 -7.36722 4.2784
8.45893 -3.51502 -2.33914 -5.91786
2.08984 -8.58782 2.20779 -8.22088
9.46639 -0.630282 -3.55648 7.28178
8.90923 2.08142 0.790042 -8.41933
-0 0.359185 -3.44292 -5.26502
-0 0.708093 9.01964 9.20383
-0 -1.82495 -0.756126 -9.45524
-0 7.83867 2.57114 5.68667
-0 -2.32436 -9.13082 -4.16594
-0 -3.76044 -1.67105 9.19673
-0 -6.77454 -2.43331 -0.94836
-5.71717 -0 3.09394 -1.19406
-3.50912 -0 2.74264 7.13149
-0.147786 -0 -0.029803 -9.96059
8.30094 -0 4.25218 -1.41487
-1.13467 -0 -6.4187 -9.75761
-0.262469 -0 -1.36323 1.78271
-7.19865 -0 4.59364 -8.57006
