4
33
-7.36785 5.66695 -8.88958 8.20685
6.51445 6.4693 -7.18015 -0.21906
-7.27981 -2.21487 4.25307 -3.98932
6.47287 1.59813 -8.67029 6.7121
-1.56438 -6.30753 -9.64501 -3.77778
1.03179 -3.8673 7.55649 -0
5.94546 8.85116 -5.41851 -0
-6.59118 5.13548 9.67215 -0
-7.53174 -3.67352 8.30037 -0
-4.14488 -6.45046 2.08684 -0
3.27814 -9.13147 4.89079 -0
-3.76002 8.43344 9.39834 -0
-0 -5.05097 -1.36191 8.22794
-0 7.91976 -7.30851 6.80085
-0 0.308799 3.48934 4.93064
-0 -1.5276 -7.33019 -9.04156
-0 -4.00145 2.98059 6.85848
-0 2.00248 7.49403 6.93153
-0 -1.27018 9.49475 -4.57109
-7.15667 -0 8.08298 -8.34158
5.96258 -0 3.78366 -2.25904
-7.45039 -0 -0.716716 -1.50892
6.2797 -0 2.60089 -5.78264
-0.717965 -0 1.16769 -7.84851
-6.45498 -0 5.64291 5.60133
-1.68882 -0 -4.80933 -0.130876
6.01945 3.38755 -0 -8.4213
5.74502 4.05133 -0 4.4022
-6.93343 -5.87595 -0 -7.39259
-8.2182 -4.08856 -0 -5.11392
5.9431 6.23915 -0 6.46084
6.20505 -4.46952 -0 8.00337
-2.74287 0.274819 -0 -3.44482
