4
33
-6.31351 6.89751 -3.59645 5.04669
0.706814 -0.563019 -8.58318 8.48308
1.94059 -1.66846 5.09892 4.86063
-0.895338 3.96576 4.04243 7.3266
-5.23534 -7.45645 -4.46502 1.86355
-1.97511 -9.68633 -0 3.38
-1.67564 1.60889 -0 -0.583767
9.37784 -0.754422 -0 3.59745
-0.45308 9.30664 -0 1.75188
3.41616 7.85754 -0 6.48243
-0.126794 6.7312 -0 3.40205
7.39523 6.95605 -0 -7.2326
-0 4.79209 -1.15108 -4.41333
-0 -9.2851 2.06852 9.76838
-0 8.66329 9.48751 -6.02836
-0 6.85512 4.56549 9.75433
-0 1.68202 -5.18504 -9.63905
-0 4.01546 4.48927 -8.48025
-0 -7.91539 -2.35308 -0.953409
5.92669 -0 7.02984 1.11341
-4.34542 -0 2.58685 -7.75344
-8.79428 -0 5.50908 6.07391
5.49538 -0 7.99104 5.86631
-6.04728 -0 -3.23117 9.29775
-5.33481 -0 -1.7878 9.18472
-0.231595 -0 -7.54768 -4.74559
4.10717 2.68723 5.3633 -0
-1.24515 -1.42402 4.55963 -0
-1.1098 -9.02939 3.53929 -0
0.0614714 4.44364 -8.19707 -0
4.36331 8.21058 7.33954 -0
-4.43122 -0.391968 -0.946774 -0
-8.69993 3.57584 -4.03378 -0
