4
33
-5.50316 1.17281 8.23495 -6.56702
-0.255666 7.92516 -2.42713 -1.62426
5.13745 -3.63043 -3.48454 -8.00025
6.69115 -5.80966 6.32245 -1.46962
6.44293 -5.95896 -8.34866 -8.90854
6.01945 3.38755 -0 -8.4213
5.74502 4.05133 -0 4.4022
-6.93343 -5.87595 -0 -7.39259
-8.2182 -4.08856 -0 -5.11392
5.9431 6.23915 -0 6.46084
6.20505 -4.46952 -0 8.00337
-2.74287 0.274819 -0 -3.44482
4.10717 2.68723 5.3633 -0
-1.24515 -1.42402 4.55963 -0
-1.1098 -9.02939 3.53929 -0
0.0614714 4.44364 -8.19707 -0
4.36331 8.21058 7.33954 -0
-4.43122 -0.391968 -0.946774 -0
-8.69993 3.57584 -4.03378 -0
-0 -5.9521 -1.25934 -4.77478
-0 -5.40973 3.30294 8.19804
-0 0.00844001 4.43029 5.71272
-0 -3.60065 6.61903 -9.60163
-0 5.80769 0.548641 9.20137
-0 -9.30667 2.48133 -5.54901
-0 5.48226 1.13209 5.89498
3.62637 -0 4.63912 2.59874
-8.79481 -0 8.21218 3.86322
-5.88014 -0 8.08913 -5.49912
-3.26712 -0 -9.12919 -9.57702
2.47717 -0 -4.56956 7.9833
-0.782557 -0 -0.182149 7.84305
-9.65849 -0 1.15246 -0.66644
