4
33
-0.386248 -6.11 6.85491 -4.36315
-8.71332 1.87244 -8.13201 7.09301
-2.91075 -6.78477 1.83365 -5.79819
9.98343 -0.661207 1.90558 7.37271
8.80291 0.802395 -9.90596 -1.22186
-0 -8.83645 -1.98738 -5.25663
-0 -5.90044 -6.18685 -9.95188
-0 -4.6863 -2.16811 -4.55446
-0 -4.68973 -9.17467 -9.19714
-0 4.32225 -7.24696 1.78493
-0 -4.76377 5.51806 -2.62547
-0 8.9997 -4.90205 3.34
-5.71717 -0 3.09394 -1.19406
-3.50912 -0 2.74264 7.13149
-0.147786 -0 -0.029803 -9.96059
8.30094 -0 4.25218 -1.41487
-1.13467 -0 -6.4187 -9.75761
-0.262469 -0 -1.36323 1.78271
-7.19865 -0 4.59364 -8.57006
-2.86867 4.08332 -0 -0.15912
1.9227 -7.09058 -0 -2.29349
-3.87077 -8.25744 -0 -1.03628
-3.9646 -0.897742 -0 8.54642
7.62217 7.11288 -0 -8.09747
-6.94785 -4.21128 -0 -9.55726
-8.94553 4.49999 -0 -9.46119
6.48578 6.099 9.3837 -0
9.45724 8.62375 9.51422 -0
7.46313 -2.74896 -7.38742 -0
-7.63402 -6.60497 3.93015 -0
5.14009 -6.54087 -0.582651 -0
8.18859 -0.262789 4.54819 -0
-0.838389 5.84023 -6.89752 -0
