4
26
-0.833186 4.68093 -7.0849 0.140042
2.76444 5.08984 9.08225 -4.88177
7.78565 -6.45407 -7.19153 -3.93846e-05
2.03354 7.73021 4.72174 -7.40765
7.06701 -7.25456 -8.25114 2.02815
-7.15667 -0 8.08298 -8.34158
5.96258 -0 3.78366 -2.25904
-7.45039 -0 -0.716716 -1.50892
6.2797 -0 2.60089 -5.78264
-0.717965 -0 1.16769 -7.84851
-6.45498 -0 5.64291 5.60133
-1.68882 -0 -4.80933 -0.130876
0.0412206 0.109889 8.81925 -0
-6.32281 -3.18444 -5.96562 -0
-2.1847 -6.94455 -4.55238 -0
-0.180908 9.75115 -9.72069 -0
3.95845 -6.96368 7.14628 -0
-1.31817 0.28732 -0.419291 -0
8.29898 -6.12401 -5.05673 -0
-9.93724 6.17614 -0 -8.95624
-4.80176 -0.583724 -0 -8.0164
-9.71314 2.76678 -0 8.17441
5.2985 -9.02525 -0 -5.58874
5.48344 7.10473 -0 7.27161
-9.61288 6.38664 -0 -8.83531
3.98292 -6.58183 -0 -8.60385
