4
26
-4.56201 7.48933 -4.65525 4.35973
0.92279 2.48209 3.85088 -3.99227
-0.22835 9.03612 -9.69616 3.07674
-8.45252 -9.80965 -7.54391 -5.51004
-1.53922 0.807855 8.05986 2.5216
5.92669 -0 7.02984 1.11341
-4.34542 -0 2.58685 -7.75344
-8.79428 -0 5.50908 6.07391
5.49538 -0 7.99104 5.86631
-6.04728 -0 -3.23117 9.29775
-5.33481 -0 -1.7878 9.18472
-0.231595 -0 -7.54768 -4.74559
-8.14867 -7.53933 -0 8.45162
8.92531 1.29229 -0 -6.23643
5.3684 -1.62041 -0 -9.38497
9.82168 1.64745 -0 -2.94322
-5.52021 -8.92432 -0 -0.146112
6.93023 -1.38969 -0 4.80401
0.999864 0.874815 -0 9.14654
8.71167 2.86166 5.3764 -0
7.27395 -1.97138 2.94859 -0
2.88759 2.80744 -4.86134 -0
4.55884 7.85497 1.05029 -0
-2.79086 8.58495 -0.86707 -0
-8.9765 0.879798 -1.06421 -0
3.35766 1.14772 -0.0547815 -0
