4
33
2.36627 5.96784 8.22855 2.12015
-8.92925 -3.91757 7.0385 -7.51051
3.6081 1.29243 -5.26371 -8.23457
8.77654 3.19975 6.66552 -9.4141
0.328555 -7.38036 -0.695093 -1.715
-0 -8.83645 -1.98738 -5.25663
-0 -5.90044 -6.18685 -9.95188
-0 -4.6863 -2.16811 -4.55446
-0 -4.68973 -9.17467 -9.19714
-0 4.32225 -7.24696 1.78493
-0 -4.76377 5.51806 -2.62547
-0 8.9997 -4.90205 3.34
6.42869 -0 -0.205534 -6.30175
1.05331 -0 7.12634 -0.700627
-1.05167 -0 -5.52356 -3.21166
7.47986 -0 5.7946 -7.72406
-8.91345 -0 -6.39383 -3.76891
-0.93303 -0 6.32848 5.55929
-1.36011 -0 -4.76484 -4.58135
-1.97511 -9.68633 -0 3.38
-1.67564 1.60889 -0 -0.583767
9.37784 -0.754422 -0 3.59745
-0.45308 9.30664 -0 1.75188
3.41616 7.85754 -0 6.48243
-0.126794 6.7312 -0 3.40205
7.39523 6.95605 -0 -7.2326
1.03179 -3.8673 7.55649 -0
5.94546 8.85116 -5.41851 -0
-6.59118 5.13548 9.67215 -0
-7.53174 -3.67352 8.30037 -0
-4.14488 -6.45046 2.08684 -0
3.27814 -9.13147 4.89079 -0
-3.76002 8.43344 9.39834 -0
