100
295.317 551.342
642.9 770.363
190.592 706.886
503.651 577.695
74.0471 389.872
634.769 935.636
994.667 100.683
881.573 436.747
205.413 192.585
504.736 501.427
143.806 332.854
120.672 907.989
247.746 683.468
430.749 968.502
690.001 200.846
553.023 551.681
882.335 314.36
268.287 163.005
539.918 93.2247
566.343 210.031
26.7771 412.734
706.291 917.067
970.198 67.4718
29.1565 641.716
457.909 984.333
61.9549 327.689
311.647 313.581
135.477 674.181
736.063 909.756
22.0647 790.023
212.677 424.584
39.7382 768.25
994.683 837.874
640.901 308.96
112.592 793.268
513.689 908.008
225.479 458.217
969.411 253.021
827.543 281.864
107.553 746.541
871.575 686.911
854.546 450.007
143.038 907.039
925.224 603.944
14.7253 692.541
328.561 791.858
988.177 117.536
990.748 516.3
249.757 606.616
269.677 583.878
835.223 228.577
265.634 427.312
225.585 704.566
148.556 811.832
597.358 700.278
93.6858 718.864
454.369 448.164
576.899 381.782
676.751 472.02
694.431 443.819
989.996 681.372
26.7003 88.6862
325.079 968.37
984.281 135.379
997.373 715.847
319.845 25.0382
918.478 949.768
182.142 806.034
375.524 803.3
916.325 498.341
796.835 833.304
73.8018 467.895
587.95 956.73
535.586 98.3826
859.379 40.8473
494.403 906.626
495.172 634.768
109.574 549.336
184.409 336.261
541.596 972.172
22.1458 923.227
366.759 294.972
349.151 543.648
515.554 941.542
889.496 827.779
7.66893 543.5
122.058 41.1826
36.8748 41.8015
466.939 622.331
697.731 157.721
680.699 563.309
987.693 97.4674
949.965 334.726
954.227 643.555
280.81 279.122
302.773 620.611
819.503 225.865
27.1383 766.109
224.044 826.833
908.847 331.536
