100
394.01 791.96
383.808 662.635
438.349 137.861
84.6199 158.293
291.935 957.477
338.574 342.08
244.859 163.629
203.59 674.678
949.457 516.857
203.888 866.745
457.136 295.042
869.582 897.42
866.523 737.795
290.075 962.329
430.284 724.678
292.454 401.63
404.712 191.77
492.029 356.762
578.22 375.112
730.28 720.952
841.48 478.139
591.941 7.22083
983.889 730.838
444.42 516.125
134.588 438.633
650.363 261.287
233.125 17.0787
398.954 86.9898
785.805 15.2375
915.849 987.42
950.011 20.7009
525.067 662.872
321.595 81.8364
178.671 132.063
487.856 611.972
317.598 845.555
4.80278 861.318
951.805 464.273
280.578 74.5316
865.221 613.454
635.537 786.036
354.476 114.723
544.809 868.193
213.23 102.81
668.247 9.61567
720.632 774.817
360.572 767.839
606.575 124.692
175.196 54.3856
881.118 845.77
578.023 805.975
85.1812 739.33
228.603 822.2
467.479 672.395
59.53 822.617
693.558 159.382
724.82 175.28
289.972 536.666
980.413 826.523
273.022 22.424
726.12 532.597
370.164 755.102
180.416 983.338
282.167 956.578
546.331 121.859
330.506 92.7387
12.9453 425.05
346.501 669.181
152.877 910.106
304.187 554.536
202.857 895.382
928.843 770.636
849.916 904.991
534.125 738.691
886.492 592.267
182.155 457.205
121.919 109.74
133.712 540.743
2.53252 222.226
381.443 86.7115
985.711 503.054
54.3842 753.408
213.735 355.761
31.2961 326.783
980.762 224.502
244.987 632.522
756.831 52.4265
621.9 817.597
454.791 370.445
824.251 255.314
337.545 177.275
266.02 343.024
836.465 717.289
500.327 240.858
748.739 421.77
639.306 323.243
153.935 320.284
339.512 890.203
279.932 911.945
395.708 916.619
