100
138.697 208.269
334.211 169.836
627.833 654.623
155.209 535.866
533.733 665.532
4.3057 524.061
464.006 499.385
182.538 978.023
646.341 312.525
344.864 734.302
688.125 688.602
51.9337 392.184
72.2176 943.969
628.63 353.832
88.2364 395.954
1.44414 647.248
831.385 290.037
389.036 896.652
546.197 200.854
806.756 211.998
80.0773 630.05
721.778 681.221
837.304 884.221
31.0505 552.069
327.107 358.424
754.185 289.95
19.5844 266.902
116.329 738.914
923.164 58.5071
141.719 272.099
728.624 757.248
635.918 71.2837
157.723 545.717
786.663 709.673
744.758 116.608
442.219 526.281
997.565 865.021
688.308 884.884
879.029 648.675
985.881 684.856
967.418 272.619
159.856 866.469
277.962 912.268
426.763 922.449
370.467 180.445
798.111 192.712
645.659 250.479
295.601 38.7324
434.669 731.861
531.69 346.762
803.201 100.241
245.981 567.406
875.619 524.571
344.929 45.5159
416.855 197.552
971.595 794.252
755.386 910.139
481.241 611.108
337.589 875.162
174.907 817.537
317.28 523.426
828.142 915.001
541.742 352.61
675.434 697.015
907.923 621.663
91.7985 908.671
42.0716 625.319
962.729 682.142
42.7956 904.012
127.86 12.2029
986.048 719.416
73.9104 57.196
415.045 819.322
945.817 709.899
287.879 558.716
417.658 710.772
858.79 672.386
731.188 711.874
569.978 191.365
693.883 343.203
269.815 364.135
112.373 435.981
505.809 540.013
996.762 931.104
908.803 644.5
303.958 633.061
532.459 551.235
107.613 144.779
393.602 72.9588
105.311 172.121
917.621 137.4
740.896 12.1027
647.432 195.475
373.419 772.64
881.788 941.676
255.632 58.2164
141.849 895.908
723.07 508.318
753.392 497.7
762.628 106.53
