100
816.022 836.372
213.882 856.358
71.3121 964.986
186.7 148.391
280.745 470.111
23.6917 821.375
164.371 831.174
850.046 443.442
734.189 442.519
928.067 44.2555
366.827 405.469
952.462 557.26
636.848 648.809
827.408 870.22
665.285 936.166
410.989 161.168
389.07 258.143
349.81 987.25
754.054 315.026
592.166 85.1611
575.278 704.741
381.119 797.194
243.627 196.609
691.367 180.072
800.984 789.148
804.739 895.768
346.385 590.49
113.254 455.158
706.918 966.631
153.787 272.038
715.133 125.428
389.998 686.642
293.671 597.936
831.191 91.7669
92.2945 141.972
170.377 818.354
936.793 966.914
849.242 266.972
854.15 694.8
663.048 551.835
144.343 202.882
201.906 826.881
740.993 3.70142
708.914 53.4683
385.207 558.865
316.518 713.114
282.101 565.419
378.489 197.726
337.353 846.737
933.531 28.3741
633.735 424.257
571.672 124.202
956.808 478.364
664.244 282.814
693.355 632.624
818.387 69.5889
111.119 7.49597
169.637 609.871
692.765 283.728
120.801 840.787
25.1643 755.447
454.811 494.66
314.681 3.55672
251.061 4.4635
57.0487 833.076
891.76 373.709
379.363 980.711
315.126 25.4291
594.968 286.091
149.056 260.335
231.423 743.746
374.733 111.363
762.759 894.958
364.961 648.466
93.8129 161.954
755.339 87.6784
520.524 939.627
539.665 291.419
955.157 542.976
966.805 3.26502
326.175 657.973
84.4042 401.974
276.212 862.565
503.626 512.148
369.423 595.687
704.308 25.0558
41.1081 432.685
940.823 182.244
50.407 106.716
877.021 981.424
55.5855 481.459
476.633 915.076
123.519 66.1033
962.434 143.588
721.973 183.918
470.331 699.807
723.47 762.341
885.884 167.866
968.865 950.96
602.099 280.454
