100
18.8403 666.395
208.095 533.013
396.716 456.392
256.07 350.699
32.6997 893.027
159.296 572.977
794.837 702.642
599.242 839.85
207.44 714.14
375.695 817.598
409.823 82.4461
268.352 375.973
453.034 373.061
506.964 811.738
568.633 606.531
229.177 699.713
83.7542 893.396
40.9202 626.578
540.031 62.334
455.439 622.491
205.889 404.217
338.772 257.787
779.764 259.75
426.274 844.484
86.4745 386.578
963.124 748.418
48.3803 371.159
405.245 548.804
821.83 982.969
448.948 976.948
429.695 539.451
297.445 915.87
836.536 923.262
377.929 5.97188
3.7255 467.89
960.934 198.753
726.755 420.745
710.872 352.52
992.73 362.724
206.585 148.139
982.521 647.378
975.631 679.211
941.488 539.363
184.63 86.4982
849.686 553.953
522.445 241.465
238.881 107.944
389.083 866.687
540.142 624.716
705.51 670.99
231.056 747.866
386.452 471.478
832.272 396.915
985.616 926.951
649.261 452.61
0.538989 250.069
709.564 200.976
205.412 611.776
97.118 479.451
761.246 747.255
638.584 836.694
155.744 593.022
158.331 576.966
4.3453 112.861
484.216 107.083
793.417 438.809
525.032 521.923
87.2609 971.194
518.737 276.594
765.492 94.1856
330.81 474.792
883.306 196.024
631.024 561.229
593.367 798.004
157.476 768.009
711.779 410.271
434.231 942.965
311.257 741.529
115.632 41.5713
347.547 249.433
826.389 882.027
454.799 263.71
231.764 615.909
323.923 545.376
272.651 802.993
529.234 592.711
1.93157 126.031
709.989 660.631
864.094 937.53
839.009 866.384
995.597 791.027
553.819 969.35
108.529 463.845
323.647 820.786
362.84 860.172
82.3128 347.821
586.471 714.323
924.97 696.19
908.956 127.635
582.727 498.752
