100
176.563 221.095
92.304 324.942
643.549 472.656
767.657 6.99242
439.829 205.817
296.558 438.471
236.945 506.557
991.518 153
525.552 313.611
602.224 519.817
748.555 573.191
202.992 281.022
404.805 197.152
14.7811 413.847
969.749 86.8038
906.862 242.401
645.348 574.133
478.363 786.778
32.9551 179.448
299.921 200.679
207.464 919.76
811.68 649.403
505.263 879.304
258.495 791.07
185.518 96.841
236.57 688.799
919.621 637.959
459.954 829.273
431.089 747.117
549.669 767.01
885.188 449.17
801.566 99.0049
646.584 7.27323
22.8827 749.47
540.847 375.752
514.489 993.965
730.551 371.547
992.954 517.298
417.325 776.417
633.605 468.88
556.828 696.393
207.39 835.401
548.986 834.831
673.615 38.0568
882.878 64.9817
303.144 60.4613
92.3201 452.615
32.0135 931.144
821.176 298.372
491.821 172.473
708.48 280.357
310.776 466.869
134.662 796.591
64.8495 294.093
583.135 660.119
352.166 783.462
290.872 125.73
314.978 315.571
381.205 800.501
232.977 356.093
879.447 897.153
23.6571 28.4216
5.45941 795.638
271.407 2.51281
56.2023 916.013
914.853 851.409
994.752 77.4358
432.694 68.838
243.66 766.05
909.364 271.397
440.469 630.701
932.243 5.48665
279.457 134.314
211.203 151.598
28.6272 363.297
53.3519 363.375
829.359 365.066
906.895 90.1053
458.75 713.508
68.5325 755.068
938.557 821
652.174 49.0229
116.97 648.958
337.959 986.038
720.682 236.49
746.427 833.805
563.069 923.297
446.698 328.233
941.29 203.648
192.043 689.814
35.6015 84.4769
616.218 326.019
953.859 308.553
761.084 288.272
158.183 453.48
886.103 416.811
509.885 610.064
905.065 26.492
936.903 689.13
806.177 536.092
