100
485.663 14.79
20.7491 502.408
994.483 897.885
121.264 742.236
990.073 667.05
486.933 547.549
930.511 327.875
997.882 371.66
458.316 663.75
442.423 571.501
114.032 304.35
466.106 333.844
49.9306 52.8167
236.547 704.339
497.652 496.85
48.3012 887.36
909.491 492.93
706.028 883.188
919.315 78.805
279.207 926.205
727.779 740.208
861.205 207.441
595.951 241.759
191.302 703.171
809.682 587.755
186.669 837.253
171.9 906.833
581.836 302.015
62.0342 883.109
803.714 466.063
247.883 175.777
922.521 69.5782
35.3596 521.406
990.591 231.687
831.252 355.018
463.167 128.087
108.387 727.242
737.859 668.519
664.778 829.592
400.159 225.179
394.163 711.076
535.828 772.524
167.165 523.499
369.764 942.927
195.222 564.974
241.045 622.14
103.741 755.944
332.019 996.215
293.669 995.524
545.62 56.9744
136.597 683.908
694.12 543.454
734.352 743.39
79.6968 295.416
863.235 125.213
66.1878 761.406
960.78 818.028
562.128 968.841
671.536 641.895
897.508 519.49
419.103 380.364
422.524 866.662
216.999 153.704
88.894 269.784
932.59 446.951
589.363 727.191
721.427 857.896
771.896 43.5568
352.642 422.304
645.958 964.999
27.4053 658.997
306.33 173.467
824.497 686.082
864.645 883.307
281.205 310.888
666.412 345.221
240.262 938.269
50.083 675.95
655.559 272.801
432.374 752.593
81.6312 803.204
544.459 701.64
303.533 734.856
677.324 282.446
268.669 606.687
53.0769 931.323
109.579 166.235
283.92 170.794
487.896 851.249
874.181 898.985
315.77 334.549
52.9636 859.606
516.789 37.2349
700.544 494.536
918.546 654.411
481.938 743.645
483.906 667.739
952.38 452.794
801.331 798.645
324.772 787.521
