100
56.8682 965.196
851.789 417.243
764.055 528.723
91.3168 141.522
38.376 191.313
606.852 735.445
647.367 513.794
108.084 886.623
611.302 732.416
666.581 926.888
419.522 48.3439
724.866 7.83892
323.16 171.368
974.866 301.236
299.589 85.6473
800.598 996.556
626.839 942.298
463.23 961.656
134.706 840.46
205.402 223.52
542.642 942.379
494.141 585.245
237.494 560.557
868.438 853.515
267.096 510.236
525.764 74.1252
193.328 56.3903
834.126 213.947
646.966 491.051
998.844 738.038
203.194 71.5094
231.883 847.112
718.193 8.80754
717.264 307.011
836.408 785.383
473.069 215.655
738.121 997.961
940.061 704.428
494.355 608.641
334.565 676.915
993.105 78.3411
512.597 333.182
300.183 955.433
404.098 721.383
168.91 665.062
471.532 679.714
12.1959 433.091
328.035 615.67
8.82258 709.465
18.163 988.013
501.989 322.799
54.3955 974.155
697.675 991.793
656.101 617.794
554.754 522.742
912.469 946.852
525.577 25.057
686.401 212.734
465.346 989.683
909.585 927.1
249.887 646.021
678.009 187.419
192.056 816.888
210.412 717.516
273.078 970.276
127.719 521.372
818.958 408.719
474.35 937.408
970.999 416.498
739.624 617.134
315.295 786.866
503.568 843.865
975.644 768.808
803.285 132.674
450.85 933.171
624.131 963.762
162.232 171.556
21.6172 578.804
320.366 437.036
438.044 105.347
220.56 350.519
718.957 864.464
881.708 278.868
759.89 718.752
153.545 551.098
283.36 315.193
8.88004 353.076
686.191 223.41
174.105 949.222
476.919 332.577
347.993 767.046
342.445 509.24
570.585 572.682
395.217 711.437
811.035 74.0325
275.092 605.961
437.541 734.411
797.347 235.722
842.549 997.911
42.5181 327.01
