310
5 2 26 23 9 20
5 28 17 0 30 24
5 28 6 17 30 24
5 28 6 17 0 24
5 22 28 17 0 30
5 22 28 6 17 30
5 22 28 6 17 0
5 5 26 23 9 20
5 5 22 6 26 20
5 5 22 26 23 9
5 5 22 6 26 9
5 5 25 6 9 20
5 5 22 7 23 9
5 5 22 7 6 9
5 5 22 6 17 20
5 5 22 7 6 30
5 1 28 32 0 24
5 1 22 28 6 0
5 1 22 6 17 20
5 1 25 6 9 20
5 1 22 6 26 20
5 1 22 6 26 9
5 1 5 26 9 20
5 1 5 6 9 20
5 1 5 6 26 20
5 1 5 6 26 9
5 29 5 22 26 20
5 29 5 7 23 9
5 29 7 6 17 30
5 29 5 7 6 30
5 29 5 7 6 17
5 29 7 10 23 30
5 29 5 26 23 20
5 29 5 22 26 23
5 29 22 6 17 30
5 29 5 22 6 30
5 29 5 22 6 17
5 29 22 7 23 30
5 29 5 22 7 30
5 29 5 22 7 23
5 12 6 17 30 24
5 12 7 17 30 24
5 12 7 6 17 30
5 12 5 7 6 17
5 12 1 6 17 20
5 12 1 25 6 20
5 12 5 25 6 9
5 12 5 7 6 9
5 12 5 7 25 9
5 12 5 6 17 20
5 12 5 25 6 20
5 18 7 17 30 24
5 18 7 10 30 24
5 18 12 7 17 24
5 18 29 7 17 30
5 18 29 7 10 30
5 18 10 25 14 24
5 18 7 10 25 24
5 18 29 5 7 17
5 18 12 5 7 17
5 18 12 5 7 25
5 18 29 5 17 20
5 18 12 25 17 20
5 18 12 5 17 20
5 18 12 5 25 20
5 8 10 25 14 24
5 8 7 10 25 24
5 8 10 25 9 14
5 8 7 10 25 9
5 27 8 15 14 24
5 27 8 15 9 14
5 27 15 32 0 24
5 27 1 32 0 24
5 27 1 25 9 20
5 27 18 25 14 20
5 27 18 25 14 24
5 31 8 15 28 32
5 31 8 15 2 14
5 31 28 32 0 24
5 31 15 32 0 24
5 31 8 15 32 24
5 31 8 15 14 24
5 13 27 1 26 32
5 13 1 28 32 0
5 13 1 22 28 0
5 13 31 28 32 0
5 13 27 15 26 32
5 13 31 15 32 0
5 13 31 15 28 32
5 13 31 8 15 28
5 21 12 7 6 9
5 21 1 28 6 9
5 21 1 25 6 9
5 21 12 25 6 9
5 21 12 1 25 6
5 21 12 7 25 9
5 21 1 28 32 24
5 21 1 28 32 9
5 21 28 6 0 24
5 21 1 28 0 24
5 21 1 28 6 0
5 21 8 7 25 24
5 21 8 7 25 9
5 21 18 7 25 24
5 21 18 12 7 24
5 21 18 12 7 25
5 21 6 17 0 24
5 21 12 6 17 24
5 21 12 1 6 17
5 21 18 12 17 24
5 21 18 12 25 17
5 21 27 1 32 24
5 21 27 1 32 9
5 21 27 1 25 9
5 21 12 25 17 20
5 21 12 1 17 20
5 21 12 1 25 20
5 21 22 6 17 0
5 21 1 22 17 0
5 21 1 22 6 0
5 21 1 22 6 17
5 21 8 25 14 24
5 21 27 25 14 24
5 21 27 8 14 24
5 21 8 25 9 14
5 21 27 25 9 14
5 21 27 8 9 14
5 21 27 15 32 24
5 21 27 8 15 24
5 21 27 15 32 9
5 11 18 25 14 20
5 11 18 10 25 14
5 11 18 5 25 20
5 11 18 29 5 20
5 11 18 29 2 20
5 11 18 7 10 25
5 11 18 29 7 10
5 11 5 25 9 20
5 11 7 10 25 9
5 11 18 2 14 20
5 11 18 5 7 25
5 11 18 29 5 7
5 11 27 25 9 20
5 11 10 25 9 14
5 11 5 23 9 20
5 11 29 5 23 20
5 11 29 5 23 9
5 11 5 7 25 9
5 11 29 5 7 9
5 11 2 23 9 20
5 11 2 10 23 9
5 11 7 10 23 9
5 11 29 7 23 9
5 11 29 7 10 23
5 11 27 25 14 20
5 11 27 2 14 20
5 11 27 25 9 14
5 11 2 26 23 20
5 11 29 26 23 20
5 11 29 2 26 20
5 11 29 2 26 23
5 19 28 0 30 24
5 19 31 28 0 24
5 19 31 28 0 30
5 19 7 10 30 24
5 19 8 10 30 24
5 19 8 7 10 24
5 19 21 8 7 24
5 19 31 28 32 24
5 19 31 8 32 24
5 19 31 8 28 32
5 19 8 7 10 9
5 19 21 28 32 24
5 19 21 8 7 9
5 19 8 15 32 24
5 19 21 15 32 24
5 19 21 8 15 24
5 19 21 28 32 9
5 19 8 15 32 9
5 19 21 15 32 9
5 19 27 8 15 9
5 19 21 27 15 9
5 19 21 27 8 9
5 19 21 27 8 15
5 3 27 15 9 14
5 3 8 15 9 14
5 3 8 15 2 14
5 3 11 27 9 14
5 3 11 27 2 14
5 3 8 10 9 14
5 3 8 2 10 14
5 3 8 15 2 23
5 3 11 10 9 14
5 3 11 2 10 14
5 3 11 2 10 9
5 3 11 2 9 20
5 3 11 27 9 20
5 3 11 27 2 20
5 3 2 26 23 9
5 3 2 26 9 20
5 3 27 15 32 9
5 3 27 15 26 32
5 3 2 10 23 9
5 3 8 10 23 9
5 3 8 2 10 23
5 3 26 32 23 9
5 3 1 26 9 20
5 3 27 1 9 20
5 3 27 1 26 20
5 3 1 26 32 9
5 3 27 1 32 9
5 3 27 1 26 32
5 3 13 26 32 23
5 3 13 2 26 23
5 3 13 15 26 32
5 3 13 15 2 26
5 16 13 15 28 32
5 16 3 15 32 23
5 16 3 13 32 23
5 16 3 13 15 32
5 16 13 8 15 28
5 16 26 32 23 9
5 16 13 26 32 23
5 16 13 1 28 32
5 16 3 15 2 23
5 16 3 13 2 23
5 16 3 13 15 2
5 16 13 31 8 28
5 16 13 31 8 15
5 16 22 26 23 9
5 16 1 26 32 9
5 16 13 1 26 32
5 16 13 1 22 28
5 16 13 31 15 2
5 16 8 15 2 23
5 16 31 8 15 2
5 16 1 22 26 9
5 16 13 1 22 26
5 16 1 22 6 9
5 16 13 22 28 0
5 16 13 31 28 0
5 16 13 2 26 23
5 16 13 22 26 0
5 4 19 7 30 24
5 4 19 28 30 24
5 4 28 6 30 24
5 4 19 21 7 24
5 4 19 21 28 24
5 4 12 6 30 24
5 4 12 7 30 24
5 4 12 7 6 30
5 4 22 7 6 30
5 4 22 28 6 30
5 4 21 12 7 24
5 4 19 21 7 9
5 4 19 21 28 9
5 4 19 7 10 30
5 4 19 7 10 9
5 4 21 28 6 24
5 4 21 12 6 24
5 4 21 12 7 6
5 4 22 7 6 9
5 4 21 7 6 9
5 4 21 28 6 9
5 4 22 7 23 30
5 4 22 7 23 9
5 4 7 10 23 30
5 4 7 10 23 9
5 4 16 22 6 9
5 4 16 22 23 30
5 4 16 22 23 9
5 4 22 28 0 30
5 4 16 22 0 30
5 4 16 22 28 0
5 4 8 10 23 30
5 4 19 8 10 30
5 4 8 10 23 9
5 4 19 8 10 9
5 4 16 32 23 9
5 4 16 8 23 30
5 4 19 28 32 9
5 4 19 8 32 9
5 4 19 8 28 32
5 4 1 28 6 9
5 4 16 1 6 9
5 4 1 22 28 6
5 4 16 1 22 6
5 4 16 1 22 28
5 4 31 28 0 30
5 4 16 31 0 30
5 4 16 31 28 0
5 4 1 28 32 9
5 4 16 1 32 9
5 4 16 1 28 32
5 4 19 31 28 30
5 4 19 31 8 30
5 4 19 31 8 28
5 4 16 31 8 28
5 4 8 15 32 9
5 4 16 15 32 23
5 4 16 8 15 23
5 4 8 15 28 32
5 4 16 15 28 32
5 4 16 8 15 28
5 4 3 32 23 9
5 4 3 15 32 9
5 4 3 15 32 23
5 4 3 8 23 9
5 4 3 8 15 9
5 4 3 8 15 23
