216
5 23 9 8 0 21
5 16 5 24 0 4
5 16 23 5 9 25
5 15 24 8 0 21
5 18 16 5 25 10
5 18 15 5 2 10
5 18 23 5 25 8
5 18 16 23 5 25
5 11 24 2 4 10
5 11 16 5 4 10
5 11 16 5 25 10
5 14 18 16 5 10
5 14 16 5 4 10
5 14 18 4 1 10
5 14 18 16 23 5
5 14 16 5 0 4
5 14 16 23 5 9
5 14 16 5 9 0
5 14 23 9 8 1
5 14 18 23 8 1
5 14 18 23 5 8
5 14 23 9 8 0
5 14 23 5 8 0
5 14 23 5 9 0
5 20 11 16 4 10
5 20 11 16 25 10
5 20 18 4 1 10
5 20 14 4 1 10
5 20 14 16 4 10
5 20 14 16 4 1
5 20 18 16 25 10
5 20 18 19 4 10
5 20 18 19 4 1
5 20 14 18 1 10
5 20 14 18 16 10
5 20 18 19 23 1
5 17 11 16 24 25
5 17 11 16 5 25
5 17 16 5 24 0
5 17 16 5 24 4
5 17 11 16 24 4
5 17 11 16 5 4
5 17 16 5 9 0
5 17 16 5 9 25
5 17 11 5 25 10
5 17 11 24 4 10
5 17 11 5 4 10
5 17 5 24 0 4
5 17 15 24 0 4
5 17 18 5 25 10
5 17 18 15 5 10
5 17 15 24 4 10
5 17 15 24 2 10
5 17 11 24 2 10
5 17 9 24 0 21
5 17 15 24 0 21
5 17 23 5 9 0
5 17 23 5 9 25
5 17 23 5 25 8
5 17 15 24 8 21
5 17 18 25 2 10
5 17 18 15 2 10
5 17 18 5 25 8
5 17 18 15 5 8
5 17 23 9 0 21
5 17 23 5 8 0
5 17 15 5 8 0
5 17 23 8 0 21
5 17 15 8 0 21
5 3 17 18 25 8
5 3 17 18 25 2
5 3 18 15 2 8
5 3 17 18 15 8
5 3 17 18 15 2
5 3 17 23 25 8
5 3 18 23 25 8
5 3 20 18 23 25
5 3 15 24 2 8
5 3 17 15 24 8
5 3 6 20 11 19
5 3 20 18 19 23
5 3 17 24 8 21
5 3 18 23 8 1
5 3 18 19 23 1
5 3 23 9 8 21
5 3 23 9 8 1
5 3 19 9 8 1
5 3 19 23 9 1
5 3 19 9 8 21
5 3 6 19 9 21
5 12 14 18 23 1
5 12 14 18 16 23
5 12 20 18 23 1
5 12 14 23 9 1
5 12 14 16 23 9
5 12 20 14 16 1
5 12 20 14 18 1
5 12 20 14 18 16
5 12 18 16 23 25
5 12 20 16 23 25
5 12 20 18 23 25
5 12 20 18 16 25
5 12 14 9 0 1
5 12 14 16 9 0
5 12 20 16 4 1
5 12 14 0 4 1
5 12 14 16 4 1
5 12 14 16 0 4
5 7 20 18 25 10
5 7 20 11 25 10
5 7 18 25 2 10
5 7 20 18 19 10
5 7 3 20 18 25
5 7 17 25 2 10
5 7 17 11 2 10
5 7 17 11 25 10
5 7 3 18 25 2
5 7 11 19 4 10
5 7 20 19 4 10
5 7 20 11 4 10
5 7 20 11 19 4
5 7 3 20 18 19
5 7 3 20 11 19
5 7 3 20 23 25
5 7 3 17 25 2
5 7 3 17 23 25
5 7 3 17 15 2
5 7 3 6 11 19
5 7 17 15 24 2
5 7 17 11 24 2
5 7 3 15 24 2
5 7 3 17 15 24
5 7 6 11 24 2
5 7 3 6 24 2
5 7 3 6 11 24
5 13 9 24 0 21
5 13 11 16 24 25
5 13 6 19 9 21
5 13 11 16 24 4
5 13 11 19 24 4
5 13 6 11 19 24
5 13 20 11 19 4
5 13 17 16 24 25
5 13 16 24 0 4
5 13 20 11 16 4
5 13 20 19 4 1
5 13 17 16 24 0
5 13 17 16 9 0
5 13 12 16 0 4
5 13 12 16 9 0
5 13 12 20 16 4
5 13 12 20 4 1
5 13 12 0 4 1
5 13 12 9 0 1
5 22 7 17 23 25
5 22 7 17 11 25
5 22 17 11 24 25
5 22 7 20 23 25
5 22 7 20 11 25
5 22 13 11 24 25
5 22 17 23 9 25
5 22 7 3 20 23
5 22 7 3 20 11
5 22 7 3 17 23
5 22 7 17 11 24
5 22 13 17 24 25
5 22 17 9 24 21
5 22 17 23 9 21
5 22 20 11 16 25
5 22 13 11 16 25
5 22 13 20 11 16
5 22 3 6 20 11
5 22 7 3 11 24
5 22 17 23 8 21
5 22 3 23 8 21
5 22 3 17 8 21
5 22 3 17 23 8
5 22 3 17 24 21
5 22 7 3 17 24
5 22 13 9 24 21
5 22 13 6 24 21
5 22 13 6 11 24
5 22 17 16 9 25
5 22 13 17 16 25
5 22 13 17 16 9
5 22 17 9 24 0
5 22 13 9 24 0
5 22 13 17 24 0
5 22 13 17 9 0
5 22 16 23 9 25
5 22 20 16 23 25
5 22 6 20 11 19
5 22 13 20 11 19
5 22 13 6 11 19
5 22 3 20 19 23
5 22 3 6 20 19
5 22 3 23 9 21
5 22 3 6 9 21
5 22 3 6 24 21
5 22 3 6 11 24
5 22 13 6 9 21
5 22 12 16 23 9
5 22 12 20 16 23
5 22 13 12 16 9
5 22 13 12 20 16
5 22 19 23 9 1
5 22 20 19 23 1
5 22 13 6 19 9
5 22 13 19 9 1
5 22 13 20 19 1
5 22 3 19 23 9
5 22 3 6 19 9
5 22 12 23 9 1
5 22 12 20 23 1
5 22 13 12 9 1
5 22 13 12 20 1
