220
5 21 6 12 24 14
5 21 6 12 7 24
5 5 17 9 13 14
5 5 6 12 9 14
5 5 21 6 12 7
5 5 17 6 9 14
5 5 21 6 12 14
5 11 21 12 2 14
5 11 21 4 24 14
5 0 8 12 7 24
5 0 8 12 9 24
5 0 6 12 7 24
5 0 6 12 9 24
5 0 5 6 12 7
5 0 5 6 12 9
5 0 8 7 4 24
5 0 6 9 4 24
5 0 8 9 4 24
5 0 5 17 6 7
5 0 5 17 6 9
5 22 5 17 6 14
5 22 5 17 6 7
5 22 5 21 6 7
5 22 5 21 12 7
5 10 3 5 12 7
5 10 5 12 2 14
5 10 5 17 13 14
5 10 5 17 2 14
5 10 12 9 13 14
5 10 5 9 13 14
5 10 5 12 9 14
5 10 5 12 9 13
5 10 3 16 1 13
5 10 3 16 1 2
5 10 16 17 1 13
5 10 16 17 1 2
5 18 6 4 24 14
5 18 21 4 24 14
5 18 21 6 24 14
5 18 22 21 6 14
5 18 11 21 4 14
5 18 22 11 21 14
5 18 21 6 7 24
5 18 22 21 6 7
5 18 0 7 4 24
5 18 0 6 4 24
5 18 0 6 7 24
5 18 8 7 4 24
5 18 16 8 1 4
5 18 22 16 8 1
5 18 21 12 7 24
5 18 22 21 12 7
5 19 22 16 17 1
5 19 18 11 1 4
5 19 18 22 11 1
5 19 22 17 1 14
5 19 22 11 1 14
5 19 18 16 1 4
5 19 18 22 16 1
5 19 18 11 4 14
5 19 18 22 11 14
5 19 18 16 8 4
5 19 18 22 16 8
5 19 18 6 4 14
5 19 18 22 6 14
5 19 6 9 4 14
5 19 17 6 9 14
5 19 18 8 7 4
5 19 18 22 8 7
5 19 0 8 7 4
5 19 18 22 6 7
5 19 0 6 9 4
5 19 0 17 6 9
5 19 18 0 7 4
5 19 18 0 6 4
5 19 18 0 6 7
5 23 22 5 17 7
5 23 16 17 1 2
5 23 22 16 17 1
5 23 10 5 17 2
5 23 5 17 2 14
5 23 22 5 17 14
5 23 3 16 1 2
5 23 22 3 8 7
5 23 17 1 2 14
5 23 22 17 1 14
5 23 10 5 12 2
5 23 22 5 12 7
5 23 10 5 12 7
5 23 10 3 12 2
5 23 22 3 12 7
5 23 10 3 12 7
5 23 3 16 8 1
5 23 22 16 8 1
5 23 11 1 2 14
5 23 22 11 1 14
5 23 22 5 21 12
5 23 21 12 2 14
5 23 5 12 2 14
5 23 5 21 12 14
5 23 11 21 2 14
5 23 22 11 21 14
5 23 5 21 6 14
5 23 22 21 6 14
5 23 22 5 6 14
5 23 22 5 21 6
5 23 18 22 11 1
5 23 18 22 11 21
5 20 19 22 8 7
5 20 23 22 17 7
5 20 23 22 16 17
5 20 23 22 8 7
5 20 23 22 16 8
5 20 19 22 16 17
5 20 19 22 16 8
5 20 16 17 9 13
5 20 19 0 8 7
5 20 19 16 17 4
5 20 19 16 8 4
5 20 0 5 17 7
5 20 8 9 4 13
5 20 16 9 4 13
5 20 16 8 4 13
5 20 16 17 9 4
5 20 19 0 8 4
5 20 0 17 6 7
5 20 22 17 6 7
5 20 19 0 6 7
5 20 19 22 6 7
5 20 19 0 17 6
5 20 23 5 17 7
5 20 5 17 9 13
5 20 0 5 17 9
5 20 0 8 9 4
5 20 19 17 9 4
5 20 19 0 9 4
5 20 19 0 17 9
5 20 22 17 6 14
5 20 19 17 6 14
5 20 19 22 6 14
5 20 19 22 17 14
5 15 23 18 11 21
5 15 11 21 4 24
5 15 18 21 4 24
5 15 18 11 21 4
5 15 18 8 4 24
5 15 18 21 12 24
5 15 18 8 7 24
5 15 23 11 21 2
5 15 23 18 22 21
5 15 23 18 11 1
5 15 18 8 1 4
5 15 18 11 1 4
5 15 23 3 8 1
5 15 11 21 12 2
5 15 3 11 12 2
5 15 18 12 7 24
5 15 18 22 21 12
5 15 8 12 7 24
5 15 3 8 12 24
5 15 3 8 12 7
5 15 22 3 8 7
5 15 18 22 8 7
5 15 23 21 12 2
5 15 23 3 12 2
5 15 3 11 1 2
5 15 23 11 1 2
5 15 23 3 1 2
5 15 23 22 21 12
5 15 23 22 3 12
5 15 23 22 3 8
5 15 18 22 8 1
5 15 23 22 8 1
5 15 23 18 22 1
5 15 16 8 1 4
5 15 3 16 8 1
5 15 22 3 12 7
5 15 18 22 12 7
5 25 10 3 16 2
5 25 23 3 16 2
5 25 23 10 3 2
5 25 10 16 17 2
5 25 23 16 17 2
5 25 23 10 17 2
5 25 20 23 16 17
5 25 10 3 16 13
5 25 23 3 16 8
5 25 20 23 16 8
5 25 23 10 3 7
5 25 10 16 17 13
5 25 20 16 17 13
5 25 23 10 5 17
5 25 20 23 5 17
5 25 3 16 8 13
5 25 20 16 8 13
5 25 23 3 8 7
5 25 20 23 8 7
5 25 23 10 5 7
5 25 20 23 5 7
5 25 10 5 17 13
5 25 20 5 17 13
5 25 10 3 5 7
5 25 10 5 12 13
5 25 10 3 12 13
5 25 10 3 5 12
5 25 3 8 12 13
5 25 3 8 12 7
5 25 3 5 12 7
5 25 20 0 8 7
5 25 20 0 5 7
5 25 8 12 9 13
5 25 5 12 9 13
5 25 0 8 12 7
5 25 0 5 12 7
5 25 20 8 9 13
5 25 20 0 8 9
5 25 20 5 9 13
5 25 20 0 5 9
5 25 0 8 12 9
5 25 0 5 12 9
