115
5 16 5 3 10 14
5 1 5 3 10 14
5 12 16 3 10 18
5 12 16 5 3 10
5 12 1 15 3 10
5 12 1 5 3 10
5 12 1 5 15 3
5 12 11 5 13 18
5 8 1 5 15 3
5 8 12 16 5 18
5 8 12 16 5 3
5 8 12 11 5 18
5 8 12 5 15 3
5 8 12 5 15 13
5 8 12 11 5 13
5 9 16 3 10 14
5 9 16 5 10 14
5 7 12 5 15 13
5 7 12 1 5 15
5 7 12 1 15 10
5 7 12 1 5 10
5 7 12 16 5 10
5 7 9 16 5 10
5 7 12 5 13 18
5 7 12 16 10 18
5 7 9 16 10 18
5 7 12 16 5 18
5 7 9 16 5 18
5 7 11 5 13 18
5 7 9 11 17 18
5 6 9 16 17 18
5 6 8 16 5 18
5 6 11 5 17 18
5 6 8 11 5 18
5 0 8 12 15 3
5 0 8 12 15 13
5 0 8 12 11 13
5 0 12 11 13 18
5 0 8 12 11 18
5 0 12 16 3 18
5 0 8 12 16 18
5 0 8 12 16 3
5 0 6 8 16 18
5 0 6 8 16 3
5 2 7 1 5 10
5 2 7 9 5 10
5 2 7 9 1 10
5 2 1 5 10 14
5 2 9 5 10 14
5 2 9 1 10 14
5 2 7 9 1 14
5 2 7 1 13 14
5 2 7 9 17 14
5 2 1 15 13 14
5 2 1 5 15 14
5 2 7 17 13 14
5 2 7 5 15 13
5 2 7 1 15 13
5 2 7 1 5 15
5 2 6 9 17 14
5 2 7 9 11 17
5 2 11 17 13 14
5 2 7 11 17 13
5 2 7 11 5 13
5 2 9 16 5 14
5 2 6 16 5 14
5 2 6 9 16 14
5 2 6 9 16 17
5 2 11 5 17 18
5 2 9 11 17 18
5 2 7 11 5 18
5 2 7 9 5 18
5 2 7 9 11 18
5 2 8 11 5 13
5 2 6 11 5 17
5 2 6 8 11 5
5 2 9 16 17 18
5 2 9 16 5 18
5 2 6 5 17 18
5 2 6 16 17 18
5 2 6 16 5 18
5 4 6 8 16 3
5 4 16 5 3 14
5 4 8 16 5 3
5 4 9 16 3 14
5 4 6 9 16 14
5 4 6 9 16 3
5 4 0 6 8 3
5 4 6 16 5 14
5 4 6 8 16 5
5 4 1 5 3 14
5 4 8 1 5 3
5 4 9 3 10 14
5 4 6 9 10 14
5 4 6 9 3 10
5 4 0 8 15 3
5 4 2 6 5 14
5 4 2 6 8 5
5 4 8 1 15 3
5 4 1 5 15 14
5 4 8 1 5 15
5 4 1 3 10 14
5 4 2 5 15 14
5 4 2 6 17 14
5 4 0 8 15 13
5 4 2 15 13 14
5 4 8 5 15 13
5 4 2 5 15 13
5 4 2 8 5 13
5 4 2 11 17 14
5 4 2 6 11 17
5 4 2 6 8 11
5 4 11 17 13 14
5 4 2 11 13 14
5 4 2 8 11 13
