210
5 25 8 16 6 0
5 4 16 6 3 0
5 4 8 16 6 0
5 4 25 8 6 0
5 9 4 6 3 0
5 9 4 25 6 0
5 9 4 25 8 6
5 9 4 16 6 3
5 5 25 8 6 3
5 5 25 8 16 6
5 5 14 16 6 3
5 5 14 8 6 3
5 5 14 8 16 6
5 5 16 6 3 0
5 5 25 6 3 0
5 5 25 16 6 0
5 5 25 8 16 0
5 7 5 25 8 3
5 7 5 14 8 3
5 23 9 4 16 3
5 23 9 14 18 3
5 23 14 16 6 3
5 23 9 16 6 3
5 23 9 14 6 3
5 23 9 14 16 6
5 23 5 14 16 3
5 23 5 14 16 18
5 15 23 5 20 18
5 15 7 14 18 3
5 15 7 5 14 3
5 15 7 5 14 18
5 15 23 14 18 3
5 15 23 5 14 3
5 15 23 5 14 18
5 15 23 5 16 3
5 15 23 5 20 16
5 22 23 20 4 16
5 17 9 4 25 8
5 17 23 9 4 12
5 17 22 1 20 12
5 17 4 25 8 0
5 17 23 20 18 12
5 17 23 9 14 18
5 17 23 20 4 12
5 17 22 20 4 12
5 17 22 23 20 4
5 17 5 1 20 18
5 17 22 5 1 20
5 17 4 8 16 0
5 17 22 8 16 0
5 17 22 4 16 0
5 17 9 4 8 6
5 17 9 14 8 6
5 17 22 23 20 16
5 17 23 14 16 18
5 17 23 9 4 16
5 17 23 9 14 16
5 17 22 23 4 16
5 17 22 5 20 16
5 17 5 14 16 18
5 17 5 14 8 16
5 17 4 8 16 6
5 17 14 8 16 6
5 17 9 4 16 6
5 17 9 14 16 6
5 17 23 5 16 18
5 17 23 5 20 18
5 17 23 5 20 16
5 2 17 20 18 12
5 2 17 1 20 12
5 2 17 1 20 18
5 2 17 23 18 12
5 2 17 23 9 18
5 2 7 9 25 8
5 2 17 9 25 8
5 2 17 7 25 8
5 2 7 9 14 18
5 2 7 9 14 8
5 2 17 9 14 18
5 2 17 9 14 8
5 10 5 25 3 0
5 10 15 5 20 16
5 10 4 16 3 0
5 10 5 16 3 0
5 10 15 5 16 3
5 10 15 23 12 3
5 10 15 23 20 12
5 24 17 4 25 0
5 24 17 22 1 12
5 24 2 17 1 12
5 24 17 22 4 0
5 24 17 22 4 12
5 19 24 2 1 12
5 19 24 10 12 0
5 19 2 17 7 25
5 19 24 2 17 25
5 19 17 7 25 8
5 19 24 17 25 0
5 19 24 17 22 0
5 19 17 25 8 0
5 19 17 22 8 0
5 11 7 5 1 18
5 11 15 7 1 18
5 11 15 7 5 18
5 11 10 15 1 20
5 11 10 15 5 20
5 11 5 1 20 18
5 11 15 1 20 18
5 11 15 5 20 18
5 11 22 5 1 20
5 11 10 22 5 20
5 11 15 7 5 3
5 11 10 15 5 3
5 11 10 5 25 0
5 11 19 10 25 0
5 11 22 1 20 12
5 11 10 1 20 12
5 11 19 24 1 12
5 11 19 24 10 12
5 11 24 22 1 12
5 13 24 4 12 0
5 13 24 10 12 0
5 13 10 4 3 0
5 13 24 22 4 12
5 13 23 9 4 3
5 13 23 9 4 12
5 13 10 23 12 3
5 13 10 4 16 0
5 13 10 5 16 0
5 13 24 22 4 0
5 13 24 22 5 0
5 13 11 10 5 0
5 13 11 24 22 12
5 13 11 24 10 12
5 13 23 4 16 3
5 13 10 4 16 3
5 13 23 20 4 12
5 13 10 23 20 12
5 13 22 4 16 0
5 13 22 5 16 0
5 13 19 24 5 0
5 13 11 19 5 0
5 13 11 19 24 5
5 13 19 24 10 0
5 13 11 19 10 0
5 13 11 19 24 10
5 13 11 10 22 5
5 13 11 24 22 5
5 13 22 20 4 12
5 13 22 20 4 16
5 13 11 22 20 12
5 13 11 10 20 12
5 13 11 10 22 20
5 13 15 23 16 3
5 13 10 15 16 3
5 13 10 15 23 3
5 13 23 20 4 16
5 13 22 5 20 16
5 13 10 5 20 16
5 13 10 22 5 20
5 13 15 23 20 16
5 13 10 15 20 16
5 13 10 15 23 20
5 21 11 7 5 1
5 21 11 19 24 1
5 21 11 19 24 5
5 21 11 7 5 25
5 21 17 22 5 1
5 21 19 2 7 1
5 21 11 22 5 1
5 21 11 24 22 1
5 21 11 24 22 5
5 21 7 5 25 8
5 21 19 7 25 8
5 21 11 5 25 0
5 21 11 19 25 0
5 21 11 19 5 0
5 21 19 24 2 1
5 21 24 22 5 0
5 21 19 24 5 0
5 21 19 24 22 0
5 21 19 2 17 7
5 21 19 22 8 0
5 21 19 17 7 8
5 21 19 17 22 8
5 21 5 25 8 0
5 21 19 25 8 0
5 21 7 5 1 18
5 21 2 7 1 18
5 21 17 5 1 18
5 21 2 17 1 18
5 21 2 17 7 8
5 21 24 17 22 1
5 21 24 2 17 1
5 21 17 5 8 16
5 21 17 22 8 16
5 21 17 22 5 16
5 21 19 24 17 22
5 21 19 24 2 17
5 21 5 8 16 0
5 21 22 8 16 0
5 21 22 5 16 0
5 21 7 5 14 18
5 21 2 7 14 18
5 21 17 5 14 18
5 21 2 17 14 18
5 21 7 5 14 8
5 21 2 7 14 8
5 21 17 5 14 8
5 21 2 17 14 8
