318
5 4 30 17 27 2
5 4 30 13 27 2
5 15 4 13 27 14
5 15 8 1 6 3
5 0 8 6 31 3
5 0 1 6 25 3
5 0 8 1 6 3
5 0 8 1 6 31
5 24 0 1 6 25
5 10 4 13 27 2
5 10 4 30 13 2
5 10 4 30 13 5
5 10 4 30 17 2
5 9 32 6 7 3
5 9 32 6 31 3
5 9 15 6 7 3
5 9 8 6 31 3
5 9 15 8 6 3
5 9 15 6 5 7
5 9 8 1 6 31
5 9 15 8 1 6
5 9 24 1 6 31
5 9 24 15 1 6
5 26 22 32 3 2
5 26 32 6 25 3
5 26 24 30 17 25
5 26 30 17 27 2
5 26 10 30 5 2
5 26 10 22 5 2
5 26 32 6 25 5
5 26 24 6 25 5
5 26 10 30 17 2
5 28 0 8 31 3
5 28 32 6 31 3
5 28 9 32 7 3
5 28 9 32 31 3
5 23 9 15 5 7
5 23 9 15 13 7
5 23 4 30 13 5
5 23 4 30 17 14
5 23 15 13 27 14
5 23 9 15 13 27
5 23 24 15 1 14
5 23 9 24 15 1
5 23 9 15 6 5
5 23 9 24 15 6
5 23 30 17 27 14
5 23 4 17 27 14
5 23 4 13 27 14
5 23 4 30 17 27
5 23 4 30 13 27
5 23 15 8 27 14
5 23 9 15 8 27
5 23 9 24 1 31
5 23 24 6 31 5
5 23 9 24 6 31
5 23 15 8 1 14
5 23 9 15 8 1
5 23 9 8 31 27
5 23 9 8 1 31
5 20 22 13 5 7
5 20 10 22 13 7
5 20 10 22 13 5
5 20 15 6 5 7
5 20 10 4 13 7
5 20 10 4 13 5
5 20 10 4 30 5
5 20 23 15 5 7
5 20 23 15 6 5
5 20 23 24 6 5
5 20 23 24 15 6
5 20 23 13 5 7
5 20 23 4 13 5
5 20 23 4 30 5
5 20 15 4 13 7
5 20 23 15 13 7
5 20 23 24 15 14
5 20 23 4 30 14
5 20 4 30 17 14
5 20 24 30 17 14
5 20 15 4 13 14
5 20 23 4 13 14
5 20 23 15 13 14
5 19 24 1 17 25
5 19 24 1 6 25
5 19 26 24 17 25
5 19 26 24 6 25
5 19 24 1 17 14
5 19 26 6 25 3
5 19 26 10 17 2
5 19 26 24 30 17
5 19 26 10 30 17
5 19 20 24 17 14
5 19 20 24 30 17
5 19 24 15 1 14
5 19 24 15 1 6
5 19 26 24 30 5
5 19 26 10 30 5
5 19 26 24 6 5
5 19 26 10 22 5
5 19 20 24 15 14
5 19 20 24 15 6
5 19 20 10 4 7
5 19 20 10 22 7
5 19 10 4 30 17
5 19 20 4 30 17
5 19 20 10 4 30
5 19 20 24 30 5
5 19 20 10 30 5
5 19 20 24 6 5
5 19 20 10 22 5
5 19 26 10 22 2
5 19 26 32 6 3
5 19 26 22 32 3
5 19 32 6 7 3
5 19 22 32 7 3
5 19 26 32 6 5
5 19 26 22 32 5
5 19 20 15 6 7
5 19 20 4 17 14
5 19 20 6 5 7
5 19 20 22 5 7
5 19 32 6 5 7
5 19 22 32 5 7
5 19 20 15 4 14
5 19 20 15 4 7
5 12 9 32 6 31
5 12 23 6 31 5
5 12 23 9 6 5
5 12 23 9 6 31
5 12 28 9 32 31
5 12 32 6 5 7
5 12 9 6 5 7
5 12 9 32 6 7
5 12 23 9 31 27
5 12 22 32 5 7
5 12 23 9 13 27
5 12 28 22 32 7
5 12 28 9 32 7
5 12 28 9 22 7
5 12 22 13 5 7
5 12 9 22 13 7
5 12 23 13 5 7
5 12 23 9 5 7
5 12 23 9 13 7
5 16 28 26 0 25
5 16 26 32 25 3
5 16 28 26 25 3
5 16 28 26 32 3
5 16 32 6 25 3
5 16 28 32 6 3
5 16 0 6 25 3
5 16 28 0 25 3
5 16 28 32 6 31
5 16 12 28 32 31
5 16 0 6 31 3
5 16 28 6 31 3
5 16 28 0 31 3
5 16 12 6 31 5
5 16 12 32 6 5
5 16 12 32 6 31
5 16 24 0 6 25
5 16 24 6 31 5
5 16 23 24 31 5
5 16 0 1 6 31
5 16 24 1 6 31
5 16 24 0 1 6
5 16 12 23 31 5
5 21 16 28 0 31
5 21 26 30 17 27
5 21 26 0 17 27
5 21 16 26 0 25
5 21 26 0 17 25
5 21 23 8 31 27
5 21 0 8 1 31
5 21 16 0 1 31
5 21 1 17 27 14
5 21 0 1 17 27
5 21 23 8 27 14
5 21 16 24 0 1
5 21 12 23 31 27
5 21 16 12 23 31
5 21 23 8 1 31
5 21 8 1 27 14
5 21 0 8 1 27
5 21 23 8 1 14
5 21 23 24 1 31
5 21 16 24 1 31
5 18 28 26 32 2
5 18 26 22 32 2
5 18 28 22 32 2
5 18 12 28 22 32
5 18 16 28 26 32
5 18 16 12 28 32
5 18 26 22 5 2
5 18 26 22 32 5
5 18 12 22 32 5
5 18 16 26 32 5
5 18 16 12 32 5
5 18 12 22 13 5
5 18 26 30 5 2
5 18 26 30 27 2
5 18 16 12 30 27
5 18 16 26 30 5
5 18 16 12 30 5
5 18 10 22 5 2
5 18 10 22 13 2
5 18 10 22 13 5
5 18 21 26 30 27
5 18 21 16 30 27
5 18 21 16 26 30
5 18 30 13 27 2
5 18 10 30 5 2
5 18 10 30 13 2
5 18 10 30 13 5
5 18 12 30 5 27
5 18 23 30 5 27
5 18 23 30 13 27
5 18 23 30 13 5
5 18 12 23 5 27
5 18 12 23 13 27
5 18 12 23 13 5
5 11 30 17 27 14
5 11 21 17 27 14
5 11 21 30 17 27
5 11 23 30 27 14
5 11 21 23 27 14
5 11 24 30 17 14
5 11 23 30 5 27
5 11 24 1 17 14
5 11 21 1 17 14
5 11 20 24 30 14
5 11 20 23 30 14
5 11 20 23 24 14
5 11 23 24 1 14
5 11 21 23 1 14
5 11 21 23 24 1
5 11 21 16 30 27
5 11 21 0 1 17
5 11 21 24 0 1
5 11 24 30 17 25
5 11 21 0 17 25
5 11 20 24 30 5
5 11 20 23 30 5
5 11 20 23 24 5
5 11 16 23 24 5
5 11 12 30 5 27
5 11 16 12 30 27
5 11 16 12 30 5
5 11 12 23 5 27
5 11 16 12 23 5
5 11 21 12 23 27
5 11 21 16 12 27
5 11 21 16 12 23
5 11 0 1 17 25
5 11 24 1 17 25
5 11 24 0 1 25
5 11 26 30 17 25
5 11 21 26 17 25
5 11 21 26 30 17
5 11 16 24 0 25
5 11 21 16 0 25
5 11 21 16 24 0
5 11 16 23 24 31
5 11 21 23 24 31
5 11 21 16 24 31
5 11 21 16 23 31
5 11 21 16 26 25
5 11 21 16 26 30
5 11 26 24 25 5
5 11 26 24 30 5
5 11 26 24 30 25
5 11 16 26 30 5
5 11 24 6 25 5
5 11 16 24 6 5
5 11 16 24 6 25
5 11 26 32 25 5
5 11 16 26 32 5
5 11 16 26 32 25
5 11 32 6 25 5
5 11 16 32 6 5
5 11 16 32 6 25
5 29 16 12 28 31
5 29 18 16 12 28
5 29 12 28 9 31
5 29 21 16 28 31
5 29 21 16 12 31
5 29 12 9 31 27
5 29 12 28 9 22
5 29 18 12 28 22
5 29 21 16 28 0
5 29 21 12 31 27
5 29 21 16 12 27
5 29 18 16 12 27
5 29 18 21 16 27
5 29 9 8 31 27
5 29 12 9 13 27
5 29 18 12 13 27
5 29 18 28 22 2
5 29 12 9 22 13
5 29 18 12 22 13
5 29 21 8 31 27
5 29 16 28 26 0
5 29 18 16 28 26
5 29 21 16 26 0
5 29 18 21 16 26
5 29 18 13 27 2
5 29 28 9 22 7
5 29 18 22 13 2
5 29 21 0 8 27
5 29 28 0 8 31
5 29 21 0 8 31
5 29 21 28 0 31
5 29 18 28 26 2
5 29 21 26 0 27
5 29 18 26 27 2
5 29 18 21 26 27
5 29 28 0 8 3
