232
5 10 19 7 21 3
5 1 10 7 21 14
5 22 10 19 21 3
5 22 10 19 7 3
5 23 5 8 14 3
5 23 1 18 2 14
5 23 22 8 2 3
5 23 22 8 9 3
5 23 22 8 9 2
5 4 10 7 21 3
5 4 10 7 21 14
5 4 10 18 21 14
5 4 22 10 7 3
5 4 22 10 21 3
5 17 23 13 8 20
5 17 23 13 8 9
5 0 4 10 7 14
5 0 22 10 19 7
5 0 4 22 10 7
5 0 4 5 7 3
5 0 4 22 7 3
5 0 4 10 18 21
5 15 13 19 7 20
5 15 13 5 7 20
5 15 13 5 8 20
5 15 4 5 7 3
5 15 22 19 7 3
5 15 0 22 7 3
5 15 0 22 19 7
5 15 22 19 8 3
5 15 17 13 8 20
5 6 22 19 21 2
5 6 0 1 10 21
5 6 15 17 19 8
5 6 15 17 13 8
5 6 13 19 7 20
5 6 13 10 7 20
5 6 13 10 19 7
5 6 15 13 19 20
5 6 15 17 19 20
5 6 15 17 13 20
5 11 13 5 8 20
5 11 23 13 8 20
5 11 23 13 8 9
5 11 15 13 5 7
5 11 15 13 8 9
5 11 15 13 5 8
5 11 23 8 9 3
5 11 23 5 8 3
5 11 0 23 18 14
5 11 0 23 18 9
5 11 23 18 14 3
5 11 23 5 14 3
5 11 23 18 9 3
5 11 0 4 5 7
5 11 15 13 19 7
5 11 15 5 8 3
5 11 0 4 18 14
5 11 4 18 14 3
5 11 4 5 14 3
5 11 0 4 5 3
5 11 15 0 19 7
5 11 0 5 7 3
5 11 15 5 7 3
5 11 15 0 7 3
5 11 13 10 19 7
5 11 0 10 19 7
5 11 0 13 10 7
5 11 0 13 10 19
5 11 22 8 9 3
5 11 15 22 8 3
5 11 15 22 8 9
5 11 0 4 18 3
5 11 0 22 19 9
5 11 15 22 19 9
5 11 15 0 22 19
5 11 15 0 22 3
5 25 23 22 9 2
5 25 0 23 9 2
5 25 0 23 18 2
5 25 0 23 18 9
5 25 23 18 2 3
5 25 23 22 2 3
5 25 23 18 9 3
5 25 23 22 9 3
5 25 18 21 2 3
5 25 22 21 2 3
5 25 6 22 21 2
5 25 1 18 21 2
5 25 0 1 18 2
5 25 0 1 18 21
5 25 0 4 18 21
5 25 11 18 9 3
5 25 11 0 18 3
5 25 11 0 18 9
5 25 11 22 9 3
5 25 11 0 22 3
5 25 11 0 22 9
5 25 0 4 18 3
5 25 0 4 22 3
5 25 4 18 21 3
5 25 4 22 21 3
5 25 6 1 21 2
5 25 6 0 1 21
5 25 6 0 10 21
5 25 4 22 10 21
5 25 0 4 10 21
5 25 0 4 22 10
5 25 22 10 19 21
5 25 6 10 19 21
5 25 6 22 19 21
5 25 0 22 10 19
5 16 11 23 5 14
5 16 17 5 8 20
5 16 17 23 8 20
5 16 11 23 13 20
5 16 11 5 8 20
5 16 11 23 8 20
5 16 11 23 5 8
5 16 13 5 7 20
5 16 11 13 5 20
5 16 11 13 5 7
5 16 4 5 7 14
5 16 11 4 5 14
5 16 11 4 5 7
5 16 13 10 7 20
5 16 11 0 13 7
5 16 0 4 7 14
5 16 11 0 4 14
5 16 11 0 4 7
5 24 23 1 18 14
5 24 0 23 18 14
5 24 23 1 18 2
5 24 0 1 18 2
5 24 0 23 18 2
5 24 10 18 21 14
5 24 1 18 21 14
5 24 1 10 21 14
5 24 4 10 18 14
5 24 0 4 18 14
5 24 0 4 10 14
5 24 0 4 10 18
5 24 0 10 18 21
5 24 0 1 18 21
5 24 0 1 10 21
5 24 6 0 1 10
5 24 0 23 9 2
5 24 1 10 7 14
5 24 16 17 23 14
5 24 0 10 7 14
5 24 16 0 7 14
5 24 11 0 23 14
5 24 16 11 23 14
5 24 16 11 0 14
5 24 17 23 1 2
5 24 1 7 14 20
5 24 16 7 14 20
5 24 16 10 7 20
5 24 17 1 14 20
5 24 16 17 14 20
5 24 0 13 10 7
5 24 16 13 10 7
5 24 16 0 13 7
5 24 11 0 23 9
5 24 17 23 13 9
5 24 6 10 7 20
5 24 6 1 7 20
5 24 6 1 10 7
5 24 6 17 1 20
5 24 6 13 10 20
5 24 16 13 10 20
5 24 11 23 13 9
5 24 16 11 23 13
5 24 11 0 13 9
5 24 16 11 0 13
5 24 6 17 13 20
5 24 17 23 13 20
5 24 16 23 13 20
5 24 16 17 23 20
5 12 0 22 19 9
5 12 25 0 22 9
5 12 25 0 22 19
5 12 15 22 19 9
5 12 25 22 9 2
5 12 25 6 22 19
5 12 11 0 19 9
5 12 11 0 13 9
5 12 11 0 13 19
5 12 11 15 19 9
5 12 11 15 13 9
5 12 11 15 13 19
5 12 15 13 8 9
5 12 15 22 8 9
5 12 15 22 19 8
5 12 22 8 9 2
5 12 25 6 22 2
5 12 24 0 13 9
5 12 25 0 9 2
5 12 0 13 10 19
5 12 6 13 10 19
5 12 25 0 10 19
5 12 25 6 10 19
5 12 25 6 0 10
5 12 6 15 19 8
5 12 6 15 13 8
5 12 6 15 13 19
5 12 17 13 8 9
5 12 22 19 8 2
5 12 6 19 8 2
5 12 6 22 19 2
5 12 24 17 13 9
5 12 24 6 17 13
5 12 24 6 0 1
5 12 24 0 13 10
5 12 24 6 13 10
5 12 24 6 0 10
5 12 25 0 1 2
5 12 25 6 1 2
5 12 25 6 0 1
5 12 23 8 9 2
5 12 17 23 8 2
5 12 17 23 8 9
5 12 6 17 8 2
5 12 6 17 13 8
5 12 6 17 1 2
5 12 24 6 17 1
5 12 24 0 9 2
5 12 24 0 1 2
5 12 24 23 9 2
5 12 24 17 23 2
5 12 24 17 23 9
5 12 24 17 1 2
