320
5 7 0 17 24 32
5 7 10 18 17 21
5 22 7 0 17 24
5 9 10 19 20 21
5 9 10 19 17 24
5 9 19 20 21 11
5 9 10 18 17 21
5 9 10 18 17 24
5 12 7 17 24 32
5 12 7 18 17 24
5 12 10 17 24 32
5 12 10 18 17 24
5 12 7 10 18 17
5 12 9 10 18 24
5 12 7 0 24 32
5 12 7 10 18 21
5 12 7 0 17 32
5 14 7 18 17 24
5 14 9 18 17 24
5 14 9 19 17 11
5 14 9 19 17 24
5 14 9 18 17 21
5 16 22 0 17 24
5 16 14 19 17 11
5 16 15 6 19 11
5 16 15 22 6 11
5 2 9 19 20 11
5 2 15 6 19 11
5 2 3 15 6 11
5 30 2 3 20 11
5 30 2 3 6 11
5 30 3 22 6 11
5 4 2 9 19 11
5 4 14 9 19 11
5 4 14 9 19 24
5 4 14 9 18 24
5 1 9 10 19 20
5 1 2 9 19 20
5 1 2 15 19 20
5 1 2 3 15 20
5 25 30 2 3 20
5 5 30 22 6 11
5 5 14 7 18 17
5 5 25 30 7 21
5 5 16 22 6 11
5 5 7 18 17 21
5 5 25 7 18 21
5 5 14 18 17 21
5 5 9 17 21 11
5 5 14 9 17 11
5 5 14 9 17 21
5 5 30 20 21 11
5 5 25 30 20 21
5 5 9 20 21 11
5 23 2 6 19 11
5 23 4 2 19 11
5 23 4 2 6 11
5 23 16 6 19 11
5 23 4 16 19 11
5 23 4 16 6 11
5 23 2 15 6 19
5 23 16 15 6 19
5 23 4 16 19 24
5 23 16 15 22 6
5 23 4 16 22 6
5 23 4 2 9 19
5 23 16 15 0 19
5 23 16 15 22 0
5 23 3 15 22 6
5 23 15 0 19 32
5 23 16 19 24 32
5 23 16 0 24 32
5 23 16 0 19 32
5 23 16 22 0 24
5 23 4 22 0 24
5 23 4 16 22 24
5 29 2 9 20 11
5 29 4 2 9 11
5 29 4 14 9 11
5 29 5 9 20 11
5 29 5 14 9 11
5 29 5 4 14 11
5 29 30 2 20 11
5 29 25 30 2 20
5 29 4 2 6 11
5 29 1 2 9 20
5 29 1 4 2 9
5 29 4 14 9 18
5 29 5 30 20 11
5 29 5 25 30 20
5 29 30 2 6 11
5 29 5 9 20 21
5 29 5 25 20 21
5 29 25 30 2 3
5 29 5 25 18 21
5 29 14 9 18 21
5 29 5 14 18 21
5 29 5 14 9 21
5 29 9 10 20 21
5 29 1 10 20 21
5 29 1 9 10 20
5 31 5 22 7 17
5 31 5 14 7 17
5 31 22 7 17 24
5 31 14 7 17 24
5 31 14 7 18 24
5 31 4 14 18 24
5 31 4 16 22 24
5 31 5 16 22 17
5 31 4 16 22 6
5 31 5 16 22 6
5 31 5 4 14 11
5 31 16 22 17 24
5 31 4 14 19 24
5 31 4 16 19 24
5 31 16 14 17 11
5 31 5 14 17 11
5 31 5 16 17 11
5 31 4 16 6 11
5 31 5 16 6 11
5 31 16 14 19 11
5 31 4 14 19 11
5 31 4 16 19 11
5 31 14 19 17 24
5 31 16 19 17 24
5 31 16 14 19 17
5 8 1 2 15 19
5 8 23 2 15 19
5 8 23 15 19 32
5 8 1 2 9 19
5 8 23 2 9 19
5 8 1 2 3 15
5 8 15 10 19 32
5 8 1 15 10 19
5 8 1 4 2 9
5 8 23 4 2 9
5 8 2 3 15 6
5 8 23 3 15 6
5 8 23 2 15 6
5 8 1 9 10 19
5 8 12 15 10 32
5 8 23 4 9 19
5 8 1 3 15 27
5 8 23 15 0 32
5 8 10 19 24 32
5 8 9 10 19 24
5 8 1 12 15 27
5 8 4 9 19 24
5 8 23 19 24 32
5 8 23 4 19 24
5 8 3 15 0 27
5 8 3 15 22 0
5 8 23 15 22 0
5 8 23 3 15 22
5 8 12 10 24 32
5 8 12 9 10 24
5 8 12 9 10 18
5 8 12 15 0 32
5 8 12 15 0 27
5 8 23 0 24 32
5 8 23 4 0 24
5 8 12 9 18 24
5 13 29 1 2 20
5 13 29 25 2 20
5 13 29 25 1 2
5 13 1 2 3 20
5 13 25 2 3 20
5 13 25 1 2 3
5 13 29 1 20 21
5 13 29 25 20 21
5 13 1 3 20 27
5 13 29 1 10 21
5 13 30 3 20 27
5 13 25 30 3 27
5 13 25 30 3 20
5 13 25 30 20 21
5 13 29 25 18 21
5 13 29 1 10 18
5 13 8 1 12 27
5 13 12 10 18 21
5 13 9 10 18 21
5 13 29 9 18 21
5 13 29 9 10 21
5 13 29 9 10 18
5 13 12 7 18 21
5 13 25 7 18 21
5 13 12 7 18 27
5 13 25 7 18 27
5 28 29 4 2 6
5 28 29 25 30 3
5 28 29 4 14 18
5 28 8 2 3 6
5 28 30 2 3 6
5 28 29 30 2 6
5 28 29 30 2 3
5 28 23 3 22 6
5 28 8 23 3 6
5 28 23 4 2 6
5 28 8 23 2 6
5 28 8 23 4 2
5 28 8 1 2 3
5 28 29 1 4 2
5 28 8 1 4 2
5 28 25 1 2 3
5 28 29 25 2 3
5 28 29 25 1 2
5 28 8 1 3 27
5 28 13 29 25 1
5 28 29 4 9 18
5 28 13 29 25 18
5 28 8 23 3 22
5 28 4 22 0 24
5 28 31 4 18 24
5 28 25 7 18 27
5 28 29 1 4 9
5 28 8 1 4 9
5 28 13 25 18 27
5 28 13 1 3 27
5 28 13 25 3 27
5 28 13 25 1 3
5 28 13 8 1 27
5 28 13 29 1 18
5 28 4 9 18 24
5 28 8 9 18 24
5 28 8 4 9 24
5 28 8 3 22 0
5 28 23 4 22 0
5 28 8 23 22 0
5 28 8 23 4 0
5 28 8 4 0 24
5 28 8 12 18 24
5 28 8 3 0 27
5 28 13 12 18 27
5 28 13 8 12 27
5 28 13 8 1 12
5 28 29 9 10 18
5 28 29 1 10 18
5 28 29 1 9 10
5 28 8 9 10 18
5 28 8 1 9 10
5 28 12 7 18 27
5 28 8 12 24 32
5 28 8 0 24 32
5 28 8 12 10 18
5 28 8 1 12 10
5 28 13 12 10 18
5 28 13 1 10 18
5 28 13 1 12 10
5 28 8 12 0 32
5 28 8 12 0 27
5 26 5 30 6 11
5 26 29 30 6 11
5 26 29 5 30 11
5 26 29 4 6 11
5 26 29 5 4 11
5 26 28 29 30 6
5 26 31 4 6 11
5 26 31 5 6 11
5 26 31 5 4 11
5 26 28 29 4 6
5 26 28 30 3 6
5 26 29 5 25 30
5 26 28 29 25 30
5 26 29 5 4 14
5 26 28 29 4 14
5 26 30 3 22 6
5 26 5 30 22 6
5 26 5 25 30 7
5 26 29 5 25 18
5 26 28 29 25 18
5 26 31 4 22 6
5 26 31 5 4 14
5 26 29 5 14 18
5 26 28 29 14 18
5 26 31 5 22 6
5 26 30 3 22 27
5 26 28 3 22 6
5 26 25 30 3 27
5 26 28 25 3 27
5 26 28 25 30 3
5 26 25 30 7 27
5 26 28 25 7 27
5 26 5 25 7 18
5 26 28 25 7 18
5 26 23 4 22 6
5 26 28 23 22 6
5 26 28 23 4 6
5 26 28 23 4 22
5 26 31 4 22 24
5 26 28 4 22 24
5 26 28 31 4 24
5 26 31 4 14 18
5 26 28 4 14 18
5 26 28 31 4 18
5 26 31 5 22 7
5 26 30 22 7 27
5 26 5 30 22 7
5 26 31 22 7 24
5 26 5 14 7 18
5 26 31 14 7 18
5 26 31 5 14 7
5 26 31 7 18 24
5 26 28 31 18 24
5 26 22 7 0 27
5 26 3 22 0 27
5 26 28 3 0 27
5 26 28 3 22 0
5 26 22 7 0 24
5 26 28 22 0 24
5 26 12 7 18 24
5 26 28 12 18 24
5 26 28 12 7 18
5 26 12 7 0 27
5 26 28 12 0 27
5 26 28 12 7 27
5 26 12 7 0 24
5 26 12 0 24 32
5 26 28 0 24 32
5 26 28 12 24 32
5 26 28 12 0 32
