335
5 4 18 3 22 25
5 4 18 12 3 22
5 4 31 18 14 25
5 4 30 3 22 25
5 4 14 12 3 25
5 4 18 14 3 25
5 4 18 14 12 3
5 4 30 31 21 25
5 29 30 3 22 25
5 29 4 30 22 25
5 29 4 30 21 25
5 29 4 31 22 25
5 29 4 31 21 25
5 19 16 31 21 25
5 19 17 30 21 25
5 19 17 16 21 25
5 19 16 31 14 25
5 19 17 16 0 20
5 19 17 16 0 21
5 10 4 31 18 2
5 24 4 12 3 22
5 24 4 30 3 22
5 24 29 30 3 22
5 24 29 4 30 22
5 24 10 4 2 22
5 24 4 18 2 22
5 24 4 18 12 22
5 24 4 18 12 2
5 15 29 30 0 3
5 15 24 29 30 3
5 15 24 12 3 22
5 15 29 0 3 22
5 15 24 29 3 22
5 15 24 29 0 22
5 15 18 2 3 22
5 15 18 12 3 22
5 15 24 18 2 22
5 15 24 18 12 22
5 15 24 18 12 2
5 32 19 17 16 20
5 32 18 14 12 3
5 32 15 18 12 3
5 32 18 14 2 20
5 32 18 14 2 3
5 32 15 0 3 20
5 32 15 30 12 3
5 32 19 17 0 20
5 32 15 2 3 20
5 32 15 18 2 3
5 32 18 12 2 20
5 32 15 12 2 20
5 32 15 18 12 2
5 32 17 30 0 3
5 32 15 30 0 3
5 23 30 31 21 25
5 23 19 31 21 25
5 23 19 30 21 25
5 23 19 31 14 25
5 23 19 30 14 25
5 23 29 4 30 21
5 23 29 30 0 21
5 23 17 30 0 21
5 23 19 17 0 21
5 23 19 17 30 21
5 23 15 29 30 0
5 23 32 17 30 0
5 23 32 19 17 0
5 23 32 15 30 0
5 28 17 16 14 25
5 28 19 16 14 25
5 28 19 17 16 25
5 28 19 30 14 25
5 28 19 17 30 25
5 28 32 19 16 14
5 28 32 19 17 16
5 28 30 14 3 25
5 28 17 14 3 25
5 28 17 30 3 25
5 28 32 17 30 3
5 28 23 19 17 30
5 28 23 32 17 30
5 28 23 32 19 17
5 28 30 14 12 3
5 28 32 14 12 3
5 28 32 30 12 3
5 6 4 18 14 12
5 6 4 31 18 14
5 6 10 4 18 2
5 6 4 31 14 25
5 6 19 16 31 14
5 6 23 19 31 14
5 1 10 31 18 2
5 1 19 16 31 21
5 1 23 19 31 21
5 1 6 19 16 31
5 1 6 31 18 14
5 1 6 10 31 18
5 1 6 16 31 14
5 1 6 23 19 31
5 27 24 4 12 3
5 27 24 4 30 3
5 27 4 12 3 25
5 27 4 30 3 25
5 27 15 30 12 3
5 27 15 24 12 3
5 27 15 24 30 3
5 27 14 12 3 25
5 27 30 14 3 25
5 27 30 14 12 3
5 27 4 14 12 25
5 27 6 4 14 25
5 27 6 4 14 12
5 27 4 30 31 25
5 27 6 4 31 25
5 27 32 15 30 12
5 27 23 32 15 30
5 27 24 29 4 30
5 27 23 29 4 30
5 27 15 24 29 30
5 27 23 15 29 30
5 27 23 30 14 25
5 27 23 30 31 25
5 27 28 32 30 12
5 27 28 23 32 30
5 27 23 31 14 25
5 27 6 31 14 25
5 27 6 23 31 14
5 27 23 19 30 14
5 27 6 19 14 12
5 27 6 23 19 14
5 27 28 23 19 30
5 27 23 32 19 12
5 27 28 32 19 12
5 27 28 23 32 19
5 27 28 30 14 12
5 27 28 19 14 12
5 27 28 19 30 14
5 13 15 0 2 20
5 13 24 10 2 22
5 13 15 0 2 22
5 13 15 24 2 22
5 13 15 24 0 22
5 13 15 24 29 0
5 13 24 29 0 22
5 13 24 10 29 22
5 13 27 15 24 29
5 9 32 16 14 20
5 9 32 18 14 20
5 9 32 19 16 20
5 9 18 14 2 20
5 9 32 19 0 20
5 9 23 32 19 0
5 9 32 15 0 20
5 9 23 32 15 0
5 9 13 15 2 20
5 9 13 15 0 20
5 7 32 19 16 14
5 7 6 19 14 12
5 7 6 19 16 14
5 7 9 32 16 14
5 7 28 19 14 12
5 7 28 32 14 12
5 7 28 32 19 12
5 7 28 32 19 14
5 7 9 32 19 16
5 7 32 18 14 12
5 7 9 32 18 14
5 7 23 32 19 12
5 7 9 23 32 19
5 7 6 18 14 12
5 7 32 18 12 20
5 7 9 32 18 20
5 7 9 23 32 15
5 7 6 18 12 2
5 7 27 23 19 12
5 7 27 6 19 12
5 7 27 6 23 19
5 7 18 12 2 20
5 7 9 18 2 20
5 7 32 15 12 20
5 7 9 32 15 20
5 7 27 32 15 12
5 7 27 23 32 12
5 7 27 23 32 15
5 7 15 12 2 20
5 7 9 15 2 20
5 7 9 13 15 2
5 8 10 4 31 18
5 8 6 4 31 18
5 8 6 10 31 18
5 8 6 10 4 18
5 8 27 6 4 31
5 8 27 6 23 31
5 8 27 4 30 31
5 8 27 23 30 31
5 8 27 23 4 30
5 8 27 23 29 4
5 8 1 6 10 31
5 8 1 6 23 31
5 8 29 4 31 21
5 8 4 30 31 21
5 8 23 30 31 21
5 8 23 4 30 21
5 8 1 23 31 21
5 8 23 29 4 21
5 8 27 24 29 4
5 8 13 24 10 29
5 8 13 27 24 29
5 8 1 29 31 21
5 8 1 10 29 21
5 8 1 10 29 31
5 8 29 4 31 22
5 8 10 4 31 22
5 8 10 29 31 22
5 8 24 29 4 22
5 8 24 10 4 22
5 8 24 10 29 22
5 26 4 18 12 2
5 26 6 18 12 2
5 26 6 4 18 2
5 26 6 4 18 12
5 26 24 4 12 2
5 26 15 24 12 2
5 26 27 24 4 12
5 26 27 6 4 12
5 26 13 15 24 2
5 26 27 15 24 12
5 26 24 10 4 2
5 26 13 24 10 2
5 26 8 27 24 4
5 26 8 27 6 4
5 26 7 15 12 2
5 26 7 13 15 2
5 26 7 6 12 2
5 26 13 27 15 24
5 26 8 24 10 4
5 26 8 13 24 10
5 26 6 10 4 2
5 26 8 6 10 4
5 26 8 13 27 24
5 26 7 27 15 12
5 26 7 27 6 12
5 26 7 27 6 23
5 26 8 27 6 23
5 11 9 23 15 0
5 11 9 13 15 0
5 11 23 15 29 0
5 11 13 15 29 0
5 11 9 23 19 0
5 11 7 9 23 15
5 11 7 9 13 15
5 11 27 23 15 29
5 11 13 27 15 29
5 11 23 19 0 21
5 11 9 19 0 20
5 11 9 13 0 20
5 11 7 9 23 19
5 11 7 27 23 15
5 11 23 29 0 21
5 11 8 23 29 21
5 11 8 27 23 29
5 11 8 13 27 29
5 11 19 16 0 21
5 11 1 23 19 21
5 11 19 16 0 20
5 11 9 19 16 20
5 11 26 13 27 15
5 11 26 7 27 15
5 11 26 7 13 15
5 11 26 7 27 23
5 11 8 10 29 21
5 11 8 13 10 29
5 11 26 8 27 23
5 11 26 8 13 27
5 11 1 19 16 21
5 11 8 1 10 21
5 11 8 1 23 21
5 11 8 1 23 10
5 11 26 8 13 10
5 11 26 8 6 23
5 5 7 9 16 14
5 5 1 6 16 14
5 5 7 6 16 14
5 5 7 9 18 14
5 5 1 18 14 2
5 5 1 16 14 2
5 5 9 18 14 2
5 5 1 6 18 14
5 5 7 6 18 14
5 5 1 6 19 16
5 5 7 6 19 16
5 5 7 9 18 2
5 5 11 1 16 20
5 5 11 9 16 20
5 5 11 1 19 16
5 5 7 9 19 16
5 5 11 9 19 16
5 5 11 7 9 19
5 5 16 14 2 20
5 5 9 14 2 20
5 5 9 16 14 20
5 5 1 16 2 20
5 5 1 6 10 18
5 5 1 10 18 2
5 5 11 13 1 20
5 5 11 9 13 20
5 5 11 13 1 10
5 5 11 7 9 13
5 5 9 13 2 20
5 5 6 10 18 2
5 5 7 6 18 2
5 5 1 6 23 19
5 5 11 1 23 19
5 5 7 6 23 19
5 5 11 7 23 19
5 5 13 1 10 2
5 5 7 9 13 2
5 5 11 1 23 10
5 5 11 26 13 10
5 5 11 26 7 13
5 5 26 7 6 23
5 5 11 26 6 23
5 5 11 26 7 23
5 5 8 1 23 10
5 5 8 1 6 10
5 5 8 1 6 23
5 5 11 8 23 10
5 5 11 8 6 23
5 5 26 8 6 10
5 5 11 26 8 10
5 5 11 26 8 6
5 5 26 6 10 2
5 5 26 13 10 2
5 5 26 7 6 2
5 5 26 7 13 2
