4
19
3.28427 -4.98834 -7.3838 -1.72723
-6.56622 4.92502 -7.69128 -1.90931
-1.76304 -0.263342 3.16638 -1.24078
3.32467 -3.20652 -8.59631 0.0404681
-3.25354 -5.99954 -1.92352 1.79478
-0 -1.21507 2.14722 -1.5333
-0 -4.3203 5.12293 6.79047
-0 9.14121 2.28091 -4.87781
-0 -5.73141 -0.951526 0.0289162
-0 9.75764 2.28335 5.38836
-0 9.94328 -7.83104 0.495829
-0 -1.59172 8.10132 -5.90442
4.83919 -0 -4.3518 -4.42065
-3.85186 -0 3.4999 -8.19569
-7.66817 -0 0.781371 2.18581
-6.13884 -0 -7.4769 -6.08752
7.04911 -0 -0.886466 2.85693
-4.69359 -0 9.91483 4.18876
9.19938 -0 2.84688 -3.40929
