4
33
-3.38258 -5.85561 -2.1657 -6.91194
-1.38728 -6.72304 1.44463 -5.1795
5.25911 -1.42374 1.99701 -8.19885
2.66814 6.45567 3.63615 4.88754
-1.56888 -5.58819 -6.47374 -9.04747
5.25851 -6.16795 -0.476889 -0
-0.896386 -4.70282 -6.26357 -0
-6.32233 0.342182 -2.054 -0
3.74415 -9.94338 8.28097 -0
-5.63232 -1.38975 0.728762 -0
-9.52334 -0.555326 6.58204 -0
5.09426 -6.66052 8.4825 -0
-0 -5.07273 -1.93432 8.94061
-0 4.94334 -5.34181 -6.36553
-0 -1.26182 -1.65736 5.94343
-0 8.30092 4.14473 6.99208
-0 -7.75935 6.84026 9.38241
-0 2.15262 7.76577 -5.85945
-0 -2.27197 -9.36835 7.13708
8.49174 -0 -6.80406 1.11917
3.09891 -0 5.8906 -6.76766
2.52159 -0 -5.52291 -6.77275
8.51704 -0 4.46729 9.27308
0.992685 -0 0.300583 2.6339
0.281155 -0 -3.24068 -7.48253
2.29238 -0 -1.2638 2.74172
8.56439 -2.27142 -0 -6.14379
2.51761 7.92603 -0 -1.81145
1.28968 -7.90564 -0 -7.7998
-6.87625 3.04797 -0 2.50884
0.927718 -3.45433 -0 8.76931
-6.01265 -6.94157 -0 9.54454
8.94275 8.75919 -0 2.9293
