4
33
4.17577 -3.02976 -1.14927 9.90764
-5.17977 -0.710482 -2.91187 9.26549
9.49874 3.64594 8.36073 -6.03104
5.95048 7.49956 -9.99253 7.52753
-5.20896 1.33196 7.63773 -7.68291
-0 3.23059 0.8584 -2.42972
-0 7.25093 -6.65067 6.69764
-0 8.96157 -8.96512 -9.83503
-0 -8.84525 -6.91399 3.5983
-0 -1.84813 -8.4039 -5.67439
-0 5.33773 7.58949 -9.90251
-0 1.42455 3.19011 2.26665
4.83919 -0 -4.3518 -4.42065
-3.85186 -0 3.4999 -8.19569
-7.66817 -0 0.781371 2.18581
-6.13884 -0 -7.4769 -6.08752
7.04911 -0 -0.886466 2.85693
-4.69359 -0 9.91483 4.18876
9.19938 -0 2.84688 -3.40929
-6.94677 9.84211 -0 -0.632853
-5.86684 4.72555 -0 -4.16689
3.91277 -5.18319 -0 5.31813
6.59622 7.0651 -0 -9.24709
-3.05033 0.56386 -0 -2.97979
-3.91889 4.43966 -0 4.07031
4.39497 3.64084 -0 9.95454
8.90957 3.77605 6.3591 -0
0.7964 -8.98831 3.86311 -0
9.14561 -1.38245 -7.74854 -0
8.7578 -7.56379 -4.39283 -0
0.499879 1.57999 5.52074 -0
4.25704 -4.8722 -7.87336 -0
8.25369 5.583 -5.5031 -0
