4
26
-0.66194 0.327498 -5.41218 -4.12754
-0.0617671 7.16301 7.08077 3.8783
1.82324 1.31472 7.44006 0.252856
6.86214 -2.62039 3.08923 3.84348
-6.79047 5.76342 -9.96941 2.11174
2.23222 -0 -1.24803 -4.92625
-4.12323 -0 -4.64742 -8.49659
-1.33672 -0 -2.50351 -1.01904
-0.0370361 -0 -5.49304 4.05215
3.37944 -0 -6.67565 -8.18224
5.22076 -0 5.55691 -0.822864
-9.54571 -0 6.94965 0.882047
5.27328 -9.04945 -0 -5.35031
9.238 2.04117 -0 -2.03675
-9.94619 3.95418 -0 -9.2123
-8.6191 -7.13895 -0 4.01981
3.47419 8.51126 -0 4.49347
1.31119 8.27799 -0 -0.856974
-7.37946 -1.29309 -0 1.01073
-6.22699 7.24588 -6.84802 -0
0.642505 4.4476 -3.79891 -0
-9.6804 -3.73705 3.79107 -0
-4.45673 1.11981 1.59 -0
-1.71425 1.94064 4.61522 -0
-9.36192 -9.33102 -3.91021 -0
4.8608 1.44555 -0.928484 -0
