4
26
-9.42603 -8.52345 -3.58176 7.99612
2.8825 -9.61118 9.82989 4.70445
3.14539 -1.25495 -1.8021 -4.22389
5.44502 -6.54148 -3.29245 -9.87747
9.94919 3.5699 -6.69347 -0.0125847
-0 -5.07273 -1.93432 8.94061
-0 4.94334 -5.34181 -6.36553
-0 -1.26182 -1.65736 5.94343
-0 8.30092 4.14473 6.99208
-0 -7.75935 6.84026 9.38241
-0 2.15262 7.76577 -5.85945
-0 -2.27197 -9.36835 7.13708
8.90957 3.77605 6.3591 -0
0.7964 -8.98831 3.86311 -0
9.14561 -1.38245 -7.74854 -0
8.7578 -7.56379 -4.39283 -0
0.499879 1.57999 5.52074 -0
4.25704 -4.8722 -7.87336 -0
8.25369 5.583 -5.5031 -0
7.37524 8.38955 -0 -5.9184
8.83757 9.49998 -0 8.71205
-6.72414 5.09075 -0 -0.855651
-3.0189 -7.39366 -0 -1.5187
-4.23826 5.0368 -0 8.3804
3.73313 0.772145 -0 -1.5693
-9.28925 0.151436 -0 4.43196
