4
26
-3.19232 1.1469 -1.80989 -0.0913533
-5.52353 8.35032 6.94263 -6.6135
-9.86623 1.7344 8.11684 1.45272
-9.96138 -9.20025 -3.80519 7.22265
-4.45914 4.53391 -8.9369 -1.8914
8.49174 -0 -6.80406 1.11917
3.09891 -0 5.8906 -6.76766
2.52159 -0 -5.52291 -6.77275
8.51704 -0 4.46729 9.27308
0.992685 -0 0.300583 2.6339
0.281155 -0 -3.24068 -7.48253
2.29238 -0 -1.2638 2.74172
1.1586 -1.39536 3.54748 -0
3.92442 -0.547453 1.36552 -0
-1.10304 9.36023 -6.80469 -0
8.92307 -8.3953 -2.3731 -0
6.98201 4.42701 -4.239 -0
8.49524 5.78171 6.11498 -0
-5.84972 5.86194 -5.7699 -0
5.27328 -9.04945 -0 -5.35031
9.238 2.04117 -0 -2.03675
-9.94619 3.95418 -0 -9.2123
-8.6191 -7.13895 -0 4.01981
3.47419 8.51126 -0 4.49347
1.31119 8.27799 -0 -0.856974
-7.37946 -1.29309 -0 1.01073
