4
33
6.32794 6.22815 8.98466 0.885977
-1.96563 4.18009 -9.94009 -9.43063
-8.73393 8.89172 -0.0778448 2.19699
6.03072 -6.43011 -8.44471 5.1237
2.00185 -9.77888 -3.77171 -6.54564
-0 3.23059 0.8584 -2.42972
-0 7.25093 -6.65067 6.69764
-0 8.96157 -8.96512 -9.83503
-0 -8.84525 -6.91399 3.5983
-0 -1.84813 -8.4039 -5.67439
-0 5.33773 7.58949 -9.90251
-0 1.42455 3.19011 2.26665
-2.22986 -0 5.21985 3.6876
1.35235 -0 4.61893 -0.318369
-3.58491 -0 2.69863 1.93337
5.71471 -0 4.95469 3.04053
-5.45446 -0 2.1724 3.30891
3.44438 -0 7.6025 4.76898
2.06807 -0 3.53924 8.06361
-7.00995 4.32766 -0 -4.00538
-2.40418 2.36225 -0 -6.19763
-0.263673 6.98498 -0 -0.180806
8.8411 -0.649929 -0 6.12309
-2.18421 1.41761 -0 1.60627
-1.29382 8.06628 -0 5.75229
-6.97388 4.65902 -0 5.49109
5.25851 -6.16795 -0.476889 -0
-0.896386 -4.70282 -6.26357 -0
-6.32233 0.342182 -2.054 -0
3.74415 -9.94338 8.28097 -0
-5.63232 -1.38975 0.728762 -0
-9.52334 -0.555326 6.58204 -0
5.09426 -6.66052 8.4825 -0
