4
33
-0.736096 -8.72632 -4.99091 9.13081
3.79359 4.23805 7.78376 6.3058
-0.855276 -3.66075 9.16296 -5.42492
1.39773 5.22388 -9.8314 -6.91015
8.10942 -1.71969 3.8991 -2.60177
-2.22986 -0 5.21985 3.6876
1.35235 -0 4.61893 -0.318369
-3.58491 -0 2.69863 1.93337
5.71471 -0 4.95469 3.04053
-5.45446 -0 2.1724 3.30891
3.44438 -0 7.6025 4.76898
2.06807 -0 3.53924 8.06361
-0 -1.21507 2.14722 -1.5333
-0 -4.3203 5.12293 6.79047
-0 9.14121 2.28091 -4.87781
-0 -5.73141 -0.951526 0.0289162
-0 9.75764 2.28335 5.38836
-0 9.94328 -7.83104 0.495829
-0 -1.59172 8.10132 -5.90442
3.43322 6.30953 -0 6.10536
-9.61874 -1.24715 -0 4.57258
7.24927 6.67116 -0 8.03647
9.10369 -9.82573 -0 -3.8067
4.79714 3.31257 -0 5.2269
7.52778 -7.91855 -0 -1.53695
9.14325 7.05111 -0 -3.47859
1.1586 -1.39536 3.54748 -0
3.92442 -0.547453 1.36552 -0
-1.10304 9.36023 -6.80469 -0
8.92307 -8.3953 -2.3731 -0
6.98201 4.42701 -4.239 -0
8.49524 5.78171 6.11498 -0
-5.84972 5.86194 -5.7699 -0
