4
26
-7.37754 -7.77821 5.99338 9.91293
1.7317 9.14551 -2.24677 6.69038
9.91141 -7.08021 -5.92826 -8.4958
-3.30642 1.22757 4.70806 -8.75526
-1.16303 7.79614 -9.58498 7.2985
8.93479 -0 0.855523 4.08333
-9.65891 -0 -3.4172 -3.05392
1.75362 -0 -6.1636 -4.69358
-2.47407 -0 7.90445 -8.4933
-6.15267 -0 4.96411 4.62742
9.97526 -0 -7.45371 -2.76068
-1.87582 -0 -7.22428 -2.94407
3.43322 6.30953 -0 6.10536
-9.61874 -1.24715 -0 4.57258
7.24927 6.67116 -0 8.03647
9.10369 -9.82573 -0 -3.8067
4.79714 3.31257 -0 5.2269
7.52778 -7.91855 -0 -1.53695
9.14325 7.05111 -0 -3.47859
-6.22699 7.24588 -6.84802 -0
0.642505 4.4476 -3.79891 -0
-9.6804 -3.73705 3.79107 -0
-4.45673 1.11981 1.59 -0
-1.71425 1.94064 4.61522 -0
-9.36192 -9.33102 -3.91021 -0
4.8608 1.44555 -0.928484 -0
