292
5 31 30 18 11 0
5 31 18 24 11 22
5 31 30 24 11 22
5 31 30 18 24 11
5 31 15 24 3 22
5 31 30 24 3 22
5 31 30 15 24 3
5 29 30 18 24 11
5 29 21 18 11 0
5 20 31 30 11 0
5 20 29 21 11 0
5 20 29 30 32 11
5 20 31 30 32 3
5 20 30 18 11 0
5 20 29 18 11 0
5 20 29 30 18 11
5 20 29 30 32 3
5 25 2 26 15 9
5 25 2 15 18 24
5 25 18 24 11 22
5 25 31 18 24 22
5 25 31 15 24 22
5 25 31 15 18 24
5 25 31 18 11 22
5 25 2 31 18 11
5 5 26 1 9 10
5 5 23 1 9 10
5 5 2 6 26 9
5 5 25 2 26 9
5 5 2 6 18 9
5 5 6 15 18 24
5 5 6 15 18 9
5 5 25 2 15 24
5 5 25 2 15 9
5 5 25 15 9 3
5 5 2 15 18 24
5 5 2 15 18 9
5 5 15 24 3 22
5 5 25 15 3 22
5 5 25 15 24 22
5 5 29 30 24 3
5 5 29 30 32 3
5 7 30 24 11 22
5 7 25 24 11 22
5 7 5 29 30 24
5 7 5 29 30 32
5 7 31 30 11 22
5 7 30 24 3 22
5 7 5 24 3 22
5 7 5 30 24 3
5 7 30 32 3 22
5 7 5 30 32 3
5 19 6 23 21 0
5 19 2 18 11 10
5 19 2 6 18 11
5 19 29 21 18 11
5 19 6 29 18 11
5 19 6 29 21 18
5 19 6 23 9 0
5 19 5 26 9 10
5 19 5 6 26 9
5 4 6 15 18 24
5 4 29 21 18 0
5 4 6 29 21 18
5 4 19 6 21 0
5 4 19 6 21 18
5 4 21 18 11 0
5 4 19 21 18 11
5 4 19 2 6 18
5 4 19 2 6 26
5 4 2 26 15 9
5 4 2 6 26 9
5 4 25 31 15 18
5 4 25 2 15 18
5 4 25 2 31 18
5 4 25 2 26 15
5 4 6 15 18 9
5 4 2 15 18 9
5 4 2 6 18 9
5 13 7 5 29 24
5 12 5 25 9 3
5 12 5 26 1 9
5 12 5 25 26 9
5 12 5 25 3 22
5 12 13 5 26 1
5 12 7 5 3 22
5 12 5 25 24 22
5 12 13 2 26 1
5 12 5 25 2 26
5 12 13 5 2 26
5 12 7 25 24 22
5 12 13 7 25 24
5 12 7 5 24 22
5 12 13 7 5 24
5 12 5 25 2 24
5 12 13 5 2 24
5 17 5 15 9 3
5 17 5 15 24 3
5 17 5 29 24 3
5 17 5 6 15 9
5 17 23 9 3 0
5 17 30 15 24 3
5 17 29 30 24 3
5 17 5 6 15 24
5 17 5 6 29 24
5 17 6 23 9 0
5 17 31 30 15 3
5 17 20 29 30 3
5 17 4 15 9 0
5 17 4 6 9 0
5 17 4 6 15 9
5 17 4 6 15 24
5 17 20 29 21 0
5 17 20 23 3 0
5 17 20 23 21 0
5 17 20 31 3 0
5 17 20 31 30 0
5 17 20 31 30 3
5 17 31 30 18 0
5 17 20 30 18 0
5 17 20 29 18 0
5 17 20 29 30 18
5 17 29 30 18 24
5 17 4 29 21 0
5 17 4 6 21 0
5 17 4 6 29 21
5 17 6 29 18 24
5 17 4 6 18 24
5 17 4 6 29 18
5 17 4 31 18 0
5 17 4 31 15 0
5 17 4 31 15 18
5 17 31 15 18 24
5 17 31 30 18 24
5 17 31 30 15 24
5 17 4 15 18 24
5 17 4 29 18 0
5 8 29 30 24 11
5 8 7 30 24 11
5 8 7 29 30 24
5 8 7 25 11 22
5 8 12 25 2 1
5 8 12 13 7 1
5 28 19 6 23 9
5 28 19 5 6 9
5 28 5 23 9 10
5 28 19 23 9 10
5 28 19 5 9 10
5 28 17 6 23 9
5 28 17 5 6 9
5 28 17 5 6 29
5 28 19 6 29 21
5 28 19 6 23 21
5 28 17 6 29 21
5 28 5 23 9 3
5 28 17 23 9 3
5 28 17 5 9 3
5 28 17 5 29 3
5 28 19 23 21 10
5 28 17 20 29 21
5 28 17 20 23 21
5 28 6 23 21 0
5 28 17 23 21 0
5 28 17 6 21 0
5 28 17 6 23 0
5 28 5 29 32 3
5 28 17 20 29 3
5 28 17 20 23 3
5 28 20 29 32 3
5 28 20 23 32 3
5 14 13 5 29 24
5 14 13 5 2 24
5 14 5 2 18 24
5 14 29 18 24 11
5 14 6 29 18 24
5 14 5 6 18 24
5 14 5 6 29 24
5 14 5 2 6 18
5 14 8 29 24 11
5 14 13 5 2 26
5 14 25 18 24 11
5 14 25 2 18 11
5 14 25 2 18 24
5 14 6 29 18 11
5 14 2 6 18 11
5 14 13 7 29 24
5 14 8 7 29 24
5 14 8 13 7 29
5 14 8 25 2 11
5 14 19 2 11 10
5 14 28 19 5 10
5 14 19 2 26 10
5 14 19 5 26 10
5 14 2 26 1 10
5 14 13 2 26 1
5 14 5 26 1 10
5 14 13 5 1 10
5 14 13 5 26 1
5 14 19 6 29 11
5 14 19 2 6 11
5 14 28 5 6 29
5 14 28 19 6 29
5 14 28 19 5 6
5 14 5 2 6 26
5 14 19 2 6 26
5 14 19 5 6 26
5 14 13 7 25 24
5 14 7 25 24 11
5 14 8 7 24 11
5 14 8 7 25 11
5 14 12 25 2 24
5 14 12 13 2 24
5 14 12 13 25 24
5 14 8 12 25 2
5 14 2 1 11 10
5 14 8 1 11 10
5 14 8 2 1 11
5 14 12 13 2 1
5 14 8 12 2 1
5 14 8 12 13 1
5 14 12 13 7 25
5 14 8 12 7 25
5 14 8 12 13 7
5 27 29 30 32 11
5 27 8 29 30 11
5 27 7 30 32 11
5 27 8 7 30 11
5 27 7 29 30 32
5 27 8 7 29 30
5 27 20 21 32 11
5 27 28 20 29 32
5 27 8 13 7 29
5 27 20 23 21 32
5 27 28 20 23 32
5 27 28 20 23 21
5 27 7 5 29 32
5 27 13 7 5 29
5 27 28 5 29 32
5 27 8 13 7 1
5 27 12 13 7 5
5 27 28 23 32 3
5 27 28 5 32 3
5 27 28 5 23 3
5 27 7 5 32 3
5 27 12 7 5 3
5 27 5 23 1 10
5 27 12 13 7 1
5 27 12 5 23 3
5 27 12 5 23 1
5 27 12 13 5 1
5 16 14 13 5 29
5 16 14 28 5 29
5 16 27 13 5 29
5 16 27 28 5 29
5 16 14 8 13 29
5 16 27 8 13 29
5 16 14 13 5 10
5 16 14 28 5 10
5 16 14 28 19 10
5 16 14 28 19 29
5 16 13 5 1 10
5 16 27 5 1 10
5 16 27 13 5 1
5 16 28 5 23 10
5 16 27 5 23 10
5 16 27 28 5 23
5 16 14 8 11 10
5 16 14 8 29 11
5 16 27 8 11 10
5 16 27 8 29 11
5 16 14 13 1 10
5 16 14 8 1 10
5 16 14 8 13 1
5 16 27 8 1 10
5 16 27 8 13 1
5 16 28 19 21 10
5 16 28 19 29 21
5 16 14 19 11 10
5 16 14 19 29 11
5 16 28 23 21 10
5 16 27 28 23 21
5 16 28 20 29 21
5 16 27 28 20 21
5 16 27 28 20 29
5 16 19 21 11 10
5 16 19 29 21 11
5 16 20 29 21 11
5 16 27 20 21 11
5 16 20 29 32 11
5 16 27 29 32 11
5 16 27 20 32 11
5 16 27 20 29 32
