187
5 11 22 14 2 1
5 11 22 14 19 1
5 12 11 19 16 2
5 3 11 22 2 1
5 3 11 22 16 2
5 10 25 19 9 1
5 10 22 19 9 1
5 10 22 14 19 1
5 7 10 17 14 18
5 0 10 17 25 18
5 23 11 14 19 2
5 23 11 22 14 2
5 23 11 22 14 19
5 23 12 19 16 2
5 23 11 19 16 2
5 23 11 22 16 2
5 23 10 22 14 19
5 23 3 11 22 16
5 8 12 11 19 2
5 8 11 14 19 2
5 15 8 12 11 19
5 15 12 11 19 16
5 15 0 12 17 25
5 15 12 11 16 2
5 15 8 12 11 2
5 15 12 25 9 16
5 13 11 22 19 1
5 13 3 11 22 1
5 13 0 3 25 1
5 13 22 19 9 1
5 13 3 22 9 1
5 13 23 11 22 19
5 13 23 3 11 22
5 13 25 19 9 1
5 13 3 25 9 1
5 13 15 0 3 25
5 13 15 11 19 16
5 13 15 3 11 16
5 13 3 22 9 16
5 13 23 3 22 16
5 13 23 11 19 16
5 13 23 3 11 16
5 13 3 25 9 16
5 13 15 3 25 16
5 13 23 19 9 16
5 13 23 22 9 16
5 13 23 22 19 9
5 20 23 10 22 14
5 20 23 22 14 2
5 20 23 12 14 2
5 20 23 12 17 14
5 20 23 10 17 14
5 20 23 10 22 9
5 20 23 22 16 2
5 20 23 12 16 2
5 20 23 22 9 16
5 20 10 17 25 18
5 24 10 25 19 9
5 24 10 17 14 19
5 24 23 17 14 19
5 24 23 10 14 19
5 24 23 10 17 14
5 24 20 10 17 25
5 24 20 23 10 17
5 24 23 19 9 16
5 24 10 22 19 9
5 24 23 22 19 9
5 24 23 10 22 9
5 24 23 10 22 19
5 24 20 10 25 9
5 24 20 23 10 9
5 24 15 0 17 25
5 24 15 12 17 25
5 24 20 12 17 25
5 24 23 12 17 19
5 24 15 12 17 19
5 24 20 23 12 17
5 24 13 19 9 16
5 24 13 25 9 16
5 24 13 25 19 9
5 24 20 23 9 16
5 24 15 12 25 9
5 24 20 12 25 9
5 24 13 15 19 16
5 24 13 15 25 16
5 24 13 15 25 19
5 24 23 12 19 16
5 24 15 12 19 16
5 24 15 25 9 16
5 24 20 23 12 16
5 24 15 12 9 16
5 24 20 12 9 16
5 4 11 14 2 1
5 4 8 11 14 2
5 4 11 14 19 1
5 4 8 11 14 19
5 4 13 11 19 1
5 4 10 14 19 1
5 4 7 10 14 18
5 4 7 10 14 19
5 4 8 7 14 19
5 6 15 12 17 19
5 6 15 8 12 19
5 6 23 17 14 19
5 6 23 12 17 19
5 6 23 12 17 14
5 6 8 7 14 19
5 6 8 14 19 2
5 6 8 12 19 2
5 6 8 12 14 2
5 6 23 14 19 2
5 6 23 12 19 2
5 6 23 12 14 2
5 6 10 17 14 19
5 6 7 10 14 19
5 6 7 10 17 14
5 6 7 10 17 18
5 6 0 10 17 18
5 5 15 0 12 17
5 5 6 15 12 17
5 5 6 15 8 12
5 5 6 15 0 17
5 5 6 0 17 18
5 5 6 7 17 18
5 5 6 12 17 14
5 5 6 7 17 14
5 5 6 8 12 14
5 5 6 8 7 14
5 5 4 8 7 18
5 5 8 12 14 2
5 21 6 15 17 19
5 21 6 15 0 17
5 21 24 15 17 19
5 21 24 15 0 17
5 21 6 10 17 19
5 21 6 0 10 17
5 21 6 15 8 19
5 21 24 0 17 25
5 21 24 15 25 19
5 21 24 15 0 25
5 21 0 10 17 25
5 21 6 7 10 19
5 21 6 8 7 19
5 21 5 15 8 0
5 21 5 6 15 0
5 21 5 6 15 8
5 21 24 10 25 19
5 21 24 10 17 19
5 21 24 10 17 25
5 21 13 15 25 19
5 21 13 15 0 25
5 21 0 10 25 18
5 21 6 7 10 18
5 21 6 0 10 18
5 21 15 8 11 19
5 21 13 15 11 19
5 21 15 8 0 11
5 21 4 8 7 19
5 21 5 6 8 7
5 21 10 25 1 18
5 21 10 25 19 1
5 21 4 7 10 18
5 21 4 7 10 19
5 21 5 6 7 18
5 21 5 6 0 18
5 21 4 8 11 19
5 21 4 13 11 19
5 21 4 8 0 11
5 21 15 0 3 11
5 21 13 15 3 11
5 21 13 15 0 3
5 21 4 8 7 18
5 21 4 8 0 18
5 21 5 8 7 18
5 21 5 8 0 18
5 21 13 25 19 1
5 21 0 25 1 18
5 21 13 0 25 1
5 21 4 10 1 18
5 21 4 10 19 1
5 21 4 13 19 1
5 21 4 0 1 18
5 21 13 0 3 1
5 21 4 0 3 1
5 21 13 3 11 1
5 21 4 3 11 1
5 21 4 13 11 1
