221
5 23 9 8 6 19
5 4 23 9 8 6
5 18 4 9 15 12
5 18 4 23 12 5
5 24 9 6 19 20
5 24 23 9 6 19
5 24 4 23 9 6
5 24 4 23 9 12
5 24 9 15 6 20
5 24 4 9 15 6
5 24 9 15 12 20
5 24 4 9 15 12
5 24 23 9 8 19
5 24 4 23 6 5
5 24 4 23 12 5
5 24 4 15 6 5
5 24 4 15 12 5
5 24 6 19 20 5
5 24 15 19 20 5
5 24 15 6 20 5
5 24 23 6 19 5
5 3 18 4 9 12
5 13 24 15 19 20
5 14 4 9 8 12
5 14 3 4 9 12
5 25 18 4 23 5
5 25 3 18 4 5
5 25 18 23 19 5
5 25 3 18 4 12
5 25 14 3 4 12
5 25 23 6 19 5
5 25 4 23 6 5
5 21 9 8 1 10
5 21 13 18 1 10
5 21 13 1 15 20
5 16 24 15 12 20
5 16 13 24 15 20
5 16 13 24 15 19
5 16 13 24 23 19
5 16 23 15 19 5
5 16 24 15 19 5
5 16 24 23 19 5
5 16 24 23 15 5
5 11 24 9 8 12
5 11 16 24 12 20
5 11 21 9 8 10
5 11 16 13 24 20
5 11 14 3 8 10
5 11 21 3 18 10
5 11 24 9 12 20
5 11 24 9 8 20
5 11 14 9 8 10
5 11 14 9 8 12
5 11 21 18 9 20
5 11 9 8 1 20
5 11 21 9 1 20
5 11 21 9 8 1
5 11 3 18 9 12
5 11 21 3 18 9
5 11 14 3 9 10
5 11 21 3 9 10
5 11 14 3 9 12
5 11 9 15 12 20
5 11 18 9 15 20
5 11 18 9 15 12
5 17 21 13 18 15
5 17 16 13 15 20
5 17 11 16 13 20
5 17 11 3 18 12
5 17 21 13 18 10
5 17 11 21 18 10
5 17 11 3 18 10
5 17 21 13 15 20
5 17 11 21 13 20
5 22 25 18 23 19
5 22 17 25 18 23
5 22 17 13 23 19
5 22 17 13 18 19
5 22 24 23 8 19
5 22 13 24 23 19
5 22 23 8 6 19
5 22 25 23 6 19
5 22 13 24 19 20
5 22 16 13 24 23
5 22 4 23 8 6
5 22 25 4 8 6
5 22 25 4 23 6
5 22 25 4 23 8
5 22 24 9 19 20
5 22 24 9 8 20
5 22 24 9 8 19
5 22 13 1 19 20
5 22 11 24 8 20
5 22 11 13 24 20
5 22 11 16 13 24
5 22 9 1 19 20
5 22 9 8 1 20
5 22 11 8 1 20
5 22 9 8 6 19
5 22 11 21 8 1
5 22 21 13 1 20
5 22 11 21 1 20
5 22 11 21 13 20
5 2 23 15 19 5
5 2 18 15 19 5
5 2 18 23 19 5
5 2 17 13 23 19
5 2 13 18 15 19
5 2 17 13 18 19
5 2 17 13 18 15
5 2 22 18 23 19
5 2 22 17 23 19
5 2 22 17 18 19
5 2 22 17 18 23
5 2 16 23 15 19
5 2 16 13 15 19
5 2 16 13 23 19
5 2 17 16 13 15
5 2 17 16 13 23
5 2 18 23 12 5
5 2 16 24 23 15
5 2 24 15 12 5
5 2 24 23 12 5
5 2 24 23 15 5
5 2 4 15 12 5
5 2 18 4 12 5
5 2 18 4 15 5
5 2 18 4 15 12
5 2 11 18 15 12
5 2 17 11 18 12
5 2 16 24 15 12
5 2 16 24 23 12
5 2 17 16 23 12
5 2 17 11 16 12
5 2 11 18 15 20
5 2 16 15 12 20
5 2 11 15 12 20
5 2 11 16 12 20
5 2 17 16 15 20
5 2 17 11 16 20
5 2 21 18 15 20
5 2 17 21 15 20
5 2 17 21 18 15
5 2 11 21 18 20
5 2 17 11 21 20
5 2 17 11 21 18
5 7 22 17 25 23
5 7 17 25 18 23
5 7 22 25 23 8
5 7 18 4 23 12
5 7 25 18 4 12
5 7 25 18 4 23
5 7 2 18 23 12
5 7 2 17 23 12
5 7 2 17 18 12
5 7 2 17 18 23
5 7 25 3 18 12
5 7 17 3 18 12
5 7 17 25 3 18
5 7 25 4 23 8
5 7 17 16 23 12
5 7 17 11 16 12
5 7 17 11 3 12
5 7 4 9 8 12
5 7 4 23 9 12
5 7 4 23 9 8
5 7 14 4 8 12
5 7 25 14 4 12
5 7 25 14 4 8
5 7 11 24 8 12
5 7 22 24 23 8
5 7 22 11 24 8
5 7 11 14 8 12
5 7 16 24 23 12
5 7 11 16 24 12
5 7 22 16 24 23
5 7 22 11 16 24
5 7 17 16 13 23
5 7 22 16 13 23
5 7 22 17 13 23
5 7 17 11 16 13
5 7 22 11 16 13
5 7 25 14 3 12
5 7 11 14 3 12
5 7 24 9 8 12
5 7 24 23 9 12
5 7 24 23 9 8
5 7 11 14 3 8
5 0 21 13 1 10
5 0 22 21 13 1
5 0 17 13 18 10
5 0 22 17 13 18
5 0 21 8 1 10
5 0 22 8 1 10
5 0 22 21 8 1
5 0 17 21 13 10
5 0 17 3 18 10
5 0 17 25 3 18
5 0 22 17 25 18
5 0 11 21 8 10
5 0 22 11 21 8
5 0 17 11 21 10
5 0 17 11 21 13
5 0 22 11 21 13
5 0 17 11 3 10
5 0 11 3 8 10
5 0 7 17 11 13
5 0 7 22 11 13
5 0 7 22 17 13
5 0 14 3 8 10
5 0 25 14 8 10
5 0 25 14 3 10
5 0 7 11 3 8
5 0 7 22 25 8
5 0 7 22 11 8
5 0 7 17 25 3
5 0 7 17 11 3
5 0 7 22 17 25
5 0 7 14 3 8
5 0 7 25 14 8
5 0 7 25 14 3
