297
5 22 3 12 28 32
5 31 20 13 28 32
5 11 22 3 12 4
5 6 27 23 12 9
5 6 20 13 9 28
5 6 31 20 13 9
5 26 20 13 28 2
5 26 20 13 9 2
5 18 10 13 9 2
5 18 27 10 2 8
5 18 6 23 12 9
5 18 27 23 12 9
5 18 31 13 9 32
5 18 6 31 9 32
5 18 6 31 13 9
5 18 31 23 12 32
5 18 6 31 23 32
5 18 6 31 23 12
5 25 31 22 20 28
5 25 26 22 20 28
5 25 11 22 3 12
5 25 11 22 12 4
5 15 25 11 22 4
5 15 25 26 22 4
5 15 26 3 28 2
5 15 25 11 22 3
5 15 25 22 3 28
5 15 25 26 3 28
5 15 25 26 22 28
5 29 18 27 17 23
5 29 6 27 23 9
5 29 18 27 23 9
5 29 27 10 9 2
5 29 18 10 9 2
5 29 18 27 10 2
5 29 18 27 10 9
5 29 18 6 9 32
5 29 18 6 23 32
5 29 18 6 23 9
5 29 26 20 9 2
5 29 26 6 20 9
5 29 18 13 2 32
5 29 18 13 9 32
5 29 18 13 9 2
5 29 20 13 2 32
5 29 20 13 9 2
5 29 6 31 9 32
5 29 6 31 20 9
5 29 15 25 26 4
5 29 25 6 31 20
5 29 25 26 6 20
5 29 31 13 9 32
5 29 31 20 13 32
5 29 31 20 13 9
5 29 25 31 22 20
5 29 25 26 22 4
5 29 25 26 22 20
5 21 18 27 2 8
5 21 18 27 10 8
5 21 11 7 17 12
5 21 11 27 17 12
5 21 11 27 7 12
5 21 18 7 10 28
5 21 27 17 23 12
5 21 18 17 23 12
5 21 18 27 23 12
5 21 18 27 17 23
5 21 18 27 10 9
5 16 22 3 12 28
5 16 25 22 3 28
5 16 25 22 3 12
5 16 7 3 12 28
5 16 25 31 22 28
5 16 25 31 22 12
5 16 25 11 3 12
5 16 22 12 28 32
5 16 31 22 28 32
5 16 31 22 12 32
5 16 25 6 31 12
5 16 18 31 12 32
5 16 25 31 20 28
5 16 25 6 31 20
5 16 6 13 9 28
5 16 31 13 28 32
5 16 18 13 28 32
5 16 18 31 13 32
5 16 31 20 13 28
5 16 6 20 13 28
5 16 6 31 20 13
5 16 18 6 31 12
5 16 18 6 31 13
5 16 18 6 12 9
5 16 18 6 13 9
5 16 18 10 13 28
5 16 18 7 10 28
5 16 21 18 7 12
5 16 21 18 7 10
5 16 18 10 13 9
5 16 21 18 10 9
5 16 18 27 12 9
5 16 21 18 27 9
5 16 21 18 27 12
5 0 21 11 27 17
5 0 21 11 27 7
5 0 21 7 10 8
5 0 21 27 10 8
5 24 29 31 22 32
5 24 17 23 12 32
5 24 17 23 12 4
5 24 22 12 4 32
5 24 31 22 12 32
5 24 29 25 22 4
5 24 29 25 31 22
5 24 31 23 12 32
5 24 6 31 23 32
5 24 29 6 23 32
5 24 29 6 31 32
5 24 25 22 12 4
5 24 25 31 22 12
5 24 29 25 6 31
5 24 6 31 23 12
5 24 25 6 31 12
5 19 16 25 3 28
5 19 16 7 3 28
5 19 16 6 9 28
5 19 20 13 9 28
5 19 6 20 9 28
5 19 25 26 3 28
5 19 25 26 20 28
5 19 16 13 9 28
5 19 16 6 20 28
5 19 16 25 20 28
5 19 16 25 6 20
5 19 16 25 11 3
5 19 26 20 13 28
5 19 26 20 13 9
5 19 26 6 20 9
5 19 15 25 26 3
5 19 16 10 13 28
5 19 16 7 10 28
5 19 11 7 3 12
5 19 16 7 3 12
5 19 16 11 3 12
5 19 26 3 28 2
5 19 26 13 28 2
5 19 10 13 28 2
5 19 7 3 28 8
5 19 7 10 28 8
5 19 16 25 11 12
5 19 0 11 7 3
5 19 0 15 11 3
5 19 26 13 9 2
5 19 15 26 3 2
5 19 0 15 3 2
5 19 3 28 2 8
5 19 10 28 2 8
5 19 0 7 3 8
5 19 0 7 10 8
5 19 10 13 9 2
5 19 0 3 2 8
5 19 0 10 2 8
5 30 29 27 9 2
5 30 29 15 26 4
5 30 29 26 9 2
5 30 19 15 26 2
5 30 19 0 15 2
5 30 27 10 2 8
5 30 27 10 9 2
5 30 0 10 2 8
5 30 19 26 9 2
5 30 29 26 6 9
5 30 19 10 9 2
5 30 19 0 10 2
5 14 15 25 11 3
5 14 19 25 11 3
5 14 19 15 11 3
5 14 19 15 25 3
5 14 15 25 11 4
5 14 19 15 25 26
5 14 30 19 15 26
5 14 15 11 17 4
5 14 29 15 25 4
5 14 30 29 15 4
5 14 29 15 25 26
5 14 30 29 15 26
5 14 25 11 12 4
5 14 16 25 6 12
5 14 29 25 26 6
5 14 30 29 26 6
5 14 25 26 6 20
5 14 19 26 6 20
5 14 19 25 6 20
5 14 19 25 26 20
5 14 19 26 6 9
5 14 30 26 6 9
5 14 30 19 26 9
5 14 30 29 17 4
5 14 24 25 12 4
5 14 24 25 6 12
5 14 29 6 27 9
5 14 30 29 27 9
5 14 30 29 6 9
5 14 29 6 27 23
5 14 24 29 25 4
5 14 24 29 25 6
5 14 29 27 17 23
5 14 17 23 12 4
5 14 11 17 12 4
5 14 24 23 12 4
5 14 24 6 23 12
5 14 24 29 6 23
5 14 24 17 23 4
5 14 24 29 17 4
5 14 24 29 17 23
5 5 0 11 27 17
5 5 14 11 27 17
5 5 14 29 27 17
5 5 14 30 29 17
5 5 14 30 29 27
5 5 14 15 11 17
5 5 0 21 17 8
5 5 0 21 27 8
5 5 0 21 27 17
5 5 30 27 2 8
5 5 30 0 2 8
5 5 0 27 10 8
5 5 30 27 10 8
5 5 30 0 10 8
5 5 30 29 27 2
5 5 30 15 17 4
5 5 14 15 17 4
5 5 14 30 17 4
5 5 14 30 15 4
5 1 19 25 11 12
5 1 14 25 11 12
5 1 14 19 25 11
5 1 19 11 7 12
5 1 19 16 25 12
5 1 14 16 25 12
5 1 11 27 7 12
5 1 19 16 25 6
5 1 14 16 25 6
5 1 14 19 25 6
5 1 11 27 17 12
5 1 14 11 17 12
5 1 14 11 27 17
5 1 19 16 7 12
5 1 0 11 27 7
5 1 19 0 11 7
5 1 16 27 12 9
5 1 16 6 12 9
5 1 14 16 6 12
5 1 19 16 6 9
5 1 14 19 6 9
5 1 27 17 23 12
5 1 14 17 23 12
5 1 14 27 17 23
5 1 21 27 7 12
5 1 16 21 7 12
5 1 16 21 27 12
5 1 6 27 12 9
5 1 14 6 27 9
5 1 14 30 27 9
5 1 14 30 19 9
5 1 19 0 7 10
5 1 5 0 11 27
5 1 5 14 11 27
5 1 19 0 15 11
5 1 14 19 15 11
5 1 6 27 23 12
5 1 14 6 23 12
5 1 14 6 27 23
5 1 16 21 7 10
5 1 19 16 7 10
5 1 5 14 30 27
5 1 0 21 7 10
5 1 0 21 27 10
5 1 0 21 27 7
5 1 5 0 15 11
5 1 5 14 15 11
5 1 21 27 10 9
5 1 16 21 10 9
5 1 16 21 27 9
5 1 16 10 13 9
5 1 19 10 13 9
5 1 19 16 13 9
5 1 19 16 10 13
5 1 30 27 10 9
5 1 5 30 27 10
5 1 14 30 19 15
5 1 5 14 30 15
5 1 5 0 27 10
5 1 30 19 10 9
5 1 30 19 0 10
5 1 30 19 0 15
5 1 5 30 0 15
5 1 5 30 0 10
