341
5 8 5 1 9 12
5 20 2 14 22 24
5 27 20 2 5 22
5 27 20 8 5 24
5 32 27 20 14 24
5 32 27 20 14 1
5 32 8 11 19 24
5 32 27 20 8 24
5 32 27 20 8 1
5 32 20 8 11 24
5 18 32 14 6 1
5 18 32 11 19 1
5 18 8 11 1 12
5 30 23 29 6 12
5 17 32 19 6 24
5 7 32 20 11 14
5 7 32 20 8 11
5 7 8 11 1 12
5 7 32 20 14 1
5 7 32 20 8 1
5 7 32 8 11 1
5 7 8 5 1 12
5 7 27 8 5 1
5 7 27 20 5 1
5 7 27 20 8 1
5 7 27 20 8 5
5 21 18 32 19 1
5 21 32 27 8 1
5 21 32 11 19 1
5 21 32 8 11 1
5 21 32 8 11 19
5 21 8 1 9 12
5 21 18 1 9 12
5 21 18 8 1 12
5 21 18 11 19 1
5 21 18 8 11 1
5 21 18 8 11 19
5 21 8 5 1 9
5 21 27 5 1 9
5 21 27 8 5 1
5 21 27 5 19 9
5 21 32 8 19 24
5 21 32 27 8 24
5 21 17 19 9 24
5 21 17 27 9 24
5 21 17 27 19 24
5 21 17 27 19 9
5 21 8 5 9 12
5 4 2 23 29 6
5 15 18 29 6 12
5 15 30 29 6 12
5 15 30 18 6 12
5 15 21 5 9 12
5 15 21 18 9 12
5 15 30 18 11 12
5 15 30 18 11 19
5 15 30 8 5 12
5 15 21 8 5 12
5 15 21 30 8 5
5 15 21 18 8 12
5 15 21 18 8 19
5 15 21 30 8 19
5 15 18 8 11 12
5 15 18 8 11 19
5 15 30 8 11 12
5 15 30 8 11 19
5 28 17 27 9 24
5 28 4 17 27 24
5 28 27 20 2 24
5 28 27 20 2 5
5 28 4 27 5 29
5 26 30 23 6 12
5 26 17 30 18 11
5 26 32 20 11 14
5 26 32 14 6 1
5 26 18 32 11 19
5 26 30 18 6 12
5 26 30 18 11 12
5 26 18 32 6 1
5 26 18 32 11 1
5 26 7 32 14 1
5 26 7 32 11 1
5 26 7 32 11 14
5 26 7 11 1 12
5 26 18 11 1 12
5 26 7 20 11 14
5 26 23 14 22 6
5 25 7 8 5 12
5 25 30 8 11 12
5 25 7 8 11 12
5 25 26 7 20 11
5 25 26 30 11 12
5 25 26 7 11 12
5 25 26 20 14 22
5 25 26 7 20 14
5 25 7 5 1 12
5 25 26 20 23 22
5 25 26 30 23 12
5 25 30 23 29 12
5 25 26 7 1 12
5 25 26 7 14 1
5 25 23 29 6 12
5 25 26 23 6 12
5 25 26 23 22 6
5 31 30 23 29 6
5 31 4 23 29 6
5 31 26 30 23 6
5 31 4 2 23 6
5 31 4 17 2 6
5 31 25 26 30 23
5 31 2 23 22 6
5 31 28 4 17 24
5 31 28 4 17 2
5 31 25 26 20 23
5 31 25 26 20 11
5 31 20 2 22 24
5 31 26 23 14 22
5 31 26 20 14 22
5 31 26 20 23 22
5 0 15 4 30 29
5 0 15 5 29 12
5 0 15 30 29 12
5 0 15 30 5 12
5 0 25 30 29 12
5 0 28 4 5 29
5 0 25 30 23 29
5 0 30 8 5 12
5 0 25 8 5 12
5 0 25 30 8 12
5 0 28 4 2 29
5 0 4 2 23 29
5 0 25 20 5 22
5 0 25 30 8 11
5 0 2 23 29 22
5 0 25 23 29 22
5 0 25 2 29 22
5 0 20 2 5 22
5 0 28 20 2 5
5 0 7 20 8 5
5 0 25 7 8 5
5 0 25 7 20 5
5 0 7 20 8 11
5 0 25 7 8 11
5 0 25 7 20 11
5 10 0 15 30 5
5 10 0 15 4 30
5 10 17 30 11 19
5 10 30 8 11 19
5 10 4 17 27 24
5 10 21 30 8 19
5 10 21 30 8 5
5 10 0 28 20 5
5 10 0 28 4 5
5 10 8 11 19 24
5 10 0 30 8 5
5 10 0 30 8 11
5 10 17 27 19 24
5 10 20 8 5 24
5 10 20 8 11 24
5 10 28 4 27 24
5 10 28 4 27 5
5 10 21 8 19 24
5 10 0 20 8 5
5 10 0 20 8 11
5 10 21 27 19 24
5 10 21 27 5 19
5 10 27 20 5 24
5 10 28 27 20 24
5 10 28 27 20 5
5 10 31 28 4 24
5 10 27 8 5 24
5 10 21 27 8 24
5 10 21 27 8 5
5 10 31 25 20 11
5 10 0 25 20 11
5 10 0 25 30 11
5 10 0 28 20 2
5 10 31 28 4 2
5 10 0 28 4 2
5 10 31 30 23 29
5 10 31 4 23 29
5 10 31 4 30 29
5 10 0 30 23 29
5 10 0 4 23 29
5 10 0 4 30 29
5 10 31 25 30 23
5 10 0 25 30 23
5 10 31 4 2 23
5 10 0 4 2 23
5 10 28 20 2 24
5 10 31 20 2 24
5 10 31 28 2 24
5 10 31 25 20 23
5 10 25 26 30 11
5 10 31 26 30 11
5 10 31 25 26 11
5 10 31 25 26 30
5 10 31 20 2 22
5 10 0 20 2 22
5 10 31 2 23 22
5 10 0 2 23 22
5 10 25 20 23 22
5 10 0 25 23 22
5 10 0 25 20 22
5 10 31 20 23 22
5 13 28 17 27 9
5 13 28 4 17 27
5 13 28 4 27 29
5 13 27 5 19 9
5 13 17 27 19 9
5 13 27 5 29 9
5 13 4 27 5 29
5 13 10 4 27 5
5 13 10 4 17 27
5 13 28 4 2 29
5 13 28 4 17 2
5 13 10 27 5 19
5 13 10 17 27 19
5 13 15 5 29 9
5 13 15 4 30 29
5 13 4 2 29 6
5 13 4 17 2 6
5 13 0 4 5 29
5 13 0 15 5 29
5 13 0 15 4 29
5 13 10 0 4 5
5 13 10 0 15 5
5 13 10 0 15 4
5 13 10 15 4 30
5 13 21 5 19 9
5 13 15 21 5 9
5 13 10 21 5 19
5 3 26 17 30 11
5 3 31 26 30 11
5 3 10 17 30 11
5 3 10 31 30 11
5 3 10 31 17 30
5 3 26 17 30 6
5 3 31 17 30 6
5 3 31 26 30 6
5 3 26 32 11 19
5 3 26 32 20 11
5 3 31 26 20 11
5 3 10 11 19 24
5 3 10 17 19 24
5 3 10 17 11 19
5 3 10 20 11 24
5 3 10 31 20 24
5 3 10 31 20 11
5 3 31 4 17 24
5 3 10 4 17 24
5 3 10 31 4 24
5 3 10 31 4 17
5 3 32 11 19 24
5 3 17 32 19 24
5 3 17 18 11 19
5 3 26 18 11 19
5 3 26 17 18 11
5 3 17 32 19 6
5 3 32 20 11 24
5 3 17 32 6 24
5 3 26 32 20 14
5 3 31 26 20 14
5 3 17 18 19 6
5 3 26 17 18 6
5 3 18 32 19 6
5 3 26 18 32 6
5 3 26 18 32 19
5 3 32 20 14 24
5 3 17 2 6 24
5 3 31 17 2 6
5 3 32 14 6 24
5 3 26 32 14 6
5 3 20 14 22 24
5 3 31 20 22 24
5 3 31 20 14 22
5 3 2 14 6 24
5 3 28 17 2 24
5 3 31 28 2 24
5 3 31 28 17 24
5 3 31 28 17 2
5 3 26 23 14 6
5 3 31 26 23 6
5 3 31 26 23 14
5 3 2 14 22 24
5 3 31 2 22 24
5 3 2 14 22 6
5 3 31 2 22 6
5 3 23 14 22 6
5 3 31 23 22 6
5 3 31 23 14 22
5 16 31 4 17 6
5 16 13 4 17 6
5 16 31 17 30 6
5 16 31 4 29 6
5 16 13 4 29 6
5 16 31 30 29 6
5 16 31 4 30 29
5 16 13 4 30 29
5 16 10 31 17 30
5 16 10 31 4 30
5 16 10 31 4 17
5 16 13 10 4 30
5 16 13 10 4 17
5 16 15 30 18 6
5 16 15 30 29 6
5 16 13 15 30 29
5 16 13 17 18 6
5 16 10 17 30 19
5 16 13 10 17 19
5 16 26 30 18 6
5 16 26 17 18 6
5 16 26 17 30 6
5 16 26 17 30 18
5 16 15 30 18 19
5 16 15 18 29 6
5 16 13 18 29 6
5 16 13 15 18 29
5 16 15 21 30 19
5 16 10 21 30 19
5 16 13 10 21 19
5 16 30 18 11 19
5 16 17 18 11 19
5 16 17 30 11 19
5 16 17 30 18 11
5 16 17 18 19 9
5 16 13 17 19 9
5 16 13 17 18 9
5 16 13 15 18 9
5 16 13 21 19 9
5 16 13 15 21 9
5 16 13 10 15 30
5 16 21 18 19 9
5 16 15 21 18 9
5 16 15 21 18 19
5 16 15 21 30 5
5 16 10 21 30 5
5 16 10 15 30 5
5 16 13 15 21 5
5 16 13 10 21 5
5 16 13 10 15 5
