229
5 24 14 15 6 20
5 13 24 14 22 4
5 13 24 14 22 19
5 18 7 22 19 4
5 11 7 22 19 4
5 11 13 22 19 4
5 11 13 7 22 19
5 11 13 14 5 4
5 11 13 22 5 4
5 11 13 7 22 5
5 11 18 7 22 4
5 8 15 6 10 2
5 21 13 14 22 20
5 21 13 14 5 20
5 21 24 14 22 20
5 21 24 14 22 19
5 21 14 15 5 2
5 21 14 15 5 20
5 21 18 24 22 20
5 21 18 24 22 19
5 21 18 22 10 20
5 21 18 24 10 20
5 17 24 14 15 6
5 17 8 14 15 6
5 17 8 24 14 6
5 17 24 15 6 20
5 17 24 14 15 20
5 17 15 6 10 20
5 17 8 15 6 10
5 17 24 6 10 20
5 17 21 14 15 20
5 17 21 24 14 20
5 17 15 10 20 2
5 17 8 15 10 2
5 17 21 24 10 20
5 17 21 15 20 2
5 17 21 10 20 2
5 0 8 14 15 6
5 0 24 14 6 4
5 0 8 24 14 6
5 0 8 15 6 2
5 0 14 15 5 4
5 0 11 14 5 4
5 0 8 7 6 19
5 0 18 7 6 19
5 0 11 18 6 4
5 0 11 18 7 4
5 0 11 18 7 6
5 3 11 13 7 19
5 3 11 13 7 5
5 3 13 14 22 19
5 3 21 14 22 19
5 3 13 7 22 19
5 3 13 7 22 5
5 23 17 8 24 6
5 23 0 18 6 19
5 23 0 8 6 19
5 23 0 8 24 6
5 23 18 24 6 4
5 23 0 24 6 4
5 23 0 18 6 4
5 23 0 8 24 14
5 23 18 22 19 4
5 23 18 24 22 4
5 23 18 24 22 19
5 23 0 24 14 4
5 23 18 7 19 4
5 23 0 18 7 4
5 23 0 18 7 19
5 23 13 22 19 4
5 23 13 24 22 4
5 23 13 24 22 19
5 23 13 24 14 4
5 23 11 7 19 4
5 23 0 11 7 4
5 23 11 13 19 4
5 9 0 11 15 2
5 9 0 8 14 15
5 9 3 11 7 19
5 9 0 8 7 19
5 9 0 14 15 5
5 9 0 11 15 5
5 9 0 11 14 5
5 9 23 0 8 14
5 9 23 11 7 19
5 9 23 0 7 19
5 9 23 0 11 7
5 9 23 0 8 19
5 9 17 8 14 15
5 9 0 11 14 4
5 9 23 0 14 4
5 9 23 0 11 4
5 9 3 11 13 19
5 9 23 11 13 19
5 9 11 13 14 5
5 9 3 13 14 5
5 9 3 11 13 5
5 9 11 13 14 4
5 9 23 13 14 4
5 9 23 11 13 4
5 9 3 13 14 19
5 9 23 13 14 19
5 12 23 17 8 6
5 12 17 8 6 10
5 12 23 18 6 19
5 12 23 8 6 19
5 12 23 18 24 6
5 12 18 24 6 10
5 12 17 24 6 10
5 12 18 7 6 19
5 12 8 7 6 19
5 12 8 6 10 2
5 12 21 18 24 10
5 12 17 21 24 10
5 12 17 21 18 24
5 12 17 21 18 19
5 12 17 8 10 2
5 1 9 3 11 7
5 1 3 11 7 5
5 1 9 3 11 5
5 1 12 7 22 10
5 1 3 7 22 19
5 1 3 7 22 5
5 1 11 15 5 2
5 1 9 11 15 2
5 1 9 11 15 5
5 1 18 7 22 19
5 1 12 18 7 19
5 1 12 18 7 22
5 1 14 15 5 2
5 1 9 14 15 5
5 1 9 3 14 5
5 1 21 14 5 2
5 1 3 21 22 19
5 1 12 21 18 10
5 1 12 21 18 19
5 1 12 18 22 10
5 1 21 13 22 5
5 1 3 13 22 5
5 1 21 13 14 5
5 1 3 13 14 5
5 1 21 18 22 10
5 1 21 18 22 19
5 1 21 13 14 22
5 1 3 13 14 22
5 1 3 21 14 22
5 25 12 17 18 24
5 25 12 23 18 24
5 25 23 18 24 19
5 25 23 17 24 6
5 25 12 17 24 6
5 25 12 23 24 6
5 25 12 23 17 6
5 25 12 17 18 19
5 25 12 23 18 19
5 25 21 18 24 19
5 25 17 21 18 19
5 25 17 21 18 24
5 25 12 17 8 19
5 25 12 23 8 19
5 25 12 23 17 8
5 25 21 24 14 19
5 25 17 21 14 19
5 25 17 21 24 14
5 25 13 24 14 19
5 25 23 13 14 19
5 25 23 13 24 19
5 25 23 13 24 14
5 25 9 17 14 19
5 25 9 23 14 19
5 25 17 8 24 14
5 25 23 8 24 14
5 25 23 17 8 24
5 25 9 17 8 19
5 25 9 23 8 19
5 25 9 17 8 14
5 25 9 23 8 14
5 16 9 17 14 19
5 16 9 3 14 19
5 16 1 3 21 19
5 16 9 17 8 19
5 16 1 9 3 14
5 16 17 21 14 19
5 16 3 21 14 19
5 16 12 17 21 19
5 16 1 12 21 19
5 16 1 3 21 14
5 16 12 17 8 19
5 16 9 8 7 19
5 16 9 3 7 19
5 16 1 3 7 19
5 16 1 9 3 7
5 16 1 21 14 2
5 16 12 8 7 19
5 16 1 12 7 19
5 16 12 17 8 2
5 16 17 8 15 2
5 16 9 17 8 15
5 16 9 0 8 7
5 16 9 17 14 15
5 16 1 14 15 2
5 16 1 9 15 2
5 16 1 9 14 15
5 16 17 21 10 2
5 16 12 17 10 2
5 16 12 17 21 10
5 16 1 21 10 2
5 16 1 12 10 2
5 16 1 12 21 10
5 16 21 14 15 2
5 16 17 21 15 2
5 16 17 21 14 15
5 16 1 12 7 2
5 16 0 8 15 2
5 16 9 0 15 2
5 16 9 0 8 15
5 16 0 8 6 2
5 16 9 0 11 2
5 16 1 9 11 2
5 16 0 8 7 6
5 16 9 0 11 7
5 16 1 9 11 7
5 16 12 7 6 2
5 16 12 8 6 2
5 16 12 8 7 6
5 16 0 11 6 2
5 16 0 11 7 6
5 16 11 7 6 2
5 16 1 11 7 2
