199
5 24 14 3 19 5
5 7 24 13 10 5
5 7 9 14 3 5
5 0 24 19 20 5
5 0 7 19 20 5
5 0 7 13 19 5
5 0 7 24 20 5
5 0 7 24 13 5
5 23 14 13 19 5
5 23 24 14 19 5
5 23 0 13 19 5
5 23 0 24 19 5
5 23 0 24 13 5
5 23 24 13 10 5
5 23 0 24 13 10
5 23 7 13 10 5
5 12 3 15 19 20
5 12 24 3 19 20
5 12 9 24 3 20
5 12 9 2 3 20
5 12 0 15 19 20
5 12 0 24 19 20
5 12 9 24 3 5
5 12 23 0 24 19
5 12 24 14 3 19
5 12 23 14 3 19
5 12 23 24 14 19
5 12 0 24 13 10
5 12 23 0 24 10
5 12 7 24 13 10
5 12 7 24 10 5
5 12 9 24 20 5
5 12 7 24 20 5
5 12 7 9 20 5
5 12 7 9 3 5
5 12 7 9 2 3
5 12 23 14 3 10
5 12 0 7 24 20
5 12 0 7 24 13
5 12 7 14 10 5
5 12 24 14 3 5
5 12 7 14 3 5
5 12 7 2 14 3
5 12 23 14 10 5
5 12 23 24 10 5
5 12 23 24 14 5
5 21 9 2 3 20
5 22 23 14 13 19
5 22 23 0 13 19
5 22 8 13 15 4
5 22 0 13 15 19
5 22 23 0 13 10
5 11 12 2 3 10
5 11 12 23 3 10
5 11 12 23 3 19
5 11 12 3 15 19
5 11 23 14 3 19
5 11 22 8 19 4
5 11 22 8 15 19
5 16 12 7 14 10
5 16 12 7 2 10
5 16 12 7 2 14
5 16 12 14 3 10
5 16 12 2 3 10
5 16 12 2 14 3
5 16 7 2 14 3
5 16 11 2 3 10
5 16 23 14 3 10
5 16 11 23 3 10
5 16 11 23 14 3
5 6 12 7 2 10
5 6 16 7 2 10
5 6 12 7 13 10
5 6 21 12 13 10
5 6 12 7 9 2
5 6 12 0 7 13
5 6 21 12 0 13
5 6 7 9 2 3
5 6 21 9 2 3
5 6 12 9 2 20
5 6 21 9 2 20
5 6 12 7 9 20
5 6 16 7 14 10
5 6 0 7 13 20
5 6 21 7 13 20
5 6 21 0 13 20
5 6 12 0 7 20
5 6 21 12 0 20
5 17 6 16 2 10
5 17 11 8 10 4
5 17 11 2 8 10
5 17 16 11 10 4
5 17 16 11 2 10
5 17 6 21 13 10
5 17 21 13 15 4
5 18 22 23 0 10
5 18 22 0 15 19
5 18 11 22 15 19
5 18 11 22 23 10
5 18 22 23 0 19
5 18 11 22 23 19
5 18 22 0 13 15
5 18 22 0 13 10
5 18 12 23 0 10
5 18 11 12 23 10
5 18 12 0 15 19
5 18 11 12 15 19
5 18 11 22 8 15
5 18 11 22 8 10
5 18 12 23 0 19
5 18 11 12 23 19
5 18 22 13 15 4
5 18 22 13 10 4
5 18 11 12 2 10
5 18 22 8 15 4
5 18 22 8 10 4
5 18 11 2 8 15
5 18 11 2 8 10
5 18 17 21 13 15
5 18 17 21 13 10
5 18 0 13 15 20
5 18 21 13 15 20
5 18 21 0 13 20
5 18 12 0 13 10
5 18 21 12 13 10
5 18 21 12 0 13
5 18 17 13 15 4
5 18 17 13 10 4
5 18 12 0 15 20
5 18 21 12 0 20
5 18 11 2 3 15
5 18 11 12 3 15
5 18 11 12 2 3
5 18 17 8 15 4
5 18 17 8 10 4
5 18 17 2 8 15
5 18 17 2 8 10
5 18 17 21 2 15
5 18 21 2 15 20
5 18 6 12 2 10
5 18 6 21 12 10
5 18 2 3 15 20
5 18 12 3 15 20
5 18 12 2 3 20
5 18 17 6 2 10
5 18 17 6 21 10
5 18 17 6 21 2
5 18 6 12 2 20
5 18 6 21 2 20
5 18 6 21 12 20
5 1 17 11 8 4
5 1 17 16 11 4
5 1 17 11 2 8
5 1 16 11 2 3
5 1 17 16 11 2
5 1 17 6 16 2
5 1 16 7 14 3
5 1 6 7 14 3
5 1 6 16 7 14
5 1 16 7 2 3
5 1 6 7 2 3
5 1 6 16 7 2
5 25 17 13 10 4
5 25 17 16 10 4
5 25 22 13 10 4
5 25 17 6 16 4
5 25 17 6 13 10
5 25 17 6 16 10
5 25 6 21 13 4
5 25 17 21 13 4
5 25 17 6 21 4
5 25 17 6 21 13
5 25 6 16 14 10
5 25 11 22 23 10
5 25 16 11 10 4
5 25 16 11 23 10
5 25 16 23 14 10
5 25 22 23 13 10
5 25 22 23 14 13
5 25 6 7 13 10
5 25 6 7 14 10
5 25 6 7 14 13
5 25 22 8 10 4
5 25 11 8 10 4
5 25 11 22 8 4
5 25 11 22 8 10
5 25 11 22 19 4
5 25 11 22 23 19
5 25 16 11 14 4
5 25 16 11 23 14
5 25 22 23 14 19
5 25 23 7 13 10
5 25 11 23 14 19
5 25 7 14 10 5
5 25 23 14 10 5
5 25 23 7 10 5
5 25 7 14 13 5
5 25 23 14 13 5
5 25 23 7 13 5
