122
5 8 7 4 10 14
5 8 5 10 14 2
5 8 5 7 10 2
5 8 5 7 10 14
5 8 13 4 10 2
5 8 13 7 10 2
5 8 13 7 4 10
5 8 3 13 4 2
5 15 13 7 10 2
5 15 8 13 7 2
5 15 8 3 13 2
5 15 8 13 7 4
5 15 8 3 13 4
5 0 15 8 7 2
5 0 15 8 3 2
5 0 8 5 14 2
5 0 8 5 7 2
5 0 8 5 7 14
5 0 15 8 3 4
5 12 5 7 10 2
5 12 15 7 10 2
5 12 15 5 7 10
5 12 5 1 10 2
5 12 0 5 7 2
5 12 0 15 7 2
5 12 0 5 1 2
5 12 0 15 3 2
5 11 15 5 7 10
5 11 12 5 1 10
5 11 12 15 1 10
5 11 12 15 5 10
5 16 15 13 7 4
5 16 15 3 13 4
5 16 0 15 3 4
5 16 15 8 7 4
5 16 0 15 8 4
5 16 0 15 8 7
5 16 15 13 7 10
5 16 11 15 7 10
5 16 11 15 13 10
5 16 11 15 13 1
5 17 16 3 13 4
5 17 16 13 7 4
5 17 7 4 10 14
5 17 13 7 4 10
5 17 16 13 7 10
5 17 16 11 7 10
5 17 16 11 13 10
5 17 5 7 10 14
5 17 11 5 10 14
5 17 11 5 7 10
5 18 12 15 3 1
5 18 12 0 3 1
5 18 16 15 13 1
5 18 16 15 3 13
5 18 11 12 15 1
5 18 16 11 15 1
5 18 17 16 3 13
5 18 16 11 13 1
5 18 17 16 11 13
5 9 12 0 5 7
5 9 11 12 5 1
5 9 18 11 12 1
5 9 12 0 5 1
5 9 18 12 0 1
5 9 0 5 7 14
5 9 17 5 7 14
5 9 17 11 5 14
5 9 11 5 1 14
5 9 0 5 1 14
5 9 0 3 1 14
5 9 18 3 1 14
5 9 18 0 3 1
5 9 8 7 4 14
5 9 0 8 4 14
5 9 0 8 7 14
5 6 16 0 3 4
5 6 17 16 3 4
5 6 17 16 7 4
5 6 18 17 16 3
5 6 0 3 4 14
5 6 9 0 4 14
5 6 9 0 3 14
5 6 9 18 0 3
5 6 16 8 7 4
5 6 16 0 8 4
5 6 16 0 8 7
5 6 16 0 15 3
5 6 18 16 15 3
5 6 17 7 4 14
5 6 9 7 4 14
5 6 9 17 7 14
5 6 9 18 3 14
5 6 9 8 7 4
5 6 9 0 8 4
5 6 9 0 8 7
5 6 9 12 0 7
5 6 9 17 5 7
5 6 12 0 15 3
5 6 18 12 15 3
5 6 18 12 0 3
5 6 9 18 12 0
5 6 18 17 16 11
5 6 9 17 11 14
5 6 12 0 15 7
5 6 16 0 15 7
5 6 17 11 5 7
5 6 17 16 11 7
5 6 9 17 11 5
5 6 18 16 11 15
5 6 18 11 1 14
5 6 9 11 1 14
5 6 9 18 1 14
5 6 9 18 11 1
5 6 12 15 5 7
5 6 9 12 5 7
5 6 11 15 5 7
5 6 16 11 15 7
5 6 18 11 12 15
5 6 9 18 11 12
5 6 11 12 15 5
5 6 9 11 12 5
