200
5 16 22 5 15 17
5 16 22 12 15 17
5 16 22 12 5 15
5 7 16 22 12 5
5 7 22 12 5 15
5 7 16 12 5 15
5 0 7 16 5 15
5 24 16 12 15 17
5 24 7 16 12 15
5 24 7 16 12 10
5 24 0 7 16 15
5 24 0 7 16 10
5 14 22 13 15 17
5 14 22 12 15 17
5 14 7 2 12 15
5 14 7 2 12 1
5 14 19 7 12 1
5 14 24 9 2 13
5 14 9 2 13 1
5 14 19 2 13 1
5 14 19 20 13 1
5 14 20 9 13 1
5 21 16 22 6 17
5 8 16 22 5 17
5 8 16 22 6 17
5 8 21 22 6 17
5 8 21 22 6 5
5 8 7 16 22 5
5 8 0 7 16 5
5 8 0 7 16 10
5 8 0 7 5 1
5 8 19 0 6 1
5 8 19 0 6 5
5 8 19 7 22 12
5 18 24 16 12 17
5 18 16 22 12 17
5 18 21 16 22 17
5 18 21 16 22 6
5 18 7 16 22 12
5 18 8 7 22 12
5 18 8 7 16 12
5 18 8 7 16 22
5 25 7 2 12 15
5 25 24 2 12 15
5 25 24 7 12 15
5 25 0 7 2 15
5 25 24 0 2 15
5 25 24 0 7 15
5 25 7 2 12 1
5 25 0 7 2 1
5 25 24 7 12 10
5 25 24 0 7 10
5 25 8 0 10 1
5 25 8 0 7 1
5 25 8 0 7 10
5 11 8 16 6 17
5 11 21 20 10 17
5 11 21 16 6 17
5 11 18 21 16 17
5 11 18 21 16 6
5 11 20 6 10 1
5 11 21 19 20 6
5 11 19 20 6 1
5 11 8 19 6 1
5 11 8 16 22 6
5 11 18 16 22 6
5 11 18 8 16 22
5 11 21 19 22 6
5 11 18 21 22 6
5 11 18 21 19 22
5 11 18 8 16 12
5 11 8 19 22 6
5 11 7 16 12 10
5 11 8 7 16 10
5 11 8 7 16 12
5 11 8 19 22 12
5 11 18 19 22 12
5 11 18 8 22 12
5 11 19 7 12 1
5 11 8 19 7 1
5 11 8 19 7 12
5 11 25 12 10 1
5 11 25 7 12 1
5 11 25 7 12 10
5 11 25 8 10 1
5 11 25 8 7 1
5 11 25 8 7 10
5 3 7 22 12 15
5 3 14 22 12 15
5 3 14 7 12 15
5 3 7 22 5 15
5 3 19 7 22 12
5 3 14 19 22 12
5 3 14 19 7 12
5 3 14 22 13 15
5 3 0 7 5 15
5 3 21 14 22 13
5 3 0 7 2 15
5 3 14 7 2 15
5 3 8 7 22 5
5 3 8 19 7 22
5 3 21 14 19 22
5 3 21 14 19 13
5 3 0 7 5 1
5 3 8 22 6 5
5 3 8 19 6 5
5 3 8 19 22 6
5 3 8 7 5 1
5 3 8 19 7 1
5 3 21 22 6 5
5 3 21 19 22 6
5 3 14 19 2 13
5 3 0 7 2 1
5 3 19 0 2 1
5 3 14 7 2 1
5 3 14 19 2 1
5 3 14 19 7 1
5 3 8 0 5 1
5 3 8 19 0 1
5 3 8 19 0 5
5 3 19 0 6 5
5 4 24 12 15 17
5 4 14 12 15 17
5 4 24 13 15 17
5 4 14 13 15 17
5 4 14 24 13 15
5 4 24 9 13 17
5 4 14 24 9 13
5 4 18 24 12 17
5 4 20 9 13 17
5 4 14 20 9 13
5 4 14 22 12 17
5 4 18 22 12 17
5 4 20 24 10 17
5 4 20 24 9 17
5 4 20 24 9 10
5 4 24 16 10 17
5 4 18 24 16 17
5 4 18 24 16 12
5 4 18 21 22 17
5 4 14 19 22 12
5 4 18 19 22 12
5 4 21 20 13 17
5 4 11 18 16 12
5 4 14 22 13 17
5 4 21 22 13 17
5 4 21 14 22 13
5 4 21 14 19 22
5 4 18 21 19 22
5 4 11 18 19 12
5 4 11 21 20 17
5 4 11 18 21 17
5 4 14 19 20 13
5 4 21 19 20 13
5 4 21 14 19 13
5 4 11 16 10 17
5 4 11 20 10 17
5 4 11 18 16 17
5 4 11 18 21 19
5 4 11 21 19 20
5 23 4 24 12 15
5 23 4 14 12 15
5 23 4 14 24 15
5 23 24 2 12 15
5 23 14 2 12 15
5 23 14 24 2 15
5 23 4 14 24 9
5 23 14 24 9 2
5 23 25 24 2 12
5 23 25 24 9 2
5 23 25 24 12 10
5 23 25 24 9 10
5 23 4 24 9 10
5 23 14 19 12 1
5 23 4 14 19 12
5 23 14 20 9 1
5 23 4 14 20 9
5 23 14 2 12 1
5 23 25 2 12 1
5 23 14 9 2 1
5 23 25 9 2 1
5 23 25 12 10 1
5 23 25 9 10 1
5 23 24 16 12 10
5 23 4 24 16 10
5 23 4 24 16 12
5 23 11 19 12 1
5 23 4 11 19 12
5 23 14 19 20 1
5 23 4 14 19 20
5 23 20 9 10 1
5 23 4 20 9 10
5 23 11 12 10 1
5 23 11 16 12 10
5 23 4 11 16 10
5 23 4 11 16 12
5 23 11 19 20 1
5 23 4 11 19 20
5 23 11 20 10 1
5 23 4 11 20 10
