4
26
0.583711 0.273742 -1.03443 -9.97349
-2.93351 3.97698 -3.93339 1.68107
-7.60084 -4.602 -3.85198 1.71205
0.19676 4.58406 -3.20213 0.200657
9.41351 7.22017 -4.63439 -9.2237
-0 9.82432 -9.05575 -1.12437
-0 -2.98977 4.00706 -9.85719
-0 6.01007 -1.14746 -0.920024
-0 -3.71503 -1.00933 -4.08143
-0 -0.433668 -3.85198 -4.07621
-0 -6.82021 7.7157 5.51367
-0 7.50226 -5.06472 -4.89289
0.169533 -2.56751 7.15226 -0
5.92787 8.0659 -8.49614 -0
7.19972 -1.43009 -9.01551 -0
-6.64056 -7.78379 -6.73519 -0
-3.93393 -1.19667 -1.89458 -0
2.43473 -5.89786 0.432019 -0
6.09798 3.19595 5.74544 -0
3.85056 1.63384 -0 -0.340732
4.98482 -8.74648 -0 6.84351
4.12835 -5.91541 -0 6.66723
7.01063 7.71565 -0 2.73231
5.97542 -0.422051 -0 -4.38841
9.10516 -1.81368 -0 -2.7798
6.36578 -1.15816 -0 -2.63007
