4
19
-8.12922 7.12385 2.10113 -2.98562
-7.3789 -4.77444 9.9722 6.18363
-9.36788 6.06375 -4.93393 -7.25611
-8.34832 9.3168 0.256209 9.3044
5.19595 7.81437 -7.47319 -3.13465
-0 -5.06829 4.73241 -4.54625
-0 1.47612 2.11146 6.80377
-0 0.608998 -3.47236 -4.3824
-0 7.55053 -5.52899 -7.22722
-0 -0.467138 7.36394 -0.474444
-0 -9.0593 -4.99245 -7.38916
-0 -8.74967 4.93067 3.84595
-8.93214 -0 0.5371 -0.531384
-1.79033 -0 -7.22846 7.45523
7.87208 -0 8.88608 -4.73842
-7.49873 -0 -3.39784 3.89476
-1.95221 -0 -3.02755 7.84373
2.16117 -0 -2.07966 7.52736
-4.92441 -0 4.41102 9.11442
