4
33
4.97037 0.313106 7.63412 -4.96287
-0.704853 -3.74225 7.72209 1.00453
-8.07642 6.92311 -4.52499 1.47195
8.78113 8.66481 -6.1702 5.50866
7.50903 6.00846 -0.341196 0.0138472
4.75549 2.41832 -3.8214 -0
-3.97179 8.01694 3.62259 -0
-4.13007 -4.72388 5.0798 -0
-9.98382 2.64398 0.108367 -0
7.14609 -8.49596 -4.37629 -0
2.63684 -6.45636 1.38286 -0
-8.46263 3.87226 2.16748 -0
-0 9.82432 -9.05575 -1.12437
-0 -2.98977 4.00706 -9.85719
-0 6.01007 -1.14746 -0.920024
-0 -3.71503 -1.00933 -4.08143
-0 -0.433668 -3.85198 -4.07621
-0 -6.82021 7.7157 5.51367
-0 7.50226 -5.06472 -4.89289
-7.74404 -0 4.30649 -3.81673
-7.16596 -0 3.71166 -2.44716
-6.19827 -0 7.00143 -3.19482
-4.11647 -0 4.19038 -7.21096
3.36001 -0 -0.47044 9.67964
-1.64161 -0 9.55384 4.56882
3.38679 -0 -3.99914 -5.82004
7.9895 1.80527 -0 -8.85265
-7.09001 0.126409 -0 3.56028
7.54797 5.89349 -0 -3.00384
0.887334 -7.22084 -0 9.74717
5.70415 2.55991 -0 -9.23115
2.60783 6.76371 -0 -0.861286
-7.17389 -8.23382 -0 4.01041
