4
26
-9.18053 -6.18213 1.16166 0.229268
9.6392 -9.46883 -1.52999 0.652787
2.55034 8.19057 -2.18818 -7.7287
7.50927 -4.66751 -8.99179 -0.26664
0.935616 -2.88894 7.90664 -9.83509
-7.74404 -0 4.30649 -3.81673
-7.16596 -0 3.71166 -2.44716
-6.19827 -0 7.00143 -3.19482
-4.11647 -0 4.19038 -7.21096
3.36001 -0 -0.47044 9.67964
-1.64161 -0 9.55384 4.56882
3.38679 -0 -3.99914 -5.82004
-5.75749 7.85685 -5.27942 -0
3.15858 -5.26705 -4.02184 -0
1.11784 7.07244 9.49034 -0
-7.03267 -0.679702 -4.54424 -0
1.79444 2.3947 -9.78223 -0
-8.53797 0.841909 3.02067 -0
-9.83984 -7.64061 8.59223 -0
0.74379 -1.41747 -0 0.450599
0.761587 7.41924 -0 6.70933
-4.93635 -4.9367 -0 -1.59079
6.57193 3.39726 -0 8.99695
2.42154 5.70311 -0 5.28495
-0.65392 0.757301 -0 6.57008
-0.296546 -3.76952 -0 8.16862
