4
33
0.77609 -2.41064 5.67786 -7.33396
-2.90964 2.39489 -5.14409 3.69609
-0.167934 3.63769 -1.55588 6.51464
4.94036 -6.25207 7.12995 9.95631
-1.56154 -9.39487 2.16082 9.88313
7.9895 1.80527 -0 -8.85265
-7.09001 0.126409 -0 3.56028
7.54797 5.89349 -0 -3.00384
0.887334 -7.22084 -0 9.74717
5.70415 2.55991 -0 -9.23115
2.60783 6.76371 -0 -0.861286
-7.17389 -8.23382 -0 4.01041
7.80417 3.61064 -5.36736 -0
-3.47626 9.10154 3.57102 -0
5.11875 1.83624 6.99063 -0
-0.998988 2.49406 5.20457 -0
-7.65875 0.129759 3.32086 -0
-7.19632 -9.16285 -4.64935 -0
-7.23204 3.33758 7.80968 -0
-0 2.97532 8.33835 -1.4082
-0 -8.1555 4.81465 -3.58999
-0 3.07691 4.42877 -0.0964569
-0 -2.12077 5.23367 -5.67281
-0 -2.67881 -9.82297 1.56659
-0 0.213115 -7.49356 -5.89217
-0 -3.71469 0.580487 -5.80671
9.63641 -0 -9.62933 0.826658
9.13186 -0 -6.91913 -8.04236
-2.92261 -0 -3.16645 0.412962
-6.43138 -0 -0.530552 -2.88491
-0.662319 -0 5.55586 -7.44551
-9.75322 -0 6.09452 -0.856007
-3.38975 -0 3.9652 0.688039
