4
26
-0.540147 9.23148 -1.20698 0.143031
-3.13877 -8.93273 1.17512 -5.30752
-3.35585 -5.03847 2.58363 -8.29072
6.94046 -7.53278 3.48918 -7.55802
-9.76543 -3.61723 -5.64281 -4.75314
7.86945 -0 3.2511 3.02966
-4.60297 -0 9.575 1.18449
3.90681 -0 8.56334 3.70375
-9.42444 -0 -6.48609 -8.07141
7.76141 -0 9.58484 0.367168
-3.45367 -0 -2.24206 -2.04618
-3.7521 -0 -9.7328 -8.2542
4.44806 3.56721 -0 -1.3424
-7.37465 5.16481 -0 1.37999
6.26985 -7.62261 -0 2.53924
-8.33807 3.75301 -0 -9.29745
-2.91408 -8.9213 -0 -3.83692
-7.3413 -6.31336 -0 -5.82148
-5.25407 3.99488 -0 -5.86643
1.98107 8.96583 -9.86767 -0
2.2472 9.81509 8.6 -0
-6.89265 3.41018 8.92182 -0
-7.07963 3.58608 -5.15758 -0
-0.259235 2.36454 -6.31102 -0
4.60048 4.90498 -0.955207 -0
-6.06254 -2.27408 -4.80796 -0
