4
26
-8.52348 1.54082 -2.29638 0.731133
-7.93297 4.81534 9.48864 -0.956885
1.99593 -0.024167 -0.349898 7.73924
-5.18872 -6.17142 0.494551 1.83584
4.36529 -3.5814 -4.36164 -5.18058
9.63641 -0 -9.62933 0.826658
9.13186 -0 -6.91913 -8.04236
-2.92261 -0 -3.16645 0.412962
-6.43138 -0 -0.530552 -2.88491
-0.662319 -0 5.55586 -7.44551
-9.75322 -0 6.09452 -0.856007
-3.38975 -0 3.9652 0.688039
0.74379 -1.41747 -0 0.450599
0.761587 7.41924 -0 6.70933
-4.93635 -4.9367 -0 -1.59079
6.57193 3.39726 -0 8.99695
2.42154 5.70311 -0 5.28495
-0.65392 0.757301 -0 6.57008
-0.296546 -3.76952 -0 8.16862
1.98107 8.96583 -9.86767 -0
2.2472 9.81509 8.6 -0
-6.89265 3.41018 8.92182 -0
-7.07963 3.58608 -5.15758 -0
-0.259235 2.36454 -6.31102 -0
4.60048 4.90498 -0.955207 -0
-6.06254 -2.27408 -4.80796 -0
