4
33
2.68806 -9.93652 3.66294 2.85779
7.77107 9.75363 -2.45713 0.126043
6.15346 3.64668 -5.95078 0.618201
-5.2056 -7.62947 8.32529 -9.14974
3.72664 -6.58637 -1.44128 2.82305
3.3597 2.53266 -0 -6.43911
7.07591 -2.60435 -0 1.71554
-6.37951 7.94599 -0 -2.89126
-2.6882 8.2202 -0 0.305813
8.24811 -4.04881 -0 -5.85972
8.50116 8.53331 -0 1.54056
-3.43722 2.43819 -0 3.8097
-0 6.54074 -6.08173 -9.07717
-0 7.1897 -1.83219 -4.13618
-0 6.26582 -1.73301 -0.526969
-0 -8.73318 -2.80341 -4.69552
-0 8.3076 2.94392 0.877819
-0 -9.30823 3.39965 -1.59358
-0 -3.06326 -3.30766 2.88619
7.86945 -0 3.2511 3.02966
-4.60297 -0 9.575 1.18449
3.90681 -0 8.56334 3.70375
-9.42444 -0 -6.48609 -8.07141
7.76141 -0 9.58484 0.367168
-3.45367 -0 -2.24206 -2.04618
-3.7521 -0 -9.7328 -8.2542
7.80417 3.61064 -5.36736 -0
-3.47626 9.10154 3.57102 -0
5.11875 1.83624 6.99063 -0
-0.998988 2.49406 5.20457 -0
-7.65875 0.129759 3.32086 -0
-7.19632 -9.16285 -4.64935 -0
-7.23204 3.33758 7.80968 -0
