4
26
-3.70631 6.75101 7.85125 -0.480016
-6.1416 -0.350814 -2.44469 0.0160138
-5.50549 7.5221 -2.38557 6.33443
0.29784 1.13816 8.30278 1.38531
4.56675 -2.86256 -3.88662 -0.211418
-0 2.97532 8.33835 -1.4082
-0 -8.1555 4.81465 -3.58999
-0 3.07691 4.42877 -0.0964569
-0 -2.12077 5.23367 -5.67281
-0 -2.67881 -9.82297 1.56659
-0 0.213115 -7.49356 -5.89217
-0 -3.71469 0.580487 -5.80671
3.85056 1.63384 -0 -0.340732
4.98482 -8.74648 -0 6.84351
4.12835 -5.91541 -0 6.66723
7.01063 7.71565 -0 2.73231
5.97542 -0.422051 -0 -4.38841
9.10516 -1.81368 -0 -2.7798
6.36578 -1.15816 -0 -2.63007
-1.62471 -8.16793 3.95987 -0
0.524453 -5.92285 -8.12177 -0
4.63412 -9.79326 3.97738 -0
7.70688 -3.43187 3.89579 -0
2.3165 -1.68452 -5.45291 -0
3.45292 6.23067 -8.71484 -0
-5.43553 3.43067 -4.59211 -0
