4
33
8.73513 1.74442 -5.58375 0.524771
3.24175 0.193101 -1.9385 -2.35816
-0.097291 8.83703 -8.166 7.91983
6.04913 7.13553 4.06306 -6.4165
-5.84345 -0.765649 -2.06849 -9.88956
4.2804 -0 -9.43019 -0.773449
-3.30771 -0 -0.824955 2.56078
7.96886 -0 2.68119 -2.13577
9.90662 -0 -4.56545 6.2927
-2.85479 -0 -0.863738 2.96032
4.55858 -0 0.476456 7.24124
4.03254 -0 -1.74267 -8.99882
-0 -5.06829 4.73241 -4.54625
-0 1.47612 2.11146 6.80377
-0 0.608998 -3.47236 -4.3824
-0 7.55053 -5.52899 -7.22722
-0 -0.467138 7.36394 -0.474444
-0 -9.0593 -4.99245 -7.38916
-0 -8.74967 4.93067 3.84595
4.44806 3.56721 -0 -1.3424
-7.37465 5.16481 -0 1.37999
6.26985 -7.62261 -0 2.53924
-8.33807 3.75301 -0 -9.29745
-2.91408 -8.9213 -0 -3.83692
-7.3413 -6.31336 -0 -5.82148
-5.25407 3.99488 -0 -5.86643
-5.75749 7.85685 -5.27942 -0
3.15858 -5.26705 -4.02184 -0
1.11784 7.07244 9.49034 -0
-7.03267 -0.679702 -4.54424 -0
1.79444 2.3947 -9.78223 -0
-8.53797 0.841909 3.02067 -0
-9.83984 -7.64061 8.59223 -0
