20 10
1354.77 8350.09
9688.68 2210.34
3081.67 5472.21
1883.82 9928.81
9964.61 9676.95
7258.39 9811.1
1098.62 7981.06
2970.29 47.8348
1124.65 6397.63
7979.29 3612.94
2119.24 6813.6
4747.59 4220.88
1738.65 3019.13
9940.68 8219.03
1251.83 7637.5
4905.89 6636.06
1258.97 2102.09
512.164 364.413
4087.31 4579.89
9208.75 8075.31
10
4032.04 2970.01
4194.5 1496.74
4123.2 465.383
3650.95 -245.728
2703.64 196.944
1960.84 -713.904
1050.14 -484.105
987.067 1164.31
1691.15 2180
2657.92 1619.95
19
9330.59 3405.69
8487.1 4400.26
8131.97 4078.03
6743.43 3398.59
7169.51 3933.24
6188.93 4281.91
7562.72 5097.81
7128.3 5463.72
6669.04 6011.9
7292.91 6677.55
8257.68 6061.28
8876.69 6897.44
8893.97 5895.73
9848.23 6014.89
8834.53 5253.3
9855.65 4864.21
10386.1 4208.81
8988.4 4743.12
9049.62 4582.06
9
8652.44 3374.35
8884.66 1945.44
8532.89 2981.15
7744.29 1679.74
8068.02 2952.69
7100.99 3154.05
8376.42 3651.72
8502.6 4097.4
8863 3759.01
4
8385.36 6931.88
5679.55 6722.19
5223.24 6917.14
7558.4 7736.23
3
5837.48 7925.21
4354.16 8871.98
5632.18 8721.51
3
-633.804 3557.67
-298.944 4307.45
533.387 3423.9
3
9569.21 1999.57
9954.83 -457.25
8431.36 1422.14
3
4236.8 9887.65
6957.34 8031.09
3914.29 7296.69
3
10169.2 2982.81
10652.9 1939.55
10961.2 -3.70996
3
8244.26 7900.3
7870.58 9187.69
9311.91 9324.26
7057.74 28.1843
