312
5 29 7 9 26 21
5 15 14 7 9 31
5 0 29 9 6 31
5 0 14 9 6 31
5 0 25 29 6 31
5 0 29 7 9 26
5 0 14 7 9 31
5 0 14 7 9 26
5 0 25 32 29 31
5 0 25 32 29 26
5 0 7 9 31 21
5 0 29 9 31 21
5 0 29 7 9 21
5 0 32 7 31 21
5 0 32 29 31 21
5 0 29 7 26 21
5 0 32 29 26 21
5 0 25 32 10 26
5 1 7 9 31 21
5 1 15 9 31 4
5 1 15 7 9 31
5 13 32 29 31 21
5 13 29 9 31 21
5 13 29 9 6 31
5 13 25 29 6 31
5 13 25 32 6 31
5 13 25 32 29 31
5 13 25 32 10 6
5 13 25 32 10 26
5 13 25 32 29 26
5 17 13 25 10 6
5 17 13 25 10 26
5 17 0 29 26 6
5 17 0 25 29 6
5 17 0 25 29 26
5 17 13 25 29 6
5 17 13 25 29 26
5 28 1 3 5 4
5 19 17 13 10 5
5 19 17 25 24 6
5 19 17 10 26 5
5 8 17 13 26 5
5 8 19 17 26 5
5 8 19 17 13 5
5 8 1 7 9 21
5 8 1 3 5 4
5 8 1 15 7 9
5 8 1 15 9 4
5 8 28 1 15 5
5 2 8 1 15 7
5 2 1 32 7 21
5 2 0 7 26 21
5 2 0 32 26 21
5 2 0 32 7 21
5 2 1 3 32 21
5 23 25 24 6 31
5 23 17 25 24 6
5 23 19 25 24 10
5 23 19 17 25 10
5 23 19 17 25 24
5 12 28 1 5 4
5 12 28 1 15 5
5 12 8 28 15 5
5 12 8 1 5 4
5 12 8 1 15 4
5 12 8 1 15 5
5 12 8 14 9 4
5 12 8 15 9 4
5 12 8 15 14 9
5 12 14 9 31 4
5 12 15 9 31 4
5 12 15 14 9 31
5 27 0 29 9 26
5 27 0 14 9 26
5 27 29 9 26 21
5 27 8 29 26 21
5 27 14 7 9 26
5 27 0 29 26 6
5 27 0 29 9 6
5 27 0 14 9 6
5 27 7 9 26 21
5 27 8 7 26 21
5 27 8 7 9 21
5 27 13 29 9 21
5 27 8 13 9 21
5 27 8 13 29 21
5 27 15 14 7 9
5 27 8 15 7 9
5 27 8 15 14 9
5 27 8 15 14 7
5 27 17 29 26 6
5 27 13 29 9 6
5 27 17 13 29 6
5 27 8 17 13 6
5 27 17 13 29 26
5 27 8 13 29 26
5 27 8 17 13 26
5 22 12 14 31 4
5 22 12 14 24 4
5 22 23 24 31 4
5 22 28 24 10 4
5 22 23 24 10 4
5 22 12 15 14 31
5 22 23 10 31 4
5 22 15 14 7 31
5 22 0 14 7 31
5 22 23 25 10 31
5 20 8 15 14 7
5 20 27 14 7 26
5 20 27 8 7 26
5 20 27 8 14 7
5 20 12 8 15 14
5 20 0 14 7 26
5 20 22 0 14 7
5 20 22 12 15 14
5 20 8 19 26 5
5 20 12 8 28 5
5 20 8 19 17 26
5 20 22 12 14 24
5 20 0 25 10 26
5 20 23 0 25 26
5 20 22 23 25 10
5 20 22 23 0 25
5 20 22 28 24 10
5 20 22 23 24 10
5 20 19 17 10 26
5 20 23 19 17 10
5 20 23 19 17 24
5 20 19 10 26 5
5 20 28 24 10 5
5 20 19 24 10 5
5 20 8 19 5 4
5 20 12 8 5 4
5 20 28 24 5 4
5 20 12 28 5 4
5 20 22 28 24 4
5 20 22 12 24 4
5 20 12 14 24 4
5 20 12 8 14 4
5 20 17 25 10 26
5 20 23 17 25 26
5 20 23 17 25 10
5 20 23 19 24 10
5 20 19 24 5 4
5 18 27 0 14 26
5 18 20 0 14 26
5 18 20 27 14 26
5 18 17 0 26 6
5 18 27 0 26 6
5 18 27 17 26 6
5 18 27 0 14 6
5 18 20 23 0 26
5 18 20 23 17 26
5 18 27 8 17 26
5 18 20 8 17 26
5 18 20 27 8 26
5 18 20 27 8 14
5 18 0 14 6 31
5 18 27 8 17 6
5 18 17 0 25 26
5 18 23 0 25 26
5 18 23 17 25 26
5 18 20 22 0 14
5 18 20 22 23 0
5 18 20 23 17 24
5 18 20 8 14 24
5 18 0 25 6 31
5 18 17 0 25 6
5 18 22 0 14 31
5 18 20 22 14 24
5 18 20 22 23 24
5 18 23 17 24 6
5 18 20 19 17 24
5 18 20 8 19 24
5 18 20 8 19 17
5 18 23 25 6 31
5 18 23 17 25 6
5 18 19 17 24 6
5 18 8 19 17 6
5 18 22 0 25 31
5 18 22 23 25 31
5 18 22 23 0 25
5 18 14 24 6 31
5 18 22 14 24 31
5 18 23 24 6 31
5 18 22 23 24 31
5 16 22 15 14 7
5 16 20 15 14 7
5 16 20 22 14 7
5 16 20 22 15 14
5 16 22 15 7 31
5 16 20 8 15 7
5 16 20 22 0 7
5 16 20 22 12 15
5 16 2 1 15 7
5 16 22 12 15 31
5 16 12 15 31 4
5 16 22 12 31 4
5 16 12 8 28 15
5 16 20 12 8 15
5 16 20 12 8 28
5 16 2 28 1 15
5 16 12 28 1 15
5 16 20 12 28 4
5 16 20 22 28 4
5 16 20 22 12 4
5 16 12 1 15 4
5 16 12 28 1 4
5 30 20 10 26 5
5 30 20 28 10 5
5 30 20 8 26 5
5 30 20 8 28 5
5 30 20 8 7 26
5 30 16 20 8 28
5 30 13 32 10 5
5 30 13 32 10 26
5 30 3 32 10 5
5 30 28 3 10 5
5 30 28 3 32 10
5 30 2 28 3 32
5 30 8 28 1 5
5 30 8 7 26 21
5 30 2 7 26 21
5 30 16 20 8 7
5 30 16 8 28 15
5 30 16 2 28 15
5 30 17 10 26 5
5 30 17 13 26 5
5 30 17 13 10 5
5 30 17 13 10 26
5 30 13 3 32 5
5 30 2 32 26 21
5 30 2 3 32 21
5 30 28 1 3 5
5 30 2 28 1 3
5 30 8 13 26 5
5 30 8 13 3 5
5 30 8 1 3 5
5 30 8 28 1 15
5 30 2 28 1 15
5 30 2 8 1 15
5 30 8 1 7 21
5 30 2 1 7 21
5 30 2 8 1 7
5 30 2 8 15 7
5 30 16 8 15 7
5 30 16 2 15 7
5 30 13 3 32 21
5 30 8 13 3 21
5 30 8 1 3 21
5 30 2 1 3 21
5 30 32 29 26 21
5 30 13 32 29 21
5 30 13 32 29 26
5 30 8 29 26 21
5 30 8 13 29 21
5 30 8 13 29 26
5 11 20 22 28 10
5 11 16 20 22 28
5 11 22 28 10 4
5 11 16 22 28 4
5 11 16 20 22 0
5 11 22 10 31 4
5 11 16 22 31 4
5 11 30 20 28 10
5 11 30 16 2 28
5 11 30 16 20 28
5 11 20 0 25 10
5 11 20 22 25 10
5 11 20 22 0 25
5 11 30 28 32 10
5 11 30 2 28 32
5 11 30 16 2 7
5 11 30 16 20 7
5 11 0 25 32 10
5 11 16 28 1 4
5 11 16 2 28 1
5 11 25 32 10 31
5 11 22 25 10 31
5 11 2 0 32 7
5 11 30 2 7 26
5 11 30 20 7 26
5 11 0 25 32 31
5 11 22 0 25 31
5 11 0 32 7 31
5 11 22 0 7 31
5 11 16 22 7 31
5 11 16 22 0 7
5 11 0 32 10 26
5 11 30 32 10 26
5 11 20 0 10 26
5 11 30 20 10 26
5 11 1 15 31 4
5 11 16 15 31 4
5 11 16 1 15 4
5 11 28 1 3 4
5 11 2 1 3 32
5 11 2 28 3 32
5 11 2 28 1 3
5 11 2 1 32 7
5 11 16 2 1 7
5 11 2 0 32 26
5 11 30 2 32 26
5 11 2 0 7 26
5 11 20 0 7 26
5 11 16 20 0 7
5 11 1 15 7 31
5 11 16 15 7 31
5 11 16 1 15 7
5 11 32 7 31 21
5 11 1 7 31 21
5 11 1 32 7 21
