310
5 27 10 19 20 23
5 2 27 7 19 20
5 30 2 7 19 20
5 30 2 7 9 20
5 30 16 19 20 23
5 30 27 7 19 20
5 30 27 19 20 23
5 30 1 27 20 23
5 26 2 27 19 20
5 24 26 2 19 20
5 24 30 2 19 20
5 11 2 27 7 19
5 11 26 2 27 18
5 11 26 2 27 19
5 31 11 27 10 18
5 31 11 27 10 5
5 15 30 2 9 17
5 15 24 30 2 17
5 6 24 30 2 17
5 6 24 30 2 20
5 6 30 2 9 17
5 6 30 2 9 20
5 6 24 30 19 20
5 6 30 16 20 23
5 6 30 1 20 23
5 6 30 1 16 23
5 6 30 1 9 20
5 6 15 1 9 17
5 6 15 30 9 17
5 6 15 30 1 9
5 6 15 30 1 16
5 13 6 24 10 5
5 13 24 10 19 20
5 13 30 16 19 23
5 13 6 16 5 23
5 13 6 10 5 23
5 13 16 19 20 23
5 13 10 19 20 23
5 13 6 24 5 17
5 13 6 24 10 20
5 13 6 24 19 20
5 13 6 16 20 23
5 13 6 10 20 23
5 13 6 24 30 19
5 13 30 16 19 20
5 13 6 30 19 20
5 13 6 30 16 20
5 3 11 2 7 19
5 3 11 26 2 19
5 3 24 26 2 19
5 3 31 24 26 10
5 3 24 26 2 17
5 3 31 26 10 18
5 3 31 11 10 18
5 3 24 10 19 20
5 3 24 26 19 20
5 3 24 26 10 20
5 3 13 24 10 19
5 3 26 27 10 18
5 3 11 27 10 18
5 3 11 26 27 18
5 3 11 26 27 19
5 3 27 10 19 20
5 3 26 27 19 20
5 3 26 27 10 20
5 12 24 30 2 19
5 12 15 24 30 2
5 12 30 2 7 19
5 12 3 24 2 19
5 12 3 2 7 19
5 12 30 2 7 9
5 12 15 30 2 9
5 12 21 2 7 9
5 12 30 1 7 9
5 12 15 30 1 9
5 12 21 2 9 17
5 12 15 2 9 17
5 12 15 21 9 17
5 12 21 2 7 0
5 12 3 11 7 19
5 12 11 27 7 19
5 32 13 10 5 23
5 32 13 10 19 23
5 32 3 13 10 19
5 32 13 24 10 5
5 32 3 13 24 10
5 32 31 24 10 5
5 32 3 31 10 5
5 32 3 31 24 10
5 32 3 13 24 19
5 32 31 24 5 17
5 32 13 24 5 17
5 32 31 21 5 17
5 32 12 15 21 17
5 32 31 24 26 17
5 32 3 24 26 17
5 32 3 31 24 26
5 32 12 21 2 17
5 14 11 26 2 18
5 14 3 11 26 18
5 14 3 11 26 2
5 14 26 2 0 18
5 14 3 11 2 7
5 14 3 31 26 18
5 14 11 2 0 18
5 14 11 2 7 0
5 14 12 2 7 0
5 14 12 3 2 7
5 14 32 3 31 26
5 14 26 2 0 17
5 14 32 12 3 2
5 14 3 26 2 17
5 14 32 3 26 17
5 14 3 31 11 18
5 14 32 3 31 11
5 14 12 3 11 7
5 14 32 12 11 7
5 14 32 12 3 11
5 14 31 11 0 18
5 14 31 26 0 17
5 14 32 31 26 17
5 14 21 2 0 17
5 14 32 21 2 17
5 14 12 21 2 0
5 14 32 12 21 2
5 14 11 21 7 0
5 14 32 11 21 7
5 14 12 21 7 0
5 14 32 12 21 7
5 14 31 11 21 0
5 14 32 31 11 21
5 14 31 21 0 17
5 14 32 31 21 17
5 25 12 27 19 23
5 25 12 11 27 19
5 25 3 11 27 19
5 25 27 10 19 23
5 25 3 27 10 19
5 25 3 11 27 10
5 25 12 3 11 19
5 25 32 12 3 19
5 25 32 12 3 11
5 25 4 27 5 23
5 25 4 11 27 5
5 25 12 11 27 7
5 25 32 10 19 23
5 25 32 3 10 19
5 25 27 10 5 23
5 25 11 27 10 5
5 25 32 12 11 7
5 25 32 10 5 23
5 25 32 3 10 5
5 25 32 11 21 7
5 25 32 12 21 7
5 25 31 11 10 5
5 25 3 31 10 5
5 25 3 31 11 10
5 25 32 3 31 5
5 25 32 3 31 11
5 25 4 21 0 5
5 25 4 11 0 5
5 25 4 11 21 0
5 25 32 31 21 5
5 25 32 31 11 21
5 25 4 1 21 9
5 25 31 21 0 5
5 25 31 11 0 5
5 25 31 11 21 0
5 8 13 16 5 23
5 8 32 13 5 23
5 8 25 32 5 23
5 8 32 13 5 17
5 8 25 32 21 5
5 8 13 6 5 17
5 8 13 6 16 17
5 8 13 6 16 5
5 8 32 21 5 17
5 8 25 4 1 23
5 8 25 4 1 21
5 8 32 15 21 17
5 8 6 15 16 17
5 8 6 15 1 17
5 8 6 15 1 16
5 8 15 21 9 17
5 8 15 1 9 17
5 8 25 1 21 9
5 29 13 30 19 23
5 29 32 13 19 23
5 29 25 32 19 23
5 29 8 32 13 23
5 29 32 13 24 19
5 29 12 30 19 23
5 29 25 12 19 23
5 29 8 25 32 23
5 29 25 32 12 19
5 29 13 30 16 23
5 29 8 13 16 23
5 29 12 30 1 23
5 29 25 12 1 23
5 29 8 25 1 23
5 29 30 1 16 23
5 29 8 1 16 23
5 29 32 3 24 19
5 29 8 25 1 9
5 29 32 12 3 19
5 29 12 15 30 1
5 29 25 12 1 9
5 29 15 30 1 16
5 29 8 15 1 16
5 29 8 15 1 9
5 29 8 25 21 9
5 29 8 25 32 21
5 29 12 15 1 9
5 29 25 12 21 9
5 29 25 32 12 21
5 29 8 15 21 9
5 29 8 32 15 21
5 29 12 15 21 9
5 29 32 12 15 21
5 22 25 12 27 7
5 22 25 11 27 7
5 22 25 4 11 27
5 22 25 4 27 23
5 22 25 12 27 23
5 22 30 27 7 20
5 22 30 27 7 19
5 22 12 27 7 19
5 22 12 30 7 19
5 22 12 30 1 7
5 22 11 2 27 7
5 22 4 11 2 27
5 22 25 11 21 7
5 22 25 4 11 21
5 22 12 1 7 9
5 22 25 4 21 9
5 22 12 21 7 9
5 22 25 12 21 9
5 22 25 12 21 7
5 22 25 4 1 9
5 22 25 12 1 9
5 22 25 4 1 23
5 22 25 12 1 23
5 22 2 27 7 20
5 22 30 1 27 20
5 22 4 1 27 20
5 22 30 27 19 23
5 22 12 27 19 23
5 22 12 30 19 23
5 22 12 30 1 23
5 22 30 1 27 23
5 22 4 1 27 23
5 22 11 2 7 0
5 22 4 11 2 0
5 22 11 21 7 0
5 22 4 11 21 0
5 22 21 2 7 9
5 22 4 21 2 9
5 22 2 7 9 20
5 22 30 7 9 20
5 22 30 1 9 20
5 22 30 1 7 9
5 22 21 2 7 0
5 22 4 21 2 0
5 28 15 24 30 17
5 28 13 24 30 19
5 28 29 13 30 19
5 28 29 13 24 19
5 28 29 15 30 16
5 28 29 13 30 16
5 28 6 24 30 17
5 28 13 6 24 17
5 28 13 6 24 30
5 28 12 24 30 19
5 28 12 15 24 30
5 28 29 12 30 19
5 28 29 12 15 30
5 28 32 13 24 17
5 28 29 32 13 24
5 28 13 6 16 17
5 28 13 6 30 16
5 28 6 15 16 17
5 28 6 15 30 17
5 28 6 15 30 16
5 28 12 3 24 19
5 28 29 3 24 19
5 28 29 12 3 19
5 28 8 15 16 17
5 28 29 8 15 16
5 28 8 13 16 17
5 28 29 8 13 16
5 28 32 3 24 17
5 28 8 32 15 17
5 28 29 8 32 15
5 28 29 32 3 24
5 28 8 32 13 17
5 28 29 8 32 13
5 28 29 32 12 15
5 28 29 32 12 3
5 28 32 12 15 17
5 28 15 24 2 17
5 28 12 15 2 17
5 28 12 15 24 2
5 28 3 24 2 17
5 28 12 3 24 2
5 28 32 12 2 17
5 28 32 12 3 2
5 28 14 3 2 17
5 28 14 32 2 17
5 28 14 32 3 17
5 28 14 32 3 2
