353
5 8 14 5 16 10
5 8 14 5 4 10
5 8 5 16 4 31
5 7 14 5 10 27
5 7 14 5 4 10
5 7 14 25 10 27
5 7 14 5 16 27
5 28 25 26 16 10
5 28 14 25 10 27
5 28 14 25 16 27
5 28 14 25 16 10
5 28 14 5 10 27
5 28 14 5 16 27
5 28 14 5 16 10
5 28 7 5 10 27
5 28 8 5 16 10
5 28 8 26 16 10
5 28 8 26 5 10
5 28 8 26 5 16
5 29 2 4 24 31
5 29 14 2 4 24
5 29 8 16 4 31
5 29 2 5 16 4
5 29 14 2 5 4
5 29 8 5 16 4
5 29 8 14 5 4
5 29 8 14 5 16
5 29 14 25 16 27
5 20 7 5 4 10
5 20 28 26 5 10
5 20 28 7 5 10
5 20 8 5 4 10
5 20 8 26 5 10
5 13 29 14 25 24
5 13 29 25 16 27
5 13 7 14 25 27
5 13 29 14 25 27
5 12 29 8 14 16
5 12 14 25 16 10
5 12 8 14 16 10
5 12 29 14 25 24
5 12 29 8 16 31
5 12 29 14 4 24
5 12 29 8 14 4
5 12 8 14 4 10
5 12 29 4 24 31
5 12 29 8 4 31
5 3 7 5 11 4
5 3 20 7 11 4
5 3 20 7 5 4
5 3 20 7 11 27
5 3 7 5 16 27
5 3 20 8 26 5
5 3 28 5 16 27
5 3 28 7 5 27
5 3 20 28 7 27
5 3 20 28 7 5
5 3 20 28 26 5
5 23 13 2 24 31
5 23 13 29 2 24
5 23 13 29 25 24
5 23 12 29 25 24
5 23 13 29 2 16
5 23 13 29 25 16
5 23 13 25 16 27
5 15 3 20 11 4
5 15 3 20 2 4
5 15 3 13 20 11
5 15 3 13 20 2
5 15 3 5 11 4
5 15 3 2 5 4
5 15 14 11 4 24
5 15 14 2 4 24
5 15 7 5 11 4
5 15 3 7 5 11
5 15 7 14 11 4
5 15 14 25 11 24
5 15 13 25 11 24
5 15 13 14 25 24
5 15 29 14 2 24
5 15 13 29 2 24
5 15 13 29 14 24
5 15 13 7 11 27
5 15 3 7 11 27
5 15 14 2 5 4
5 15 7 14 5 4
5 15 3 2 5 16
5 15 3 7 5 16
5 15 7 14 25 11
5 15 13 7 25 11
5 15 13 7 14 25
5 15 3 7 16 27
5 15 7 14 5 16
5 15 13 29 2 16
5 15 13 7 14 27
5 15 13 29 14 27
5 15 13 29 16 27
5 15 29 2 5 16
5 15 29 14 5 16
5 15 29 14 2 5
5 15 7 14 16 27
5 15 29 14 16 27
5 1 5 16 4 31
5 1 8 5 4 31
5 1 8 5 16 31
5 1 3 20 4 31
5 1 20 8 5 4
5 1 3 20 5 4
5 1 3 20 8 5
5 1 20 8 4 10
5 1 20 8 26 10
5 1 8 0 10 31
5 1 8 26 0 10
5 32 28 26 5 16
5 32 3 28 5 16
5 32 3 28 26 5
5 32 3 20 28 26
5 32 8 26 5 16
5 32 3 8 26 5
5 32 1 8 5 16
5 32 1 3 5 16
5 32 1 3 8 5
5 32 1 8 26 0
5 32 3 20 8 26
5 32 1 20 8 26
5 32 1 3 20 8
5 9 12 8 16 31
5 9 12 29 16 31
5 9 23 29 16 31
5 9 23 12 29 16
5 9 12 0 24 31
5 9 23 0 24 31
5 9 32 8 26 0
5 9 8 26 0 10
5 9 1 8 16 31
5 9 1 8 0 31
5 9 8 0 10 31
5 9 12 0 10 31
5 9 12 8 10 31
5 9 12 29 24 31
5 9 23 29 24 31
5 9 23 12 29 24
5 9 32 1 8 16
5 9 32 1 8 0
5 6 23 29 25 16
5 6 23 12 29 16
5 6 23 12 29 25
5 6 29 14 25 16
5 6 12 14 25 16
5 6 12 29 14 16
5 6 12 29 14 25
5 6 9 23 12 16
5 6 23 12 25 24
5 6 9 23 12 24
5 6 25 26 16 10
5 6 12 25 16 10
5 6 9 12 8 16
5 6 28 25 26 16
5 6 12 25 0 24
5 6 9 12 0 24
5 6 23 25 0 24
5 6 9 23 0 24
5 6 8 26 16 10
5 6 12 8 16 10
5 6 32 8 26 16
5 6 9 32 8 16
5 6 9 32 8 26
5 6 9 8 26 10
5 6 9 12 8 10
5 6 25 26 0 10
5 6 9 26 0 10
5 6 12 25 0 10
5 6 9 12 0 10
5 6 28 25 16 27
5 6 23 25 16 27
5 6 9 32 26 0
5 6 28 25 26 0
5 6 22 28 25 27
5 6 22 28 26 0
5 6 22 28 25 0
5 6 22 13 25 0
5 6 23 13 25 0
5 6 23 22 13 0
5 19 3 20 11 27
5 19 3 13 20 11
5 19 22 20 11 27
5 19 22 13 11 27
5 19 22 13 20 11
5 19 22 20 28 27
5 19 15 3 13 11
5 19 32 3 20 28
5 19 22 20 28 26
5 21 19 32 3 28
5 21 15 3 11 27
5 21 19 3 11 27
5 21 19 15 3 11
5 21 3 20 28 27
5 21 19 20 28 27
5 21 19 3 20 27
5 21 19 3 20 28
5 21 23 13 16 27
5 21 15 13 11 27
5 21 19 13 11 27
5 21 19 15 13 11
5 21 19 15 3 13
5 21 6 28 16 27
5 21 6 23 16 27
5 21 6 22 28 27
5 21 19 22 28 27
5 21 19 22 13 27
5 21 19 23 22 13
5 21 6 23 22 13
5 21 6 22 28 26
5 21 19 22 28 26
5 21 22 13 25 27
5 21 6 22 25 27
5 21 6 22 13 25
5 21 23 13 25 27
5 21 6 23 25 27
5 21 6 23 13 25
5 21 6 22 26 0
5 21 6 32 26 0
5 18 32 20 28 26
5 18 19 20 28 26
5 18 19 32 20 28
5 18 21 32 28 26
5 18 21 19 28 26
5 18 21 19 32 28
5 18 32 1 20 26
5 18 21 19 22 26
5 18 19 22 20 26
5 18 19 32 3 20
5 18 21 22 26 0
5 18 21 32 26 0
5 18 19 22 20 31
5 18 32 1 26 0
5 18 21 19 23 22
5 18 23 22 0 31
5 18 6 23 22 0
5 18 21 6 22 0
5 18 21 6 23 22
5 18 21 6 32 0
5 18 9 1 0 31
5 18 9 32 1 0
5 17 3 28 16 27
5 17 32 3 28 16
5 17 15 3 16 27
5 17 21 15 3 27
5 17 21 28 16 27
5 17 21 3 28 27
5 17 21 32 3 28
5 17 15 13 16 27
5 17 21 13 16 27
5 17 21 15 13 27
5 17 15 3 2 16
5 17 32 28 26 16
5 17 21 32 28 26
5 17 21 19 32 3
5 17 18 19 32 3
5 17 18 21 19 32
5 17 15 13 2 16
5 17 6 28 26 16
5 17 21 6 28 16
5 17 21 6 28 26
5 17 6 32 26 16
5 17 21 6 32 26
5 17 21 6 23 16
5 17 18 21 6 23
5 17 18 21 6 32
5 17 23 13 2 16
5 17 21 23 13 16
5 17 9 32 1 16
5 17 6 9 23 16
5 17 6 9 32 16
5 17 6 9 23 0
5 17 18 9 23 0
5 17 18 6 23 0
5 17 6 9 32 0
5 17 18 9 32 0
5 17 18 6 32 0
5 30 21 15 3 13
5 30 17 21 15 13
5 30 17 21 15 3
5 30 15 3 13 2
5 30 17 15 13 2
5 30 17 15 3 2
5 30 21 19 3 13
5 30 17 21 19 3
5 30 17 23 13 2
5 30 21 19 23 13
5 30 17 21 23 13
5 30 3 13 20 2
5 30 19 3 13 20
5 30 17 18 19 3
5 30 18 21 19 23
5 30 17 18 21 23
5 30 17 18 21 19
5 30 13 20 2 31
5 30 23 13 2 31
5 30 17 23 2 16
5 30 18 19 3 20
5 30 20 2 4 31
5 30 3 20 4 31
5 30 3 20 2 4
5 30 1 3 4 31
5 30 17 3 2 16
5 30 23 29 16 31
5 30 23 29 2 16
5 30 9 23 16 31
5 30 17 9 23 16
5 30 17 18 9 23
5 30 22 13 20 31
5 30 19 22 20 31
5 30 19 22 13 20
5 30 18 19 20 31
5 30 23 22 13 31
5 30 19 23 22 13
5 30 1 3 20 31
5 30 18 1 20 31
5 30 1 16 4 31
5 30 9 1 16 31
5 30 17 9 1 16
5 30 18 9 1 31
5 30 17 18 32 3
5 30 32 1 3 16
5 30 17 32 3 16
5 30 17 32 1 16
5 30 29 16 4 31
5 30 29 2 4 31
5 30 29 2 16 4
5 30 29 2 24 31
5 30 23 2 24 31
5 30 23 29 24 31
5 30 23 29 2 24
5 30 9 23 0 31
5 30 18 23 0 31
5 30 18 9 0 31
5 30 18 9 23 0
5 30 18 23 22 31
5 30 18 19 22 31
5 30 18 19 23 22
5 30 32 1 3 20
5 30 18 32 3 20
5 30 18 32 1 20
5 30 2 5 16 4
5 30 3 2 5 4
5 30 3 2 5 16
5 30 1 5 16 4
5 30 1 3 5 4
5 30 1 3 5 16
5 30 18 9 32 1
5 30 17 9 32 1
5 30 17 18 9 32
