106
5 5 6 9 17 13
5 18 5 9 17 13
5 10 6 9 17 13
5 10 11 6 17 13
5 10 18 9 17 13
5 10 18 11 17 13
5 10 18 11 9 13
5 10 8 6 9 13
5 10 8 11 6 13
5 10 18 6 9 17
5 10 18 11 6 17
5 10 11 9 4 13
5 1 8 6 9 13
5 1 5 6 17 13
5 15 10 11 4 13
5 15 10 8 11 13
5 15 10 9 4 13
5 15 10 8 9 13
5 15 1 9 4 13
5 15 1 8 9 13
5 14 18 5 4 13
5 14 18 5 9 13
5 14 1 9 4 13
5 14 1 5 4 13
5 14 1 5 9 13
5 14 1 5 9 4
5 14 11 9 4 13
5 14 18 11 4 13
5 14 18 11 9 13
5 14 10 11 9 4
5 14 10 18 11 9
5 14 18 3 2 12
5 14 18 3 5 2
5 16 15 10 8 11
5 16 10 8 11 6
5 16 15 10 8 9
5 16 10 8 6 9
5 16 14 18 9 12
5 7 14 5 9 4
5 7 1 5 9 4
5 7 14 15 9 4
5 7 3 5 4 2
5 7 14 3 5 2
5 7 14 3 5 4
5 7 14 18 5 2
5 7 14 18 5 9
5 7 1 8 4 2
5 7 15 8 4 2
5 7 15 3 4 2
5 7 14 15 3 4
5 7 16 14 15 9
5 7 16 14 18 9
5 7 15 1 9 4
5 7 15 1 8 4
5 7 15 1 8 9
5 7 1 8 6 2
5 7 1 8 6 9
5 7 16 15 8 2
5 7 16 15 8 9
5 7 15 3 2 12
5 7 14 3 2 12
5 7 14 15 3 12
5 7 16 15 2 12
5 7 16 14 15 12
5 7 16 18 6 9
5 7 18 6 17 2
5 7 18 5 17 2
5 7 5 6 9 17
5 7 18 6 9 17
5 7 18 5 9 17
5 7 14 18 2 12
5 7 16 14 18 12
5 7 16 8 6 2
5 7 16 8 6 9
5 7 5 6 9 13
5 7 1 6 9 13
5 7 1 5 9 13
5 7 1 5 6 13
5 7 18 6 2 12
5 7 16 6 2 12
5 7 16 18 6 12
5 0 16 15 10 11
5 0 16 11 6 12
5 0 16 10 11 6
5 0 16 15 10 9
5 0 14 10 18 11
5 0 14 15 3 12
5 0 15 10 11 4
5 0 14 10 11 4
5 0 18 11 6 12
5 0 10 18 11 6
5 0 16 10 6 9
5 0 16 14 9 12
5 0 16 14 15 12
5 0 16 14 15 9
5 0 14 18 3 12
5 0 14 15 3 4
5 0 15 10 9 4
5 0 14 10 9 4
5 0 14 15 9 4
5 0 16 18 9 12
5 0 16 18 6 12
5 0 16 18 6 9
5 0 14 18 9 12
5 0 10 18 6 9
5 0 14 10 18 9
