222
5 15 7 20 6 22
5 15 12 20 22 2
5 15 7 20 22 2
5 15 7 12 20 2
5 15 0 12 8 3
5 15 13 12 22 2
5 15 13 12 3 2
5 15 13 0 12 22
5 15 13 0 12 3
5 9 7 18 20 17
5 9 7 18 20 6
5 19 15 0 8 6
5 19 15 0 12 8
5 21 7 12 20 2
5 21 12 20 22 2
5 21 13 20 22 2
5 21 13 12 22 2
5 21 13 12 20 22
5 21 15 7 12 2
5 21 1 15 7 2
5 21 13 12 3 2
5 21 15 12 3 2
5 21 15 12 8 3
5 21 1 15 8 3
5 21 1 25 8 3
5 21 19 25 8 3
5 11 9 18 20 17
5 11 1 9 25 17
5 11 9 18 20 6
5 14 15 20 6 22
5 14 15 12 20 22
5 14 15 0 6 22
5 14 15 0 12 22
5 14 11 21 9 20
5 14 19 15 8 6
5 14 19 15 12 8
5 14 13 12 20 22
5 14 19 15 0 6
5 14 19 15 0 12
5 14 13 0 12 22
5 4 21 7 20 2
5 4 21 9 7 20
5 4 21 1 7 2
5 4 21 1 9 7
5 4 1 7 17 2
5 4 1 3 17 2
5 4 21 1 3 2
5 16 21 1 15 7
5 16 21 1 9 7
5 16 21 15 7 12
5 16 21 7 12 20
5 16 21 9 7 20
5 16 15 7 20 6
5 16 14 15 20 6
5 16 9 7 20 6
5 16 14 15 8 6
5 16 15 7 12 20
5 16 14 15 12 20
5 16 14 21 12 20
5 16 14 21 9 20
5 16 11 9 20 6
5 16 14 11 20 6
5 16 14 11 9 20
5 16 9 7 18 17
5 16 9 7 18 6
5 16 14 19 8 6
5 16 14 11 21 9
5 16 11 9 18 6
5 23 11 18 20 17
5 23 11 9 18 17
5 23 11 9 25 17
5 23 16 9 18 17
5 23 16 11 9 18
5 23 19 13 0 3
5 23 19 0 18 22
5 23 19 13 0 22
5 10 11 1 25 17
5 10 11 21 1 25
5 10 1 25 3 17
5 10 21 1 25 3
5 10 11 21 25 3
5 10 4 1 3 17
5 10 4 21 1 3
5 10 23 25 3 17
5 10 23 11 25 17
5 10 23 11 25 3
5 10 11 1 9 17
5 10 11 21 1 9
5 10 4 21 1 9
5 10 23 11 20 17
5 10 1 9 7 17
5 10 4 1 7 17
5 10 4 1 9 7
5 10 11 9 20 17
5 10 11 21 9 20
5 10 4 21 9 20
5 10 23 13 20 3
5 10 23 11 13 3
5 10 23 11 13 20
5 10 4 3 17 2
5 10 11 21 13 3
5 10 11 21 13 20
5 10 4 21 3 2
5 10 4 21 20 2
5 10 9 7 20 17
5 10 4 9 7 20
5 10 7 20 17 2
5 10 4 7 17 2
5 10 4 7 20 2
5 10 13 20 3 2
5 10 21 13 3 2
5 10 21 13 20 2
5 5 1 9 7 17
5 5 16 9 7 17
5 5 16 1 9 7
5 5 1 7 8 17
5 5 1 9 25 17
5 5 7 18 8 17
5 5 16 7 18 17
5 5 1 25 8 17
5 5 1 15 7 8
5 5 16 1 15 7
5 5 23 9 25 17
5 5 23 16 9 17
5 5 7 18 8 6
5 5 16 7 18 6
5 5 15 7 8 6
5 5 16 15 8 6
5 5 16 15 7 6
5 5 23 16 18 17
5 5 23 11 9 25
5 5 23 16 11 25
5 5 23 16 11 9
5 5 11 1 9 25
5 5 16 21 1 9
5 5 23 18 8 17
5 5 23 25 8 17
5 5 19 18 8 6
5 5 16 19 8 6
5 5 16 19 18 6
5 5 21 15 12 8
5 5 21 1 15 8
5 5 14 15 12 8
5 5 16 14 15 8
5 5 16 14 15 12
5 5 16 21 15 12
5 5 16 21 1 15
5 5 23 16 19 18
5 5 23 16 19 25
5 5 21 1 25 8
5 5 11 21 1 25
5 5 11 21 1 9
5 5 23 19 18 8
5 5 23 19 25 8
5 24 16 14 11 21
5 24 16 14 21 12
5 24 16 14 19 6
5 24 16 14 11 6
5 24 11 21 13 3
5 24 5 11 21 25
5 24 5 16 21 12
5 24 5 16 19 25
5 24 5 16 11 25
5 24 16 11 21 9
5 24 5 11 21 9
5 24 5 16 21 9
5 24 5 16 11 9
5 24 5 16 14 12
5 24 16 19 18 6
5 24 16 11 18 6
5 24 21 13 12 3
5 24 23 19 13 3
5 24 23 11 13 3
5 24 21 19 25 3
5 24 11 21 25 3
5 24 14 13 0 12
5 24 14 19 0 12
5 24 19 13 0 22
5 24 14 13 0 22
5 24 21 13 12 20
5 24 11 21 13 20
5 24 14 13 12 20
5 24 14 21 12 20
5 24 14 11 21 20
5 24 21 19 25 8
5 24 5 19 25 8
5 24 5 21 25 8
5 24 23 16 19 25
5 24 23 16 11 25
5 24 14 19 12 8
5 24 5 14 12 8
5 24 16 14 19 8
5 24 5 16 19 8
5 24 5 16 14 8
5 24 19 0 18 6
5 24 14 19 0 6
5 24 23 16 19 18
5 24 23 16 11 18
5 24 13 0 12 3
5 24 19 13 0 3
5 24 23 19 25 3
5 24 23 11 25 3
5 24 23 11 13 20
5 24 14 13 20 22
5 24 19 0 18 22
5 24 21 19 8 3
5 24 21 12 8 3
5 24 5 21 12 8
5 24 0 18 6 22
5 24 14 0 6 22
5 24 18 20 6 22
5 24 11 18 20 6
5 24 14 20 6 22
5 24 14 11 20 6
5 24 23 11 18 20
5 24 0 12 8 3
5 24 19 0 8 3
5 24 19 0 12 8
5 24 23 13 20 22
5 24 23 19 13 22
5 24 23 18 20 22
5 24 23 19 18 22
