204
5 4 16 11 12 21
5 10 2 12 6 3
5 10 5 13 18 3
5 20 2 11 12 6
5 9 5 13 18 3
5 19 4 5 1 3
5 19 9 5 1 3
5 19 4 2 12 3
5 19 4 16 1 21
5 19 4 16 12 21
5 19 2 11 12 21
5 19 16 11 12 21
5 19 16 2 11 12
5 19 20 2 11 21
5 19 20 16 11 21
5 25 10 2 12 3
5 25 4 2 12 3
5 25 19 4 2 3
5 25 19 4 2 12
5 25 9 13 18 3
5 25 10 2 6 3
5 25 20 2 1 21
5 25 19 2 1 21
5 25 19 20 1 21
5 25 19 20 2 21
5 25 9 5 18 3
5 25 19 9 5 3
5 25 19 2 1 3
5 25 19 9 1 3
5 0 10 12 6 3
5 0 15 10 12 6
5 14 15 10 13 6
5 7 25 4 12 3
5 7 25 10 18 3
5 7 25 10 12 3
5 7 25 19 4 3
5 7 25 19 4 12
5 7 0 4 12 3
5 7 0 10 12 3
5 7 19 4 5 3
5 7 25 5 18 3
5 7 25 19 5 3
5 7 19 4 16 12
5 7 0 4 5 3
5 7 0 4 16 12
5 7 25 9 5 18
5 7 25 19 9 18
5 7 25 19 9 5
5 7 0 15 16 12
5 7 0 15 4 16
5 7 14 0 15 10
5 7 9 4 5 1
5 7 19 4 5 1
5 7 19 9 5 1
5 7 19 4 16 1
5 7 0 15 4 17
5 7 15 4 16 17
5 7 4 16 5 17
5 22 19 20 16 21
5 22 7 25 19 18
5 22 25 19 20 2
5 22 7 19 16 12
5 22 7 25 19 12
5 22 19 16 2 11
5 22 19 20 2 11
5 22 19 20 16 11
5 22 19 16 2 12
5 22 25 19 2 12
5 22 20 11 12 6
5 22 20 2 11 12
5 22 16 2 11 12
5 22 7 25 10 18
5 22 7 25 10 12
5 22 7 15 16 12
5 22 20 2 12 6
5 22 7 14 16 18
5 22 15 10 12 6
5 22 10 2 12 6
5 22 25 10 2 12
5 22 15 11 12 6
5 22 15 16 11 12
5 22 7 14 10 18
5 22 7 14 15 10
5 22 7 15 16 17
5 22 7 14 16 17
5 22 7 14 15 17
5 22 0 15 10 12
5 22 7 0 10 12
5 22 7 0 15 12
5 22 7 0 15 10
5 24 25 9 1 3
5 24 25 9 13 3
5 24 10 13 6 3
5 24 25 10 6 3
5 24 25 9 13 18
5 24 22 9 13 18
5 24 22 25 9 18
5 24 10 13 18 3
5 24 25 13 18 3
5 24 25 10 18 3
5 24 22 20 11 6
5 24 25 20 2 6
5 24 22 20 2 6
5 24 22 25 20 2
5 24 22 25 10 18
5 24 14 10 13 6
5 24 25 10 2 6
5 24 22 10 2 6
5 24 22 25 10 2
5 24 14 10 13 18
5 24 22 14 13 18
5 24 22 14 10 18
5 24 14 15 10 6
5 24 22 15 10 6
5 24 22 14 15 10
5 24 22 14 11 17
5 24 22 14 15 17
5 24 15 11 6 17
5 24 22 15 11 6
5 24 15 16 11 17
5 24 22 16 11 17
5 24 22 15 16 17
5 24 22 15 16 11
5 23 15 10 13 6
5 23 10 5 13 3
5 23 14 15 10 13
5 23 14 0 15 10
5 23 7 0 5 3
5 23 7 0 10 3
5 23 7 14 0 10
5 23 10 5 18 3
5 23 7 5 18 3
5 23 7 10 18 3
5 23 10 5 13 18
5 23 7 0 15 17
5 23 7 14 15 17
5 23 7 14 0 15
5 23 14 10 13 18
5 23 7 14 10 18
5 23 9 5 13 18
5 23 14 9 13 18
5 23 14 9 5 13
5 23 7 9 5 18
5 23 7 4 5 17
5 23 7 0 4 17
5 23 7 0 4 5
5 23 14 9 5 17
5 8 24 25 9 1
5 8 24 22 25 9
5 8 25 19 9 1
5 8 24 25 20 1
5 8 24 22 25 20
5 8 25 19 20 1
5 8 22 25 19 20
5 8 25 19 9 18
5 8 22 25 9 18
5 8 22 25 19 18
5 8 24 22 20 11
5 8 7 19 16 1
5 8 7 19 9 1
5 8 19 16 1 21
5 8 22 19 16 21
5 8 19 20 1 21
5 8 22 19 20 21
5 8 22 20 16 11
5 8 24 22 14 11
5 8 7 4 16 1
5 8 7 9 4 1
5 8 7 19 9 18
5 8 16 11 1 17
5 8 22 16 11 17
5 8 22 20 16 21
5 8 22 14 16 18
5 8 22 7 16 18
5 8 22 7 19 18
5 8 22 7 19 16
5 8 16 11 1 21
5 8 20 11 1 21
5 8 20 16 11 21
5 8 24 14 13 11
5 8 22 14 11 17
5 8 24 22 9 13
5 8 24 22 14 13
5 8 4 16 5 1
5 8 9 4 5 1
5 8 7 4 16 5
5 8 7 9 4 5
5 8 7 14 16 18
5 8 16 5 1 17
5 8 22 14 16 17
5 8 14 9 13 18
5 8 22 9 13 18
5 8 22 14 13 18
5 8 14 13 11 17
5 8 7 16 5 17
5 8 23 14 9 18
5 8 23 7 9 18
5 8 23 7 14 18
5 8 7 14 16 17
5 8 23 9 5 17
5 8 23 7 5 17
5 8 23 7 9 5
5 8 23 14 9 17
5 8 23 7 14 17
