321
5 26 27 6 11 14
5 26 27 6 20 11
5 26 27 2 20 14
5 26 27 6 2 14
5 26 27 6 2 20
5 25 26 27 28 20
5 31 9 6 15 14
5 31 9 6 32 15
5 31 26 6 11 14
5 31 26 6 15 14
5 31 26 6 15 11
5 19 31 6 15 11
5 19 31 6 32 15
5 18 27 6 11 14
5 18 27 6 2 14
5 18 25 16 2 20
5 18 25 27 2 20
5 18 25 27 16 20
5 18 25 27 2 14
5 1 25 27 28 20
5 1 25 27 16 20
5 7 13 22 6 16
5 7 18 22 6 16
5 7 13 22 16 2
5 7 18 6 16 2
5 7 18 22 16 2
5 7 9 22 32 2
5 7 13 22 32 2
5 7 23 13 6 32
5 7 23 13 22 32
5 7 23 13 22 6
5 7 9 6 2 14
5 7 18 6 2 14
5 7 9 22 2 14
5 7 31 9 6 14
5 7 31 9 22 14
5 7 23 19 6 32
5 7 31 9 22 32
5 7 23 31 22 32
5 7 31 9 6 32
5 7 19 31 6 32
5 7 23 19 31 32
5 7 23 19 31 6
5 4 18 27 6 11
5 4 18 22 6 16
5 4 27 6 20 11
5 4 1 27 16 20
5 4 1 13 16 20
5 4 23 22 6 11
5 4 13 22 6 16
5 4 23 13 22 6
5 4 18 27 16 20
5 4 1 13 20 8
5 4 23 13 6 32
5 4 18 16 2 20
5 4 18 6 16 2
5 4 27 6 2 20
5 4 18 27 2 20
5 4 18 27 6 2
5 4 19 6 32 11
5 4 23 19 6 11
5 4 23 19 6 32
5 0 19 31 32 15
5 3 4 18 27 11
5 3 4 18 27 16
5 3 4 18 22 16
5 3 4 13 22 16
5 3 4 1 27 16
5 3 4 1 13 16
5 3 4 23 13 22
5 3 18 25 27 16
5 3 1 25 27 16
5 3 4 1 13 8
5 3 4 1 20 8
5 3 4 1 27 20
5 5 3 4 23 13
5 5 3 4 13 8
5 5 4 23 13 32
5 5 4 23 19 32
5 5 3 23 13 22
5 5 0 19 28 15
5 10 3 13 22 16
5 10 3 18 25 16
5 10 18 25 2 14
5 10 0 25 28 14
5 10 3 1 25 16
5 10 0 31 28 14
5 10 3 18 25 27
5 10 7 22 2 14
5 10 7 18 2 14
5 10 7 18 22 2
5 10 18 25 27 14
5 10 31 26 28 14
5 10 3 1 25 27
5 10 25 26 28 14
5 10 25 26 27 14
5 10 25 26 27 28
5 12 10 22 2 14
5 12 0 25 2 14
5 12 10 0 25 14
5 12 0 32 2 14
5 12 5 13 32 8
5 12 10 0 31 14
5 12 10 3 13 22
5 12 5 0 32 8
5 12 9 32 2 14
5 12 9 22 2 14
5 12 9 22 32 2
5 12 0 31 32 14
5 12 23 13 22 32
5 12 5 23 13 32
5 12 5 23 13 22
5 12 31 9 32 14
5 12 31 9 22 14
5 12 31 9 22 32
5 12 5 23 19 32
5 30 3 18 22 16
5 30 10 18 22 16
5 30 10 3 22 16
5 30 10 3 18 16
5 30 3 4 18 11
5 30 3 4 18 22
5 30 3 18 27 11
5 30 10 3 18 27
5 30 4 22 6 11
5 30 4 18 6 11
5 30 4 18 22 6
5 30 4 23 22 11
5 30 3 4 23 22
5 30 23 22 6 11
5 30 18 6 11 14
5 30 7 18 22 6
5 30 10 7 18 22
5 30 18 27 11 14
5 30 10 18 27 14
5 30 5 3 4 23
5 30 31 6 11 14
5 30 7 18 6 14
5 30 10 7 18 14
5 30 10 7 22 14
5 30 26 27 11 14
5 30 10 26 27 14
5 30 19 31 6 11
5 30 23 19 6 11
5 30 23 19 31 6
5 30 7 23 22 6
5 30 7 23 31 6
5 30 7 23 31 22
5 30 31 26 11 14
5 30 10 31 26 14
5 30 7 31 6 14
5 30 7 31 22 14
5 30 12 31 22 14
5 30 12 10 22 14
5 30 12 10 31 14
5 30 23 31 22 32
5 30 12 31 22 32
5 30 12 23 22 32
5 30 19 31 15 11
5 30 23 19 31 32
5 30 12 23 19 32
5 30 31 26 15 11
5 29 5 0 28 8
5 29 0 1 28 8
5 29 12 0 1 8
5 29 12 10 0 1
5 29 0 1 25 28
5 29 10 0 25 28
5 29 10 0 1 25
5 29 5 28 20 8
5 29 10 3 1 27
5 29 1 25 27 28
5 29 10 25 27 28
5 29 10 1 25 27
5 29 3 4 20 8
5 29 5 4 20 8
5 29 5 3 4 8
5 29 5 3 13 8
5 29 12 5 13 8
5 29 12 5 3 13
5 29 10 26 27 28
5 29 1 28 20 8
5 29 1 27 28 20
5 29 3 1 20 8
5 29 3 1 27 20
5 29 3 1 13 8
5 29 26 27 28 20
5 17 12 0 32 2
5 17 12 0 25 2
5 17 12 13 32 8
5 17 12 0 32 8
5 17 13 22 32 2
5 17 12 22 32 2
5 17 12 13 22 32
5 17 13 25 16 2
5 17 12 0 1 8
5 17 10 0 1 25
5 17 12 10 0 25
5 17 12 10 0 1
5 17 13 22 16 2
5 17 18 25 16 2
5 17 29 1 13 8
5 17 29 12 13 8
5 17 29 12 1 8
5 17 1 13 25 16
5 17 10 1 25 16
5 17 29 12 10 1
5 17 18 22 16 2
5 17 10 13 22 16
5 17 12 10 13 22
5 17 10 18 25 2
5 17 10 18 25 16
5 17 3 1 13 16
5 17 10 3 13 16
5 17 10 3 1 16
5 17 29 3 1 13
5 17 29 10 3 1
5 17 12 10 3 13
5 17 29 12 3 13
5 17 29 12 10 3
5 17 10 18 22 2
5 17 12 10 22 2
5 17 10 18 22 16
5 17 10 25 2 14
5 17 12 25 2 14
5 17 12 10 2 14
5 17 12 10 25 14
5 21 12 10 0 31
5 21 30 12 10 31
5 21 10 0 31 28
5 21 29 12 10 0
5 21 0 31 28 15
5 21 10 31 26 28
5 21 30 10 31 26
5 21 29 10 0 28
5 21 0 19 31 32
5 21 12 0 31 32
5 21 0 19 31 15
5 21 30 19 31 15
5 21 30 19 31 32
5 21 30 12 31 32
5 21 30 12 19 32
5 21 31 26 28 15
5 21 30 31 26 15
5 21 0 19 28 15
5 21 29 10 26 28
5 21 29 5 0 28
5 21 5 0 19 32
5 21 12 5 19 32
5 21 12 5 0 32
5 21 5 0 19 28
5 21 12 5 23 19
5 21 30 12 23 19
5 21 12 5 0 8
5 21 29 5 0 8
5 21 29 12 0 8
5 21 29 12 5 8
5 21 29 12 5 3
5 21 29 12 10 3
5 21 26 28 15 11
5 21 30 26 15 11
5 21 5 19 28 15
5 21 30 10 26 27
5 21 29 10 26 27
5 21 12 5 23 22
5 21 30 12 23 22
5 21 12 10 3 22
5 21 30 10 3 22
5 21 30 12 10 22
5 21 30 10 3 27
5 21 29 10 3 27
5 21 5 19 15 11
5 21 30 19 15 11
5 21 30 26 27 11
5 21 5 3 23 22
5 21 30 3 23 22
5 21 30 5 3 23
5 21 5 3 13 22
5 21 12 3 13 22
5 21 12 5 13 22
5 21 12 5 3 13
5 24 26 28 20 11
5 24 29 26 28 20
5 24 29 5 28 20
5 24 26 27 20 11
5 24 29 26 27 20
5 24 21 26 28 11
5 24 21 29 26 28
5 24 21 29 5 28
5 24 21 26 27 11
5 24 21 29 26 27
5 24 5 19 15 11
5 24 21 28 15 11
5 24 21 5 15 11
5 24 21 5 28 15
5 24 4 27 20 11
5 24 29 5 4 20
5 24 21 29 3 27
5 24 21 29 5 3
5 24 3 4 27 20
5 24 29 3 27 20
5 24 29 3 4 20
5 24 29 5 3 4
5 24 4 23 19 11
5 24 5 4 23 19
5 24 5 4 19 32
5 24 3 4 27 11
5 24 30 23 19 11
5 24 30 4 23 11
5 24 30 5 4 23
5 24 30 3 27 11
5 24 21 30 27 11
5 24 21 30 3 27
5 24 30 3 4 11
5 24 21 5 19 11
5 24 21 30 19 11
5 24 30 5 3 4
5 24 21 30 5 3
5 24 21 5 23 19
5 24 21 30 23 19
5 24 21 30 5 23
