4
26
6.73486 -7.70853 2.20853 -2.92448
2.24121 -7.16906 8.21491 0.348069
9.44087 9.45323 2.58976 9.24219
0.762424 -2.79087 7.63919 4.56977
3.81784 -4.51426 4.50897 0.941725
-9.39245 -0 -2.72349 -5.83103
-1.23668 -0 6.98362 -8.29953
-9.6512 -0 -8.82323 7.38053
2.03518 -0 -3.2296 -6.22075
4.74878 -0 6.83656 6.3566
2.46844 -0 4.79989 9.64535
9.27212 -0 -7.46177 9.17419
8.18397 -4.5539 -6.39196 -0
9.37703 -3.31739 3.38463 -0
9.37396 -4.75277 -0.0256397 -0
-2.42867 4.62578 -0.0916098 -0
-2.29821 -5.35975 -1.11953 -0
-9.0133 -2.95643 -9.03189 -0
0.9051 -5.68054 -3.8372 -0
-5.81187 0.123442 -0 6.8145
6.23526 -0.166596 -0 -7.98993
-9.03043 -6.19956 -0 1.01038
2.99296 2.28629 -0 -5.18027
-0.024893 -9.98623 -0 7.51071
3.43589 -6.80303 -0 -5.33142
7.69096 2.35261 -0 -9.39261
