4
26
6.62911 -9.47588 -6.18942 -3.05824
-9.39579 -1.29737 1.22051 3.35274
-9.91344 -2.88027 8.09063 0.712433
-4.38294 -7.89502 -2.182 -7.30017
-8.94305 -1.27942 6.4048 0.679299
-5.1607 -0 -2.00837 5.51015
3.43357 -0 0.870172 9.14036
-8.28608 -0 5.5424 5.29361
-7.1096 -0 -7.76156 6.83936
-4.5871 -0 2.31911 1.69531
-7.15338 -0 6.62666 -1.32631
-3.76216 -0 2.21737 0.304393
1.31073 -8.63839 -0 3.88051
-0.591099 -8.77797 -0 -5.69926
2.26683 -6.89245 -0 4.26352
1.8326 -9.055 -0 6.63465
-2.22844 -1.06803 -0 5.33741
-7.08673 8.65486 -0 1.501
3.63858 7.78706 -0 6.69239
0.488969 1.88252 -8.21974 -0
-2.08416 -1.30809 9.38922 -0
-6.79575 -4.55504 1.85856 -0
7.56969 -9.71237 6.05442 -0
-3.49493 8.20923 -4.78935 -0
-0.468062 -2.86689 -1.7221 -0
-4.70161 6.98275 -5.33656 -0
