4
33
7.42807 3.70415 6.56781 -8.54504
-4.31564 1.0587 -7.27898 -5.73074
7.70169 -4.36282 2.54772 -9.46844
3.53845 -1.68302 4.05194 1.46788
-4.66062 2.57729 0.655915 -9.28839
-0 9.89869 4.77382 4.90578
-0 -5.4135 -9.99073 9.04792
-0 -0.277959 -1.07945 -6.98475
-0 8.59914 -6.50893 1.85299
-0 -0.531671 -7.13421 -8.8276
-0 2.04376 7.12058 6.7987
-0 0.0122086 7.18254 -4.2911
0.498838 -0 -2.80057 -5.04103
0.365624 -0 -4.99113 7.15626
6.9914 -0 6.96091 -3.70983
2.78056 -0 -8.42934 -2.88327
-0.89619 -0 -7.92892 6.36871
8.7358 -0 -9.84134 -1.40063
4.31491 -0 8.71149 -3.57309
-0.731227 -3.9947 -0 2.66173
-2.64157 -8.15698 -0 6.14112
5.60744 8.84944 -0 -7.81571
-3.33989 1.29406 -0 -8.97235
-9.41989 4.53026 -0 2.80586
5.67041 -4.94699 -0 5.8284
-1.91897 7.60943 -0 -2.86062
7.32373 -3.6687 6.75101 -0
-5.57265 -2.12895 7.46959 -0
4.77399 0.459718 -8.22537 -0
0.945228 2.51585 -5.15008 -0
-1.55899 -2.8964 -5.73286 -0
5.81529 5.27754 8.02018 -0
3.3892 4.95878 -2.51515 -0
