4
26
6.50615 1.39146 -8.51802 -2.27339
-7.27845 7.0272 8.87839 8.41879
7.86605 -1.69873 -4.03862 4.70505
-8.57323 5.85866 1.41321 -1.53239
8.68697 1.87184 -7.54657 1.48949
-0 -5.20752 -6.67196 9.49271
-0 5.17038 9.39437 -9.57676
-0 2.13794 9.96231 -9.31149
-0 4.78404 -8.91613 -5.55229
-0 -0.488226 5.48386 4.76061
-0 -0.703619 1.34739 -7.2932
-0 9.43865 5.57824 7.15922
1.34472 0.961883 -4.77769 -0
-0.225518 3.63862 -8.18507 -0
-0.973325 5.42235 8.41665 -0
6.51658 -0.181333 -6.395 -0
2.62155 5.93663 5.23029 -0
-6.10177 -9.11528 -1.44553 -0
5.81367 0.508315 6.77986 -0
4.01739 -1.09358 -0 -9.38859
-4.98037 -5.93165 -0 3.65629
-7.47431 -0.721549 -0 -1.65397
-7.64893 0.792057 -0 -7.26511
-2.84253 7.20725 -0 -4.80204
-8.11331 3.62217 -0 -4.31118
-1.04033 -1.98275 -0 0.711256
