4
33
5.47238 6.57413 7.28554 -8.71274
5.20438 6.15188 -7.57411 -6.11738
-8.51523 9.08452 -5.05416 6.79117
0.834848 -0.473371 -6.6174 -3.83517
1.17465 -3.77976 -7.80414 -3.4138
4.06022 -5.37036 -0 -5.13221
-7.82156 -2.25035 -0 8.18005
-6.46713 2.89219 -0 9.16615
9.88392 1.52008 -0 -9.67774
-7.64503 4.00478 -0 9.52723
-0.881823 3.65745 -0 -2.21979
-5.22227 -7.75302 -0 0.734282
3.71949 5.25744 1.65956 -0
5.41286 4.05691 -7.00499 -0
-9.92088 5.5012 0.894283 -0
-8.12201 -3.58302 8.94216 -0
1.93177 4.72495 -8.3347 -0
3.71098 6.63006 -3.01084 -0
-4.05183 5.03569 -6.94982 -0
-0 -4.39191 6.2213 5.53311
-0 -6.73395 -9.42252 -9.40286
-0 -0.454103 2.83552 -2.84496
-0 1.51237 1.66482 6.71656
-0 -0.0671458 2.53256 6.86564
-0 -7.36895 -2.12007 -4.10393
-0 9.31318 -8.00951 -2.84978
-9.56395 -0 3.82424 -5.87003
-3.10804 -0 -7.2975 -4.68486
-5.1663 -0 6.1651 -9.81028
1.59775 -0 -0.317125 -8.3404
-2.8597 -0 2.33753 0.89694
-7.83932 -0 7.03537 0.471795
4.16464 -0 8.40259 9.63265
