4
33
8.63967 -8.97489 7.91436 2.07718
9.39083 -3.87692 -3.38731 -9.4669
-4.82018 -4.58341 8.98298 -4.1686
-1.68069 -8.73604 2.51938 3.58304
-6.46038 6.56327 -7.1329 9.8126
-0.731227 -3.9947 -0 2.66173
-2.64157 -8.15698 -0 6.14112
5.60744 8.84944 -0 -7.81571
-3.33989 1.29406 -0 -8.97235
-9.41989 4.53026 -0 2.80586
5.67041 -4.94699 -0 5.8284
-1.91897 7.60943 -0 -2.86062
-0 -9.67931 1.57173 -7.17926
-0 8.85267 0.454439 8.92169
-0 7.21225 -8.66233 -9.75221
-0 -6.21456 2.52736 -8.24161
-0 3.37668 9.39035 4.55081
-0 3.96962 5.82936 8.74004
-0 2.55175 -8.19313 8.23253
-5.1607 -0 -2.00837 5.51015
3.43357 -0 0.870172 9.14036
-8.28608 -0 5.5424 5.29361
-7.1096 -0 -7.76156 6.83936
-4.5871 -0 2.31911 1.69531
-7.15338 -0 6.62666 -1.32631
-3.76216 -0 2.21737 0.304393
3.71949 5.25744 1.65956 -0
5.41286 4.05691 -7.00499 -0
-9.92088 5.5012 0.894283 -0
-8.12201 -3.58302 8.94216 -0
1.93177 4.72495 -8.3347 -0
3.71098 6.63006 -3.01084 -0
-4.05183 5.03569 -6.94982 -0
