4
26
8.61826 3.32569 3.81285 -0.0481396
-1.66564 -3.75525 0.148058 -7.98399
-2.90953 -0.0851741 -9.0843 -4.74961
1.1898 -1.99784 -5.58578 5.74595
-4.07113 -4.24187 -7.28332 -7.00653
-9.56395 -0 3.82424 -5.87003
-3.10804 -0 -7.2975 -4.68486
-5.1663 -0 6.1651 -9.81028
1.59775 -0 -0.317125 -8.3404
-2.8597 -0 2.33753 0.89694
-7.83932 -0 7.03537 0.471795
4.16464 -0 8.40259 9.63265
-5.81187 0.123442 -0 6.8145
6.23526 -0.166596 -0 -7.98993
-9.03043 -6.19956 -0 1.01038
2.99296 2.28629 -0 -5.18027
-0.024893 -9.98623 -0 7.51071
3.43589 -6.80303 -0 -5.33142
7.69096 2.35261 -0 -9.39261
0.488969 1.88252 -8.21974 -0
-2.08416 -1.30809 9.38922 -0
-6.79575 -4.55504 1.85856 -0
7.56969 -9.71237 6.05442 -0
-3.49493 8.20923 -4.78935 -0
-0.468062 -2.86689 -1.7221 -0
-4.70161 6.98275 -5.33656 -0
