4
33
-4.08453 -3.02426 -1.31935 -6.78701
-4.37789 -8.68566 -8.33101 -4.06766
-5.55364 -1.88015 0.975134 7.19174
1.77835 4.43339 -9.87391 -1.72643
3.50482 -2.47114 -5.36111 5.04953
7.32373 -3.6687 6.75101 -0
-5.57265 -2.12895 7.46959 -0
4.77399 0.459718 -8.22537 -0
0.945228 2.51585 -5.15008 -0
-1.55899 -2.8964 -5.73286 -0
5.81529 5.27754 8.02018 -0
3.3892 4.95878 -2.51515 -0
-0 -5.20752 -6.67196 9.49271
-0 5.17038 9.39437 -9.57676
-0 2.13794 9.96231 -9.31149
-0 4.78404 -8.91613 -5.55229
-0 -0.488226 5.48386 4.76061
-0 -0.703619 1.34739 -7.2932
-0 9.43865 5.57824 7.15922
-9.39245 -0 -2.72349 -5.83103
-1.23668 -0 6.98362 -8.29953
-9.6512 -0 -8.82323 7.38053
2.03518 -0 -3.2296 -6.22075
4.74878 -0 6.83656 6.3566
2.46844 -0 4.79989 9.64535
9.27212 -0 -7.46177 9.17419
4.06022 -5.37036 -0 -5.13221
-7.82156 -2.25035 -0 8.18005
-6.46713 2.89219 -0 9.16615
9.88392 1.52008 -0 -9.67774
-7.64503 4.00478 -0 9.52723
-0.881823 3.65745 -0 -2.21979
-5.22227 -7.75302 -0 0.734282
