4
19
-8.01992 -1.83877 -1.51102 -7.19468
7.11092 2.74871 -6.50382 -0.620299
-5.37054 9.0291 7.33399 -3.44782
-8.27095 1.75385 -3.46547 -9.55294
-1.53166 2.31471 -9.48242 -7.92685
-0 5.77309 -7.05433 4.2065
-0 -1.79787 6.41332 4.94492
-0 7.72346 -0.484154 0.0434948
-0 0.614974 6.43461 -3.20634
-0 -1.15271 -2.7998 -0.734725
-0 -4.5485 -1.94062 0.750723
-0 -8.38946 -2.82296 2.3318
-8.72425 -0 1.91085 -7.80485
7.64005 -0 -6.65405 0.81998
-6.11005 -0 -7.2721 -3.12615
-5.34783 -0 0.436376 -8.80751
-5.06331 -0 4.16197 -6.50538
-1.01465 -0 -6.00903 9.29458
-3.87935 -0 -7.64956 7.02477
