196
5 21 9 12 4 15
5 2 5 3 14 19
5 17 3 23 12 15
5 17 21 23 12 15
5 17 9 3 12 15
5 17 5 9 3 15
5 17 5 21 9 15
5 17 5 21 9 24
5 16 3 12 1 7
5 16 22 12 1 7
5 16 22 3 14 1
5 16 17 23 12 7
5 16 17 3 23 12
5 16 5 22 14 24
5 16 5 22 3 24
5 16 5 22 3 14
5 16 2 5 14 24
5 16 2 5 3 24
5 16 2 5 3 14
5 20 21 9 4 15
5 20 5 21 9 15
5 20 21 9 24 4
5 20 5 21 9 24
5 20 5 21 19 15
5 20 5 21 14 19
5 20 22 14 4 1
5 20 5 9 3 1
5 20 22 14 24 4
5 20 5 22 14 24
5 20 22 3 14 1
5 20 5 3 14 1
5 20 5 22 3 14
5 6 20 14 19 15
5 6 20 21 19 15
5 6 20 21 14 19
5 6 5 21 14 19
5 6 2 5 14 19
5 6 2 5 21 19
5 6 2 5 14 24
5 6 2 5 21 24
5 6 20 14 24 4
5 6 20 21 24 4
5 6 22 14 24 4
5 6 16 22 14 24
5 6 20 5 14 24
5 6 20 5 21 24
5 6 20 5 21 14
5 11 17 9 3 12
5 11 9 3 12 1
5 11 16 17 3 12
5 11 16 3 12 1
5 11 16 22 12 1
5 11 16 22 3 1
5 11 9 12 4 1
5 11 20 9 3 1
5 11 20 22 3 1
5 11 16 22 12 7
5 11 16 17 12 7
5 11 16 22 3 24
5 11 16 17 3 24
5 11 17 5 3 24
5 11 17 5 9 24
5 11 17 5 9 3
5 11 12 4 1 7
5 11 22 4 1 7
5 11 22 12 1 7
5 11 20 9 4 1
5 11 20 22 4 1
5 11 16 22 24 7
5 11 16 17 24 7
5 11 20 9 24 4
5 11 20 22 24 4
5 11 21 9 24 4
5 11 17 21 9 24
5 11 21 9 12 4
5 11 20 5 9 24
5 11 20 5 9 3
5 11 5 22 3 24
5 11 20 5 22 24
5 11 20 5 22 3
5 11 21 9 12 15
5 11 17 9 12 15
5 11 17 21 12 15
5 11 17 21 9 15
5 25 21 23 19 15
5 25 17 21 23 15
5 25 3 23 19 15
5 25 17 3 23 15
5 25 5 21 19 15
5 25 17 5 21 15
5 25 2 21 23 19
5 25 5 3 19 15
5 25 17 5 3 15
5 25 2 3 23 19
5 25 17 5 21 24
5 25 17 5 3 24
5 25 16 2 3 23
5 25 16 17 3 23
5 25 2 5 21 19
5 25 2 5 21 24
5 25 6 2 21 24
5 25 2 5 3 19
5 25 2 5 3 24
5 25 16 2 3 24
5 25 16 17 3 24
5 13 3 12 1 7
5 13 8 23 12 7
5 13 16 22 14 1
5 13 16 2 3 23
5 13 2 3 14 1
5 13 16 3 14 1
5 13 16 2 3 14
5 18 25 2 21 23
5 18 25 6 2 21
5 18 25 17 21 23
5 18 17 21 23 12
5 18 25 16 17 23
5 18 25 17 21 24
5 18 25 6 21 24
5 18 25 16 2 23
5 18 13 16 2 23
5 18 25 6 2 24
5 18 8 23 12 7
5 18 17 23 12 7
5 18 25 16 17 24
5 18 25 16 2 24
5 18 13 16 2 14
5 18 16 17 24 7
5 18 16 2 14 24
5 18 6 2 14 24
5 18 6 16 14 24
5 10 16 3 1 7
5 10 13 3 1 7
5 10 13 16 3 1
5 10 16 22 1 7
5 10 13 22 1 7
5 10 13 16 22 1
5 10 13 16 3 23
5 10 16 23 12 7
5 10 16 3 12 7
5 10 16 3 23 12
5 10 13 23 12 7
5 10 13 3 12 7
5 10 13 3 23 12
5 10 18 13 16 23
5 10 16 17 23 7
5 10 18 17 23 7
5 10 18 16 17 7
5 10 18 16 17 23
5 10 13 8 23 7
5 10 18 8 23 7
5 10 18 13 8 23
5 10 18 16 24 7
5 0 18 6 21 24
5 0 18 17 24 7
5 0 18 17 21 24
5 0 11 17 24 7
5 0 11 17 21 24
5 0 6 21 24 4
5 0 11 21 24 4
5 0 18 17 12 7
5 0 18 17 21 12
5 0 10 18 24 7
5 0 10 18 8 7
5 0 18 8 12 7
5 0 11 17 12 7
5 0 11 17 21 12
5 0 6 22 24 4
5 0 11 22 4 7
5 0 11 22 24 7
5 0 11 22 24 4
5 0 11 12 4 7
5 0 11 21 12 4
5 0 6 16 22 24
5 0 18 6 16 24
5 0 16 22 24 7
5 0 10 16 24 7
5 0 10 16 22 7
5 0 10 13 8 7
5 0 10 13 22 7
5 0 22 4 1 7
5 0 10 18 16 24
5 0 10 18 13 8
5 0 18 13 8 14
5 0 13 8 1 7
5 0 13 22 1 7
5 0 6 22 14 4
5 0 10 13 16 22
5 0 10 18 13 16
5 0 6 16 22 14
5 0 13 16 22 14
5 0 18 6 16 14
5 0 18 13 16 14
5 0 13 8 14 1
5 0 22 14 4 1
5 0 13 22 14 1
