227
5 23 18 9 3 4
5 22 18 20 9 3
5 22 16 20 3 0
5 19 23 9 3 4
5 19 16 20 9 3
5 13 23 18 9 3
5 13 22 15 9 3
5 13 22 18 9 3
5 13 22 18 15 3
5 13 19 15 9 3
5 13 19 23 9 3
5 13 19 23 15 3
5 5 19 15 8 3
5 5 19 23 8 3
5 5 19 23 15 3
5 5 19 23 15 8
5 5 13 18 15 3
5 5 13 23 15 3
5 5 13 23 18 3
5 5 22 18 3 0
5 5 22 18 15 3
5 5 16 8 3 0
5 5 22 16 3 0
5 5 22 16 15 3
5 17 5 13 23 18
5 25 13 19 15 9
5 25 13 19 23 9
5 25 13 19 23 15
5 25 19 23 15 8
5 25 13 23 2 9
5 25 19 23 9 4
5 25 5 23 15 8
5 7 13 22 18 2
5 7 22 20 3 0
5 7 22 18 3 0
5 7 22 18 20 3
5 7 22 16 20 0
5 7 1 22 16 20
5 14 1 22 16 20
5 14 7 1 22 16
5 14 22 16 15 3
5 14 16 20 9 3
5 14 22 16 20 3
5 14 19 16 20 9
5 14 19 16 9 3
5 14 19 15 8 3
5 14 19 16 8 3
5 14 1 19 8 4
5 14 5 15 8 3
5 14 5 16 8 3
5 14 5 16 15 3
5 14 5 16 15 8
5 12 25 13 23 2
5 12 13 23 18 2
5 12 17 13 23 18
5 12 25 23 2 4
5 12 25 13 23 15
5 12 7 13 18 2
5 12 7 17 13 18
5 12 5 13 23 15
5 12 17 5 13 15
5 12 17 5 13 23
5 12 25 5 23 15
5 12 1 17 2 8
5 12 19 23 8 4
5 12 25 19 23 4
5 12 25 19 23 8
5 12 17 5 23 8
5 12 25 5 23 8
5 12 7 1 17 2
5 12 17 5 15 8
5 12 25 5 15 8
5 12 1 2 8 4
5 12 1 19 8 4
5 12 14 1 19 8
5 24 13 22 15 9
5 24 7 1 22 2
5 24 7 13 22 15
5 24 7 13 22 2
5 24 12 7 1 2
5 24 12 7 1 17
5 24 12 7 13 2
5 24 7 17 13 15
5 24 12 17 13 15
5 24 12 7 17 13
5 24 12 25 13 15
5 24 12 25 13 2
5 11 25 19 15 8
5 11 14 19 15 8
5 11 14 25 19 8
5 11 12 25 15 8
5 11 24 12 25 15
5 11 14 17 15 8
5 11 12 14 25 8
5 11 25 19 15 9
5 11 12 17 15 8
5 11 24 12 17 15
5 11 25 13 15 9
5 11 24 13 15 9
5 11 24 25 13 9
5 11 24 25 13 15
5 11 19 15 9 3
5 11 14 19 9 3
5 11 14 19 15 3
5 11 14 1 17 8
5 11 12 1 17 8
5 11 12 14 1 8
5 11 24 12 1 17
5 11 22 15 9 3
5 11 24 22 15 9
5 11 14 22 15 3
5 11 24 14 22 15
5 11 14 19 20 9
5 11 24 14 1 22
5 10 14 1 17 8
5 10 1 17 2 8
5 10 7 1 17 2
5 10 14 1 16 8
5 10 14 7 1 16
5 10 24 7 1 17
5 10 14 17 15 8
5 10 7 1 16 0
5 10 11 14 1 17
5 10 11 24 1 17
5 10 11 24 14 1
5 10 24 7 17 15
5 10 14 7 1 22
5 10 24 7 1 22
5 10 24 14 1 22
5 10 17 5 15 8
5 10 14 16 15 8
5 10 7 22 16 0
5 10 14 7 22 16
5 10 7 17 13 15
5 10 11 14 17 15
5 10 11 24 17 15
5 10 11 24 14 15
5 10 24 7 22 15
5 10 24 14 22 15
5 10 17 5 13 15
5 10 14 22 16 15
5 10 7 13 22 15
5 10 7 17 18 0
5 10 7 17 13 18
5 10 5 16 8 0
5 10 5 22 16 0
5 10 5 22 18 0
5 10 5 22 18 15
5 10 5 16 15 8
5 10 5 22 16 15
5 10 5 13 18 15
5 10 17 5 18 0
5 10 17 5 13 18
5 10 13 22 18 15
5 10 7 22 18 0
5 10 7 13 22 18
5 6 11 24 22 9
5 6 11 24 1 22
5 6 24 13 22 9
5 6 24 13 22 2
5 6 24 1 22 2
5 6 1 20 2 9
5 6 22 20 9 3
5 6 11 22 9 3
5 6 14 1 22 20
5 6 11 14 1 20
5 6 11 14 1 22
5 6 13 18 2 9
5 6 13 22 18 9
5 6 13 22 18 2
5 6 7 20 2 9
5 6 7 1 20 2
5 6 7 1 22 2
5 6 7 1 22 20
5 6 14 20 9 3
5 6 11 14 9 3
5 6 11 14 20 9
5 6 14 22 20 3
5 6 11 14 22 3
5 6 7 18 2 9
5 6 7 22 18 2
5 6 22 18 20 9
5 6 7 18 20 9
5 6 7 22 18 20
5 21 11 14 25 19
5 21 11 12 14 25
5 21 14 25 19 8
5 21 12 25 19 8
5 21 12 14 19 8
5 21 12 14 25 8
5 21 12 14 1 19
5 21 11 12 14 1
5 21 12 1 19 4
5 21 12 25 19 4
5 21 11 24 12 1
5 21 11 24 12 25
5 21 14 1 19 20
5 21 11 14 19 20
5 21 11 14 1 20
5 21 12 1 2 4
5 21 12 25 2 4
5 21 6 11 1 20
5 21 11 25 19 9
5 21 6 11 24 1
5 21 24 12 1 2
5 21 24 12 25 2
5 21 25 19 9 4
5 21 6 1 20 9
5 21 11 19 20 9
5 21 6 11 20 9
5 21 11 24 25 9
5 21 6 11 24 9
5 21 6 24 1 2
5 21 19 20 9 4
5 21 1 19 20 4
5 21 6 1 2 9
5 21 1 20 2 9
5 21 23 2 9 4
5 21 25 23 9 4
5 21 25 23 2 4
5 21 25 23 2 9
5 21 25 13 2 9
5 21 24 25 13 9
5 21 24 25 13 2
5 21 6 13 2 9
5 21 6 24 13 9
5 21 6 24 13 2
