287
5 19 27 8 23 28
5 19 8 3 12 28
5 19 27 8 3 12
5 24 8 13 12 28
5 24 13 12 28 14
5 24 31 12 28 14
5 24 8 3 12 28
5 24 31 3 12 28
5 24 8 3 4 12
5 24 31 3 4 12
5 29 31 3 4 12
5 29 31 26 3 4
5 11 7 21 5 14
5 11 7 13 5 14
5 11 27 7 12 5
5 9 19 27 23 28
5 9 11 13 5 14
5 9 11 19 27 12
5 9 11 19 27 21
5 9 8 13 12 28
5 9 19 8 12 28
5 9 19 27 8 28
5 9 19 27 8 12
5 20 24 8 4 12
5 20 24 8 13 12
5 20 2 7 13 10
5 20 24 13 12 14
5 20 29 7 10 14
5 20 29 31 12 14
5 20 29 31 4 14
5 20 29 31 4 12
5 20 11 13 12 14
5 20 24 31 12 14
5 20 24 31 4 14
5 20 24 31 4 12
5 20 11 13 12 5
5 20 11 7 12 5
5 20 11 7 13 5
5 20 11 7 13 14
5 20 29 7 21 12
5 20 11 7 21 12
5 20 29 21 12 14
5 20 11 21 12 14
5 20 29 7 21 14
5 20 11 7 21 14
5 1 7 21 5 14
5 1 29 7 21 14
5 1 9 19 27 21
5 1 19 27 21 17
5 1 11 7 21 5
5 1 11 27 7 5
5 1 9 11 21 5
5 1 9 11 27 5
5 1 9 11 27 21
5 1 11 7 21 12
5 1 11 27 21 12
5 1 11 27 7 12
5 22 24 8 3 4
5 22 2 8 23 28
5 22 24 31 3 4
5 22 24 8 3 28
5 22 26 3 23 4
5 22 31 26 23 4
5 22 31 26 3 4
5 22 24 31 26 23
5 22 19 8 23 28
5 22 19 8 3 28
5 22 19 27 8 23
5 22 19 27 8 3
5 30 29 3 4 12
5 30 26 3 23 4
5 30 19 27 21 17
5 30 19 27 21 12
5 30 19 27 3 12
5 30 1 27 21 17
5 30 1 27 21 12
5 30 29 7 21 12
5 30 1 7 21 12
5 30 1 29 7 21
5 30 27 8 3 12
5 30 1 27 7 12
5 30 20 29 4 10
5 30 20 29 4 12
5 30 22 27 3 23
5 30 22 27 8 3
5 30 20 7 12 10
5 30 20 29 7 10
5 30 20 29 7 12
5 16 9 8 13 12
5 16 9 8 13 28
5 16 20 13 12 5
5 16 20 8 13 12
5 16 11 13 12 5
5 16 9 11 13 5
5 16 9 11 13 12
5 16 9 27 8 12
5 16 2 8 23 28
5 16 20 7 12 5
5 16 2 7 13 5
5 16 20 7 13 5
5 16 20 2 7 13
5 16 27 7 12 5
5 16 2 27 7 5
5 16 11 27 12 5
5 16 9 11 27 5
5 16 9 11 27 12
5 16 27 8 23 28
5 16 9 27 23 28
5 16 9 27 8 28
5 16 20 7 12 10
5 16 20 2 12 10
5 16 20 2 7 10
5 6 11 21 5 14
5 6 9 11 5 14
5 6 9 11 21 5
5 6 11 21 12 14
5 6 11 13 12 14
5 6 9 11 13 14
5 6 9 11 13 12
5 6 9 11 19 12
5 6 9 11 19 21
5 6 13 12 28 14
5 6 9 13 28 14
5 6 9 13 12 28
5 6 19 27 21 12
5 6 11 27 21 12
5 6 11 19 27 12
5 6 11 19 27 21
5 6 29 21 12 14
5 6 29 31 12 14
5 6 31 12 28 14
5 6 31 19 28 14
5 6 9 19 12 28
5 6 29 31 3 12
5 6 19 3 12 28
5 6 31 3 12 28
5 6 31 19 3 28
5 15 2 27 7 5
5 15 1 27 7 5
5 15 1 2 7 5
5 15 30 1 27 7
5 15 1 2 7 10
5 15 30 1 7 10
5 15 30 1 27 17
5 15 16 2 27 5
5 15 16 9 27 5
5 15 16 9 27 23
5 15 30 27 23 17
5 15 19 27 23 17
5 15 1 19 27 17
5 15 16 2 7 10
5 15 16 2 27 7
5 15 30 7 12 10
5 15 30 27 7 12
5 15 16 27 8 23
5 15 16 2 8 23
5 15 30 22 27 23
5 15 16 7 12 10
5 15 16 27 7 12
5 15 16 2 12 10
5 15 30 27 8 12
5 15 22 27 8 23
5 15 22 2 8 23
5 15 16 27 8 12
5 15 30 22 27 8
5 32 22 19 23 28
5 32 19 26 3 17
5 32 31 19 3 28
5 32 31 19 26 3
5 32 22 24 23 28
5 32 22 24 26 23
5 32 22 19 3 28
5 32 22 26 3 23
5 32 30 26 23 17
5 32 30 26 3 17
5 32 30 26 3 23
5 32 19 27 23 17
5 32 22 31 26 3
5 32 22 24 31 26
5 32 22 27 3 23
5 32 22 19 27 23
5 32 22 19 27 3
5 32 30 27 23 17
5 32 30 27 3 23
5 32 30 19 3 17
5 32 30 19 27 17
5 32 30 19 27 3
5 32 24 31 3 28
5 32 22 24 3 28
5 32 22 24 31 3
5 0 15 2 23 10
5 0 30 26 23 17
5 0 32 26 23 17
5 0 15 30 23 17
5 0 15 30 23 10
5 0 30 23 4 10
5 0 30 26 23 4
5 0 15 30 1 17
5 0 15 30 1 10
5 0 29 31 26 3
5 0 30 29 4 10
5 0 30 1 21 17
5 0 30 1 29 21
5 0 1 29 7 10
5 0 30 29 7 10
5 0 30 1 7 10
5 0 30 1 29 7
5 0 29 26 3 4
5 0 30 26 3 4
5 0 30 29 3 4
5 25 20 24 8 4
5 25 16 2 8 28
5 25 16 20 8 12
5 25 16 20 2 12
5 25 20 24 8 13
5 25 16 20 8 13
5 25 20 24 2 13
5 25 16 20 2 13
5 25 22 24 8 4
5 25 22 2 8 28
5 25 22 24 8 28
5 25 24 8 13 28
5 25 16 8 13 28
5 25 24 2 13 28
5 25 16 2 13 28
5 25 20 2 12 10
5 25 15 16 8 12
5 25 15 16 2 12
5 25 15 16 2 8
5 25 15 22 2 8
5 25 20 8 4 12
5 25 15 2 12 10
5 25 15 30 22 8
5 25 15 22 2 23
5 25 15 2 23 10
5 25 30 20 12 10
5 25 30 20 4 10
5 25 30 20 4 12
5 25 22 8 3 4
5 25 30 22 8 3
5 25 15 30 8 12
5 25 15 30 22 23
5 25 15 30 12 10
5 25 30 23 4 10
5 25 15 30 23 10
5 25 8 3 4 12
5 25 30 3 4 12
5 25 30 8 3 12
5 25 22 3 23 4
5 25 30 3 23 4
5 25 30 22 3 23
5 18 1 29 21 14
5 18 0 1 29 14
5 18 0 1 29 21
5 18 6 29 21 14
5 18 6 29 31 14
5 18 0 29 31 14
5 18 6 29 31 3
5 18 0 29 31 3
5 18 6 29 21 12
5 18 6 29 3 12
5 18 0 30 29 21
5 18 0 30 29 3
5 18 1 19 21 17
5 18 0 1 21 17
5 18 0 1 19 17
5 18 31 19 26 14
5 18 6 31 19 14
5 18 0 31 26 3
5 18 30 29 21 12
5 18 30 29 3 12
5 18 0 30 21 17
5 18 30 19 21 17
5 18 31 19 26 3
5 18 6 31 19 3
5 18 30 19 21 12
5 18 6 19 21 12
5 18 30 19 3 12
5 18 6 19 3 12
5 18 30 19 3 17
5 18 32 19 26 17
5 18 0 32 26 17
5 18 0 32 19 17
5 18 19 26 3 17
5 18 30 26 3 17
5 18 0 30 26 17
5 18 0 30 26 3
