188
5 5 19 14 9 22
5 2 7 17 23 13
5 20 17 23 13 6
5 20 2 17 23 13
5 20 2 25 14 23
5 20 2 21 23 13
5 20 2 21 25 23
5 3 17 23 13 6
5 3 7 17 23 13
5 0 3 7 13 6
5 0 3 19 7 6
5 0 5 21 13 22
5 0 8 21 13 22
5 11 20 21 25 10
5 11 20 21 25 23
5 11 15 25 14 10
5 11 15 14 10 22
5 11 15 8 10 22
5 4 3 5 19 7
5 4 5 19 14 9
5 4 5 19 7 14
5 4 20 2 17 23
5 4 3 20 17 23
5 4 2 7 17 13
5 4 3 7 17 13
5 4 3 5 7 13
5 4 2 7 17 23
5 4 3 7 17 23
5 4 20 2 14 23
5 18 0 7 13 6
5 18 3 23 13 6
5 18 3 7 13 6
5 18 3 7 23 6
5 18 3 7 23 13
5 18 20 23 13 6
5 18 20 10 13 6
5 18 15 20 23 6
5 18 15 20 10 6
5 18 11 8 10 13
5 18 15 20 25 23
5 18 20 21 23 13
5 18 11 20 21 23
5 18 11 20 25 23
5 18 15 20 25 10
5 18 20 21 10 13
5 18 11 21 10 13
5 18 11 20 21 10
5 18 11 20 25 10
5 18 11 15 25 10
5 18 11 15 8 10
5 18 11 15 8 25
5 1 15 20 23 6
5 1 15 20 25 23
5 1 20 25 14 23
5 1 3 7 23 6
5 1 3 19 7 6
5 1 20 17 23 6
5 1 3 17 23 6
5 1 3 20 17 23
5 1 20 19 17 6
5 1 3 19 17 6
5 1 4 3 20 23
5 1 4 20 14 23
5 1 0 19 7 6
5 1 15 0 19 6
5 1 4 3 19 7
5 1 4 3 19 17
5 1 4 3 20 17
5 1 15 19 14 22
5 16 2 7 23 13
5 16 18 7 23 13
5 16 2 21 23 13
5 16 18 11 8 13
5 16 11 8 21 13
5 16 18 0 7 13
5 16 18 0 8 13
5 16 4 2 7 23
5 16 2 21 14 9
5 16 2 5 21 9
5 16 18 21 23 13
5 16 18 11 21 13
5 16 18 11 21 23
5 16 2 5 21 13
5 16 0 8 21 13
5 16 11 15 14 22
5 16 0 5 7 13
5 16 0 5 21 13
5 16 0 5 21 22
5 16 0 8 21 22
5 16 11 8 21 22
5 16 4 2 14 9
5 16 4 2 14 23
5 16 4 5 7 9
5 16 4 2 5 9
5 16 2 25 14 23
5 16 2 21 25 23
5 16 2 21 25 14
5 16 21 14 9 22
5 16 11 21 25 23
5 16 5 21 9 22
5 16 4 5 7 13
5 16 4 2 7 13
5 16 4 2 5 13
5 16 5 14 9 22
5 16 21 14 10 22
5 16 11 14 10 22
5 16 11 21 10 22
5 16 21 25 14 10
5 16 11 25 14 10
5 16 11 21 25 10
5 12 18 15 0 8
5 12 18 15 25 23
5 12 18 15 8 25
5 12 18 15 23 6
5 12 18 15 0 6
5 12 15 0 8 22
5 12 16 0 8 22
5 12 16 18 7 23
5 12 18 7 23 6
5 12 18 0 7 6
5 12 16 18 0 7
5 12 16 18 0 8
5 12 11 15 8 25
5 12 18 11 25 23
5 12 18 11 8 25
5 12 16 18 11 23
5 12 16 18 11 8
5 12 16 11 25 23
5 12 11 15 8 22
5 12 16 11 8 22
5 12 16 11 15 22
5 24 12 15 0 22
5 24 1 15 14 22
5 24 12 16 0 22
5 24 16 15 14 22
5 24 12 16 15 22
5 24 15 0 19 22
5 24 1 15 19 22
5 24 1 15 0 19
5 24 12 16 0 7
5 24 1 15 0 6
5 24 12 15 0 6
5 24 1 19 14 22
5 24 0 19 7 22
5 24 1 0 19 7
5 24 16 5 14 22
5 24 0 5 7 22
5 24 16 0 5 22
5 24 16 0 5 7
5 24 12 16 7 23
5 24 11 15 25 14
5 24 16 11 25 14
5 24 16 11 15 14
5 24 12 15 25 23
5 24 16 25 14 23
5 24 12 16 25 23
5 24 12 11 15 25
5 24 12 16 11 25
5 24 12 16 11 15
5 24 1 0 7 6
5 24 12 0 7 6
5 24 1 25 14 23
5 24 1 15 25 23
5 24 1 15 25 14
5 24 1 15 23 6
5 24 12 15 23 6
5 24 5 19 14 22
5 24 5 19 7 22
5 24 5 19 7 14
5 24 4 19 7 14
5 24 1 4 19 14
5 24 1 4 19 7
5 24 16 5 14 9
5 24 16 5 7 9
5 24 16 4 14 23
5 24 16 4 7 23
5 24 1 4 14 23
5 24 1 7 23 6
5 24 12 7 23 6
5 24 4 5 14 9
5 24 4 5 7 9
5 24 4 5 7 14
5 24 16 4 14 9
5 24 16 4 7 9
5 24 4 3 7 23
5 24 1 3 7 23
5 24 1 4 3 23
5 24 1 4 3 7
