329
5 0 27 7 32 1
5 0 27 7 11 1
5 29 16 19 11 10
5 15 24 13 22 10
5 15 13 11 1 10
5 15 16 13 11 10
5 15 24 16 13 10
5 20 29 19 11 10
5 20 0 7 11 1
5 20 29 0 7 11
5 8 17 0 27 22
5 8 15 24 22 10
5 8 15 17 24 22
5 8 20 24 29 0
5 8 17 0 27 32
5 8 15 17 24 23
5 12 24 13 22 10
5 12 20 13 22 10
5 12 20 24 22 10
5 12 24 16 13 10
5 12 29 16 19 11
5 12 20 29 19 11
5 12 15 24 13 22
5 12 15 16 13 2
5 12 15 24 16 2
5 12 15 24 16 13
5 12 16 19 11 10
5 12 20 19 11 10
5 12 30 29 19 2
5 3 12 20 29 22
5 3 12 20 29 19
5 3 12 20 24 22
5 3 20 29 19 10
5 3 12 20 19 10
5 3 12 20 24 10
5 3 8 24 29 10
5 3 12 16 19 10
5 3 12 24 16 10
5 3 12 16 19 2
5 3 12 24 16 2
5 26 30 29 19 2
5 26 12 30 29 19
5 14 17 27 32 1
5 14 30 17 32 1
5 14 8 17 27 32
5 14 15 17 27 1
5 14 15 17 23 1
5 14 17 24 23 2
5 14 8 17 24 23
5 14 8 15 17 23
5 21 15 17 23 1
5 21 14 17 23 1
5 21 14 30 23 1
5 21 14 30 17 1
5 21 14 17 23 2
5 21 15 17 24 22
5 21 15 17 24 23
5 21 12 15 24 22
5 21 12 15 13 22
5 21 12 15 13 2
5 21 15 24 23 2
5 21 12 15 24 2
5 21 3 12 24 2
5 25 8 20 0 22
5 25 8 0 27 22
5 25 20 24 22 10
5 25 8 24 22 10
5 25 8 20 24 22
5 25 8 20 29 0
5 25 0 27 22 1
5 25 20 0 22 1
5 25 8 24 29 10
5 25 8 20 24 29
5 25 20 29 11 10
5 25 20 29 0 11
5 25 20 13 22 10
5 25 20 13 22 1
5 25 0 27 11 1
5 25 20 0 11 1
5 25 3 24 29 10
5 25 3 20 29 10
5 25 3 20 24 10
5 25 3 20 24 29
5 25 15 13 22 10
5 25 15 13 22 1
5 25 13 11 1 10
5 25 20 13 11 10
5 25 20 13 11 1
5 5 12 20 13 22
5 5 20 13 22 1
5 5 20 0 22 1
5 5 12 20 29 22
5 5 21 30 17 1
5 5 30 0 32 1
5 5 20 0 7 1
5 5 26 20 29 0
5 5 26 30 0 32
5 5 15 17 22 1
5 5 21 15 17 1
5 5 21 15 17 22
5 5 30 17 32 1
5 5 26 30 17 32
5 5 0 27 32 1
5 5 17 27 32 1
5 5 17 0 27 32
5 5 0 27 22 1
5 5 17 27 22 1
5 5 17 0 27 22
5 31 8 15 24 10
5 31 14 15 27 1
5 31 14 15 17 27
5 31 14 8 17 27
5 31 14 8 15 17
5 31 15 11 1 10
5 31 8 15 22 10
5 31 25 15 22 10
5 31 25 8 22 10
5 31 25 8 27 22
5 31 8 17 27 22
5 31 8 15 17 22
5 31 25 11 1 10
5 31 25 27 11 1
5 31 15 13 1 10
5 31 25 13 1 10
5 31 25 15 13 10
5 31 25 15 13 1
5 31 25 27 22 1
5 31 25 15 22 1
5 31 17 27 22 1
5 31 15 17 22 1
5 31 15 17 27 1
5 28 5 20 13 7
5 28 5 12 20 13
5 28 12 16 13 2
5 28 12 30 29 2
5 28 20 13 7 11
5 28 5 20 29 7
5 28 5 12 20 29
5 28 26 12 30 29
5 28 5 26 12 29
5 28 5 26 12 30
5 28 12 16 19 2
5 28 16 13 7 11
5 28 12 29 19 2
5 28 20 29 7 11
5 28 12 20 29 11
5 28 20 13 11 10
5 28 12 20 11 10
5 28 12 20 13 10
5 28 12 29 16 19
5 28 12 29 16 11
5 28 16 13 11 10
5 28 12 16 11 10
5 28 12 16 13 10
5 4 5 21 30 1
5 4 5 30 7 1
5 4 5 21 15 1
5 4 5 21 12 30
5 4 15 13 7 1
5 4 5 20 7 1
5 4 5 20 13 1
5 4 5 20 13 7
5 4 28 5 13 7
5 4 28 5 30 7
5 4 15 13 22 1
5 4 5 13 22 1
5 4 5 15 22 1
5 4 21 15 13 22
5 4 5 21 15 22
5 4 21 12 13 2
5 4 21 12 30 2
5 4 28 5 12 13
5 4 28 5 12 30
5 4 21 12 13 22
5 4 5 12 13 22
5 4 5 21 12 22
5 4 15 23 7 1
5 4 21 23 7 1
5 4 21 15 23 1
5 4 21 15 13 2
5 4 28 30 7 2
5 4 13 7 11 1
5 4 20 7 11 1
5 4 20 13 11 1
5 4 20 13 7 11
5 4 28 12 13 2
5 4 28 12 30 2
5 4 15 23 7 2
5 4 21 23 7 2
5 4 21 15 23 2
5 4 15 16 7 2
5 4 15 16 13 2
5 4 15 16 13 7
5 4 28 16 7 2
5 4 28 16 13 2
5 4 28 16 13 7
5 18 5 26 30 17
5 18 5 21 30 17
5 18 26 30 19 2
5 18 26 12 30 19
5 18 5 26 12 30
5 18 5 21 12 30
5 18 26 29 19 2
5 18 12 30 19 2
5 18 21 12 30 2
5 18 5 21 17 22
5 18 26 12 29 19
5 18 5 26 12 29
5 18 3 24 19 2
5 18 3 12 19 2
5 18 21 3 12 2
5 18 21 3 24 2
5 18 3 24 29 19
5 18 5 21 12 22
5 18 21 17 24 22
5 18 5 12 29 22
5 18 17 24 23 2
5 18 21 24 23 2
5 18 21 17 23 2
5 18 21 17 24 23
5 18 3 12 29 22
5 18 3 12 29 19
5 18 8 17 24 22
5 18 3 12 24 22
5 18 21 12 24 22
5 18 21 3 12 24
5 18 14 17 24 2
5 18 14 8 17 24
5 18 3 20 29 22
5 18 3 20 24 22
5 18 3 20 24 29
5 18 5 26 29 0
5 18 8 24 29 0
5 18 20 24 29 0
5 18 8 20 0 22
5 18 8 20 24 22
5 18 8 20 24 0
5 18 5 20 0 22
5 18 5 20 29 22
5 18 5 20 29 0
5 6 5 26 30 0
5 6 26 30 0 32
5 6 5 0 7 1
5 6 5 30 7 1
5 6 5 30 0 1
5 6 5 20 0 7
5 6 5 26 20 0
5 6 0 7 32 1
5 6 30 0 32 1
5 6 26 29 0 32
5 6 20 29 0 7
5 6 26 20 29 0
5 6 5 20 29 7
5 6 5 26 20 29
5 6 26 30 29 2
5 6 28 5 29 7
5 6 28 5 30 7
5 6 28 26 30 29
5 6 28 5 26 29
5 6 28 5 26 30
5 6 14 30 32 1
5 6 28 29 7 2
5 6 28 30 7 2
5 6 28 30 29 2
5 6 27 7 32 1
5 6 14 27 32 1
5 6 14 23 7 1
5 6 14 30 23 1
5 6 18 26 29 2
5 6 18 26 30 2
5 6 14 30 17 32
5 6 21 23 7 1
5 6 21 30 23 1
5 6 21 14 30 23
5 6 4 30 7 2
5 6 4 21 7 2
5 6 4 21 30 2
5 6 14 23 7 2
5 6 21 23 7 2
5 6 21 14 23 2
5 6 4 30 7 1
5 6 4 21 7 1
5 6 4 21 30 1
5 6 21 14 30 17
5 9 6 21 14 17
5 9 21 14 17 2
5 9 18 14 17 2
5 9 18 21 17 2
5 9 6 14 17 32
5 9 18 21 30 17
5 9 6 21 30 17
5 9 6 21 14 2
5 9 14 8 17 32
5 9 18 14 8 17
5 9 18 26 30 17
5 9 6 18 26 30
5 9 18 21 30 2
5 9 6 21 30 2
5 9 6 18 30 2
5 9 8 17 0 32
5 9 5 26 17 32
5 9 18 5 26 17
5 9 26 30 17 32
5 9 6 30 17 32
5 9 6 26 30 32
5 9 6 26 29 32
5 9 6 18 26 29
5 9 6 18 29 2
5 9 5 17 0 32
5 9 8 29 0 32
5 9 18 8 29 0
5 9 8 17 0 22
5 9 18 8 0 22
5 9 18 8 17 22
5 9 5 26 0 32
5 9 18 5 26 0
5 9 26 29 0 32
5 9 18 26 29 0
5 9 5 17 0 22
5 9 18 5 0 22
5 9 18 5 17 22
5 9 18 29 19 2
5 9 14 8 24 2
5 9 18 14 24 2
5 9 18 14 8 24
5 9 18 24 19 2
5 9 8 24 29 19
5 9 18 24 29 19
5 9 18 8 24 29
