217
5 4 22 0 24 11
5 4 14 3 24 11
5 5 22 0 24 11
5 5 4 22 0 11
5 15 14 3 24 11
5 15 4 22 3 11
5 19 15 3 24 2
5 19 15 14 3 2
5 19 15 14 3 24
5 19 4 14 3 24
5 6 15 5 22 13
5 8 19 4 3 24
5 8 4 3 24 1
5 8 3 24 2 1
5 20 6 17 13 23
5 20 6 5 22 0
5 25 20 8 0 23
5 25 8 4 0 23
5 25 8 4 0 24
5 25 20 5 0 23
5 25 19 4 14 23
5 25 19 4 14 24
5 25 8 19 4 24
5 25 4 0 11 23
5 25 4 14 11 23
5 25 4 0 24 11
5 25 4 14 24 11
5 25 20 6 5 23
5 25 5 0 11 23
5 25 5 14 11 23
5 25 5 0 24 11
5 25 5 14 24 11
5 10 8 4 3 1
5 10 8 4 0 1
5 10 8 3 2 1
5 10 8 4 0 23
5 10 8 19 4 3
5 10 19 3 24 2
5 10 8 3 24 2
5 10 8 19 3 24
5 10 25 19 4 23
5 10 25 8 4 23
5 10 25 8 19 23
5 10 25 8 19 4
5 10 9 19 24 2
5 10 9 8 24 2
5 10 9 8 19 24
5 7 20 6 22 0
5 7 6 22 0 13
5 7 20 6 0 13
5 7 20 6 17 13
5 7 9 6 17 13
5 7 5 22 0 24
5 7 20 5 22 0
5 7 20 6 5 22
5 7 25 5 0 24
5 7 25 20 5 0
5 7 25 8 0 24
5 7 25 20 8 0
5 7 25 20 6 5
5 16 10 9 8 19
5 16 10 8 19 23
5 16 10 9 17 2
5 16 10 9 19 2
5 16 25 8 19 23
5 16 25 20 8 23
5 16 7 20 17 0
5 16 7 20 8 0
5 16 7 25 20 8
5 16 7 25 9 20
5 16 9 8 19 24
5 16 25 8 19 24
5 16 25 9 19 24
5 16 20 17 0 23
5 16 10 17 0 23
5 16 20 8 0 23
5 16 10 8 0 23
5 16 10 8 17 0
5 16 7 9 8 24
5 16 7 25 8 24
5 16 7 25 9 24
5 12 7 22 0 13
5 12 20 17 0 13
5 12 7 20 0 13
5 12 7 20 17 13
5 12 7 20 17 0
5 12 7 9 17 13
5 12 16 8 17 0
5 12 16 7 17 0
5 12 17 13 2 1
5 12 9 17 13 2
5 12 4 22 0 1
5 12 8 4 0 1
5 12 8 4 22 1
5 12 8 4 22 0
5 12 10 17 0 1
5 12 10 8 0 1
5 12 10 8 17 0
5 12 15 13 2 1
5 12 15 22 2 1
5 12 15 22 13 1
5 12 10 17 2 1
5 12 10 9 17 2
5 12 16 10 8 17
5 12 16 10 9 17
5 18 7 9 6 24
5 18 7 25 9 24
5 18 25 9 19 24
5 18 7 6 5 24
5 18 7 25 5 24
5 18 7 25 6 5
5 18 25 19 14 24
5 18 25 5 14 24
5 18 25 20 6 23
5 18 7 25 20 6
5 18 7 25 9 20
5 18 19 15 14 24
5 18 9 6 15 24
5 18 25 19 14 23
5 18 16 25 19 23
5 18 16 25 9 19
5 18 6 15 5 24
5 18 6 15 5 14
5 18 6 5 14 23
5 18 25 5 14 23
5 18 25 6 5 23
5 18 16 7 9 20
5 18 16 25 20 23
5 18 16 25 9 20
5 18 19 15 24 2
5 18 9 15 24 2
5 18 9 19 24 2
5 18 16 19 17 23
5 18 5 14 24 11
5 18 15 14 24 11
5 18 15 5 24 11
5 18 15 5 14 11
5 18 20 6 17 23
5 18 16 20 17 23
5 18 7 20 6 17
5 18 16 7 20 17
5 18 7 9 6 17
5 18 16 7 9 17
5 18 19 15 14 2
5 18 9 15 13 2
5 18 9 6 15 13
5 18 6 17 13 23
5 18 16 19 17 2
5 18 16 9 17 2
5 18 16 9 19 2
5 18 9 17 13 2
5 18 9 6 17 13
5 21 12 7 22 13
5 21 12 7 9 13
5 21 7 6 22 13
5 21 7 9 6 13
5 21 12 15 22 13
5 21 6 15 22 13
5 21 9 6 15 13
5 21 7 9 6 24
5 21 9 15 13 2
5 21 12 15 13 2
5 21 12 9 13 2
5 21 12 15 22 2
5 21 7 9 8 24
5 21 9 6 15 24
5 21 9 15 24 2
5 21 12 22 2 1
5 21 7 22 0 24
5 21 7 8 0 24
5 21 12 8 22 1
5 21 12 8 22 0
5 21 12 7 22 0
5 21 16 7 9 8
5 21 7 5 22 24
5 21 6 15 5 24
5 21 7 6 5 24
5 21 6 15 5 22
5 21 7 6 5 22
5 21 15 22 2 1
5 21 8 24 2 1
5 21 9 8 24 2
5 21 12 10 2 1
5 21 12 10 9 2
5 21 4 22 0 24
5 21 8 4 0 24
5 21 8 4 22 0
5 21 8 4 24 1
5 21 8 4 22 1
5 21 16 7 8 0
5 21 12 16 8 0
5 21 12 16 7 0
5 21 12 10 8 1
5 21 16 10 9 8
5 21 12 16 10 8
5 21 12 16 10 9
5 21 16 7 9 17
5 21 12 7 9 17
5 21 12 16 9 17
5 21 12 16 7 17
5 21 5 22 24 11
5 21 15 5 24 11
5 21 15 5 22 11
5 21 3 24 2 1
5 21 15 3 2 1
5 21 15 3 24 2
5 21 15 22 3 1
5 21 10 8 2 1
5 21 10 9 8 2
5 21 4 3 24 1
5 21 4 22 3 1
5 21 4 22 24 11
5 21 15 4 22 11
5 21 15 4 22 3
5 21 4 3 24 11
5 21 15 3 24 11
5 21 15 4 3 11
