224
5 5 15 10 7 2
5 17 4 14 10 8
5 17 14 15 1 2
5 17 14 15 10 2
5 17 5 15 10 2
5 17 5 14 15 10
5 22 3 15 18 1
5 22 13 15 18 1
5 22 13 3 15 1
5 22 13 18 7 20
5 22 13 3 15 20
5 16 13 18 7 20
5 16 13 15 18 7
5 16 5 15 7 2
5 16 22 13 18 20
5 16 22 13 15 20
5 16 22 13 15 18
5 16 22 3 15 20
5 16 22 3 15 18
5 16 14 15 1 2
5 16 3 15 18 1
5 16 17 15 1 2
5 23 17 6 24 8
5 23 3 6 24 8
5 23 3 6 1 8
5 23 17 5 15 2
5 23 17 14 15 1
5 23 17 5 14 15
5 23 5 14 15 10
5 23 17 5 10 2
5 23 17 5 14 10
5 23 16 5 15 2
5 23 17 14 10 8
5 23 5 10 7 2
5 23 5 10 24 7
5 9 4 14 10 8
5 9 23 14 10 8
5 9 23 14 15 1
5 9 23 14 15 10
5 9 22 13 3 1
5 9 17 14 1 8
5 9 23 17 1 8
5 9 23 17 14 8
5 9 23 17 14 1
5 9 13 3 15 1
5 0 9 22 13 4
5 0 5 10 24 7
5 0 9 13 4 10
5 0 22 4 18 7
5 0 22 13 18 7
5 0 9 22 13 18
5 0 5 15 10 7
5 0 13 5 15 7
5 0 13 5 15 10
5 0 9 4 14 10
5 0 13 15 18 7
5 0 9 14 15 10
5 0 9 13 15 10
5 0 15 10 7 2
5 0 14 15 10 2
5 0 16 15 7 2
5 0 16 14 7 2
5 0 16 14 15 2
5 0 16 14 15 7
5 19 0 5 24 7
5 19 0 13 5 7
5 19 0 5 10 24
5 19 0 13 5 10
5 19 0 13 4 10
5 19 23 5 10 24
5 19 22 4 8 20
5 19 9 13 4 10
5 19 6 24 8 20
5 19 3 6 8 20
5 19 3 6 24 8
5 19 22 13 3 20
5 19 13 5 15 10
5 19 9 13 15 10
5 19 23 5 15 10
5 19 9 23 15 10
5 19 9 22 4 8
5 19 9 22 13 4
5 19 9 22 13 3
5 19 23 3 24 8
5 19 4 10 24 8
5 19 23 10 24 8
5 19 9 4 10 8
5 19 9 23 10 8
5 19 23 3 1 8
5 19 9 3 1 8
5 19 9 23 1 8
5 19 9 23 3 1
5 21 17 4 14 10
5 21 0 9 4 14
5 21 0 22 4 18
5 21 0 9 22 18
5 21 0 9 22 4
5 21 0 4 18 10
5 21 0 4 14 10
5 21 17 14 10 2
5 21 22 13 18 1
5 21 9 22 13 1
5 21 9 22 13 18
5 21 0 9 14 15
5 21 17 14 1 2
5 21 16 14 1 2
5 21 16 17 1 2
5 21 0 14 10 2
5 21 22 3 18 1
5 21 16 3 18 1
5 21 16 15 18 1
5 21 16 14 15 1
5 21 9 14 15 1
5 21 13 15 18 1
5 21 9 13 15 1
5 21 0 15 18 7
5 21 0 14 15 7
5 21 0 13 15 18
5 21 0 9 13 18
5 21 0 9 13 15
5 21 16 18 7 2
5 21 16 14 7 2
5 21 18 10 7 2
5 21 0 10 7 2
5 21 0 18 10 7
5 21 0 14 7 2
5 21 16 15 18 7
5 21 16 14 15 7
5 25 22 3 6 20
5 25 16 22 3 20
5 25 16 3 15 1
5 25 16 22 18 20
5 25 23 3 6 1
5 25 16 17 15 1
5 25 21 16 3 1
5 25 21 22 3 1
5 25 16 22 3 18
5 25 21 22 3 18
5 25 21 16 3 18
5 25 21 16 17 1
5 25 23 6 1 8
5 25 23 17 1 8
5 25 23 17 6 8
5 25 21 16 17 2
5 25 16 17 15 2
5 25 23 16 6 2
5 12 25 23 3 6
5 12 23 3 6 24
5 12 25 3 6 20
5 12 25 3 15 1
5 12 25 23 3 1
5 12 19 23 3 24
5 12 25 16 6 20
5 12 16 3 15 20
5 12 25 16 3 20
5 12 25 16 3 15
5 12 23 16 6 24
5 12 25 23 16 6
5 12 9 3 15 1
5 12 9 23 15 1
5 12 9 23 3 1
5 12 23 17 15 1
5 12 25 17 15 1
5 12 25 23 17 1
5 12 19 6 24 20
5 12 19 3 6 20
5 12 19 3 6 24
5 12 19 23 5 24
5 12 19 23 5 15
5 12 19 9 23 15
5 12 19 9 23 3
5 12 23 16 5 24
5 12 23 16 5 15
5 12 23 16 15 2
5 12 25 16 15 2
5 12 25 23 16 2
5 12 23 17 15 2
5 12 25 17 15 2
5 12 25 23 17 2
5 12 19 5 24 20
5 12 13 3 15 20
5 12 19 13 3 20
5 12 9 13 3 15
5 12 19 9 13 15
5 12 19 9 13 3
5 12 16 5 15 7
5 12 19 13 5 20
5 12 19 13 5 15
5 12 13 5 7 20
5 12 13 5 15 7
5 12 16 13 7 20
5 12 16 13 15 20
5 12 16 13 15 7
5 11 25 21 22 18
5 11 25 21 22 1
5 11 21 9 22 1
5 11 25 22 3 1
5 11 25 17 1 8
5 11 25 21 17 8
5 11 25 21 17 1
5 11 3 6 8 20
5 11 22 3 6 20
5 11 25 22 3 6
5 11 9 3 1 8
5 11 9 22 3 1
5 11 9 14 1 8
5 11 21 9 14 1
5 11 9 22 4 8
5 11 21 9 22 4
5 11 3 6 1 8
5 11 25 6 1 8
5 11 25 3 6 1
5 11 17 14 1 8
5 11 21 17 14 8
5 11 21 17 14 1
5 11 19 3 8 20
5 11 19 22 8 20
5 11 19 22 3 20
5 11 19 9 3 8
5 11 19 9 22 8
5 11 19 9 22 3
5 11 9 4 14 8
5 11 21 4 14 8
5 11 21 9 4 14
