216
5 25 3 13 9 23
5 25 8 6 9 23
5 25 8 6 24 9
5 4 25 3 13 9
5 12 3 11 2 13
5 22 4 3 13 9
5 10 1 11 6 0
5 10 15 11 16 0
5 10 15 11 6 0
5 10 1 11 6 24
5 18 4 25 3 13
5 18 12 25 3 13
5 18 12 1 11 24
5 18 25 6 24 9
5 18 4 6 24 9
5 18 4 25 6 9
5 19 4 13 9 0
5 19 4 6 9 0
5 19 4 25 13 9
5 19 4 25 6 9
5 19 18 4 25 6
5 19 25 8 6 23
5 19 18 12 1 11
5 19 18 25 6 24
5 21 18 12 2 24
5 21 15 11 2 16
5 21 10 15 11 16
5 21 18 4 24 9
5 21 18 22 4 9
5 21 12 15 11 2
5 21 18 12 11 24
5 21 4 15 6 24
5 21 15 11 6 24
5 21 10 11 6 24
5 21 10 15 11 6
5 21 4 6 24 9
5 21 22 4 6 9
5 20 18 12 2 24
5 20 21 18 2 24
5 20 18 12 3 2
5 20 25 8 24 9
5 20 18 25 24 9
5 20 25 8 9 23
5 20 21 8 24 9
5 20 21 18 24 9
5 20 21 22 8 2
5 20 21 18 22 2
5 20 25 3 9 23
5 20 21 22 8 9
5 20 21 18 22 9
5 20 18 4 3 2
5 20 4 25 3 9
5 20 18 4 25 9
5 20 18 4 25 3
5 20 18 22 4 9
5 20 18 22 4 2
5 20 22 3 2 9
5 20 22 4 3 9
5 20 22 4 3 2
5 7 21 15 11 24
5 7 21 18 11 24
5 7 21 4 15 24
5 7 21 18 4 24
5 7 15 11 6 0
5 7 15 11 6 24
5 7 4 15 6 0
5 7 4 15 6 24
5 7 21 12 15 11
5 7 21 18 12 11
5 7 18 1 11 24
5 7 19 18 1 24
5 7 19 18 1 11
5 7 18 4 6 24
5 7 19 18 6 24
5 7 19 18 4 6
5 7 1 11 6 0
5 7 19 4 13 0
5 7 22 4 15 0
5 7 1 11 6 24
5 7 19 1 6 24
5 7 19 12 11 13
5 7 19 18 12 13
5 7 19 18 12 11
5 7 18 4 25 13
5 7 19 4 25 13
5 7 19 18 25 13
5 7 19 18 4 25
5 7 15 11 2 13
5 7 12 11 2 13
5 7 12 15 11 2
5 7 19 1 6 0
5 7 19 4 6 0
5 7 1 11 13 0
5 7 19 1 13 0
5 7 19 1 11 13
5 7 22 15 2 13
5 7 21 12 15 2
5 7 21 18 12 2
5 7 21 22 15 2
5 7 21 22 4 15
5 7 18 4 3 13
5 7 18 4 3 2
5 7 18 22 4 2
5 7 21 18 22 2
5 7 21 18 22 4
5 7 22 3 2 13
5 7 22 4 3 13
5 7 22 4 3 2
5 7 12 3 2 13
5 7 18 12 3 13
5 7 18 12 3 2
5 14 18 12 1 24
5 14 19 18 1 24
5 14 19 18 12 1
5 14 20 18 12 24
5 14 19 18 25 24
5 14 20 18 25 24
5 14 19 1 8 23
5 14 18 12 25 13
5 14 19 18 25 13
5 14 19 18 12 13
5 14 18 12 25 3
5 14 20 18 25 3
5 14 20 18 12 3
5 14 20 25 8 23
5 14 19 25 13 23
5 14 19 1 11 13
5 14 19 12 11 13
5 14 19 12 1 11
5 14 20 3 8 23
5 14 20 25 3 23
5 14 20 12 2 24
5 14 25 3 13 23
5 14 12 25 3 13
5 14 20 3 8 2
5 14 20 12 3 2
5 14 3 8 2 16
5 14 10 12 1 11
5 5 21 10 15 16
5 5 21 10 6 24
5 5 10 8 6 16
5 5 14 10 8 16
5 5 10 1 6 24
5 5 10 1 8 6
5 5 14 10 12 16
5 5 14 10 1 8
5 5 19 1 6 24
5 5 19 1 8 6
5 5 20 21 8 24
5 5 10 12 11 16
5 5 21 10 11 16
5 5 14 12 2 16
5 5 21 12 11 24
5 5 21 10 11 24
5 5 14 12 1 24
5 5 14 10 12 1
5 5 21 12 2 24
5 5 14 12 2 24
5 5 14 19 1 24
5 5 14 19 1 8
5 5 25 8 6 24
5 5 19 25 6 24
5 5 19 25 8 6
5 5 21 8 2 16
5 5 20 21 8 2
5 5 14 8 2 16
5 5 14 20 8 2
5 5 20 25 8 24
5 5 14 20 25 24
5 5 14 20 25 8
5 5 20 21 2 24
5 5 14 20 2 24
5 5 12 11 2 16
5 5 21 11 2 16
5 5 21 12 11 2
5 5 12 1 11 24
5 5 10 1 11 24
5 5 10 12 1 11
5 5 14 19 25 24
5 5 19 25 8 23
5 5 14 25 8 23
5 5 14 19 8 23
5 5 14 19 25 23
5 17 21 22 6 9
5 17 21 22 8 9
5 17 8 6 9 0
5 17 8 6 24 9
5 17 21 6 24 9
5 17 21 8 24 9
5 17 4 6 9 0
5 17 22 4 9 0
5 17 22 4 6 9
5 17 5 8 6 24
5 17 5 21 6 24
5 17 5 21 8 24
5 17 5 8 6 16
5 17 5 21 8 16
5 17 22 8 2 16
5 17 21 8 2 16
5 17 21 22 8 2
5 17 4 15 6 0
5 17 22 4 15 0
5 17 5 21 15 16
5 17 21 15 2 16
5 17 21 22 15 2
5 17 21 4 15 6
5 17 21 22 4 6
5 17 21 22 4 15
5 17 21 10 15 6
5 17 5 21 10 6
5 17 5 21 10 15
5 17 10 6 16 0
5 17 5 10 6 16
5 17 10 15 16 0
5 17 5 10 15 16
5 17 10 15 6 0
