4
19
-3.32047 -8.42723 1.57429 7.30917
-7.43317 -2.82403 1.05229 -1.47642
-0.44365 7.77703 5.74007 6.80399
-2.74751 7.14823 6.00495 -3.17384
-5.08881 -3.6501 -1.77832 4.3828
-0 -6.18395 -3.61167 -2.44406
-0 -0.0702923 -5.36899 0.375092
-0 9.05243 5.36652 -4.8466
-0 5.71271 -2.91319 -3.86632
-0 -8.115 -8.43312 -3.69575
-0 4.05818 4.0619 -4.14521
-0 -0.723797 5.22912 -3.72625
-7.62824 -0 -1.16441 8.34412
-4.7913 -0 -3.20222 6.71053
-0.248473 -0 -6.3036 -2.4079
-9.04228 -0 -0.31442 0.0924859
2.62224 -0 -2.62265 5.07968
-1.31818 -0 -8.88379 8.88988
-3.88239 -0 3.2429 -0.295742
