4
26
2.60201 -1.86334 3.9452 8.11008
-6.56643 -6.43843 -0.441629 3.46236
-0.909117 8.04366 -5.74364 -4.98202
-7.12696 2.7939 -0.598175 6.76268
0.115418 2.22759 -7.91312 6.37561
7.75329 -0 -6.21466 7.67117
-8.94335 -0 6.52832 5.918
0.420745 -0 0.711721 7.95689
2.71905 -0 8.51287 -0.597906
7.06931 -0 -8.04739 6.0283
4.37375 -0 9.89211 -9.69587
4.02111 -0 7.88927 -2.54118
2.34176 -0.783679 5.77626 -0
-4.52305 9.6156 6.29436 -0
2.34188 -7.05482 -7.1344 -0
-0.979657 -8.64563 7.53853 -0
4.51408 0.605159 3.71975 -0
-8.57139 8.78749 0.370281 -0
-1.12412 2.78784 9.2399 -0
-7.67734 -5.75179 -0 8.64579
-6.36132 1.3864 -0 -9.0933
7.19583 6.7779 -0 -8.83804
9.76402 -6.61375 -0 8.455
-4.26223 0.997038 -0 -1.51523
-0.0387025 -5.46543 -0 2.24444
-2.92462 -3.26303 -0 -9.0213
