4
33
-8.96072 -3.60793 -8.46646 3.46243
-7.56198 -9.50363 -0.444054 5.65564
-2.97125 -5.02481 5.95096 -9.87485
-3.04316 5.71842 -5.68792 -0.907492
3.41364 3.42399 -5.55094 -5.56883
-0 -3.31739 7.60803 3.55874
-0 1.2492 0.545139 9.84856
-0 -9.63461 1.79657 -0.456964
-0 4.08382 3.79316 -4.47396
-0 1.7175 6.88337 6.13992
-0 -9.69989 0.223013 -5.93858
-0 -1.49344 5.30119 5.16217
0.403694 -0 1.76391 0.429896
5.87642 -0 6.96809 2.13199
9.82438 -0 -3.31746 9
-8.76164 -0 3.98449 -6.75059
-0.237129 -0 6.68954 -3.27439
-9.60487 -0 -3.89917 1.42617
-5.54413 -0 -5.30788 9.01748
-6.83142 6.81824 -0 6.12245
4.00483 -5.1837 -0 -2.37054
-2.39627 -3.26502 -0 8.70399
-1.59828 7.59838 -0 -7.13171
-8.96657 8.72571 -0 -7.2824
6.95076 8.93452 -0 -2.56512
1.45286 3.61057 -0 -8.94928
-7.54325 8.28107 -8.266 -0
-6.32461 1.73214 4.24109 -0
5.5178 9.54962 3.6966 -0
2.61568 -4.82185 -6.60837 -0
-7.53972 -0.299786 -4.2352 -0
4.97753 7.55475 -6.81402 -0
-8.62731 9.24618 -5.55574 -0
