4
33
3.39889 -5.6691 -7.44156 8.98899
-3.39595 9.69159 2.47191 9.57898
-8.52582 -2.12099 -7.8967 4.32636
-3.2737 1.63998 6.67981 9.68089
1.34923 -6.60733 -6.9091 0.465047
-7.54325 8.28107 -8.266 -0
-6.32461 1.73214 4.24109 -0
5.5178 9.54962 3.6966 -0
2.61568 -4.82185 -6.60837 -0
-7.53972 -0.299786 -4.2352 -0
4.97753 7.55475 -6.81402 -0
-8.62731 9.24618 -5.55574 -0
-0 -3.82892 5.06696 4.63597
-0 -8.70965 -1.60629 -7.84868
-0 8.74766 8.98951 7.77303
-0 -2.64841 -9.39616 -6.53217
-0 3.58222 -3.82519 -1.77906
-0 4.05084 -0.762697 8.74673
-0 1.12508 -5.25286 -7.8066
7.75329 -0 -6.21466 7.67117
-8.94335 -0 6.52832 5.918
0.420745 -0 0.711721 7.95689
2.71905 -0 8.51287 -0.597906
7.06931 -0 -8.04739 6.0283
4.37375 -0 9.89211 -9.69587
4.02111 -0 7.88927 -2.54118
9.46747 -7.49763 -0 -7.88632
-1.8483 4.53142 -0 -3.99017
-0.815164 6.46492 -0 -9.59383
-8.49118 -5.41505 -0 -6.39634
4.38442 8.67843 -0 8.90595
8.34058 -5.00148 -0 0.558649
-5.60021 5.47811 -0 2.24019
