4
33
-9.69596 -4.42939 9.2084 -5.57403
7.09276 -1.28977 -3.08166 -8.26055
0.735048 -2.84004 -8.36891 4.62742
-4.24843 -7.22524 -5.6187 4.37883
-0.662741 -9.16683 -0.0503271 -9.65936
9.46747 -7.49763 -0 -7.88632
-1.8483 4.53142 -0 -3.99017
-0.815164 6.46492 -0 -9.59383
-8.49118 -5.41505 -0 -6.39634
4.38442 8.67843 -0 8.90595
8.34058 -5.00148 -0 0.558649
-5.60021 5.47811 -0 2.24019
-2.90086 7.23192 -0.61281 -0
-4.4016 0.0505843 -1.88426 -0
-9.42875 6.60792 0.496825 -0
2.69942 2.80049 -2.13632 -0
1.08099 -2.93268 -3.85794 -0
-8.49881 -2.28809 -6.79329 -0
-7.19623 8.21992 9.55834 -0
-0 5.49644 -7.47251 -5.0248
-0 -4.94846 -5.34986 -8.27421
-0 -3.90031 -5.49988 -0.989056
-0 -2.68413 0.0727288 6.31445
-0 -4.6041 1.52053 -1.99003
-0 -5.55093 1.90159 7.59803
-0 9.7145 -1.87014 -2.09999
9.20627 -0 4.20413 4.62766
6.08796 -0 -4.84301 -6.33376
-8.46915 -0 -2.54047 -3.55471
-7.26028 -0 -1.80954 -9.01737
8.04238 -0 -4.24338 9.5253
-7.10909 -0 -1.02216 -5.72994
-0.538668 -0 -3.91198 3.49165
