4
26
-8.25296 1.25255 -5.53044 -6.57285
5.0239 -2.87917 -8.41354 -3.69434
2.81136 -9.97854 -9.34613 -3.8929
-2.08919 7.88949 4.41022 2.0352
9.95002 -7.9044 9.65092 1.15954
-6.09902 -0 3.11769 -4.65237
5.83972 -0 -4.6378 1.54734
-7.16635 -0 -7.89371 -5.62793
-2.84248 -0 3.79544 -9.34784
8.54232 -0 -1.1482 6.87839
-7.46134 -0 -3.98602 -7.31788
3.83159 -0 -1.20249 -1.32481
-0.785463 -9.67191 -0 -5.93345
-3.92573 -1.49883 -0 3.14739
3.65734 4.45323 -0 -4.68452
-1.61408 0.485083 -0 -0.630318
2.79622 6.33688 -0 -5.38364
-5.59948 -4.30843 -0 -8.2598
-7.43808 0.591694 -0 3.29196
8.75062 -3.65043 8.54287 -0
8.95032 6.28708 -6.93702 -0
7.1551 -5.83084 -1.5869 -0
-2.50181 2.55278 -3.17722 -0
-1.64092 -8.77353 7.05856 -0
1.78381 -1.26484 -2.84762 -0
3.7751 -6.18087 1.90886 -0
