4
26
-2.32726 0.0538109 -5.72439 -7.78632
-5.51002 8.70609 -3.88117 4.32464
6.52917 -2.19962 8.24753 -6.40206
0.0695523 0.997763 4.77097 7.19062
5.28004 4.71993 -8.92231 -0.226729
9.20627 -0 4.20413 4.62766
6.08796 -0 -4.84301 -6.33376
-8.46915 -0 -2.54047 -3.55471
-7.26028 -0 -1.80954 -9.01737
8.04238 -0 -4.24338 9.5253
-7.10909 -0 -1.02216 -5.72994
-0.538668 -0 -3.91198 3.49165
-7.67734 -5.75179 -0 8.64579
-6.36132 1.3864 -0 -9.0933
7.19583 6.7779 -0 -8.83804
9.76402 -6.61375 -0 8.455
-4.26223 0.997038 -0 -1.51523
-0.0387025 -5.46543 -0 2.24444
-2.92462 -3.26303 -0 -9.0213
8.75062 -3.65043 8.54287 -0
8.95032 6.28708 -6.93702 -0
7.1551 -5.83084 -1.5869 -0
-2.50181 2.55278 -3.17722 -0
-1.64092 -8.77353 7.05856 -0
1.78381 -1.26484 -2.84762 -0
3.7751 -6.18087 1.90886 -0
