4
26
2.72646 8.7086 4.56573 7.8958
-2.78119 -0.177914 -1.83689 -3.48224
-9.79037 0.930361 4.43813 1.78846
0.954436 -3.17217 1.37846 -4.47634
5.33251 9.57583 -5.82772 3.5713
-0 -3.82892 5.06696 4.63597
-0 -8.70965 -1.60629 -7.84868
-0 8.74766 8.98951 7.77303
-0 -2.64841 -9.39616 -6.53217
-0 3.58222 -3.82519 -1.77906
-0 4.05084 -0.762697 8.74673
-0 1.12508 -5.25286 -7.8066
0.455388 -4.84413 3.9946 -0
6.09975 1.0009 4.10883 -0
-3.71651 4.26385 -4.02145 -0
-0.49275 -2.6738 4.34386 -0
-8.83217 0.440152 6.30734 -0
-8.05828 -0.186747 -3.33582 -0
-9.23035 9.98447 7.57754 -0
7.60868 -6.60353 -0 2.75493
8.66553 -9.27254 -0 -9.1018
-8.86223 7.63213 -0 -1.99316
6.80605 4.88657 -0 -8.23207
-0.443009 -8.16196 -0 4.81001
1.30085 -9.63106 -0 4.6289
-4.59244 -4.16978 -0 -6.66723
