4
33
-3.43246 -0.648336 4.85379 3.29621
-0.923383 9.96176 -0.588145 4.13498
9.95924 -4.18319 -3.66172 -8.62087
-3.2412 -7.78991 -0.808182 -7.13512
5.7262 1.42712 -3.17334 0.181416
0.403694 -0 1.76391 0.429896
5.87642 -0 6.96809 2.13199
9.82438 -0 -3.31746 9
-8.76164 -0 3.98449 -6.75059
-0.237129 -0 6.68954 -3.27439
-9.60487 -0 -3.89917 1.42617
-5.54413 -0 -5.30788 9.01748
-0 -6.18395 -3.61167 -2.44406
-0 -0.0702923 -5.36899 0.375092
-0 9.05243 5.36652 -4.8466
-0 5.71271 -2.91319 -3.86632
-0 -8.115 -8.43312 -3.69575
-0 4.05818 4.0619 -4.14521
-0 -0.723797 5.22912 -3.72625
-0.785463 -9.67191 -0 -5.93345
-3.92573 -1.49883 -0 3.14739
3.65734 4.45323 -0 -4.68452
-1.61408 0.485083 -0 -0.630318
2.79622 6.33688 -0 -5.38364
-5.59948 -4.30843 -0 -8.2598
-7.43808 0.591694 -0 3.29196
2.34176 -0.783679 5.77626 -0
-4.52305 9.6156 6.29436 -0
2.34188 -7.05482 -7.1344 -0
-0.979657 -8.64563 7.53853 -0
4.51408 0.605159 3.71975 -0
-8.57139 8.78749 0.370281 -0
-1.12412 2.78784 9.2399 -0
