311
5 8 17 16 12 3
5 8 17 16 2 3
5 8 17 16 2 12
5 6 17 16 2 3
5 6 23 30 25 1
5 6 23 30 1 0
5 11 22 29 2 3
5 11 8 17 2 3
5 11 8 17 12 3
5 11 8 17 2 12
5 11 8 16 2 5
5 11 8 16 2 12
5 13 30 16 12 0
5 27 23 30 25 0
5 27 6 23 30 25
5 7 27 6 25 1
5 4 7 11 22 1
5 4 13 11 12 5
5 4 14 23 1 0
5 4 19 23 25 1
5 4 14 19 23 1
5 10 13 8 16 5
5 10 26 8 29 3
5 10 13 16 12 5
5 10 8 29 2 5
5 10 8 29 2 3
5 10 22 29 2 3
5 10 11 16 12 5
5 10 11 8 16 5
5 10 11 8 16 12
5 10 11 29 2 5
5 10 11 22 29 5
5 10 11 22 29 2
5 10 11 8 2 5
5 10 4 11 12 5
5 10 4 11 22 5
5 10 4 11 22 12
5 10 11 8 2 3
5 10 11 22 2 3
5 10 11 22 8 3
5 32 7 27 25 1
5 32 27 6 25 1
5 32 7 27 6 1
5 32 27 22 19 25
5 32 19 23 25 1
5 32 6 23 25 1
5 32 4 19 25 1
5 32 4 22 19 25
5 32 4 7 22 1
5 32 4 7 22 25
5 32 4 14 19 1
5 32 4 14 22 19
5 32 7 11 22 1
5 32 26 27 19 3
5 32 26 27 6 3
5 32 26 6 17 3
5 32 27 6 17 3
5 24 14 23 1 0
5 24 14 19 23 1
5 24 26 27 6 23
5 24 6 23 1 0
5 24 26 6 23 0
5 24 32 19 23 1
5 24 32 14 19 1
5 24 32 26 14 19
5 24 32 26 27 19
5 24 32 26 27 6
5 24 32 6 23 1
5 24 32 19 23 25
5 24 32 27 19 25
5 24 27 6 23 25
5 24 32 6 23 25
5 24 32 27 6 25
5 15 10 13 16 12
5 15 13 30 25 0
5 15 4 13 12 5
5 15 10 13 12 5
5 15 10 4 12 5
5 15 4 22 19 25
5 15 10 13 8 16
5 15 27 22 19 25
5 15 10 22 8 3
5 15 26 27 8 3
5 15 10 26 8 3
5 20 32 11 22 1
5 20 32 14 11 1
5 20 4 11 22 1
5 20 32 4 22 1
5 20 32 4 14 1
5 20 32 4 14 22
5 20 32 11 22 3
5 20 11 22 29 3
5 20 32 14 22 19
5 20 11 22 29 5
5 20 10 22 29 3
5 20 32 27 19 3
5 20 32 27 22 3
5 20 32 27 22 19
5 20 32 26 19 3
5 20 32 26 14 3
5 20 32 26 14 19
5 20 10 22 29 5
5 20 26 14 29 3
5 20 10 26 29 3
5 20 26 27 19 3
5 20 15 10 22 3
5 20 15 10 26 3
5 20 15 27 22 3
5 20 15 26 27 3
5 20 15 27 22 19
5 20 15 26 27 19
5 18 7 11 17 1
5 18 32 7 11 1
5 18 7 6 17 1
5 18 32 6 17 1
5 18 32 7 6 1
5 18 32 7 6 17
5 18 32 11 17 3
5 18 32 11 22 3
5 18 32 7 11 22
5 21 4 7 22 25
5 21 15 4 22 25
5 21 15 27 22 25
5 21 32 27 22 25
5 21 32 7 22 25
5 21 32 7 27 25
5 21 4 11 22 12
5 21 10 4 22 12
5 21 15 10 4 12
5 21 15 10 4 22
5 21 32 27 22 3
5 21 15 27 30 25
5 21 15 4 13 12
5 21 15 30 25 0
5 21 15 10 22 8
5 21 18 32 22 3
5 21 18 32 7 22
5 21 32 27 17 3
5 21 15 22 8 3
5 21 15 27 8 3
5 21 15 27 22 3
5 21 13 30 16 12
5 21 15 13 16 12
5 21 15 13 30 16
5 21 15 13 30 0
5 21 10 11 8 12
5 21 10 11 22 12
5 21 10 11 22 8
5 21 11 8 12 3
5 21 11 22 8 3
5 21 10 8 16 12
5 21 15 10 16 12
5 21 15 10 8 16
5 21 18 11 22 3
5 21 18 7 11 22
5 21 18 32 17 3
5 21 18 32 7 17
5 21 32 27 6 17
5 21 32 7 6 17
5 21 32 7 27 6
5 21 6 30 16 12
5 21 27 6 30 16
5 21 7 6 17 12
5 21 8 16 12 3
5 21 27 8 16 3
5 21 11 17 12 3
5 21 7 11 17 12
5 21 18 11 17 3
5 21 18 7 11 17
5 21 17 16 12 3
5 21 6 17 16 12
5 21 6 17 16 3
5 21 27 6 16 3
5 21 27 6 17 3
5 28 24 26 27 19
5 28 15 26 27 19
5 28 24 27 19 25
5 28 15 27 19 25
5 28 24 26 27 23
5 28 24 19 23 25
5 28 24 27 23 25
5 28 27 23 25 0
5 28 15 23 25 0
5 28 15 26 27 8
5 28 24 26 23 0
5 28 15 13 25 0
5 28 27 23 30 0
5 28 15 13 8 16
5 28 13 30 25 0
5 28 27 30 25 0
5 28 15 13 30 25
5 28 15 27 30 25
5 28 15 10 26 8
5 28 6 23 30 0
5 28 26 6 23 0
5 28 27 6 23 30
5 28 26 27 6 23
5 28 21 27 8 16
5 28 21 15 8 16
5 28 21 15 27 8
5 28 15 13 30 16
5 28 13 30 16 0
5 28 27 6 30 16
5 28 27 8 16 3
5 28 26 27 8 3
5 28 21 27 30 16
5 28 21 15 30 16
5 28 21 15 27 30
5 28 8 29 2 3
5 28 26 29 2 3
5 28 26 8 29 3
5 28 27 6 16 3
5 28 26 27 6 3
5 28 8 16 2 3
5 9 20 4 14 5
5 9 20 4 14 22
5 9 15 10 4 22
5 9 20 15 10 22
5 9 15 4 13 5
5 9 15 10 13 5
5 9 15 10 4 5
5 9 20 14 29 5
5 9 20 10 29 5
5 9 10 4 22 5
5 9 20 4 22 5
5 9 20 10 22 5
5 9 4 14 22 19
5 9 15 4 22 19
5 9 20 14 22 19
5 9 20 15 22 19
5 9 20 26 14 19
5 9 20 15 26 19
5 9 20 15 10 26
5 9 4 13 5 0
5 9 4 14 23 0
5 9 15 4 13 0
5 9 4 14 19 23
5 9 15 10 13 8
5 9 28 15 13 8
5 9 28 15 10 8
5 9 20 26 14 29
5 9 20 10 26 29
5 9 28 15 26 19
5 9 28 15 10 26
5 9 13 8 29 5
5 9 10 8 29 5
5 9 10 13 8 5
5 9 24 14 23 0
5 9 24 14 19 23
5 9 28 15 23 0
5 9 28 15 13 0
5 9 4 23 25 0
5 9 15 23 25 0
5 9 15 4 25 0
5 9 4 19 23 25
5 9 15 4 19 25
5 9 24 26 14 19
5 9 28 24 26 19
5 9 28 24 19 23
5 9 28 24 23 0
5 9 28 19 23 25
5 9 28 15 23 25
5 9 28 15 19 25
5 9 10 26 8 29
5 9 28 26 8 29
5 9 28 10 26 8
5 31 21 4 7 25
5 31 32 7 25 1
5 31 32 4 25 1
5 31 32 4 7 1
5 31 32 4 7 25
5 31 7 6 25 1
5 31 6 30 25 1
5 31 21 7 6 12
5 31 7 27 6 25
5 31 21 7 27 25
5 31 21 7 27 6
5 31 4 23 1 0
5 31 4 23 25 0
5 31 4 23 25 1
5 31 21 30 25 0
5 31 15 4 25 0
5 31 21 15 25 0
5 31 21 15 4 25
5 31 4 7 11 1
5 31 21 7 11 12
5 31 21 4 11 12
5 31 21 6 30 12
5 31 27 6 30 25
5 31 21 27 30 25
5 31 21 27 6 30
5 31 7 6 17 1
5 31 7 6 17 12
5 31 23 30 1 0
5 31 23 30 25 0
5 31 23 30 25 1
5 31 21 4 13 12
5 31 15 4 13 0
5 31 21 15 13 0
5 31 21 15 4 13
5 31 7 11 17 1
5 31 7 11 17 12
5 31 4 7 11 22
5 31 21 7 11 22
5 31 21 4 11 22
5 31 21 4 7 22
5 31 13 30 12 0
5 31 21 13 30 0
5 31 21 13 30 12
5 31 4 13 11 12
5 31 4 13 11 5
