339
5 13 15 26 6 7
5 13 15 8 4 7
5 14 13 12 6 4
5 14 15 6 4 7
5 14 13 15 4 7
5 14 13 15 6 7
5 14 13 15 6 4
5 14 13 8 4 7
5 14 12 31 6 4
5 14 10 31 6 4
5 17 10 31 4 16
5 5 14 8 4 7
5 5 14 13 8 7
5 5 13 12 8 4
5 5 14 13 8 4
5 5 14 13 12 4
5 5 27 15 8 7
5 5 13 15 8 7
5 1 14 10 22 6
5 28 17 10 31 16
5 28 17 10 31 22
5 28 12 31 8 4
5 30 17 31 4 16
5 30 28 31 8 4
5 30 28 17 31 16
5 30 3 27 8 16
5 30 10 31 4 16
5 30 28 10 31 16
5 30 28 10 31 4
5 30 12 31 8 4
5 30 28 12 31 8
5 30 28 17 31 22
5 30 3 15 8 16
5 30 28 15 8 16
5 30 28 3 15 16
5 19 5 14 12 4
5 19 5 14 4 7
5 19 5 14 13 12
5 19 14 12 31 4
5 19 30 27 8 4
5 19 5 12 8 4
5 19 5 8 4 7
5 19 5 27 8 7
5 19 14 13 12 22
5 19 30 17 27 16
5 19 30 12 31 4
5 19 30 17 31 4
5 19 14 10 31 4
5 19 17 10 31 4
5 19 14 12 31 22
5 19 14 10 31 22
5 19 17 10 31 22
5 2 1 3 26 16
5 2 1 3 10 16
5 2 1 10 22 6
5 21 1 17 10 22
5 21 1 3 27 16
5 21 1 17 27 16
5 21 30 17 27 16
5 21 28 17 10 22
5 21 1 3 10 16
5 21 1 17 10 16
5 21 28 17 10 16
5 23 2 15 26 6
5 23 13 15 6 4
5 23 28 10 31 4
5 23 28 10 31 22
5 23 13 15 8 4
5 23 13 12 8 4
5 23 28 12 31 4
5 23 28 12 8 4
5 32 19 5 27 7
5 32 1 17 27 16
5 32 21 1 17 22
5 32 21 1 17 27
5 32 1 14 10 22
5 32 1 17 10 22
5 32 19 14 10 22
5 32 19 17 10 22
5 24 30 12 8 4
5 24 19 12 8 4
5 24 19 30 8 4
5 24 19 30 12 4
5 24 30 5 12 8
5 24 19 5 12 8
5 24 30 5 27 8
5 24 19 5 27 8
5 24 19 30 27 8
5 24 19 12 31 22
5 24 19 30 12 31
5 24 19 30 17 27
5 24 21 30 17 27
5 24 30 17 31 22
5 24 19 17 31 22
5 24 19 30 17 31
5 24 21 30 17 22
5 24 32 19 5 27
5 24 32 19 17 27
5 24 32 21 17 27
5 24 32 19 14 22
5 24 32 19 17 22
5 24 32 21 17 22
5 0 2 1 26 7
5 0 13 26 6 7
5 0 2 26 6 7
5 0 2 1 14 7
5 0 1 27 26 7
5 0 32 1 27 7
5 0 32 14 13 7
5 0 32 1 14 7
5 0 14 13 6 7
5 0 2 14 6 7
5 0 27 15 26 7
5 0 13 15 26 7
5 0 32 14 13 22
5 0 32 21 1 27
5 0 32 21 1 22
5 0 5 27 15 7
5 0 5 13 15 7
5 0 3 27 15 26
5 0 24 32 21 27
5 0 24 32 21 22
5 0 23 13 15 26
5 9 13 15 26 6
5 9 23 15 26 6
5 9 23 13 15 6
5 9 23 13 15 26
5 9 23 2 26 6
5 9 0 13 26 6
5 9 0 2 26 6
5 9 0 23 13 26
5 9 2 10 22 6
5 9 23 2 10 6
5 9 0 14 13 6
5 9 0 14 13 22
5 9 0 2 14 6
5 9 14 13 12 6
5 9 14 13 12 22
5 9 23 12 31 22
5 9 13 12 6 4
5 9 23 13 6 4
5 9 23 13 12 4
5 9 23 10 31 22
5 9 1 14 22 6
5 9 2 1 22 6
5 9 2 1 14 6
5 9 0 2 1 22
5 9 0 2 1 14
5 9 14 12 31 6
5 9 14 12 31 22
5 9 12 31 6 4
5 9 23 12 31 4
5 9 14 10 22 6
5 9 14 10 31 6
5 9 14 10 31 22
5 9 10 31 6 4
5 9 23 10 6 4
5 9 23 10 31 4
5 9 32 1 14 22
5 9 0 32 14 22
5 9 0 32 1 22
5 9 0 32 1 14
5 11 19 5 14 13
5 11 5 14 13 7
5 11 32 14 13 7
5 11 24 32 19 14
5 11 24 32 19 5
5 11 19 5 14 7
5 11 32 19 14 7
5 11 32 19 5 7
5 11 0 5 13 7
5 11 0 32 13 7
5 11 19 14 13 22
5 11 24 19 14 22
5 11 32 14 13 22
5 11 24 32 14 22
5 11 19 5 13 12
5 11 24 19 5 12
5 11 32 5 27 7
5 11 0 5 27 7
5 11 0 32 27 7
5 11 19 13 12 22
5 11 24 19 12 22
5 11 0 32 13 22
5 11 0 24 32 22
5 11 24 32 5 27
5 11 0 24 32 27
5 11 24 30 5 12
5 11 24 30 5 27
5 11 0 24 21 27
5 11 24 12 31 22
5 11 24 30 31 22
5 11 24 30 12 31
5 11 0 24 21 22
5 20 23 3 15 26
5 20 23 28 3 26
5 20 2 28 3 26
5 20 23 2 28 26
5 20 2 1 3 26
5 20 0 2 1 22
5 20 9 0 2 22
5 20 9 23 2 26
5 20 9 0 2 26
5 20 9 0 23 26
5 20 23 28 10 22
5 20 23 2 28 10
5 20 9 2 10 22
5 20 9 23 10 22
5 20 9 23 2 10
5 20 2 1 10 22
5 20 2 1 3 10
5 20 2 28 3 10
5 20 21 1 10 22
5 20 21 28 10 22
5 20 21 1 3 10
5 20 28 3 10 16
5 20 21 3 10 16
5 20 21 28 10 16
5 20 21 28 3 16
5 25 11 0 21 27
5 25 11 0 21 22
5 25 30 28 3 16
5 25 21 28 3 16
5 25 30 3 27 16
5 25 21 3 27 16
5 25 21 30 27 16
5 25 11 30 5 27
5 25 24 21 30 27
5 25 11 24 30 27
5 25 11 24 21 27
5 25 11 0 5 27
5 25 21 1 3 27
5 25 0 21 1 27
5 25 24 21 30 22
5 25 11 24 30 22
5 25 11 24 21 22
5 25 30 28 17 16
5 25 21 28 17 16
5 25 21 30 17 16
5 25 21 28 17 22
5 25 21 30 17 22
5 25 30 3 27 8
5 25 30 5 27 8
5 25 0 3 27 15
5 25 0 5 27 15
5 25 1 3 27 26
5 25 0 3 27 26
5 25 0 1 27 26
5 25 0 21 1 22
5 25 3 27 15 8
5 25 5 27 15 8
5 18 0 23 13 15
5 18 20 23 28 22
5 18 23 13 15 8
5 18 23 28 15 8
5 18 25 0 3 15
5 18 20 9 23 22
5 18 20 9 0 22
5 18 20 9 0 23
5 18 30 28 15 8
5 18 23 13 12 8
5 18 23 28 12 8
5 18 9 0 13 22
5 18 9 0 23 13
5 18 30 28 3 15
5 18 25 30 28 3
5 18 30 28 12 8
5 18 5 13 15 8
5 18 0 5 13 15
5 18 9 13 12 22
5 18 9 23 12 22
5 18 9 23 13 12
5 18 23 12 31 22
5 18 23 28 31 22
5 18 23 28 12 31
5 18 11 0 13 22
5 18 25 11 0 22
5 18 30 3 15 8
5 18 25 3 15 8
5 18 25 30 3 8
5 18 5 13 12 8
5 18 30 5 12 8
5 18 25 5 15 8
5 18 25 0 5 15
5 18 25 30 5 8
5 18 11 0 5 13
5 18 25 11 30 5
5 18 25 11 0 5
5 18 11 12 31 22
5 18 11 13 12 22
5 18 30 28 31 22
5 18 11 5 13 12
5 18 11 30 5 12
5 18 30 28 12 31
5 18 11 30 12 31
5 18 11 30 31 22
5 18 25 11 30 22
5 18 30 28 17 22
5 18 25 28 17 22
5 18 25 30 17 22
5 18 25 30 28 17
5 29 18 23 28 15
5 29 18 20 23 28
5 29 23 28 3 15
5 29 20 23 3 15
5 29 20 23 28 3
5 29 18 28 3 15
5 29 20 23 15 26
5 29 20 3 15 26
5 29 18 25 28 3
5 29 0 23 15 26
5 29 18 0 23 15
5 29 20 0 23 26
5 29 18 20 0 23
5 29 0 3 15 26
5 29 18 0 3 15
5 29 20 21 28 3
5 29 25 21 28 3
5 29 18 25 0 3
5 29 18 20 28 22
5 29 18 25 28 22
5 29 25 0 3 26
5 29 20 21 1 3
5 29 25 21 1 3
5 29 20 21 28 22
5 29 25 21 28 22
5 29 18 20 0 22
5 29 18 25 0 22
5 29 20 1 3 26
5 29 25 1 3 26
5 29 25 0 1 26
5 29 20 21 1 22
5 29 25 21 1 22
5 29 20 0 1 22
5 29 25 0 1 22
5 29 0 2 1 26
5 29 20 2 1 26
5 29 20 0 2 26
5 29 20 0 2 1
