213
5 19 22 8 1 0
5 13 19 22 12 0
5 18 24 8 1 0
5 25 22 8 1 0
5 25 24 8 1 0
5 25 13 22 12 0
5 5 19 22 8 1
5 5 25 22 8 1
5 5 25 19 22 8
5 16 25 24 8 0
5 16 25 13 19 8
5 16 19 22 8 0
5 16 25 22 8 0
5 16 25 19 22 8
5 16 13 19 22 0
5 16 25 13 22 0
5 16 25 13 19 22
5 11 24 4 2 20
5 11 13 2 12 0
5 10 13 19 22 12
5 10 5 19 22 12
5 10 25 13 19 22
5 10 5 25 19 22
5 10 25 13 19 8
5 10 5 13 19 8
5 10 5 25 19 8
5 21 5 1 12 20
5 21 5 19 8 1
5 21 10 5 13 8
5 21 16 19 8 0
5 21 5 13 19 8
5 21 10 13 19 12
5 21 10 5 19 12
5 21 10 5 13 19
5 21 16 13 19 8
5 21 13 19 12 0
5 21 16 13 19 0
5 6 11 24 4 20
5 6 18 24 8 0
5 6 18 24 4 0
5 6 16 24 8 0
5 6 11 16 13 8
5 6 11 24 2 0
5 6 11 24 4 2
5 7 16 25 13 8
5 7 11 16 13 8
5 7 10 25 13 8
5 7 10 11 13 8
5 7 16 25 24 8
5 7 16 25 13 0
5 7 11 16 13 0
5 7 6 16 24 8
5 7 6 11 24 8
5 7 6 11 16 8
5 7 16 25 24 0
5 7 11 13 2 0
5 7 6 16 24 0
5 7 6 11 24 0
5 7 6 11 16 0
5 7 11 24 2 0
5 7 13 2 12 0
5 7 25 13 2 12
5 14 25 13 22 12
5 14 10 13 22 12
5 14 10 25 13 22
5 14 25 13 2 12
5 14 10 5 22 12
5 14 11 13 2 12
5 14 7 25 13 2
5 14 7 10 25 13
5 14 21 10 5 12
5 14 7 25 24 2
5 14 7 10 25 24
5 14 5 25 24 22
5 14 10 5 25 22
5 14 7 11 13 2
5 14 7 10 11 13
5 14 5 2 12 20
5 14 21 5 12 20
5 14 7 11 24 2
5 3 6 11 4 20
5 3 14 2 12 20
5 3 14 21 12 20
5 17 21 10 5 8
5 17 21 5 1 20
5 17 21 5 8 1
5 17 14 10 5 20
5 17 14 21 5 20
5 17 14 21 10 5
5 17 6 18 24 8
5 17 3 6 11 20
5 17 3 18 4 20
5 17 3 6 4 20
5 17 3 14 21 20
5 17 18 24 4 20
5 17 6 24 4 20
5 17 6 18 24 4
5 23 6 11 13 8
5 23 17 6 11 8
5 23 17 3 6 11
5 23 10 11 13 8
5 23 21 10 13 8
5 23 21 16 13 8
5 23 6 16 13 8
5 23 17 10 11 8
5 23 17 21 10 8
5 23 17 3 21 8
5 23 3 14 21 12
5 23 21 10 13 12
5 23 21 16 13 0
5 23 11 13 12 0
5 23 21 13 12 0
5 23 17 14 10 11
5 23 17 14 21 10
5 23 17 3 14 21
5 23 14 21 10 12
5 23 14 11 2 12
5 23 3 14 2 12
5 23 11 2 12 0
5 23 6 11 2 0
5 23 3 4 2 12
5 23 6 11 4 2
5 23 3 6 11 4
5 23 14 11 13 12
5 23 14 10 13 12
5 23 14 10 11 13
5 23 11 16 13 0
5 23 6 11 16 0
5 23 6 11 16 13
5 23 17 14 11 20
5 23 17 3 11 20
5 23 17 3 14 20
5 23 14 11 2 20
5 23 3 14 2 20
5 23 11 4 2 20
5 23 3 4 2 20
5 23 3 11 4 20
5 9 17 3 18 4
5 9 17 3 21 18
5 9 17 3 21 8
5 9 17 6 18 8
5 9 17 6 18 4
5 9 17 18 8 1
5 9 17 21 8 1
5 9 17 21 18 1
5 9 17 3 6 4
5 9 6 18 8 0
5 9 6 18 4 0
5 9 18 8 1 0
5 9 23 3 21 8
5 9 23 3 6 4
5 9 23 17 6 8
5 9 23 17 3 8
5 9 23 17 3 6
5 9 21 16 8 0
5 9 6 16 8 0
5 9 23 6 4 0
5 9 19 8 1 0
5 9 21 19 1 0
5 9 21 19 8 0
5 9 21 19 8 1
5 9 23 21 16 8
5 9 23 6 16 8
5 9 23 21 16 0
5 9 23 6 16 0
5 9 23 4 12 0
5 9 23 3 4 12
5 9 23 21 12 0
5 9 23 3 21 12
5 15 6 11 24 20
5 15 17 6 24 20
5 15 17 6 11 20
5 15 6 11 24 8
5 15 17 6 24 8
5 15 17 6 11 8
5 15 17 10 11 8
5 15 7 11 24 8
5 15 7 10 11 8
5 15 17 14 11 20
5 15 17 14 10 20
5 15 17 14 10 11
5 15 11 24 2 20
5 15 14 11 2 20
5 15 14 11 24 2
5 15 14 10 5 20
5 15 14 7 11 24
5 15 14 7 10 24
5 15 14 7 10 11
5 15 7 25 24 8
5 15 7 10 25 8
5 15 7 10 25 24
5 15 18 24 1 20
5 15 17 18 1 20
5 15 17 18 24 20
5 15 17 5 1 20
5 15 17 10 5 20
5 15 25 24 8 1
5 15 18 24 8 1
5 15 17 18 8 1
5 15 17 18 24 8
5 15 17 5 8 1
5 15 17 10 5 8
5 15 14 2 1 20
5 15 14 5 1 20
5 15 14 5 25 24
5 15 14 10 25 24
5 15 14 10 5 25
5 15 5 25 8 1
5 15 10 5 25 8
5 15 25 24 22 1
5 15 5 24 22 1
5 15 5 25 22 1
5 15 5 25 24 22
