316
5 11 30 25 21 15
5 29 30 7 21 15
5 10 20 7 4 12
5 10 29 7 4 12
5 10 29 20 4 12
5 10 29 30 7 4
5 10 24 30 7 4
5 19 22 8 26 6
5 19 2 25 6 13
5 19 22 2 6 13
5 19 2 25 26 6
5 19 22 2 26 6
5 19 24 25 21 13
5 19 22 2 26 13
5 3 24 11 25 26
5 3 19 11 25 26
5 3 19 22 26 13
5 3 19 24 21 13
5 3 24 4 21 13
5 28 27 29 11 26
5 28 29 20 4 12
5 28 27 20 8 6
5 28 27 20 8 26
5 28 10 20 30 4
5 28 10 29 30 4
5 28 10 29 20 4
5 28 10 29 20 30
5 17 29 7 15 12
5 17 29 30 7 15
5 17 29 11 30 15
5 17 10 29 7 12
5 17 10 29 30 7
5 17 27 29 15 12
5 17 27 29 11 15
5 17 10 29 20 12
5 17 10 29 20 30
5 17 29 11 30 26
5 17 28 20 30 26
5 17 28 29 30 26
5 17 28 29 20 30
5 17 28 29 20 12
5 17 28 27 20 12
5 17 28 27 29 12
5 17 28 27 20 26
5 17 28 27 29 26
5 0 28 20 8 26
5 0 3 24 30 26
5 0 3 24 4 13
5 0 10 20 22 8
5 16 10 20 22 8
5 16 0 10 22 8
5 16 0 3 10 22
5 16 10 20 7 12
5 16 17 10 7 12
5 16 17 10 30 7
5 16 17 10 20 12
5 16 17 7 15 12
5 16 17 30 7 15
5 16 0 10 20 8
5 16 17 27 20 12
5 16 17 27 15 12
5 16 17 10 20 30
5 16 0 20 30 26
5 16 0 10 20 30
5 23 30 25 21 15
5 23 29 25 21 15
5 23 29 30 21 15
5 23 28 29 4 21
5 23 28 29 30 4
5 23 11 30 25 15
5 23 29 11 25 15
5 23 29 11 30 15
5 23 11 30 25 21
5 23 24 11 25 21
5 23 24 11 30 21
5 23 29 7 4 21
5 23 29 30 7 21
5 23 29 30 7 4
5 23 29 11 30 26
5 23 28 29 30 26
5 23 28 29 11 26
5 23 24 7 4 21
5 23 24 30 7 21
5 23 24 30 7 4
5 23 24 11 30 26
5 23 0 24 30 26
5 23 10 24 30 4
5 23 0 10 24 4
5 23 0 10 24 30
5 23 28 20 30 26
5 23 0 20 30 26
5 23 0 28 20 26
5 23 28 20 30 4
5 23 0 28 20 4
5 23 10 20 30 4
5 23 0 10 20 4
5 23 0 10 20 30
5 18 23 29 25 21
5 18 23 28 29 21
5 18 29 11 25 15
5 18 27 29 11 15
5 18 28 27 29 11
5 18 23 29 11 25
5 18 23 28 29 11
5 18 27 25 26 6
5 18 28 27 29 12
5 18 27 11 25 26
5 18 28 27 11 26
5 18 23 28 11 26
5 18 28 27 8 6
5 31 16 10 22 7
5 31 16 3 10 22
5 31 16 10 30 7
5 31 16 30 7 15
5 31 10 24 30 7
5 31 16 0 10 30
5 31 16 0 3 10
5 31 30 7 21 15
5 31 24 30 7 21
5 31 10 24 7 4
5 31 3 10 7 4
5 31 0 10 24 30
5 31 0 3 24 30
5 31 0 3 30 26
5 31 16 0 30 26
5 31 3 19 21 13
5 31 24 7 4 21
5 31 3 24 4 21
5 31 0 10 24 4
5 31 0 3 24 4
5 31 0 3 10 4
5 31 19 25 21 15
5 31 3 19 24 21
5 31 3 4 21 13
5 31 11 30 21 15
5 31 24 11 30 21
5 31 24 11 30 26
5 31 3 24 30 26
5 31 3 24 11 26
5 31 24 11 25 21
5 31 19 24 25 21
5 31 3 24 11 25
5 31 3 19 11 25
5 31 3 19 24 25
5 14 18 28 4 6
5 14 23 0 28 26
5 14 23 0 28 4
5 14 0 24 4 13
5 14 0 4 6 13
5 14 28 20 4 6
5 14 0 20 4 6
5 14 0 28 20 4
5 14 18 28 8 6
5 14 0 28 8 26
5 14 22 2 6 13
5 14 0 22 6 13
5 14 28 20 8 6
5 14 0 20 8 6
5 14 0 28 20 8
5 14 27 8 26 6
5 14 18 27 26 6
5 14 18 27 8 6
5 14 28 27 8 26
5 14 18 28 27 26
5 14 18 28 27 8
5 14 22 2 26 13
5 14 0 3 24 13
5 14 22 8 26 6
5 14 22 2 26 6
5 14 0 22 8 6
5 14 0 22 8 26
5 14 3 22 26 13
5 14 0 3 22 13
5 14 0 3 22 26
5 9 18 23 25 21
5 9 2 25 21 13
5 9 18 23 28 21
5 9 14 2 4 13
5 9 14 18 28 4
5 9 23 28 4 21
5 9 14 23 28 4
5 32 31 11 30 26
5 32 31 16 30 26
5 32 17 11 30 26
5 32 16 17 27 15
5 32 17 20 30 26
5 32 16 20 30 26
5 32 16 17 20 30
5 32 17 27 20 26
5 32 16 17 27 20
5 32 19 22 8 26
5 32 31 3 11 26
5 32 31 16 3 22
5 32 27 11 25 26
5 32 27 29 11 26
5 32 17 29 11 26
5 32 17 27 29 26
5 32 17 27 29 11
5 32 27 20 8 26
5 32 16 27 20 8
5 32 19 11 25 26
5 32 3 19 11 26
5 32 3 19 22 26
5 32 0 22 8 26
5 32 0 3 22 26
5 32 16 0 22 8
5 32 16 0 3 22
5 32 31 0 3 26
5 32 31 16 0 26
5 32 31 16 0 3
5 32 27 25 26 6
5 32 27 8 26 6
5 32 0 20 8 26
5 32 16 0 20 26
5 32 16 0 20 8
5 32 19 25 26 6
5 32 19 8 26 6
5 1 9 18 23 28
5 1 9 14 23 28
5 1 9 14 18 28
5 1 18 23 28 26
5 1 14 23 28 26
5 1 14 18 28 26
5 1 18 23 11 26
5 1 18 23 11 25
5 1 9 18 23 25
5 1 18 11 25 26
5 1 24 11 25 26
5 1 23 24 11 26
5 1 23 24 11 25
5 1 2 25 26 6
5 1 14 2 26 6
5 1 18 25 26 6
5 1 14 18 26 6
5 1 14 2 26 13
5 1 23 0 24 26
5 1 14 23 0 26
5 1 9 2 25 21
5 1 23 24 25 21
5 1 9 23 25 21
5 1 9 2 25 6
5 1 9 18 25 6
5 1 9 14 2 6
5 1 9 14 18 6
5 1 9 14 2 13
5 1 9 14 23 4
5 1 19 2 26 13
5 1 19 2 25 13
5 1 19 2 25 26
5 1 3 24 25 26
5 1 2 25 21 13
5 1 24 25 21 13
5 1 14 3 26 13
5 1 14 3 24 13
5 1 0 3 24 26
5 1 14 0 3 26
5 1 14 0 3 24
5 1 23 0 24 4
5 1 14 0 24 4
5 1 14 23 0 4
5 1 9 2 21 13
5 1 23 24 4 21
5 1 9 23 4 21
5 1 14 24 4 13
5 1 9 14 4 13
5 1 3 19 26 13
5 1 3 19 25 26
5 1 19 24 25 13
5 1 3 19 24 13
5 1 3 19 24 25
5 1 24 4 21 13
5 1 9 4 21 13
5 5 31 16 30 15
5 5 32 31 16 30
5 5 16 17 30 15
5 5 32 16 17 15
5 5 32 16 17 30
5 5 31 11 30 15
5 5 32 31 11 30
5 5 31 16 22 15
5 5 32 31 16 22
5 5 17 11 30 15
5 5 32 17 11 30
5 5 16 22 8 15
5 5 32 16 22 8
5 5 17 27 11 15
5 5 32 17 27 15
5 5 32 17 27 11
5 5 31 19 25 15
5 5 31 19 11 25
5 5 32 19 11 25
5 5 31 3 19 11
5 5 32 3 19 11
5 5 32 31 3 11
5 5 32 19 22 8
5 5 16 27 8 15
5 5 32 16 27 15
5 5 32 16 27 8
5 5 31 3 19 22
5 5 32 3 19 22
5 5 32 31 3 22
5 5 32 27 11 25
5 5 11 25 21 15
5 5 31 25 21 15
5 5 31 11 21 15
5 5 31 11 25 21
5 5 18 11 25 15
5 5 18 27 11 15
5 5 18 27 11 25
5 5 18 25 15 6
5 5 18 27 15 6
5 5 18 27 25 6
5 5 32 27 25 6
5 5 32 27 8 6
5 5 32 19 25 6
5 5 32 19 8 6
