361
5 28 18 3 14 8
5 28 20 12 29 14
5 0 28 18 3 14
5 16 0 18 3 14
5 16 0 18 3 21
5 19 23 31 27 8
5 19 28 6 27 8
5 19 20 6 12 27
5 19 28 20 12 14
5 19 28 20 6 12
5 30 19 20 12 27
5 30 19 6 12 27
5 30 6 12 29 27
5 4 28 6 12 29
5 4 28 12 29 14
5 4 0 28 29 14
5 4 20 12 29 14
5 4 19 28 12 14
5 4 19 28 6 12
5 4 19 28 14 8
5 4 19 28 6 8
5 4 19 20 12 14
5 4 28 3 14 8
5 4 0 28 3 14
5 4 16 3 14 8
5 4 16 0 3 14
5 1 30 20 31 27
5 1 30 12 29 27
5 1 30 20 12 27
5 17 19 23 31 8
5 17 7 31 3 8
5 17 18 31 3 8
5 17 7 31 3 21
5 17 18 31 3 21
5 11 4 19 20 12
5 11 1 4 12 29
5 11 4 19 20 14
5 11 4 19 16 14
5 11 1 4 0 29
5 24 30 19 20 12
5 24 11 19 20 12
5 24 17 19 23 31
5 24 1 30 20 12
5 24 19 23 31 27
5 24 30 23 31 27
5 24 30 19 23 27
5 24 19 20 31 27
5 24 30 20 31 27
5 24 30 19 20 27
5 24 1 30 20 31
5 15 0 3 29 21
5 15 28 6 29 27
5 15 30 6 29 27
5 15 1 30 27 21
5 15 1 30 29 27
5 15 7 30 23 27
5 15 17 7 3 21
5 2 7 16 3 8
5 2 4 16 3 8
5 2 7 28 3 8
5 2 4 28 3 8
5 2 4 28 6 8
5 2 28 6 27 8
5 2 7 28 27 8
5 2 15 28 6 27
5 2 15 7 28 27
5 2 7 30 23 27
5 2 15 30 6 27
5 2 15 7 30 27
5 2 15 7 30 23
5 10 1 4 0 29
5 10 4 20 29 14
5 10 4 0 29 14
5 10 4 20 12 29
5 10 1 20 12 29
5 10 1 4 12 29
5 10 11 1 4 0
5 10 11 4 20 14
5 10 0 18 29 14
5 10 11 4 20 12
5 10 11 1 4 12
5 10 11 1 16 0
5 10 11 16 20 14
5 10 4 16 0 14
5 10 11 4 16 14
5 10 11 4 16 0
5 10 0 18 29 21
5 10 1 0 29 21
5 10 24 1 20 12
5 10 24 11 20 12
5 10 24 11 1 12
5 10 20 18 31 14
5 10 24 1 20 31
5 9 24 11 19 20
5 9 11 16 20 14
5 9 11 19 20 14
5 9 11 19 16 14
5 9 10 11 16 20
5 9 10 24 11 20
5 9 10 16 20 14
5 9 19 20 18 14
5 9 10 20 18 14
5 9 19 18 14 8
5 9 4 19 16 14
5 9 16 0 18 14
5 9 10 0 18 14
5 9 10 16 0 14
5 9 19 20 18 31
5 9 24 19 20 31
5 9 24 17 19 31
5 9 18 3 14 8
5 9 16 3 14 8
5 9 16 18 3 14
5 9 10 20 18 31
5 9 10 24 20 31
5 9 10 24 17 31
5 9 16 0 18 21
5 9 10 0 18 21
5 9 10 16 0 21
5 9 19 18 31 8
5 9 17 18 31 8
5 9 17 19 31 8
5 9 17 18 3 8
5 9 16 18 3 21
5 9 17 18 3 21
5 9 17 18 31 21
5 9 10 18 31 21
5 9 10 17 31 21
5 9 7 16 3 8
5 9 17 7 3 8
5 9 17 7 16 3
5 26 0 28 3 29
5 26 15 28 3 29
5 26 4 0 28 29
5 26 2 15 28 6
5 26 4 28 6 29
5 26 15 28 6 29
5 26 11 4 0 29
5 26 4 6 12 29
5 26 11 4 12 29
5 26 11 4 6 12
5 26 11 1 0 29
5 26 30 6 12 29
5 26 15 30 6 29
5 26 11 1 12 29
5 26 11 30 6 12
5 26 1 30 12 29
5 26 15 1 30 29
5 26 15 1 30 12
5 5 15 1 30 12
5 5 15 11 30 12
5 5 24 11 30 12
5 5 24 11 1 12
5 5 24 11 30 23
5 5 2 11 30 23
5 5 10 24 11 1
5 5 2 11 30 6
5 5 10 11 1 16
5 5 11 1 16 0
5 5 9 10 24 17
5 5 9 10 24 11
5 5 10 16 0 21
5 5 10 1 0 21
5 5 10 1 16 0
5 5 9 17 7 23
5 5 9 17 7 16
5 5 9 10 11 16
5 5 9 10 16 21
5 5 9 10 17 21
5 22 17 7 31 21
5 22 15 17 7 21
5 22 17 7 23 31
5 22 15 7 23 27
5 22 5 17 7 23
5 22 10 1 31 21
5 22 10 17 31 21
5 22 24 17 23 31
5 22 30 23 31 27
5 22 15 30 27 21
5 22 15 30 23 27
5 22 2 15 7 23
5 22 5 2 7 23
5 22 1 30 27 21
5 22 1 30 31 27
5 22 24 30 23 31
5 22 24 1 30 31
5 22 5 10 1 21
5 22 5 10 17 21
5 22 10 24 1 31
5 22 10 24 17 31
5 22 5 24 17 23
5 22 15 1 30 21
5 22 5 15 1 21
5 22 5 15 1 30
5 22 2 15 30 23
5 22 5 2 30 23
5 22 5 2 15 30
5 22 5 24 30 23
5 22 5 10 24 1
5 22 5 10 24 17
5 22 24 1 30 12
5 22 5 1 30 12
5 22 5 24 30 12
5 22 5 24 1 12
5 13 16 0 3 21
5 13 15 0 3 21
5 13 17 7 16 3
5 13 15 17 7 3
5 13 15 7 28 3
5 13 2 7 28 3
5 13 2 15 7 28
5 13 5 2 7 16
5 13 26 15 28 3
5 13 26 2 15 28
5 13 15 17 3 21
5 13 5 16 0 21
5 13 26 0 28 3
5 13 15 0 3 29
5 13 26 0 3 29
5 13 26 15 3 29
5 13 5 17 7 16
5 13 22 2 15 7
5 13 22 5 2 7
5 13 22 5 2 15
5 13 26 2 15 6
5 13 9 16 3 21
5 13 9 17 3 21
5 13 9 17 16 3
5 13 15 0 29 21
5 13 22 15 17 7
5 13 22 5 17 7
5 13 2 15 30 6
5 13 5 2 30 6
5 13 5 2 15 30
5 13 5 9 16 21
5 13 5 9 17 21
5 13 5 9 17 16
5 13 22 15 17 21
5 13 22 5 17 21
5 13 22 5 15 21
5 13 5 11 30 6
5 13 5 15 11 30
5 13 26 11 30 6
5 13 26 15 30 6
5 13 5 26 11 1
5 13 15 1 29 21
5 13 5 1 29 21
5 13 5 15 1 21
5 13 26 15 1 29
5 13 5 26 1 29
5 13 15 11 30 12
5 13 26 11 30 12
5 13 26 15 30 12
5 13 26 11 1 12
5 13 26 15 1 12
5 13 5 11 1 12
5 13 5 15 1 12
5 13 5 15 11 12
5 25 2 11 30 23
5 25 24 30 19 23
5 25 24 11 30 23
5 25 2 11 30 6
5 25 9 24 11 19
5 25 24 30 19 12
5 25 24 11 19 12
5 25 24 11 30 12
5 25 19 23 27 8
5 25 30 19 23 27
5 25 2 30 23 27
5 25 30 19 6 12
5 25 11 30 6 12
5 25 5 24 11 23
5 25 5 9 24 11
5 25 19 6 27 8
5 25 30 19 6 27
5 25 7 23 27 8
5 25 2 7 27 8
5 25 2 7 23 27
5 25 2 6 27 8
5 25 2 30 6 27
5 25 9 11 19 16
5 25 5 2 11 23
5 25 5 2 11 16
5 25 4 19 6 8
5 25 4 19 6 12
5 25 11 4 6 12
5 25 11 4 19 12
5 25 17 19 23 8
5 25 24 17 19 23
5 25 9 17 19 8
5 25 9 24 17 19
5 25 5 9 11 16
5 25 5 24 17 23
5 25 5 9 17 23
5 25 5 9 24 17
5 25 11 4 19 16
5 25 9 4 19 16
5 25 2 7 16 8
5 25 9 7 16 8
5 25 2 4 6 8
5 25 2 4 16 8
5 25 2 11 4 6
5 25 2 11 4 16
5 25 5 2 7 23
5 25 5 2 7 16
5 25 17 7 23 8
5 25 9 17 7 8
5 25 9 17 7 23
5 25 5 9 7 23
5 25 5 9 7 16
5 25 4 16 14 8
5 25 9 16 14 8
5 25 9 4 16 14
5 25 4 19 14 8
5 25 9 19 14 8
5 25 9 4 19 14
5 32 13 5 2 16
5 32 2 11 4 16
5 32 5 2 11 16
5 32 2 4 16 3
5 32 4 16 0 3
5 32 13 16 0 3
5 32 2 7 16 3
5 32 13 7 16 3
5 32 13 2 7 3
5 32 13 2 7 16
5 32 2 4 28 3
5 32 13 2 28 3
5 32 13 5 16 0
5 32 13 5 26 11
5 32 2 11 4 6
5 32 5 2 11 6
5 32 13 5 11 6
5 32 13 5 2 6
5 32 11 4 16 0
5 32 26 11 4 0
5 32 5 11 16 0
5 32 4 0 28 3
5 32 13 0 28 3
5 32 13 26 2 28
5 32 26 4 0 28
5 32 13 26 0 28
5 32 13 26 0 29
5 32 13 5 26 29
5 32 26 11 4 6
5 32 13 26 11 6
5 32 13 26 2 6
5 32 26 11 1 0
5 32 5 11 1 0
5 32 5 26 11 1
5 32 2 4 28 6
5 32 26 4 28 6
5 32 26 2 28 6
5 32 26 1 0 29
5 32 5 26 1 29
5 32 13 0 29 21
5 32 13 5 29 21
5 32 13 5 0 21
5 32 1 0 29 21
5 32 5 1 29 21
5 32 5 1 0 21
