314
5 29 1 0 32 3
5 8 6 30 21 12
5 9 6 1 19 3
5 9 6 0 3 14
5 9 29 0 3 14
5 9 29 1 32 3
5 9 29 0 32 3
5 17 29 0 10 32
5 17 29 1 0 32
5 17 29 10 32 31
5 17 29 1 32 31
5 17 5 1 31 26
5 17 29 7 10 31
5 17 29 7 10 14
5 17 5 8 30 26
5 17 30 13 10 32
5 17 5 30 13 26
5 17 7 10 32 31
5 17 7 13 32 31
5 17 7 13 10 32
5 4 8 30 21 12
5 4 8 6 21 12
5 24 8 30 0 32
5 24 17 30 10 32
5 24 4 8 30 0
5 24 17 8 30 26
5 24 4 0 10 14
5 24 4 8 30 21
5 24 17 30 13 26
5 24 17 30 13 10
5 24 8 6 0 14
5 24 4 6 0 14
5 24 4 8 6 0
5 24 17 7 13 26
5 24 17 7 13 10
5 24 4 8 6 21
5 24 7 21 13 10
5 11 5 1 19 31
5 11 5 2 19 31
5 11 9 1 32 3
5 11 17 1 32 31
5 11 17 5 1 31
5 11 5 2 13 31
5 11 17 13 32 31
5 11 17 5 13 31
5 11 5 8 30 3
5 11 17 30 13 32
5 11 17 5 30 13
5 11 17 5 8 26
5 11 17 8 30 32
5 11 17 5 8 30
5 11 8 0 32 3
5 11 8 30 0 32
5 11 9 0 32 3
5 27 4 9 6 12
5 27 4 9 6 14
5 27 29 7 10 14
5 20 17 1 0 32
5 20 17 29 1 0
5 20 24 8 0 32
5 20 24 17 8 26
5 20 17 0 10 32
5 20 24 0 10 32
5 20 24 17 10 32
5 20 17 8 30 32
5 20 24 8 30 32
5 20 24 17 30 32
5 20 24 17 8 30
5 20 29 0 10 14
5 20 17 29 10 14
5 20 17 29 0 10
5 20 24 8 0 14
5 20 6 0 3 14
5 20 8 6 0 14
5 20 8 6 0 3
5 20 24 0 10 14
5 20 24 8 6 14
5 20 17 7 10 14
5 20 24 17 7 26
5 20 24 17 7 10
5 18 29 0 10 32
5 18 24 0 10 32
5 18 24 4 10 32
5 18 24 4 0 10
5 18 29 0 10 14
5 18 4 0 10 14
5 18 24 30 0 32
5 18 24 4 30 32
5 18 24 4 30 0
5 18 9 29 0 32
5 18 9 29 0 14
5 18 27 4 9 12
5 18 27 9 29 14
5 18 27 4 29 14
5 18 27 4 9 14
5 18 9 6 0 14
5 18 4 6 0 14
5 18 4 9 6 14
5 18 4 8 30 12
5 18 4 8 30 0
5 18 4 9 6 12
5 18 4 8 6 12
5 18 4 8 6 0
5 16 24 4 30 32
5 16 24 4 30 21
5 16 4 30 21 12
5 16 24 30 21 13
5 16 18 4 30 12
5 16 18 4 30 32
5 16 24 21 13 10
5 16 18 27 4 12
5 16 4 6 21 12
5 16 27 6 21 12
5 16 27 4 6 12
5 16 27 4 10 14
5 15 11 5 2 19
5 15 11 5 2 13
5 15 27 2 19 12
5 15 11 5 30 13
5 15 27 6 19 12
5 15 27 9 6 12
5 15 27 9 6 19
5 15 6 30 21 12
5 15 11 5 30 3
5 15 9 6 19 3
5 15 11 5 1 19
5 15 11 9 1 19
5 15 30 21 13 12
5 15 5 30 21 13
5 15 18 9 6 12
5 15 5 8 30 3
5 15 5 8 6 3
5 15 5 8 6 30
5 15 11 8 30 3
5 15 9 1 19 3
5 15 11 5 1 3
5 15 11 9 1 3
5 15 9 6 0 3
5 15 11 9 0 3
5 15 18 30 0 32
5 15 18 9 0 32
5 15 11 30 0 32
5 15 11 9 0 32
5 15 8 6 30 12
5 15 18 8 30 12
5 15 18 8 6 12
5 15 18 9 6 0
5 15 8 6 0 3
5 15 11 8 0 3
5 15 11 8 30 0
5 15 18 8 30 0
5 15 18 8 6 0
5 23 8 0 32 3
5 23 20 8 0 3
5 23 20 8 0 32
5 23 1 0 32 3
5 23 20 1 0 32
5 23 11 8 32 3
5 23 20 17 1 32
5 23 29 1 0 3
5 23 20 29 1 0
5 23 11 17 8 32
5 23 20 17 8 32
5 23 11 1 32 3
5 23 11 17 1 32
5 23 20 17 1 26
5 23 29 0 3 14
5 23 20 0 3 14
5 23 20 29 0 14
5 23 11 17 8 26
5 23 20 17 8 26
5 23 11 5 1 3
5 23 11 17 5 1
5 23 17 5 1 26
5 23 11 5 8 26
5 23 11 5 8 3
5 23 11 17 5 26
5 23 20 8 6 26
5 23 20 8 6 3
5 23 20 6 3 14
5 23 5 8 6 26
5 23 5 8 6 3
5 22 18 29 10 32
5 22 27 29 7 10
5 22 16 27 7 10
5 22 16 27 4 10
5 22 18 4 10 32
5 22 7 10 32 31
5 22 29 10 32 31
5 22 29 7 10 31
5 22 7 13 10 32
5 22 24 4 10 32
5 22 16 24 4 32
5 22 16 24 4 10
5 22 18 29 10 14
5 22 18 4 10 14
5 22 27 2 21 12
5 22 16 27 21 12
5 22 27 2 7 19
5 22 16 24 13 10
5 22 7 21 13 10
5 22 16 21 13 10
5 22 16 7 21 10
5 22 27 2 7 21
5 22 16 27 7 21
5 22 2 21 13 12
5 22 2 7 19 31
5 22 7 13 32 31
5 22 2 7 13 31
5 22 30 13 10 32
5 22 24 30 10 32
5 22 24 30 13 10
5 22 16 24 30 32
5 22 16 24 30 13
5 22 2 7 21 13
5 22 30 21 13 32
5 22 16 30 21 32
5 22 16 30 21 13
5 28 18 9 29 32
5 28 22 18 29 32
5 28 18 27 9 29
5 28 9 29 1 19
5 28 27 9 29 19
5 28 18 27 4 29
5 28 29 1 19 31
5 28 15 27 9 19
5 28 27 29 7 19
5 28 22 27 7 19
5 28 22 27 29 7
5 28 18 27 9 12
5 28 15 27 9 12
5 28 15 18 9 12
5 28 27 4 29 14
5 28 18 4 29 14
5 28 22 18 29 14
5 28 22 18 4 14
5 28 16 18 27 4
5 28 22 16 27 4
5 28 29 7 19 31
5 28 22 7 19 31
5 28 22 29 7 31
5 28 15 27 2 19
5 28 22 27 2 19
5 28 16 18 27 12
5 28 22 16 27 12
5 28 15 27 2 12
5 28 22 27 2 12
5 28 27 29 10 14
5 28 22 29 10 14
5 28 22 27 29 10
5 28 27 4 10 14
5 28 22 4 10 14
5 28 22 27 4 10
5 25 22 16 4 32
5 25 28 22 16 4
5 25 16 18 4 32
5 25 28 16 18 4
5 25 22 18 4 32
5 25 28 22 18 32
5 25 28 22 18 4
5 25 28 22 16 12
5 25 28 16 18 12
5 25 22 16 21 12
5 25 22 16 21 32
5 25 16 18 30 12
5 25 16 18 30 32
5 25 28 15 18 12
5 25 16 30 21 12
5 25 16 30 21 32
5 25 22 21 13 12
5 25 22 21 13 32
5 25 28 15 2 12
5 25 28 22 2 12
5 25 15 18 30 12
5 25 15 18 30 32
5 25 15 18 9 32
5 25 28 18 9 32
5 25 28 15 18 9
5 25 30 21 13 12
5 25 30 21 13 32
5 25 15 30 13 12
5 25 15 2 13 12
5 25 22 2 13 12
5 25 28 15 2 19
5 25 28 22 2 19
5 25 15 11 9 32
5 25 11 30 13 32
5 25 15 11 30 32
5 25 15 11 30 13
5 25 15 11 2 13
5 25 15 11 2 19
5 25 11 9 1 32
5 25 15 11 9 19
5 25 28 15 9 19
5 25 11 13 32 31
5 25 22 13 32 31
5 25 11 2 13 31
5 25 22 2 13 31
5 25 11 2 19 31
5 25 22 2 19 31
5 25 28 22 29 32
5 25 28 1 19 31
5 25 28 22 19 31
5 25 9 29 1 32
5 25 28 9 29 32
5 25 28 9 29 1
5 25 11 9 1 19
5 25 28 9 1 19
5 25 11 1 32 31
5 25 11 1 19 31
5 25 29 1 32 31
5 25 22 29 32 31
5 25 28 29 1 31
5 25 28 22 29 31
