235
5 19 21 3 13 25
5 19 21 1 25 0
5 19 21 1 11 25
5 17 12 8 3 13
5 15 19 21 3 13
5 15 19 21 11 3
5 15 19 21 13 25
5 15 19 21 11 25
5 15 19 24 13 25
5 15 19 24 11 25
5 15 19 24 11 13
5 6 21 1 8 11
5 6 15 21 11 25
5 6 15 21 11 3
5 6 19 21 11 3
5 6 19 21 8 3
5 6 19 21 8 11
5 6 17 12 10 13
5 6 17 12 8 13
5 6 12 8 3 13
5 6 15 19 3 13
5 6 15 19 11 13
5 6 15 19 11 3
5 22 19 24 11 13
5 22 12 24 20 13
5 22 18 17 12 20
5 22 17 12 8 3
5 5 19 1 11 0
5 5 19 21 1 0
5 5 21 1 8 11
5 5 19 21 8 11
5 5 19 21 1 11
5 5 21 8 3 0
5 5 19 21 3 0
5 5 19 21 8 3
5 5 22 19 3 0
5 5 22 17 20 0
5 5 22 17 3 0
5 16 22 18 17 20
5 16 17 12 20 10
5 16 18 12 20 10
5 16 18 17 12 20
5 16 6 17 8 10
5 16 6 18 8 10
5 16 6 17 12 10
5 16 6 18 12 10
5 16 6 17 12 8
5 14 22 24 20 0
5 14 19 24 11 25
5 14 19 1 11 25
5 14 19 1 11 0
5 14 22 19 24 0
5 14 22 19 24 11
5 14 5 18 20 0
5 14 5 18 1 0
5 14 1 24 25 0
5 14 19 24 25 0
5 14 19 1 25 0
5 14 15 18 11 10
5 14 21 1 11 25
5 14 6 18 11 10
5 14 6 18 1 11
5 14 6 21 1 11
5 4 6 18 11 10
5 4 6 18 12 10
5 4 15 18 11 10
5 4 6 15 11 10
5 4 15 12 10 13
5 4 6 12 10 13
5 4 6 15 10 13
5 4 6 15 11 13
5 4 6 19 11 13
5 4 22 19 11 13
5 4 16 6 12 8
5 4 16 6 18 12
5 4 22 18 17 12
5 4 6 12 8 3
5 4 22 12 8 3
5 4 22 12 24 20
5 4 22 18 12 20
5 4 15 12 24 13
5 4 22 12 24 13
5 4 15 24 11 13
5 4 22 24 11 13
5 4 14 15 24 11
5 4 14 15 18 11
5 4 6 12 3 13
5 4 6 19 3 13
5 4 22 12 3 13
5 4 22 19 3 13
5 4 6 19 8 11
5 4 14 22 19 11
5 4 6 19 8 3
5 4 14 18 1 11
5 4 14 5 18 1
5 4 5 22 18 20
5 4 14 5 18 20
5 4 16 18 17 12
5 4 14 18 24 20
5 4 14 22 24 11
5 4 14 22 24 20
5 4 5 19 11 0
5 4 14 19 11 0
5 4 5 22 19 0
5 4 14 22 19 0
5 4 5 22 19 3
5 4 5 1 11 0
5 4 14 1 11 0
5 4 14 5 1 0
5 4 5 22 20 0
5 4 14 22 20 0
5 4 14 5 20 0
5 9 21 1 8 0
5 9 5 21 8 0
5 9 5 21 1 0
5 9 5 21 1 8
5 9 5 8 3 0
5 9 5 17 3 0
5 9 5 17 20 0
5 9 16 17 20 0
5 9 5 18 20 0
5 9 16 18 20 0
5 9 4 5 18 1
5 9 22 17 8 3
5 9 5 22 17 3
5 9 5 22 17 20
5 9 16 22 17 20
5 9 5 22 18 20
5 9 16 22 18 20
5 9 6 18 1 8
5 9 5 1 8 11
5 9 4 5 1 11
5 9 16 6 18 8
5 9 4 16 6 8
5 9 4 16 6 18
5 9 4 5 22 18
5 9 4 22 8 3
5 9 4 5 22 3
5 9 22 17 12 8
5 9 4 22 12 8
5 9 4 22 17 12
5 9 16 17 12 8
5 9 4 16 12 8
5 9 4 16 17 12
5 9 16 22 18 17
5 9 4 22 18 17
5 9 4 16 18 17
5 9 6 1 8 11
5 9 4 6 8 11
5 9 6 18 1 11
5 9 4 18 1 11
5 9 4 6 18 11
5 9 5 19 8 11
5 9 4 19 8 11
5 9 4 5 19 11
5 9 5 19 8 3
5 9 4 19 8 3
5 9 4 5 19 3
5 23 16 18 20 0
5 23 21 1 8 0
5 23 14 18 20 0
5 23 14 18 1 0
5 23 9 16 18 0
5 23 9 1 8 0
5 23 5 18 1 0
5 23 9 5 1 0
5 23 9 5 18 0
5 23 9 5 18 1
5 23 9 18 1 8
5 23 9 16 18 8
5 23 6 21 8 10
5 23 6 21 1 8
5 23 16 18 8 10
5 23 14 21 1 25
5 23 16 18 20 10
5 23 6 18 8 10
5 23 6 18 1 8
5 23 14 6 21 1
5 23 14 6 18 10
5 23 14 6 18 1
5 7 16 17 20 10
5 7 17 12 20 10
5 7 18 12 20 10
5 7 17 12 10 13
5 7 12 24 20 13
5 7 17 24 20 13
5 7 17 12 20 13
5 7 4 18 12 10
5 7 4 12 24 20
5 7 4 18 24 20
5 7 4 18 12 20
5 7 15 12 10 13
5 7 15 12 24 13
5 7 14 18 24 20
5 7 4 15 12 10
5 7 4 15 12 24
5 7 4 15 18 10
5 7 14 15 18 10
5 7 6 15 10 13
5 7 4 14 18 24
5 7 4 14 15 24
5 7 4 14 15 18
5 7 14 15 24 11
5 2 23 14 24 20
5 2 7 14 24 20
5 2 23 16 20 10
5 2 7 16 20 10
5 2 23 14 24 25
5 2 23 14 18 20
5 2 7 14 18 20
5 2 23 18 20 10
5 2 7 18 20 10
5 2 14 24 11 25
5 2 7 14 24 11
5 2 23 14 21 25
5 2 7 6 21 25
5 2 23 14 18 10
5 2 7 14 18 10
5 2 15 24 11 25
5 2 7 15 24 25
5 2 7 15 24 11
5 2 23 6 21 10
5 2 23 14 6 10
5 2 23 14 6 21
5 2 7 6 15 25
5 2 7 6 15 10
5 2 14 6 11 10
5 2 14 15 11 10
5 2 7 14 15 10
5 2 7 14 15 11
5 2 6 21 11 25
5 2 14 21 11 25
5 2 14 6 21 11
5 2 6 15 11 25
5 2 6 15 11 10
