217
5 1 3 11 19 13
5 1 20 3 19 13
5 1 20 3 11 19
5 1 14 20 3 13
5 1 0 18 11 7
5 1 0 17 11 7
5 1 0 17 18 7
5 1 0 20 3 11
5 1 14 0 20 3
5 1 17 3 11 13
5 1 0 17 3 11
5 2 20 3 19 13
5 2 14 20 3 13
5 2 14 6 20 3
5 2 14 6 20 18
5 2 14 6 8 18
5 4 2 6 8 19
5 4 2 25 10 8
5 4 2 6 8 18
5 4 14 10 8 18
5 4 2 14 8 18
5 4 2 14 10 8
5 21 20 3 11 19
5 21 2 20 3 19
5 21 2 6 20 19
5 21 2 6 20 3
5 21 0 20 3 11
5 21 1 11 7 19
5 21 1 20 7 19
5 21 1 20 11 19
5 21 1 20 11 7
5 21 2 8 3 19
5 21 2 6 8 19
5 21 2 6 8 3
5 21 5 7 19 12
5 21 4 8 19 12
5 21 4 6 8 12
5 21 4 6 8 19
5 21 4 5 19 12
5 23 5 10 17 18
5 23 1 5 10 17
5 23 4 14 10 18
5 23 14 0 20 18
5 23 1 0 20 18
5 23 1 14 0 20
5 23 1 14 20 13
5 23 0 10 17 18
5 23 1 0 17 18
5 23 0 10 17 3
5 23 1 0 17 3
5 23 2 14 20 13
5 23 2 14 10 13
5 23 4 2 10 13
5 23 4 2 14 10
5 23 1 14 3 13
5 23 1 14 0 3
5 23 10 17 3 13
5 23 1 17 3 13
5 23 1 10 17 13
5 15 2 25 10 8
5 15 2 14 3 13
5 15 2 14 10 13
5 15 2 14 10 8
5 15 23 0 10 3
5 15 23 14 0 3
5 15 23 10 3 13
5 15 23 14 3 13
5 15 23 14 10 13
5 15 2 6 8 3
5 15 2 14 6 3
5 15 2 14 6 8
5 15 6 0 20 3
5 15 14 0 20 3
5 15 14 6 20 3
5 15 23 0 10 18
5 15 23 14 10 18
5 15 23 14 0 18
5 15 14 10 8 18
5 15 14 6 8 18
5 15 6 0 20 18
5 15 14 0 20 18
5 15 14 6 20 18
5 24 4 5 10 18
5 24 4 25 5 10
5 24 25 5 10 17
5 24 4 10 8 18
5 24 4 25 10 8
5 24 25 5 17 12
5 24 15 10 8 18
5 24 15 25 10 8
5 24 4 6 8 18
5 24 4 25 5 12
5 24 15 6 8 18
5 24 4 25 8 12
5 24 4 6 8 12
5 24 21 4 5 12
5 24 21 4 6 12
5 24 21 4 6 5
5 24 21 6 8 12
5 16 21 5 7 19
5 16 1 5 7 19
5 16 1 20 19 13
5 16 21 4 5 19
5 16 21 4 6 19
5 16 21 4 6 5
5 16 23 1 20 13
5 16 1 5 17 7
5 16 23 1 20 18
5 16 2 6 20 19
5 16 4 2 6 19
5 16 2 20 19 13
5 16 4 2 19 13
5 16 23 4 1 13
5 16 23 4 1 5
5 16 23 5 17 18
5 16 23 1 17 18
5 16 23 1 5 17
5 16 2 6 20 18
5 16 4 2 6 18
5 16 23 2 20 13
5 16 23 4 2 13
5 16 23 14 20 18
5 16 23 4 14 18
5 16 4 5 10 18
5 16 23 5 10 18
5 16 23 4 10 18
5 16 23 4 5 10
5 16 2 14 20 18
5 16 4 2 14 18
5 16 23 2 14 20
5 16 23 4 2 14
5 22 24 25 8 12
5 22 24 21 8 12
5 22 24 15 25 8
5 22 24 25 17 12
5 22 24 21 6 8
5 22 24 15 6 8
5 22 21 0 3 11
5 22 21 6 8 3
5 22 15 6 8 3
5 22 24 25 10 17
5 22 24 5 17 12
5 22 24 21 5 12
5 22 24 15 25 10
5 22 21 6 0 3
5 22 15 6 0 3
5 22 15 0 10 17
5 22 15 25 10 17
5 22 0 10 17 18
5 22 17 11 7 12
5 22 21 11 7 12
5 22 0 17 11 7
5 22 21 0 11 7
5 22 5 17 7 12
5 22 15 0 10 18
5 22 24 15 10 18
5 22 24 15 6 18
5 22 5 10 17 18
5 22 24 5 10 18
5 22 24 5 10 17
5 9 16 21 6 5
5 9 16 4 5 18
5 9 16 4 6 18
5 9 16 4 6 5
5 9 16 21 5 7
5 9 16 6 20 18
5 9 22 24 5 18
5 9 22 24 6 18
5 9 22 21 6 0
5 9 24 21 6 5
5 9 22 24 21 5
5 9 22 24 21 6
5 9 24 4 5 18
5 9 24 4 6 18
5 9 24 4 6 5
5 9 16 5 17 7
5 9 16 5 17 18
5 9 6 0 20 18
5 9 21 6 20 19
5 9 16 6 20 19
5 9 16 21 6 19
5 9 22 5 17 7
5 9 22 5 17 18
5 9 22 21 0 7
5 9 21 5 7 12
5 9 22 5 7 12
5 9 22 21 7 12
5 9 22 21 5 12
5 9 15 6 0 18
5 9 22 15 0 18
5 9 22 15 6 18
5 9 22 15 6 0
5 9 1 17 18 7
5 9 16 1 17 7
5 9 16 1 17 18
5 9 16 1 20 18
5 9 21 20 7 19
5 9 16 21 7 19
5 9 6 0 20 3
5 9 21 0 20 3
5 9 21 6 20 3
5 9 21 6 0 3
5 9 0 17 18 7
5 9 22 0 17 7
5 9 22 0 17 18
5 9 0 18 11 7
5 9 21 20 11 7
5 9 21 0 11 7
5 9 21 0 20 11
5 9 1 18 11 7
5 9 1 20 11 7
5 9 1 20 7 19
5 9 16 1 7 19
5 9 16 1 20 19
5 9 1 0 18 11
5 9 1 0 20 11
5 9 1 0 20 18
