118
5 2 10 17 7 0
5 2 1 10 17 7
5 4 2 10 17 0
5 8 2 17 7 0
5 8 6 17 7 0
5 8 6 2 17 0
5 8 14 6 7 0
5 8 6 1 17 7
5 9 4 2 10 17
5 9 6 2 17 0
5 9 4 2 17 0
5 9 8 6 2 0
5 11 2 10 7 0
5 11 4 2 10 0
5 11 3 4 2 0
5 11 14 4 10 0
5 11 14 3 4 10
5 18 14 3 6 0
5 18 8 3 6 0
5 18 8 14 6 0
5 18 8 3 2 0
5 18 11 3 2 0
5 18 8 2 7 0
5 18 8 14 7 0
5 18 11 2 7 0
5 18 11 14 7 0
5 18 14 3 4 0
5 18 11 3 4 0
5 18 11 14 4 0
5 18 11 14 3 4
5 15 2 1 10 17
5 15 2 1 10 7
5 15 11 1 7 12
5 15 11 1 10 12
5 15 11 1 10 7
5 15 11 2 10 7
5 15 11 3 10 12
5 15 11 3 2 10
5 15 18 11 7 12
5 15 18 11 2 7
5 15 18 11 3 12
5 15 18 11 3 2
5 15 18 8 2 12
5 15 18 8 3 12
5 15 18 8 3 2
5 5 9 4 2 0
5 5 9 8 2 0
5 5 3 4 2 0
5 5 8 3 2 0
5 5 9 4 6 0
5 5 9 8 6 0
5 5 8 3 6 0
5 5 15 8 3 2
5 5 15 9 8 2
5 5 14 4 6 0
5 5 14 3 6 0
5 5 14 3 4 0
5 5 9 8 6 12
5 5 15 3 2 10
5 5 9 4 2 10
5 5 15 9 2 10
5 5 15 8 3 12
5 5 11 4 2 10
5 5 11 3 2 10
5 5 11 3 4 10
5 5 11 3 4 2
5 5 15 3 10 12
5 16 18 8 14 6
5 16 18 14 3 6
5 16 18 8 3 12
5 16 18 8 3 6
5 16 18 8 14 7
5 16 14 6 1 7
5 16 8 6 1 7
5 16 8 14 6 7
5 16 18 11 3 12
5 16 18 11 14 3
5 16 5 8 6 12
5 16 5 8 3 12
5 16 5 8 3 6
5 16 11 3 10 12
5 16 11 1 7 12
5 16 18 11 7 12
5 16 11 14 1 7
5 16 18 11 14 7
5 16 11 1 10 12
5 13 8 6 1 17
5 13 15 9 8 2
5 13 9 8 6 12
5 13 8 6 2 17
5 13 9 6 2 17
5 13 9 8 6 2
5 13 16 6 1 12
5 13 16 8 6 12
5 13 16 8 6 1
5 13 15 8 2 12
5 13 15 2 1 17
5 13 15 9 1 17
5 13 15 9 2 17
5 13 5 9 8 12
5 13 5 15 8 12
5 13 5 15 9 12
5 13 5 15 9 8
5 13 2 1 17 7
5 13 8 1 17 7
5 13 8 2 17 7
5 13 16 1 7 12
5 13 16 8 1 7
5 13 15 1 7 12
5 13 15 2 1 7
5 13 15 18 7 12
5 13 15 18 2 12
5 13 15 18 2 7
5 13 16 18 7 12
5 13 18 8 2 12
5 13 16 18 8 12
5 13 18 8 2 7
5 13 16 18 8 7
