220
5 25 15 22 6 12
5 25 19 15 22 12
5 14 15 22 6 12
5 14 19 15 22 12
5 14 19 15 22 6
5 14 25 22 6 12
5 14 0 19 22 6
5 23 14 19 15 6
5 23 14 0 19 16
5 23 19 15 22 24
5 23 14 0 19 6
5 23 0 19 22 6
5 23 3 0 22 24
5 10 14 4 6 12
5 10 8 14 4 12
5 10 25 15 6 12
5 10 14 25 6 12
5 20 19 15 22 24
5 20 25 19 15 22
5 20 25 19 15 12
5 20 10 25 15 12
5 13 14 25 22 12
5 13 10 14 25 12
5 13 10 8 25 12
5 13 10 8 14 12
5 13 14 19 12 16
5 13 14 19 22 12
5 13 0 19 22 16
5 13 14 0 19 16
5 13 14 0 19 22
5 13 14 25 22 6
5 13 10 25 22 6
5 13 10 14 25 6
5 13 8 3 25 22
5 13 10 3 25 22
5 13 10 8 3 25
5 13 14 0 22 6
5 13 10 0 22 6
5 7 13 19 12 16
5 7 13 14 12 16
5 7 8 14 4 12
5 7 13 8 14 12
5 7 13 8 14 4
5 2 3 0 1 4
5 2 10 0 1 4
5 2 10 3 0 1
5 2 8 3 1 4
5 2 10 8 1 4
5 2 10 8 3 1
5 2 13 10 8 3
5 2 10 0 4 6
5 2 10 3 0 22
5 2 13 10 0 22
5 2 13 10 3 22
5 2 7 13 8 4
5 2 14 0 4 16
5 2 14 0 4 6
5 2 10 14 4 6
5 2 13 10 0 6
5 2 10 8 14 4
5 2 13 8 14 4
5 2 13 10 8 14
5 2 7 14 4 16
5 2 7 13 14 16
5 2 7 13 14 4
5 2 13 8 3 22
5 2 13 14 0 16
5 2 13 14 0 6
5 2 13 10 14 6
5 11 23 3 1 24
5 11 23 3 0 24
5 11 23 3 0 1
5 11 3 0 22 24
5 11 10 3 0 22
5 11 23 0 22 24
5 11 20 15 22 24
5 11 10 3 25 22
5 11 10 0 22 6
5 11 20 25 15 22
5 9 11 23 1 24
5 9 10 8 1 4
5 9 11 23 0 1
5 9 10 0 1 4
5 9 3 1 22 24
5 9 11 3 22 24
5 9 11 3 1 24
5 9 10 8 4 12
5 9 10 3 0 1
5 9 11 3 0 1
5 9 11 10 3 0
5 9 10 8 3 1
5 18 13 8 25 22
5 18 20 25 19 22
5 18 8 3 25 22
5 18 7 13 19 22
5 18 2 13 8 22
5 18 2 7 13 8
5 18 13 8 25 12
5 18 7 13 8 12
5 18 20 25 19 12
5 18 20 8 4 12
5 18 20 8 25 12
5 18 7 8 4 12
5 18 9 1 22 24
5 18 9 8 1 4
5 18 9 20 8 4
5 18 25 19 22 12
5 18 13 19 22 12
5 18 13 25 22 12
5 18 7 13 19 12
5 18 20 19 22 24
5 18 23 19 22 24
5 5 11 10 0 6
5 5 9 11 10 0
5 5 10 25 15 6
5 5 11 23 15 24
5 5 23 0 22 6
5 5 11 0 22 6
5 5 11 23 0 22
5 5 25 15 22 6
5 5 11 25 15 22
5 5 10 25 22 6
5 5 11 10 22 6
5 5 11 10 25 22
5 5 20 10 25 15
5 5 23 15 22 24
5 5 11 15 22 24
5 5 11 23 22 24
5 5 19 15 22 6
5 5 23 19 22 6
5 5 23 19 15 6
5 5 23 19 15 22
5 21 18 20 22 24
5 21 18 9 22 24
5 21 18 9 20 24
5 21 11 20 22 24
5 21 9 11 22 24
5 21 18 20 25 22
5 21 11 20 15 24
5 21 9 20 15 24
5 21 9 11 15 24
5 21 11 20 25 22
5 21 18 3 25 22
5 21 18 20 8 25
5 21 18 9 20 8
5 21 5 9 11 15
5 21 11 3 25 22
5 21 9 11 3 22
5 21 9 3 1 22
5 21 18 3 1 22
5 21 18 9 1 22
5 21 20 8 25 12
5 21 18 9 8 1
5 21 11 20 25 15
5 21 5 20 25 15
5 21 5 11 25 15
5 21 5 20 10 15
5 21 5 9 10 15
5 21 5 9 11 10
5 21 11 10 3 25
5 21 9 11 10 3
5 21 5 20 10 25
5 21 5 11 10 25
5 21 20 10 25 12
5 21 9 8 3 1
5 21 18 8 3 1
5 21 18 8 3 25
5 21 10 8 25 12
5 21 9 10 8 12
5 21 20 8 4 12
5 21 9 8 4 12
5 21 9 20 4 12
5 21 9 20 8 4
5 21 10 8 3 25
5 21 9 10 8 3
5 17 2 8 3 22
5 17 18 8 3 22
5 17 18 2 8 22
5 17 18 2 7 8
5 17 23 3 0 22
5 17 2 3 0 22
5 17 23 3 22 24
5 17 18 23 22 24
5 17 2 8 3 4
5 17 2 7 8 4
5 17 18 7 8 4
5 17 2 3 0 4
5 17 3 1 22 24
5 17 18 1 22 24
5 17 18 3 1 22
5 17 23 3 1 24
5 17 18 7 13 22
5 17 18 2 13 22
5 17 18 2 7 13
5 17 2 7 4 16
5 17 8 3 1 4
5 17 18 8 1 4
5 17 18 8 3 1
5 17 0 19 22 16
5 17 23 0 19 16
5 17 23 0 19 22
5 17 13 0 22 16
5 17 2 13 0 16
5 17 2 13 0 22
5 17 2 0 4 16
5 17 3 0 1 4
5 17 23 3 0 1
5 17 2 7 13 16
5 17 18 23 19 22
5 17 18 7 19 22
5 17 9 0 1 4
5 17 9 23 0 4
5 17 9 23 0 1
5 17 9 23 1 24
5 17 18 9 4 24
5 17 18 9 1 24
5 17 18 9 1 4
5 17 13 19 22 16
5 17 7 13 19 16
5 17 7 13 19 22
