4
26
-9.94402 1.14308 -2.69697 8.80615
-5.85636 -6.36302 0.941327 5.95181
-6.46531 3.71092 8.92965 -6.5149
9.97215 -2.24738 7.43286 3.83139
6.14346 8.09412 3.83457 8.36403
-0 -4.87002 -6.3563 7.85379
-0 7.70154 -8.41016 -5.72728
-0 -3.7314 3.13414 5.44469
-0 2.63918 5.38914 -3.32141
-0 -0.962752 2.21724 1.886
-0 1.01952 -9.13878 0.864121
-0 5.5826 3.53829 -6.60194
-7.33028 -6.75104 -0 7.01354
7.89371 8.0667 -0 -7.2774
-9.64861 1.03948 -0 -2.22621
-3.71096 -4.06668 -0 -1.6363
8.70019 7.91973 -0 6.11071
-1.79387 6.92344 -0 -6.57357
-3.32008 -3.12133 -0 0.641961
-7.47042 -2.22922 9.14418 -0
9.96324 6.8912 -1.59158 -0
-5.55815 7.70076 2.51483 -0
-4.96204 -8.41101 8.1645 -0
-1.80594 4.8214 -5.44236 -0
9.54197 -3.31066 -2.56931 -0
-1.90446 -8.63508 4.08976 -0
