4
33
2.67733 3.2407 -4.03094 2.02168
7.81385 -5.46414 -4.82182 -2.39486
8.55069 -0.711952 -6.66062 -7.75624
-0.291864 -1.65666 -8.9791 -0.991505
-7.99288 9.65429 8.65736 3.87067
-1.06158 7.49259 -0 6.98083
9.07147 8.57356 -0 -9.94105
9.41892 9.07819 -0 7.78512
-6.05241 9.8207 -0 7.8103
3.95271 6.60845 -0 -7.37938
-7.00729 -7.39842 -0 -9.82235
0.208373 3.56332 -0 5.28964
-3.3307 6.93847 5.67518 -0
2.22943 8.46739 -1.65403 -0
8.68506 8.26961 7.81855 -0
2.58461 9.63323 -9.39442 -0
-9.33764 -8.1728 -5.20882 -0
-4.74523 -5.82129 1.26951 -0
-0.62768 3.193 -3.9697 -0
-0 3.33063 8.1683 5.24291
-0 -0.178703 -6.12078 -5.62327
-0 -4.33457 -1.71729 1.29612
-0 -1.84881 1.42154 -2.81433
-0 5.37113 -4.91814 -8.06758
-0 0.824775 3.29579 5.92609
-0 -0.581495 -4.47544 2.01691
6.86324 -0 -9.41084 -3.31816
3.69295 -0 0.0264145 9.25642
-4.27874 -0 -5.50985 -5.06706
-0.0936912 -0 -6.45867 -1.90882
-8.8561 -0 -0.869771 3.52212
-6.78344 -0 3.75021 -3.11478
6.10455 -0 4.69907 6.39249
