4
33
-9.86774 -4.91195 1.89063 -9.71838
-4.43129 -0.901745 -9.81069 -0.120958
8.33068 8.31666 6.4615 9.82677
1.19814 9.63955 2.64197 6.4156
2.77427 -0.392289 0.525365 -7.22293
9.81372 -0 6.75632 -4.81358
-8.59911 -0 -6.54355 4.12042
-0.467518 -0 -8.39146 2.77457
2.91763 -0 9.41483 6.05367
1.7616 -0 7.27685 -7.52734
6.82002 -0 7.02361 -2.05743
8.80476 -0 -7.69302 4.41405
-0 -7.36249 -2.23301 6.65047
-0 -6.39669 7.91101 -3.61264
-0 7.51728 0.297999 -7.43643
-0 -4.11549 5.98556 -2.68492
-0 -6.56364 6.10051 7.75849
-0 1.21602 -8.7586 7.97137
-0 1.83755 -8.91825 3.77698
-4.83805 5.36787 -0 -5.62597
3.38977 6.73704 -0 -5.66497
-1.89935 -4.68351 -0 2.34575
4.80576 1.99576 -0 -4.96783
-7.63078 1.24633 -0 -6.83473
-6.65488 4.93504 -0 -6.13167
-6.0892 -0.821774 -0 -3.21224
-6.9925 9.03459 2.46968 -0
-7.5913 0.932682 0.90947 -0
-9.24759 2.17289 6.78886 -0
9.0728 9.02004 8.02115 -0
-9.76328 -4.74835 -1.55541 -0
-3.67141 -5.19908 -7.29056 -0
-2.44505 5.28594 -6.21741 -0
