4
19
9.80543 -4.50103 -0.410749 -3.72431
-9.17979 8.51809 5.50542 -6.74831
2.67082 -0.443042 4.65991 1.33512
-1.12252 -3.66944 -7.43162 2.97066
4.06657 -7.10608 -6.23357 6.92244
-0 -7.36249 -2.23301 6.65047
-0 -6.39669 7.91101 -3.61264
-0 7.51728 0.297999 -7.43643
-0 -4.11549 5.98556 -2.68492
-0 -6.56364 6.10051 7.75849
-0 1.21602 -8.7586 7.97137
-0 1.83755 -8.91825 3.77698
-9.69046 -0 -0.596896 0.249451
-5.05896 -0 6.37023 -0.925786
2.77483 -0 -9.09792 -7.1757
-5.35346 -0 0.773885 6.97275
-8.19236 -0 -2.98297 -3.6596
6.20722 -0 9.37757 -3.44715
-0.900227 -0 -6.42377 -2.12028
