4
26
3.01375 -7.34834 -0.753474 3.33697
-5.79277 -6.32095 5.83442 3.24345
-6.97046 2.82288 -8.76762 1.88891
1.6348 -8.37926 -5.00399 6.48622
-0.935998 9.45232 -0.334924 -4.5091
-0 5.29807 4.69743 -1.59547
-0 3.53743 -5.68444 3.67803
-0 -3.99119 9.89205 6.67212
-0 4.04393 -8.25819 2.39943
-0 0.463541 1.7869 2.30316
-0 -4.65928 -1.61854 -6.54373
-0 -8.44772 6.69982 8.41772
9.93966 9.9822 8.54185 -0
-9.3063 -5.07029 -5.78939 -0
-3.80752 -4.39532 -2.96921 -0
2.40583 -5.73311 -6.39672 -0
-2.88946 4.43229 3.39694 -0
3.07299 -7.23235 9.01831 -0
-0.738764 -1.46853 0.871331 -0
-8.99662 9.39381 -0 9.68736
-3.91192 -2.3992 -0 1.95039
2.45079 3.00745 -0 8.72394
9.1212 -0.25802 -0 0.663224
-3.87776 -4.95052 -0 -2.54455
6.53513 6.29458 -0 -4.63985
8.99919 5.28276 -0 -8.39261
