4
26
-9.28739 -1.11264 -8.01818 4.40975
-3.26518 -7.15097 -3.67599 2.95057
4.69255 -5.21351 5.35803 -3.21026
-1.58507 5.56967 -9.69196 -2.4133
-3.50139 2.62644 -3.38364 -0.73394
-7.78486 -0 -7.64044 0.998916
-1.04072 -0 -4.85516 -7.41938
4.61779 -0 5.20598 -5.42298
-4.82529 -0 -7.94838 -7.14879
-7.45185 -0 -6.94313 -3.16146
-1.98898 -0 0.647127 -7.49686
2.1534 -0 -4.02921 -0.419356
-4.83805 5.36787 -0 -5.62597
3.38977 6.73704 -0 -5.66497
-1.89935 -4.68351 -0 2.34575
4.80576 1.99576 -0 -4.96783
-7.63078 1.24633 -0 -6.83473
-6.65488 4.93504 -0 -6.13167
-6.0892 -0.821774 -0 -3.21224
-0.363718 4.14078 -7.96521 -0
-8.63327 2.46068 3.81355 -0
5.02732 -9.60036 -7.05715 -0
-5.40904 5.13005 -2.97805 -0
-6.00051 -8.82906 0.885597 -0
6.31576 1.22405 6.50372 -0
8.32058 -7.16583 0.790831 -0
