4
33
1.18121 1.556 -6.43389 -1.95992
5.49589 -4.88554 3.13441 6.91949
-8.59423 -5.61744 1.46592 4.40608
6.70658 6.65683 -2.07332 7.23277
-4.83313 1.33797 -5.85756 -4.71598
-0 1.97289 6.55144 5.87933
-0 9.2183 -8.75692 6.97832
-0 -6.69364 7.86667 -9.44779
-0 9.02098 0.0888586 -1.09234
-0 -2.74605 -7.99056 5.82065
-0 -2.00926 2.24907 -9.89863
-0 -0.527818 3.41433 3.76005
-9.69046 -0 -0.596896 0.249451
-5.05896 -0 6.37023 -0.925786
2.77483 -0 -9.09792 -7.1757
-5.35346 -0 0.773885 6.97275
-8.19236 -0 -2.98297 -3.6596
6.20722 -0 9.37757 -3.44715
-0.900227 -0 -6.42377 -2.12028
-7.33028 -6.75104 -0 7.01354
7.89371 8.0667 -0 -7.2774
-9.64861 1.03948 -0 -2.22621
-3.71096 -4.06668 -0 -1.6363
8.70019 7.91973 -0 6.11071
-1.79387 6.92344 -0 -6.57357
-3.32008 -3.12133 -0 0.641961
9.93966 9.9822 8.54185 -0
-9.3063 -5.07029 -5.78939 -0
-3.80752 -4.39532 -2.96921 -0
2.40583 -5.73311 -6.39672 -0
-2.88946 4.43229 3.39694 -0
3.07299 -7.23235 9.01831 -0
-0.738764 -1.46853 0.871331 -0
