4
26
6.58146 -3.19912 -2.66828 3.99774
-9.2256 9.11044 -4.85262 7.65603
9.08489 -3.0591 -2.21823 -8.38083
-9.49438 -5.84251 -9.4343 9.05562
4.36229 -2.19234 7.27931 8.51964
6.86324 -0 -9.41084 -3.31816
3.69295 -0 0.0264145 9.25642
-4.27874 -0 -5.50985 -5.06706
-0.0936912 -0 -6.45867 -1.90882
-8.8561 -0 -0.869771 3.52212
-6.78344 -0 3.75021 -3.11478
6.10455 -0 4.69907 6.39249
-1.92705 3.89137 -0 8.24611
5.03205 8.57851 -0 -2.29966
4.66155 5.35354 -0 -4.34865
1.00445 3.46514 -0 4.80437
8.95734 -4.65096 -0 7.81545
9.76413 -2.19591 -0 6.60584
-0.0104554 7.02434 -0 -1.10987
-0.363718 4.14078 -7.96521 -0
-8.63327 2.46068 3.81355 -0
5.02732 -9.60036 -7.05715 -0
-5.40904 5.13005 -2.97805 -0
-6.00051 -8.82906 0.885597 -0
6.31576 1.22405 6.50372 -0
8.32058 -7.16583 0.790831 -0
