4
26
-1.71714 -8.31842 2.90431 -3.39874
0.0525034 -1.9835 -4.14079 -6.45176
-5.23804 -3.83795 -1.97379 -4.11557
-0.51134 -2.15309 -3.71191 -5.89554
-8.5168 -3.50661 -9.6333 -8.88553
4.26728 -0 8.55692 -4.48299
-1.97119 -0 9.78124 -4.06134
-8.69428 -0 -4.53094 -1.36426
-2.30772 -0 -4.51317 -5.91867
4.01666 -0 -2.42047 -8.01405
0.588212 -0 6.34855 -5.75515
6.83063 -0 4.48934 -2.87726
-6.9925 9.03459 2.46968 -0
-7.5913 0.932682 0.90947 -0
-9.24759 2.17289 6.78886 -0
9.0728 9.02004 8.02115 -0
-9.76328 -4.74835 -1.55541 -0
-3.67141 -5.19908 -7.29056 -0
-2.44505 5.28594 -6.21741 -0
-1.92705 3.89137 -0 8.24611
5.03205 8.57851 -0 -2.29966
4.66155 5.35354 -0 -4.34865
1.00445 3.46514 -0 4.80437
8.95734 -4.65096 -0 7.81545
9.76413 -2.19591 -0 6.60584
-0.0104554 7.02434 -0 -1.10987
