201
5 17 13 8 7 12
5 17 4 7 2 12
5 17 13 4 2 12
5 17 13 4 7 12
5 17 13 4 7 2
5 19 17 13 2 12
5 19 17 13 8 12
5 19 17 13 8 7
5 24 13 8 7 12
5 24 13 4 7 12
5 21 19 13 8 7
5 21 19 17 13 2
5 21 19 17 13 7
5 21 11 19 17 7
5 21 19 17 9 5
5 21 11 17 9 5
5 21 11 19 17 9
5 21 17 13 7 2
5 1 24 13 4 7
5 15 11 17 9 12
5 15 11 19 17 9
5 15 11 19 9 8
5 15 11 17 7 12
5 15 11 19 17 7
5 15 11 19 8 7
5 15 17 8 7 12
5 15 19 17 8 12
5 15 19 17 8 7
5 15 24 8 7 12
5 15 11 24 8 7
5 15 11 9 5 12
5 20 21 19 13 8
5 16 24 13 8 7
5 16 21 13 8 7
5 16 20 21 13 8
5 16 11 24 8 7
5 16 11 19 8 7
5 16 21 19 8 7
5 16 21 11 19 7
5 16 20 21 5 14
5 16 20 21 19 8
5 16 20 21 19 5
5 16 19 9 8 5
5 16 11 9 8 5
5 16 11 19 9 8
5 16 21 19 9 5
5 16 21 11 9 5
5 16 21 11 19 9
5 3 1 13 4 7
5 3 21 13 7 2
5 3 16 21 13 7
5 3 1 24 13 7
5 3 16 24 13 7
5 3 16 1 24 13
5 3 21 17 7 2
5 3 16 21 11 7
5 3 16 20 21 14
5 3 21 11 17 7
5 3 16 11 5 14
5 3 16 21 5 14
5 3 16 21 11 5
5 25 24 4 7 12
5 25 1 24 4 7
5 25 15 24 7 12
5 25 15 11 7 12
5 25 15 11 24 7
5 0 24 13 4 12
5 0 25 24 4 12
5 0 24 13 8 12
5 0 13 4 2 12
5 0 19 13 8 12
5 0 19 13 2 12
5 6 16 1 24 13
5 6 1 24 13 4
5 6 25 1 24 4
5 6 16 24 13 8
5 6 16 20 13 8
5 6 16 20 24 8
5 6 3 16 1 13
5 6 0 24 13 4
5 6 0 25 24 4
5 6 0 25 1 4
5 6 16 20 21 13
5 6 3 16 21 13
5 6 3 16 20 21
5 6 3 16 20 14
5 6 0 20 13 2
5 6 3 20 21 14
5 6 20 21 13 2
5 23 15 19 8 12
5 23 0 19 8 12
5 23 15 19 9 8
5 23 15 17 9 12
5 23 15 19 17 12
5 23 15 19 17 9
5 23 15 9 5 12
5 23 19 17 2 12
5 23 0 19 2 12
5 23 19 17 9 5
5 18 6 16 1 24
5 18 6 25 1 24
5 18 6 16 20 24
5 18 3 16 1 24
5 18 6 20 24 8
5 18 6 16 20 14
5 18 6 3 1 14
5 18 6 3 16 14
5 18 6 3 16 1
5 18 6 0 25 1
5 18 3 16 11 14
5 18 3 1 7 14
5 18 3 1 24 7
5 18 25 1 24 7
5 18 16 11 5 14
5 18 16 20 5 14
5 18 16 20 24 8
5 18 3 11 7 14
5 18 16 11 24 7
5 18 3 16 24 7
5 18 3 16 11 7
5 18 25 11 24 7
5 18 25 15 11 24
5 18 16 11 8 5
5 18 15 11 24 8
5 18 16 11 24 8
5 18 11 9 8 5
5 18 15 9 8 5
5 18 15 11 9 5
5 18 15 11 9 8
5 10 0 19 13 8
5 10 23 0 19 8
5 10 20 19 13 8
5 10 0 19 13 2
5 10 23 0 19 2
5 10 6 20 13 8
5 10 6 0 20 13
5 10 0 20 13 2
5 10 16 19 8 5
5 10 16 20 19 5
5 10 16 20 19 8
5 10 19 9 8 5
5 10 23 19 9 5
5 10 23 19 9 8
5 10 20 21 19 5
5 10 21 19 13 2
5 10 20 21 13 2
5 10 20 21 19 13
5 10 0 24 13 8
5 10 6 24 13 8
5 10 6 0 24 13
5 10 18 6 20 8
5 10 0 20 21 2
5 10 18 16 8 5
5 10 18 16 20 5
5 10 18 16 20 8
5 10 23 21 5 2
5 10 18 6 24 8
5 10 21 17 5 2
5 10 21 19 17 2
5 10 21 19 17 5
5 10 23 17 5 2
5 10 23 19 17 2
5 10 23 19 17 5
5 22 18 0 25 1
5 22 23 15 5 12
5 22 0 25 24 12
5 22 10 23 0 5
5 22 18 20 5 14
5 22 18 6 20 14
5 22 15 11 5 12
5 22 25 15 11 12
5 22 25 15 24 12
5 22 0 24 8 12
5 22 23 0 8 12
5 22 18 25 15 24
5 22 18 6 0 25
5 22 10 18 20 5
5 22 10 18 6 20
5 22 10 0 20 5
5 22 10 6 0 20
5 22 18 15 11 5
5 22 18 25 11 5
5 22 18 25 15 11
5 22 15 24 8 12
5 22 23 15 8 12
5 22 10 0 24 8
5 22 10 23 0 8
5 22 6 0 25 24
5 22 10 6 0 24
5 22 18 15 24 8
5 22 18 6 25 24
5 22 10 18 6 24
5 22 10 18 24 8
5 22 18 15 8 5
5 22 10 18 8 5
5 22 15 9 8 5
5 22 23 15 9 5
5 22 23 15 9 8
5 22 10 9 8 5
5 22 10 23 9 5
5 22 10 23 9 8
