316
5 27 11 28 7 26
5 27 11 14 26 23
5 32 30 12 26 9
5 10 27 12 7 8
5 10 27 12 7 26
5 16 27 11 26 23
5 16 27 11 28 26
5 16 27 11 28 7
5 22 27 11 14 23
5 22 16 27 11 23
5 22 10 27 12 8
5 22 16 27 11 7
5 20 32 30 3 9
5 25 27 12 7 26
5 25 27 28 7 26
5 25 16 27 28 26
5 25 16 27 28 7
5 2 32 29 30 14
5 2 32 29 14 26
5 2 32 30 14 26
5 2 10 30 14 26
5 2 10 30 12 8
5 2 22 0 12 23
5 2 32 30 12 26
5 2 10 30 12 26
5 2 32 12 26 23
5 2 22 27 14 23
5 2 22 27 12 23
5 2 0 12 9 23
5 2 32 12 9 23
5 2 32 0 12 9
5 2 0 31 9 23
5 2 27 14 26 23
5 2 27 12 26 23
5 6 2 11 29 14
5 6 2 22 31 23
5 6 22 16 31 23
5 6 22 16 11 23
5 6 2 29 14 26
5 6 22 11 14 23
5 6 2 22 14 23
5 6 2 22 11 14
5 6 32 29 31 26
5 6 2 32 31 26
5 6 2 32 29 26
5 6 2 32 29 31
5 4 22 27 11 14
5 4 22 27 11 7
5 4 2 10 14 26
5 4 10 27 7 26
5 4 28 7 14 1
5 4 11 28 14 1
5 4 27 11 14 26
5 4 27 11 7 26
5 4 2 27 14 26
5 4 2 22 27 14
5 4 2 10 12 26
5 4 2 22 10 12
5 4 10 27 12 26
5 4 22 10 27 12
5 4 11 28 14 26
5 4 11 28 7 26
5 4 2 27 12 26
5 4 2 22 27 12
5 15 20 30 3 9
5 15 32 30 26 9
5 15 20 32 30 9
5 15 30 12 26 9
5 15 10 30 12 26
5 15 10 12 7 26
5 15 10 7 3 8
5 19 25 16 27 23
5 19 22 16 27 7
5 19 25 16 27 7
5 19 22 27 7 8
5 19 25 16 28 7
5 19 27 12 7 8
5 19 25 27 12 7
5 19 16 11 28 7
5 19 22 11 28 7
5 19 22 16 11 7
5 19 10 12 7 8
5 19 15 10 7 8
5 19 15 10 12 8
5 19 15 10 12 7
5 19 15 7 3 8
5 19 25 12 7 26
5 19 15 12 7 26
5 19 15 25 12 26
5 5 2 29 30 14
5 5 29 30 14 1
5 5 2 10 30 8
5 5 2 10 30 14
5 5 30 3 8 1
5 5 29 30 3 1
5 5 4 2 10 14
5 5 4 2 22 14
5 5 4 2 22 10
5 5 4 11 14 1
5 5 4 7 14 1
5 5 4 22 11 14
5 5 22 10 12 8
5 5 2 10 12 8
5 5 2 22 10 12
5 5 10 27 7 8
5 5 22 27 7 8
5 5 22 10 27 8
5 5 4 22 11 7
5 5 4 10 27 7
5 5 4 22 27 7
5 5 4 22 10 27
5 5 28 7 8 1
5 5 4 28 7 1
5 5 4 11 28 1
5 5 4 11 28 7
5 24 20 0 31 9
5 24 0 31 9 23
5 24 16 0 31 23
5 24 15 12 26 9
5 24 15 0 12 9
5 24 0 12 9 23
5 24 20 29 31 9
5 24 6 16 28 31
5 24 6 16 31 23
5 24 32 12 9 23
5 24 32 12 26 23
5 24 32 12 26 9
5 24 32 29 31 9
5 24 32 29 31 26
5 24 16 11 28 26
5 24 6 11 28 26
5 24 6 16 11 28
5 24 2 31 9 23
5 24 2 32 9 23
5 24 2 32 31 9
5 24 2 32 26 23
5 24 2 32 31 26
5 24 6 2 31 23
5 24 6 2 31 26
5 24 16 11 26 23
5 24 6 16 11 23
5 24 2 14 26 23
5 24 6 2 14 23
5 24 6 2 14 26
5 24 11 14 26 23
5 24 6 11 14 23
5 24 6 11 14 26
5 18 24 20 0 9
5 18 24 15 0 9
5 18 24 15 20 9
5 18 24 15 0 12
5 18 20 0 3 9
5 18 15 20 3 9
5 18 19 15 25 12
5 18 0 30 3 9
5 18 15 30 3 9
5 18 0 30 12 9
5 18 15 30 12 9
5 18 15 0 12 9
5 18 19 15 3 8
5 18 19 15 12 8
5 18 15 10 30 3
5 18 15 10 30 12
5 18 15 10 3 8
5 18 15 10 12 8
5 18 10 30 3 8
5 18 10 30 12 8
5 17 18 15 20 3
5 17 24 20 29 31
5 17 19 15 25 26
5 17 19 20 28 3
5 17 20 28 3 1
5 17 18 19 15 3
5 17 20 28 31 1
5 17 20 29 31 1
5 17 20 29 3 1
5 17 24 29 31 26
5 17 24 20 29 9
5 17 24 15 26 9
5 17 24 15 20 9
5 17 25 28 7 26
5 17 19 25 7 26
5 17 19 25 28 7
5 17 19 15 7 26
5 17 19 28 7 3
5 17 19 15 7 3
5 17 6 28 31 1
5 17 6 29 31 1
5 17 29 30 3 1
5 17 20 29 30 3
5 17 15 20 30 3
5 17 6 29 31 26
5 17 24 6 31 26
5 17 24 6 28 26
5 17 24 6 28 31
5 17 20 32 29 9
5 17 15 32 30 26
5 17 15 32 26 9
5 17 15 20 32 9
5 17 20 32 29 30
5 17 15 20 32 30
5 17 24 32 26 9
5 17 24 32 29 9
5 17 24 32 29 26
5 17 15 10 7 26
5 17 15 10 30 3
5 17 15 10 7 3
5 17 6 11 28 1
5 17 6 11 28 26
5 17 6 11 29 1
5 17 15 10 30 26
5 17 29 30 14 1
5 17 32 30 14 26
5 17 32 29 14 26
5 17 32 29 30 14
5 17 30 3 8 1
5 17 10 30 3 8
5 17 11 28 14 1
5 17 11 28 14 26
5 17 11 29 14 1
5 17 6 29 14 26
5 17 6 11 14 26
5 17 6 11 29 14
5 17 10 30 14 26
5 17 4 28 14 26
5 17 4 28 7 26
5 17 4 28 7 14
5 17 4 10 14 26
5 17 4 10 7 26
5 17 28 7 14 1
5 17 10 7 3 8
5 17 5 30 8 1
5 17 5 10 30 8
5 17 28 3 8 1
5 17 28 7 8 1
5 17 28 7 3 8
5 17 5 30 14 1
5 17 5 10 30 14
5 17 5 4 7 14
5 17 5 4 10 14
5 17 5 4 10 7
5 17 5 7 14 1
5 17 5 7 8 1
5 17 5 10 7 8
5 13 18 15 25 12
5 13 24 0 12 23
5 13 18 19 25 12
5 13 24 16 0 23
5 13 19 25 27 12
5 13 18 19 12 8
5 13 22 27 12 23
5 13 19 25 27 23
5 13 19 25 16 23
5 13 19 25 16 0
5 13 22 27 12 8
5 13 19 27 12 8
5 13 19 22 27 8
5 21 17 24 20 31
5 21 19 25 16 0
5 21 24 16 0 31
5 21 24 20 0 31
5 21 13 25 16 0
5 21 13 24 16 0
5 21 18 24 20 0
5 21 17 19 20 28
5 21 19 25 16 28
5 21 17 19 25 28
5 21 17 20 28 31
5 21 24 16 28 31
5 21 17 24 28 31
5 21 25 16 27 26
5 21 25 16 28 26
5 21 17 25 28 26
5 21 24 16 28 26
5 21 17 24 28 26
5 21 17 15 25 26
5 21 17 24 15 26
5 21 18 24 15 20
5 21 17 24 15 20
5 21 17 18 15 20
5 21 13 25 16 23
5 21 13 24 16 23
5 21 19 16 28 31
5 21 19 20 28 31
5 21 19 20 16 31
5 21 17 19 20 3
5 21 17 18 20 3
5 21 17 18 19 3
5 21 18 19 15 25
5 21 17 19 15 25
5 21 17 18 19 15
5 21 16 27 26 23
5 21 24 16 26 23
5 21 25 16 27 23
5 21 13 18 15 25
5 21 19 20 0 3
5 21 18 20 0 3
5 21 18 19 0 3
5 21 13 19 25 0
5 21 13 18 19 0
5 21 13 18 19 25
5 21 18 24 0 12
5 21 13 24 0 12
5 21 13 18 0 12
5 21 13 24 12 23
5 21 27 12 26 23
5 21 25 27 12 26
5 21 24 12 26 23
5 21 15 25 12 26
5 21 13 15 25 12
5 21 24 15 12 26
5 21 18 24 15 12
5 21 13 18 15 12
5 21 13 27 12 23
5 21 13 25 27 23
5 21 13 25 27 12
