339
5 7 6 4 14 2
5 30 21 8 14 9
5 5 7 4 14 2
5 11 5 7 14 2
5 11 21 8 14 9
5 11 5 8 14 9
5 11 21 8 14 2
5 11 5 8 14 2
5 11 5 21 8 2
5 11 5 7 4 14
5 11 5 24 8 9
5 11 30 7 14 9
5 11 30 7 4 9
5 11 30 7 4 14
5 11 7 24 4 9
5 10 30 7 14 9
5 10 30 24 26 9
5 10 24 4 26 9
5 10 7 24 4 9
5 10 30 4 26 9
5 10 30 7 4 9
5 28 11 21 14 2
5 28 11 7 14 2
5 28 11 5 21 2
5 28 5 21 8 2
5 28 11 5 21 8
5 18 7 6 4 14
5 18 30 7 4 14
5 18 10 30 7 14
5 18 10 30 7 4
5 31 28 11 21 14
5 31 28 11 7 14
5 31 11 21 14 9
5 31 11 7 14 9
5 31 28 10 21 14
5 31 28 10 7 14
5 31 10 7 14 9
5 31 11 21 8 9
5 31 28 11 21 8
5 31 30 21 14 9
5 31 10 30 14 9
5 31 10 30 21 14
5 31 28 11 5 8
5 3 28 10 7 14
5 3 18 10 7 14
5 3 18 12 6 4
5 13 28 21 8 2
5 13 28 5 8 2
5 13 1 21 8 29
5 13 31 28 5 8
5 13 11 5 24 8
5 13 31 11 5 8
5 32 1 21 8 29
5 32 3 18 6 14
5 32 13 21 8 29
5 32 28 21 14 2
5 32 3 6 14 2
5 32 3 28 14 2
5 32 13 28 21 2
5 25 10 30 24 9
5 25 31 10 30 9
5 25 30 24 8 9
5 25 10 30 24 26
5 25 11 24 8 9
5 25 31 11 8 9
5 25 31 11 24 9
5 25 30 21 8 9
5 25 31 21 8 9
5 25 31 30 21 9
5 25 13 11 24 8
5 25 13 31 11 8
5 25 13 31 11 24
5 25 1 30 21 8
5 25 30 24 26 8
5 25 1 24 26 8
5 25 1 30 26 8
5 25 31 28 21 8
5 25 13 28 21 8
5 25 13 31 28 8
5 19 28 7 14 2
5 19 3 28 14 2
5 19 3 28 7 14
5 19 7 6 14 2
5 19 3 6 14 2
5 19 28 11 7 2
5 19 7 6 4 2
5 19 18 7 6 14
5 19 3 18 6 14
5 19 3 18 7 14
5 19 11 5 7 2
5 19 28 11 5 2
5 19 31 28 11 7
5 19 5 7 4 2
5 19 18 7 6 4
5 19 3 18 6 4
5 19 11 5 7 4
5 19 31 28 10 7
5 19 3 28 10 7
5 19 18 10 7 4
5 19 3 18 10 7
5 19 11 7 24 9
5 19 31 11 24 9
5 19 31 11 7 9
5 19 10 7 24 4
5 19 11 7 24 4
5 19 10 7 24 9
5 19 31 10 7 9
5 19 25 10 24 9
5 19 25 31 24 9
5 19 25 31 10 9
5 16 1 18 30 26
5 16 3 18 12 6
5 16 3 18 12 4
5 16 10 30 4 26
5 16 18 30 4 26
5 16 18 10 30 4
5 16 18 12 4 26
5 16 19 18 10 4
5 16 19 3 18 4
5 16 19 3 18 10
5 15 31 28 10 21
5 15 28 10 21 14
5 15 32 28 21 14
5 15 3 28 10 14
5 15 32 3 28 14
5 15 19 31 28 10
5 15 19 3 28 10
5 15 19 3 31 28
5 15 16 3 18 10
5 15 3 18 10 14
5 15 32 3 18 14
5 15 25 31 28 21
5 15 10 30 21 14
5 15 18 10 30 14
5 15 16 18 10 30
5 15 32 1 21 29
5 15 31 10 30 21
5 15 25 31 30 21
5 15 25 31 10 30
5 15 25 13 28 21
5 15 25 13 31 28
5 15 25 1 30 21
5 15 25 10 30 26
5 15 16 10 30 26
5 15 25 1 30 26
5 15 16 1 30 26
5 27 32 13 28 2
5 27 32 3 28 2
5 27 32 13 21 29
5 27 32 13 28 21
5 27 32 3 6 29
5 27 32 3 6 2
5 27 15 32 3 29
5 27 15 32 3 28
5 27 15 13 21 29
5 27 15 13 28 21
5 27 15 32 21 29
5 27 15 32 28 21
5 27 15 13 31 28
5 27 13 28 5 2
5 27 13 31 28 5
5 27 31 28 11 5
5 27 13 31 11 5
5 22 19 6 4 2
5 22 3 12 6 4
5 22 27 3 6 2
5 22 19 5 4 2
5 22 27 3 6 29
5 22 1 12 6 29
5 0 32 30 21 14
5 0 15 30 21 14
5 0 15 32 21 14
5 0 15 18 30 14
5 0 15 32 18 14
5 0 32 1 30 21
5 0 15 1 30 21
5 0 15 32 1 21
5 0 1 18 30 14
5 0 32 1 30 14
5 0 15 16 18 30
5 0 15 16 1 30
5 0 32 18 6 14
5 0 16 1 18 30
5 0 15 32 3 18
5 0 15 16 3 18
5 0 15 32 1 29
5 0 16 1 18 6
5 0 32 3 18 6
5 0 16 3 18 6
5 0 15 32 3 29
5 0 32 1 6 29
5 0 32 3 6 29
5 0 1 12 6 29
5 0 16 1 12 6
5 0 16 3 12 6
5 0 22 12 6 29
5 0 22 3 6 29
5 0 22 3 12 6
5 23 19 3 6 4
5 23 22 3 6 4
5 23 22 19 6 4
5 23 22 3 12 4
5 23 19 3 6 2
5 23 22 3 6 2
5 23 22 19 6 2
5 23 16 3 12 4
5 23 16 19 3 4
5 23 22 27 3 2
5 23 19 10 24 4
5 23 12 5 24 4
5 23 22 12 5 4
5 23 22 12 5 24
5 23 22 19 5 4
5 23 19 3 28 2
5 23 27 3 28 2
5 23 22 19 5 2
5 23 22 27 5 2
5 23 16 19 10 4
5 23 16 19 3 10
5 23 15 19 3 10
5 23 15 16 3 10
5 23 11 5 24 4
5 23 19 11 24 4
5 23 19 11 5 4
5 23 19 28 5 2
5 23 27 28 5 2
5 23 19 3 31 28
5 23 19 25 10 24
5 23 15 19 3 31
5 23 19 28 11 5
5 23 27 28 11 5
5 23 19 31 28 11
5 23 27 31 28 11
5 23 19 25 31 24
5 23 19 25 31 10
5 23 15 19 31 10
5 23 13 11 5 24
5 23 27 13 11 5
5 23 27 13 31 11
5 23 13 31 11 24
5 23 19 31 11 24
5 17 16 12 4 26
5 17 23 16 12 4
5 17 12 24 4 26
5 17 23 12 24 4
5 17 16 10 4 26
5 17 23 16 10 4
5 17 10 24 4 26
5 17 23 10 24 4
5 17 22 12 24 26
5 17 15 16 10 26
5 17 23 15 16 10
5 17 16 1 12 26
5 17 15 16 1 26
5 17 22 1 24 26
5 17 22 1 12 26
5 17 0 16 1 12
5 17 0 15 16 1
5 17 0 15 16 3
5 17 25 10 24 26
5 17 15 25 10 26
5 17 23 25 10 24
5 17 25 1 24 26
5 17 15 25 1 26
5 17 15 25 31 10
5 17 23 25 31 10
5 17 23 15 31 10
5 17 0 15 1 29
5 17 22 13 1 24
5 17 22 27 13 1
5 17 22 27 1 29
5 17 22 1 12 29
5 17 0 1 12 29
5 17 0 22 12 29
5 17 13 1 24 8
5 17 25 1 24 8
5 17 25 13 24 8
5 17 15 25 1 21
5 17 15 25 13 21
5 17 15 25 13 31
5 17 27 15 13 31
5 17 27 13 1 29
5 17 27 15 13 29
5 17 13 1 21 8
5 17 25 1 21 8
5 17 25 13 21 8
5 17 13 1 21 29
5 17 15 1 21 29
5 17 15 13 21 29
5 20 23 22 12 24
5 20 17 22 12 24
5 20 17 23 12 24
5 20 23 22 3 12
5 20 17 22 13 24
5 20 17 22 27 13
5 20 23 22 27 3
5 20 0 22 3 12
5 20 17 0 22 12
5 20 23 16 3 12
5 20 17 23 16 12
5 20 22 13 5 24
5 20 23 13 5 24
5 20 23 22 5 24
5 20 22 27 13 5
5 20 23 27 13 5
5 20 23 22 27 5
5 20 23 13 31 24
5 20 23 27 13 31
5 20 17 27 13 31
5 20 22 27 3 29
5 20 17 22 27 29
5 20 0 16 3 12
5 20 17 0 16 12
5 20 17 0 16 3
5 20 0 22 3 29
5 20 17 0 22 29
5 20 23 15 16 3
5 20 17 15 16 3
5 20 17 23 15 16
5 20 25 13 31 24
5 20 17 25 13 24
5 20 17 25 13 31
5 20 23 25 31 24
5 20 17 23 25 24
5 20 17 23 25 31
5 20 17 27 15 31
5 20 17 23 15 31
5 20 27 15 3 29
5 20 17 27 15 29
5 20 27 15 3 28
5 20 23 27 3 28
5 20 0 15 3 29
5 20 17 0 15 29
5 20 17 0 15 3
5 20 27 15 31 28
5 20 23 27 31 28
5 20 15 3 31 28
5 20 23 3 31 28
5 20 23 15 3 31
