209
5 6 21 19 18 20
5 6 4 19 25 18
5 24 22 8 10 0
5 24 21 19 9 18
5 14 8 11 10 0
5 14 6 19 9 18
5 14 24 19 9 18
5 14 11 19 25 18
5 14 6 4 19 18
5 14 6 4 19 9
5 14 24 8 10 18
5 14 4 19 25 18
5 14 24 11 10 18
5 14 24 11 19 18
5 2 8 11 10 0
5 2 22 8 10 0
5 17 6 21 18 20
5 17 6 4 9 20
5 17 21 19 9 18
5 17 6 19 9 18
5 17 6 21 19 18
5 17 24 21 9 18
5 17 14 24 9 18
5 17 14 24 8 18
5 17 14 24 8 9
5 3 6 4 9 20
5 3 17 4 9 20
5 3 17 6 9 20
5 3 6 4 25 20
5 3 6 4 19 9
5 3 6 4 19 25
5 23 17 24 22 0
5 23 24 22 21 10
5 23 17 24 22 21
5 23 17 13 22 21
5 23 6 21 19 20
5 23 3 17 13 20
5 23 3 13 25 20
5 12 23 2 13 25
5 12 3 2 13 25
5 12 23 2 13 22
5 12 23 2 25 20
5 12 23 3 13 25
5 12 23 6 19 20
5 12 3 6 19 25
5 12 24 11 10 18
5 12 23 21 10 18
5 12 23 22 21 10
5 12 6 25 18 20
5 12 6 19 18 20
5 12 11 19 25 18
5 12 6 19 25 18
5 12 3 6 25 20
5 12 23 3 25 20
5 12 23 3 6 20
5 12 21 19 18 20
5 12 23 21 18 20
5 12 23 21 19 20
5 12 24 21 10 18
5 12 24 22 21 10
5 16 23 17 13 20
5 16 23 13 25 20
5 16 23 2 13 25
5 16 23 17 22 0
5 16 23 17 13 22
5 16 3 4 25 20
5 16 3 13 25 20
5 16 3 17 4 20
5 16 3 17 13 20
5 16 23 2 13 22
5 16 3 17 4 9
5 16 24 22 8 0
5 16 17 24 8 0
5 16 17 24 22 0
5 16 17 24 22 8
5 16 17 13 22 21
5 5 14 4 19 25
5 5 3 4 19 25
5 5 12 3 19 25
5 5 14 7 4 25
5 5 14 4 19 9
5 5 3 4 19 9
5 5 14 11 19 25
5 5 12 11 19 25
5 5 12 14 11 19
5 5 14 7 4 9
5 5 14 7 11 25
5 5 12 3 2 25
5 5 16 3 4 9
5 5 14 8 7 9
5 5 12 2 11 25
5 5 3 2 13 25
5 5 16 2 13 25
5 5 16 3 13 25
5 5 12 14 11 10
5 5 12 2 11 10
5 5 12 2 13 22
5 5 12 3 13 22
5 5 12 3 2 13
5 5 12 2 22 10
5 5 16 2 13 22
5 5 14 8 11 10
5 5 2 8 11 10
5 5 2 14 8 11
5 5 2 22 8 10
5 15 23 17 13 21
5 15 23 3 17 13
5 15 16 17 13 21
5 15 5 3 13 22
5 15 12 23 21 19
5 15 23 6 21 19
5 15 12 23 3 13
5 15 3 17 6 9
5 15 17 6 21 20
5 15 23 6 21 20
5 15 23 17 21 20
5 15 3 17 6 20
5 15 23 3 6 20
5 15 23 3 17 20
5 15 16 13 22 21
5 15 5 16 13 22
5 15 16 17 22 21
5 15 5 3 19 9
5 15 16 3 17 9
5 15 16 3 17 13
5 15 5 16 3 9
5 15 5 16 3 13
5 15 12 3 13 22
5 15 23 13 22 21
5 15 12 23 22 21
5 15 12 23 13 22
5 15 3 6 19 9
5 15 12 3 6 19
5 15 12 23 6 19
5 15 12 23 3 6
5 15 17 21 19 9
5 15 17 6 19 9
5 15 17 6 21 19
5 15 5 12 3 19
5 15 5 12 3 22
5 15 24 21 19 9
5 15 12 24 22 21
5 15 16 17 8 9
5 15 16 17 22 8
5 15 5 16 8 9
5 15 5 16 22 8
5 15 17 24 21 9
5 15 17 24 8 9
5 15 17 24 22 21
5 15 17 24 22 8
5 15 14 24 19 9
5 15 5 14 19 9
5 15 24 21 19 18
5 15 12 21 19 18
5 15 12 24 21 18
5 15 5 12 14 19
5 15 12 24 22 10
5 15 5 12 22 10
5 15 24 22 8 10
5 15 5 22 8 10
5 15 14 24 8 9
5 15 5 14 8 9
5 15 24 11 19 18
5 15 12 11 19 18
5 15 12 24 11 18
5 15 14 24 11 19
5 15 12 14 11 19
5 15 5 12 14 10
5 15 14 24 8 10
5 15 5 14 8 10
5 15 14 24 11 10
5 15 12 24 11 10
5 15 12 14 11 10
5 1 5 7 4 25
5 1 17 7 9 0
5 1 17 7 4 9
5 1 16 17 4 9
5 1 7 11 25 0
5 1 2 11 25 0
5 1 5 16 2 25
5 1 16 3 4 25
5 1 5 3 4 25
5 1 5 16 3 25
5 1 5 16 3 4
5 1 5 7 4 9
5 1 5 16 4 9
5 1 8 7 9 0
5 1 17 8 9 0
5 1 16 17 8 0
5 1 16 17 8 9
5 1 14 7 11 0
5 1 5 7 11 25
5 1 5 2 11 25
5 1 2 22 8 0
5 1 16 22 8 0
5 1 16 2 22 0
5 1 5 8 7 9
5 1 5 16 8 9
5 1 14 8 11 0
5 1 2 8 11 0
5 1 2 14 8 11
5 1 5 14 7 11
5 1 5 2 14 11
5 1 14 8 7 0
5 1 5 14 8 7
5 1 5 2 14 8
5 1 5 2 22 8
5 1 5 16 22 8
5 1 5 16 2 22
