213
5 25 10 20 11 19
5 5 3 11 22 19
5 5 15 3 11 19
5 5 20 11 22 19
5 5 25 20 22 19
5 5 25 20 11 19
5 5 0 20 11 22
5 5 15 10 11 19
5 5 25 10 11 19
5 5 25 15 10 19
5 5 25 15 10 7
5 1 25 10 12 19
5 1 25 10 20 19
5 1 25 20 22 19
5 1 25 10 20 11
5 2 1 18 16 12
5 2 1 18 25 20
5 2 18 16 22 19
5 2 18 25 20 22
5 2 18 25 22 19
5 2 1 18 16 22
5 2 1 18 20 22
5 13 25 10 7 12
5 13 15 9 10 7
5 13 1 25 7 12
5 13 1 18 7 12
5 13 1 18 25 7
5 13 25 10 12 19
5 13 15 9 10 19
5 13 21 15 9 7
5 13 25 15 10 19
5 13 25 15 10 7
5 13 18 25 15 7
5 6 5 3 11 22
5 6 5 0 11 22
5 6 5 3 22 19
5 6 5 15 3 19
5 6 9 10 11 4
5 6 15 9 3 11
5 6 5 15 3 11
5 6 15 9 10 11
5 6 5 15 10 11
5 6 21 9 3 4
5 6 21 15 3 7
5 6 21 15 9 7
5 6 21 15 9 3
5 6 15 9 10 7
5 6 5 15 10 7
5 23 6 0 3 4
5 23 1 18 7 12
5 23 2 1 18 12
5 23 2 1 18 7
5 23 6 21 9 4
5 23 6 21 9 7
5 23 6 21 3 4
5 23 6 21 3 7
5 14 5 25 20 11
5 14 1 25 20 11
5 14 5 0 20 11
5 14 1 0 20 11
5 14 5 25 10 11
5 14 1 25 10 11
5 14 5 25 0 20
5 14 1 25 0 20
5 14 23 1 25 0
5 14 1 10 12 11
5 14 5 25 10 7
5 14 1 25 10 12
5 14 5 25 0 7
5 14 23 25 0 7
5 14 6 10 11 4
5 14 6 5 10 11
5 14 6 0 11 4
5 14 6 5 0 11
5 14 25 10 7 12
5 14 6 5 10 7
5 14 1 25 7 12
5 14 23 1 7 12
5 14 23 1 25 7
5 14 6 5 0 7
5 14 23 6 0 7
5 14 23 6 0 4
5 14 23 1 12 4
5 14 23 1 0 4
5 14 23 9 7 12
5 14 6 9 10 7
5 14 23 6 9 7
5 14 9 10 12 4
5 14 23 9 12 4
5 14 6 9 10 4
5 14 23 6 9 4
5 14 13 10 7 12
5 14 13 9 7 12
5 14 13 9 10 12
5 14 13 9 10 7
5 17 2 18 16 12
5 17 13 10 12 19
5 17 13 15 9 19
5 17 1 16 12 19
5 17 1 18 16 12
5 17 13 1 18 12
5 17 13 21 15 9
5 17 18 16 22 19
5 17 1 16 22 19
5 17 1 18 16 22
5 17 1 25 12 19
5 17 13 25 12 19
5 17 13 1 25 12
5 17 13 1 18 25
5 17 18 25 15 19
5 17 13 25 15 19
5 17 13 18 25 15
5 17 13 18 15 7
5 17 18 25 22 19
5 17 1 25 22 19
5 17 18 25 20 22
5 17 1 25 20 22
5 17 1 18 20 22
5 17 1 18 25 20
5 8 6 5 0 22
5 8 6 0 3 22
5 8 6 5 0 7
5 8 5 0 20 22
5 8 5 25 20 22
5 8 5 25 0 20
5 8 2 25 20 22
5 8 5 25 22 19
5 8 2 25 22 19
5 8 5 25 0 7
5 8 6 5 15 7
5 8 23 6 0 7
5 8 2 1 20 22
5 8 5 25 15 19
5 8 5 25 15 7
5 8 23 0 3 4
5 8 23 25 0 7
5 8 2 1 25 20
5 8 2 1 16 22
5 8 23 1 0 4
5 8 23 2 1 7
5 8 1 25 0 20
5 8 23 1 25 0
5 8 23 1 25 7
5 8 1 18 25 7
5 8 2 1 18 7
5 8 2 1 18 25
5 8 23 1 12 4
5 8 23 2 12 4
5 8 23 2 1 12
5 24 6 15 3 19
5 24 6 3 22 19
5 24 8 6 3 22
5 24 6 5 15 19
5 24 8 5 15 19
5 24 8 6 5 15
5 24 6 15 3 7
5 24 8 6 15 7
5 24 8 2 22 19
5 24 8 25 15 19
5 24 8 2 25 19
5 24 6 5 22 19
5 24 8 5 22 19
5 24 8 6 5 22
5 24 23 6 3 7
5 24 8 23 6 7
5 24 17 15 16 19
5 24 17 18 15 19
5 24 2 16 22 19
5 24 18 25 15 19
5 24 2 18 25 19
5 24 8 2 18 25
5 24 8 2 18 7
5 24 23 21 3 7
5 24 23 6 0 3
5 24 8 6 0 3
5 24 8 23 0 3
5 24 8 23 6 0
5 24 2 18 16 19
5 24 17 18 16 19
5 24 17 2 18 16
5 24 17 18 15 7
5 24 18 25 15 7
5 24 8 25 15 7
5 24 8 18 25 7
5 24 8 23 2 7
5 24 23 21 3 4
5 24 8 23 3 4
5 24 17 21 9 16
5 24 21 15 3 7
5 24 23 2 18 7
5 24 8 23 2 4
5 24 17 9 16 12
5 24 17 2 16 12
5 24 13 21 15 7
5 24 17 13 15 7
5 24 17 13 21 15
5 24 17 13 18 7
5 24 17 13 21 9
5 24 17 2 18 12
5 24 23 21 9 7
5 24 23 21 9 4
5 24 9 16 12 4
5 24 2 16 12 4
5 24 13 21 9 7
5 24 23 2 18 12
5 24 17 13 9 12
5 24 17 13 18 12
5 24 23 9 7 12
5 24 23 18 7 12
5 24 23 9 12 4
5 24 23 2 12 4
5 24 13 9 7 12
5 24 13 18 7 12
