131
5 12 16 1 0 18
5 12 16 15 0 18
5 12 16 15 1 0
5 12 17 1 0 2
5 13 12 1 0 2
5 8 16 15 0 18
5 8 12 15 0 18
5 8 12 17 0 18
5 8 12 17 15 18
5 11 12 17 1 2
5 11 12 17 0 2
5 11 13 17 0 2
5 11 13 12 0 2
5 11 13 12 17 0
5 9 5 16 10 18
5 9 8 16 15 18
5 9 5 16 10 2
5 9 8 17 15 18
5 9 11 5 10 2
5 9 11 13 10 2
5 6 12 1 0 18
5 6 12 17 0 18
5 6 12 17 1 0
5 6 12 17 15 18
5 6 12 5 17 15
5 6 11 12 17 1
5 6 11 12 5 17
5 6 5 16 15 1
5 6 12 16 1 18
5 6 12 16 15 18
5 6 12 16 15 1
5 6 9 17 15 18
5 6 9 5 17 18
5 6 9 5 17 15
5 6 9 16 15 18
5 6 9 5 16 18
5 6 9 5 16 15
5 7 8 16 0 18
5 7 9 16 10 18
5 7 9 8 16 18
5 7 9 16 15 10
5 7 9 8 16 15
5 4 11 12 5 15
5 4 11 13 12 2
5 4 13 12 1 2
5 4 9 11 5 2
5 4 9 11 13 2
5 4 11 12 1 2
5 4 16 15 1 2
5 4 5 16 1 2
5 4 5 16 15 1
5 4 6 5 15 1
5 4 6 12 15 1
5 4 6 12 5 15
5 4 6 5 1 2
5 4 6 11 1 2
5 4 6 11 12 1
5 4 6 11 12 5
5 3 4 9 11 13
5 3 4 11 12 15
5 3 4 11 13 12
5 3 7 9 8 15
5 3 7 9 8 13
5 3 4 9 13 2
5 3 4 11 5 15
5 3 4 9 11 5
5 3 8 12 15 0
5 3 4 12 15 1
5 3 4 13 12 1
5 3 7 8 13 0
5 3 7 9 15 10
5 3 7 9 13 10
5 3 9 13 10 2
5 3 4 15 1 2
5 3 4 13 1 2
5 3 4 9 5 2
5 3 12 15 1 0
5 3 13 12 1 0
5 3 8 16 15 0
5 3 7 8 16 0
5 3 7 8 16 15
5 3 9 16 10 2
5 3 9 16 15 10
5 3 9 5 16 2
5 3 9 5 16 15
5 3 4 16 15 2
5 3 4 5 16 2
5 3 4 5 16 15
5 3 16 15 1 0
5 3 7 16 1 0
5 3 13 1 0 2
5 3 7 16 10 1
5 3 7 16 15 10
5 3 7 10 1 2
5 3 7 13 10 2
5 3 16 10 1 2
5 3 16 15 1 2
5 14 9 8 17 18
5 14 7 8 17 18
5 14 7 9 8 18
5 14 7 17 10 18
5 14 7 9 10 18
5 14 7 9 8 13
5 14 9 5 10 18
5 14 9 5 17 18
5 14 3 9 8 13
5 14 9 11 5 10
5 14 9 11 13 10
5 14 7 11 13 10
5 14 7 9 13 10
5 14 8 13 17 0
5 14 3 8 13 0
5 14 3 9 11 13
5 14 9 8 17 15
5 14 3 9 8 15
5 14 9 5 17 15
5 14 13 12 17 0
5 14 3 13 12 0
5 14 8 12 17 0
5 14 3 8 12 0
5 14 11 13 12 17
5 14 3 11 13 12
5 14 8 12 17 15
5 14 3 8 12 15
5 14 12 5 17 15
5 14 11 12 5 15
5 14 11 12 5 17
5 14 3 11 5 15
5 14 3 9 5 15
5 14 3 9 11 5
5 14 3 11 12 15
