329
5 2 1 31 19 7
5 2 1 8 7 10
5 2 13 0 8 10
5 2 13 0 8 31
5 2 13 0 9 10
5 21 1 31 19 7
5 21 2 8 31 7
5 21 2 1 31 7
5 21 2 1 8 7
5 27 2 13 0 9
5 27 2 13 12 0
5 30 21 1 31 19
5 30 2 1 31 19
5 30 21 2 1 31
5 30 2 12 31 19
5 30 2 12 0 31
5 30 2 13 0 31
5 30 2 13 12 0
5 30 2 1 8 10
5 30 27 13 12 0
5 5 12 31 19 7
5 5 21 31 19 7
5 5 21 12 19 7
5 5 12 0 31 7
5 5 21 8 31 7
5 5 0 8 31 7
5 5 6 0 8 7
5 5 27 6 12 0
5 14 30 1 8 10
5 14 30 13 1 10
5 14 30 13 1 32
5 14 2 13 8 10
5 14 30 2 8 10
5 14 30 2 13 10
5 14 30 2 13 8
5 14 0 8 9 10
5 14 13 0 9 10
5 14 13 0 8 10
5 14 6 0 8 9
5 14 6 13 0 9
5 14 6 13 0 8
5 28 30 21 12 19
5 28 5 21 12 19
5 28 30 12 31 19
5 28 5 12 31 19
5 28 30 21 31 19
5 28 5 21 31 19
5 28 30 21 12 32
5 28 5 21 8 31
5 28 21 2 8 31
5 28 30 21 2 31
5 28 14 5 21 8
5 28 30 21 1 32
5 28 14 30 1 32
5 28 30 12 0 31
5 28 5 12 0 31
5 28 5 6 12 0
5 28 2 13 8 31
5 28 30 2 13 31
5 28 30 2 13 8
5 28 21 2 1 8
5 28 30 2 1 8
5 28 30 21 2 1
5 28 5 0 8 31
5 28 5 6 0 8
5 28 14 21 1 8
5 28 14 30 1 8
5 28 14 30 13 32
5 28 30 13 0 31
5 28 27 6 12 0
5 28 30 27 12 0
5 28 13 0 8 31
5 28 6 13 0 8
5 28 14 6 13 8
5 28 14 30 13 8
5 28 30 27 13 0
5 17 28 14 21 32
5 17 28 14 5 21
5 17 28 14 13 32
5 17 28 14 6 13
5 17 28 5 6 8
5 17 28 14 6 8
5 17 28 14 5 8
5 17 5 27 6 12
5 17 28 27 6 12
5 17 28 5 6 12
5 15 30 21 12 32
5 15 30 21 1 32
5 15 30 13 1 32
5 15 30 21 1 19
5 15 30 21 12 19
5 15 25 21 12 19
5 15 30 2 1 19
5 15 30 2 12 19
5 15 27 2 13 9
5 15 27 2 13 12
5 15 30 2 13 12
5 15 30 27 13 12
5 15 30 13 1 10
5 15 30 2 1 10
5 15 30 2 13 10
5 18 28 21 1 32
5 18 28 14 1 32
5 18 28 14 21 32
5 18 28 14 21 1
5 18 14 1 8 10
5 18 14 21 1 8
5 18 21 1 19 7
5 18 15 21 1 19
5 18 14 13 1 10
5 18 14 13 1 32
5 18 1 8 7 10
5 18 21 1 8 7
5 26 17 28 27 12
5 26 17 5 27 12
5 26 17 5 27 6
5 26 17 28 27 6
5 11 15 21 12 32
5 11 15 25 21 12
5 11 18 15 25 21
5 11 15 21 1 32
5 11 18 21 1 32
5 11 18 15 21 1
5 11 15 13 1 32
5 11 18 13 1 32
5 11 15 13 1 10
5 11 18 13 1 10
5 11 18 15 1 10
5 11 18 14 13 32
5 11 15 13 9 10
5 4 17 14 5 21
5 4 5 21 8 7
5 4 14 5 21 8
5 4 18 21 8 7
5 4 18 14 21 8
5 4 17 5 6 8
5 4 17 14 6 8
5 4 17 14 5 8
5 4 5 6 8 7
5 4 14 6 8 9
5 4 26 25 27 9
5 4 14 8 9 10
5 4 18 14 8 10
5 4 6 0 8 7
5 4 6 0 8 9
5 4 26 6 0 9
5 4 26 27 0 9
5 4 26 27 6 0
5 4 5 6 0 7
5 3 25 21 12 19
5 3 4 26 25 27
5 3 4 25 27 9
5 20 11 21 12 32
5 20 11 25 21 12
5 20 3 25 21 12
5 20 11 18 21 32
5 20 11 18 25 21
5 20 28 21 12 32
5 20 17 28 21 32
5 20 17 14 21 32
5 22 26 28 27 12
5 22 28 30 12 32
5 22 28 30 27 12
5 22 20 28 12 32
5 22 20 26 28 12
5 22 15 30 12 32
5 22 15 30 27 12
5 22 28 30 13 32
5 22 28 30 27 13
5 22 20 11 12 32
5 22 3 26 27 12
5 22 20 3 26 12
5 22 20 17 28 32
5 22 20 26 17 28
5 22 26 28 27 6
5 22 11 15 12 32
5 22 15 30 13 32
5 22 15 30 27 13
5 22 20 11 25 12
5 22 26 25 27 9
5 22 3 25 27 12
5 22 20 3 25 12
5 22 3 26 25 27
5 22 20 3 26 25
5 22 27 13 0 9
5 22 26 27 0 9
5 22 17 28 6 13
5 22 26 17 28 6
5 22 28 6 13 0
5 22 28 27 13 0
5 22 28 27 6 0
5 22 26 27 6 0
5 22 11 15 13 32
5 22 15 25 27 12
5 22 11 15 25 12
5 22 15 27 13 9
5 22 11 15 13 9
5 22 6 13 0 9
5 22 26 6 0 9
5 22 15 25 27 9
5 22 11 15 25 9
5 16 20 4 26 17
5 16 20 3 4 26
5 16 20 26 17 28
5 16 26 17 5 6
5 16 4 17 5 6
5 16 4 26 17 6
5 16 26 17 5 12
5 16 3 4 26 27
5 16 26 17 28 12
5 16 20 17 28 21
5 16 20 26 28 12
5 16 20 3 26 12
5 16 4 17 5 21
5 16 20 4 17 21
5 16 26 5 27 6
5 16 4 26 27 6
5 16 17 28 5 12
5 16 26 5 27 12
5 16 3 26 27 12
5 16 17 28 5 21
5 16 20 28 21 12
5 16 20 3 21 12
5 16 4 5 21 7
5 16 20 3 25 21
5 16 5 27 6 0
5 16 4 27 6 0
5 16 4 5 6 0
5 16 28 5 21 12
5 16 4 5 0 7
5 16 5 21 12 7
5 16 4 18 25 21
5 16 27 12 0 7
5 16 5 12 0 7
5 16 5 27 12 0
5 16 21 12 19 7
5 16 3 21 12 19
5 23 4 17 14 21
5 23 20 17 14 21
5 23 20 4 17 21
5 23 4 18 14 21
5 23 20 4 26 17
5 23 18 14 21 32
5 23 20 14 21 32
5 23 20 18 21 32
5 23 4 18 25 21
5 23 20 18 25 21
5 23 4 17 14 6
5 23 16 4 25 21
5 23 16 20 25 21
5 23 16 20 4 21
5 23 4 14 9 10
5 23 4 18 14 10
5 23 4 14 6 9
5 23 4 26 6 9
5 23 4 26 25 9
5 23 16 3 4 25
5 23 16 20 3 25
5 23 16 20 3 4
5 23 11 18 25 9
5 23 22 26 25 9
5 23 3 4 26 25
5 23 20 3 26 25
5 23 20 3 4 26
5 24 22 20 26 17
5 24 23 20 17 14
5 24 23 20 26 17
5 24 22 26 17 6
5 24 20 17 14 32
5 24 22 20 17 32
5 24 23 17 14 6
5 24 22 26 6 9
5 24 23 20 14 32
5 24 23 14 6 9
5 24 23 26 6 9
5 24 4 26 17 6
5 24 23 4 17 6
5 24 23 4 26 6
5 24 23 4 26 17
5 24 17 14 13 32
5 24 17 14 6 13
5 24 22 17 6 13
5 24 14 6 13 9
5 24 22 6 13 9
5 24 17 28 13 32
5 24 22 28 13 32
5 24 22 17 28 32
5 24 22 17 28 13
5 29 22 20 11 25
5 29 20 11 18 25
5 29 23 11 18 25
5 29 23 20 18 25
5 29 22 11 25 9
5 29 23 11 25 9
5 29 23 22 25 9
5 29 22 20 26 25
5 29 23 20 26 25
5 29 23 22 26 25
5 29 20 11 18 32
5 29 23 20 18 32
5 29 24 22 20 26
5 29 24 23 20 26
5 29 22 20 11 32
5 29 24 22 20 32
5 29 24 23 20 32
5 29 11 18 14 32
5 29 23 18 14 32
5 29 22 11 13 9
5 29 24 22 13 9
5 29 24 23 14 9
5 29 23 22 26 9
5 29 24 22 26 9
5 29 24 23 26 9
5 29 22 11 13 32
5 29 24 22 13 32
5 29 24 23 14 32
5 29 23 18 14 10
5 29 24 14 13 9
5 29 11 14 13 32
5 29 24 14 13 32
5 29 18 14 13 10
5 29 11 18 13 10
5 29 11 18 14 13
5 29 11 18 9 10
5 29 23 18 9 10
5 29 23 11 18 9
5 29 14 13 9 10
5 29 23 14 9 10
5 29 11 13 9 10
