305
5 26 21 19 16 6
5 4 26 19 16 6
5 4 26 19 14 6
5 4 26 19 14 16
5 4 21 19 16 6
5 4 21 19 30 6
5 4 21 19 30 16
5 4 26 21 16 6
5 4 26 21 28 6
5 4 26 21 28 16
5 22 26 21 28 6
5 20 21 19 30 16
5 20 32 7 8 31
5 13 32 19 14 16
5 13 4 19 14 16
5 13 20 32 8 16
5 13 4 26 14 16
5 13 20 32 7 8
5 2 22 21 28 6
5 2 15 21 19 30
5 11 26 21 28 16
5 11 22 26 21 28
5 11 26 19 14 16
5 11 26 21 19 16
5 11 32 19 14 16
5 11 20 32 8 16
5 1 15 3 7 30
5 1 15 4 3 30
5 1 15 4 3 7
5 1 13 4 7 14
5 1 15 20 32 7
5 1 13 20 32 7
5 1 15 32 7 14
5 1 13 32 7 14
5 1 13 20 7 8
5 1 15 7 30 31
5 1 15 20 30 31
5 1 15 20 7 31
5 1 15 20 19 30
5 1 15 32 19 14
5 1 4 19 30 16
5 1 13 4 19 16
5 1 13 32 19 14
5 1 13 4 19 14
5 1 20 19 30 16
5 1 20 32 19 16
5 1 13 32 19 16
5 1 13 20 32 16
5 23 2 15 21 19
5 23 15 20 30 31
5 23 20 21 19 30
5 23 15 21 19 30
5 23 15 20 19 30
5 23 2 15 30 31
5 23 2 15 21 30
5 23 20 21 19 16
5 23 11 21 19 16
5 23 20 21 30 16
5 23 11 32 19 14
5 23 20 32 8 31
5 23 11 20 32 8
5 23 20 32 19 16
5 23 11 32 19 16
5 23 11 20 32 16
5 23 11 20 8 16
5 12 13 4 26 14
5 12 13 4 7 14
5 12 7 8 18 31
5 12 24 8 18 31
5 12 24 7 8 31
5 12 32 7 8 14
5 12 13 32 8 14
5 12 13 32 7 14
5 12 13 32 7 8
5 12 3 7 18 31
5 12 24 3 18 31
5 12 24 3 7 31
5 25 15 4 3 30
5 25 2 15 3 30
5 25 2 15 4 30
5 25 4 26 28 6
5 25 15 4 3 7
5 25 24 3 28 18
5 25 12 24 28 18
5 25 12 24 3 18
5 25 12 24 26 28
5 25 12 4 26 14
5 29 2 22 28 6
5 29 2 15 3 31
5 29 15 3 7 31
5 29 22 26 28 6
5 29 24 22 26 6
5 29 24 22 26 28
5 29 25 2 28 6
5 29 25 26 28 6
5 29 25 24 26 28
5 29 25 24 3 28
5 17 24 22 26 28
5 17 11 22 26 28
5 17 12 24 26 28
5 17 12 24 28 18
5 17 12 24 26 14
5 17 11 26 28 16
5 17 12 24 8 18
5 17 24 8 18 31
5 17 13 26 14 16
5 17 11 26 14 16
5 17 12 13 8 14
5 17 11 32 14 16
5 17 11 32 8 16
5 17 13 32 14 16
5 17 13 32 8 16
5 17 13 32 8 14
5 27 4 19 14 6
5 27 4 19 30 6
5 27 1 4 19 30
5 27 1 15 19 30
5 27 1 15 4 30
5 27 1 4 19 14
5 27 1 15 19 14
5 27 2 15 19 30
5 27 2 4 30 6
5 27 2 15 4 30
5 27 1 4 7 14
5 27 1 15 7 14
5 27 1 15 4 7
5 27 4 26 14 6
5 27 25 4 26 6
5 27 25 4 26 14
5 27 25 2 4 6
5 27 25 2 15 4
5 27 25 15 4 7
5 27 21 19 30 6
5 27 2 21 30 6
5 27 2 21 19 30
5 27 29 2 22 6
5 27 29 25 2 6
5 27 12 4 7 14
5 27 25 12 4 14
5 27 25 12 4 7
5 27 29 24 22 6
5 27 25 2 15 3
5 27 29 2 15 3
5 27 29 25 2 3
5 27 24 22 26 6
5 27 29 24 26 6
5 27 29 25 26 6
5 27 29 25 24 26
5 27 12 24 26 14
5 27 25 12 26 14
5 27 25 12 24 26
5 27 12 24 7 14
5 27 25 15 3 7
5 27 29 15 3 7
5 27 29 24 3 7
5 27 29 25 24 3
5 27 12 24 3 7
5 27 25 12 3 7
5 27 25 12 24 3
5 5 23 11 19 14
5 5 23 32 19 14
5 5 27 15 19 14
5 5 27 29 24 22
5 5 17 11 26 14
5 5 17 11 22 26
5 5 11 26 19 14
5 5 27 19 14 6
5 5 17 24 26 14
5 5 17 24 22 26
5 5 27 24 26 14
5 5 27 24 22 26
5 5 26 19 14 6
5 5 11 26 21 19
5 5 11 22 26 21
5 5 27 2 22 6
5 5 2 22 21 6
5 5 27 26 14 6
5 5 27 22 26 6
5 5 26 21 19 6
5 5 22 26 21 6
5 5 27 21 19 6
5 5 27 2 21 6
5 5 27 2 21 19
5 10 12 3 7 18
5 10 25 12 3 18
5 10 25 12 3 7
5 10 12 7 8 18
5 10 12 13 7 8
5 10 12 13 4 7
5 10 25 12 4 7
5 10 1 13 4 7
5 10 17 12 8 18
5 10 17 12 13 8
5 10 25 12 28 18
5 10 17 8 18 16
5 10 17 13 8 16
5 10 17 12 28 18
5 10 12 13 4 26
5 10 25 4 26 28
5 10 25 12 26 28
5 10 25 12 4 26
5 10 17 28 18 16
5 10 17 12 26 28
5 10 4 26 28 16
5 10 13 4 26 16
5 10 17 26 28 16
5 10 17 13 26 16
5 10 12 13 26 14
5 10 17 13 26 14
5 10 17 12 26 14
5 10 17 12 13 14
5 9 23 2 22 31
5 9 5 11 22 21
5 9 23 2 22 21
5 9 5 2 22 21
5 9 23 11 32 8
5 9 23 11 32 14
5 9 5 23 32 14
5 9 5 23 11 14
5 9 23 11 21 19
5 9 5 11 21 19
5 9 5 23 11 19
5 9 17 11 8 31
5 9 5 2 21 19
5 0 23 15 20 31
5 0 23 20 32 31
5 0 23 15 20 19
5 0 20 32 7 31
5 0 15 20 7 31
5 0 15 20 32 7
5 0 9 5 23 32
5 0 23 20 32 19
5 0 5 23 32 19
5 0 23 2 15 31
5 0 9 23 2 31
5 0 23 2 15 19
5 0 29 15 7 31
5 0 15 32 7 14
5 0 1 20 32 19
5 0 1 15 32 19
5 0 1 15 20 19
5 0 1 15 20 32
5 0 15 32 19 14
5 0 5 32 19 14
5 0 5 15 19 14
5 0 23 32 8 31
5 0 9 23 8 31
5 0 9 23 32 8
5 0 9 5 32 14
5 0 29 2 15 31
5 0 9 2 22 31
5 0 9 5 2 22
5 0 9 5 2 19
5 0 9 5 23 19
5 0 27 2 15 19
5 0 5 27 15 19
5 0 5 27 2 19
5 0 32 7 8 31
5 0 32 7 8 14
5 0 27 29 15 7
5 0 27 15 7 14
5 0 5 27 15 14
5 0 9 17 8 31
5 0 29 2 22 31
5 0 27 29 2 15
5 0 23 2 21 19
5 0 9 2 21 19
5 0 9 23 21 19
5 0 9 23 2 21
5 0 24 7 8 31
5 0 17 32 8 14
5 0 5 17 24 14
5 0 27 24 7 14
5 0 5 27 24 14
5 0 24 3 7 31
5 0 29 3 7 31
5 0 29 24 3 31
5 0 29 24 3 7
5 0 29 24 22 31
5 0 5 29 24 22
5 0 27 29 24 7
5 0 5 27 29 24
5 0 17 11 32 8
5 0 9 11 32 8
5 0 9 17 11 8
5 0 17 11 32 14
5 0 9 11 32 14
5 0 5 17 11 14
5 0 9 5 11 14
5 0 27 29 2 22
5 0 5 27 2 22
5 0 5 27 29 22
5 0 17 24 22 31
5 0 9 17 22 31
5 0 5 17 24 22
5 0 17 24 8 31
5 0 12 7 8 14
5 0 12 24 7 14
5 0 12 24 7 8
5 0 5 17 11 22
5 0 9 17 11 22
5 0 9 5 11 22
5 0 17 12 8 14
5 0 17 12 24 14
5 0 17 12 24 8
