318
5 21 14 13 25 17
5 26 21 18 8 4
5 26 24 18 20 4
5 26 0 18 20 4
5 26 0 24 20 4
5 16 0 5 20 19
5 16 0 24 20 19
5 16 0 24 9 19
5 16 26 0 24 20
5 16 26 0 24 9
5 16 26 0 18 20
5 16 26 24 18 20
5 11 0 5 20 4
5 11 7 5 20 4
5 11 0 24 20 4
5 11 0 5 20 19
5 11 1 7 20 4
5 11 24 20 6 19
5 11 0 24 6 19
5 11 0 24 20 19
5 11 29 20 6 19
5 11 1 21 14 6
5 11 16 29 20 19
5 11 16 5 20 19
5 11 21 14 13 6
5 11 16 29 20 15
5 22 24 14 13 17
5 22 29 13 6 19
5 22 29 24 6 19
5 22 24 14 13 6
5 12 26 21 18 8
5 12 26 21 18 17
5 12 21 13 25 17
5 12 22 9 13 17
5 12 14 13 25 17
5 12 14 13 25 15
5 12 22 14 15 17
5 12 22 14 13 17
5 12 22 14 13 15
5 12 22 29 13 15
5 12 22 29 13 19
5 23 7 18 20 4
5 23 1 18 20 4
5 23 1 7 20 4
5 23 1 7 21 4
5 23 1 18 20 15
5 23 21 18 8 4
5 23 7 18 8 4
5 23 7 21 8 4
5 23 26 21 18 4
5 23 1 26 18 4
5 23 1 14 20 15
5 23 26 21 17 4
5 23 1 21 17 4
5 23 1 26 17 4
5 23 26 21 18 17
5 23 1 26 18 17
5 23 1 18 15 17
5 23 11 14 20 15
5 23 11 7 20 15
5 23 11 1 14 20
5 23 11 1 7 20
5 23 12 18 15 17
5 23 12 21 18 17
5 23 1 14 15 17
5 23 1 21 14 17
5 23 11 1 21 14
5 23 11 1 7 21
5 23 11 7 25 15
5 23 12 21 25 17
5 23 21 14 25 17
5 23 11 21 14 25
5 23 11 7 21 25
5 23 12 14 15 17
5 23 12 14 25 17
5 23 12 14 25 15
5 27 16 24 9 19
5 27 22 24 9 19
5 27 22 29 24 19
5 27 16 29 15 19
5 27 16 24 20 19
5 27 16 29 20 19
5 27 24 20 6 19
5 27 29 20 6 19
5 27 29 24 6 19
5 27 12 22 9 19
5 27 16 29 20 15
5 27 22 29 24 6
5 27 12 22 15 17
5 27 12 22 9 17
5 27 12 18 15 17
5 27 16 18 20 15
5 27 16 24 18 20
5 27 16 26 24 9
5 27 16 26 24 18
5 27 12 26 9 17
5 27 12 26 18 17
5 27 12 26 18 9
5 27 1 14 15 17
5 27 22 14 15 17
5 27 1 18 15 17
5 10 7 5 20 4
5 10 7 18 20 4
5 10 16 0 5 20
5 10 16 0 18 20
5 10 16 18 20 15
5 10 0 5 20 4
5 10 0 18 20 4
5 10 7 5 8 4
5 10 7 18 8 4
5 10 23 18 20 15
5 10 23 7 20 15
5 10 23 7 18 20
5 10 0 5 8 4
5 10 23 12 18 15
5 10 26 18 8 4
5 10 26 0 8 4
5 10 26 0 18 4
5 10 12 26 18 8
5 10 23 7 18 8
5 10 27 16 18 15
5 10 27 12 18 15
5 10 12 26 18 9
5 10 16 26 0 9
5 10 16 26 0 18
5 10 27 12 18 9
5 10 12 21 18 8
5 10 23 21 18 8
5 10 23 12 21 18
5 10 16 0 9 19
5 10 27 26 18 9
5 10 27 16 26 9
5 10 27 16 26 18
5 10 12 30 21 8
5 2 30 7 5 8
5 2 10 7 5 8
5 2 11 30 7 5
5 2 10 7 5 20
5 2 10 16 5 20
5 2 11 7 5 20
5 2 11 16 5 20
5 2 10 7 20 15
5 2 10 16 20 15
5 2 30 7 21 8
5 2 30 7 21 25
5 2 11 7 20 15
5 2 11 7 25 15
5 2 11 30 7 25
5 2 23 7 21 8
5 2 10 23 21 8
5 2 10 23 7 8
5 2 23 7 21 25
5 2 23 7 25 15
5 2 10 23 7 15
5 3 11 14 20 15
5 3 1 14 20 15
5 3 11 29 20 6
5 3 11 29 20 15
5 3 11 1 20 6
5 3 11 1 14 6
5 3 11 1 14 20
5 3 27 20 15 6
5 3 27 29 20 6
5 3 27 29 20 15
5 3 11 14 13 6
5 3 27 22 29 6
5 3 27 22 14 15
5 3 27 22 29 15
5 3 22 14 13 6
5 3 22 29 13 6
5 3 29 13 6 19
5 3 11 29 6 19
5 3 22 14 13 15
5 3 22 29 13 15
5 3 14 13 25 15
5 3 23 14 25 15
5 3 23 11 25 15
5 3 23 11 14 15
5 3 23 11 14 25
5 3 21 14 13 25
5 3 11 21 13 25
5 3 11 21 14 25
5 3 11 21 14 13
5 3 11 30 13 25
5 28 27 20 15 6
5 28 3 20 15 6
5 28 3 1 20 6
5 28 3 1 20 15
5 28 3 27 15 6
5 28 27 24 20 6
5 28 1 18 20 15
5 28 27 18 20 15
5 28 27 1 18 15
5 28 3 1 14 6
5 28 27 1 14 15
5 28 3 1 14 15
5 28 3 27 14 15
5 28 11 24 20 6
5 28 11 1 20 6
5 28 11 1 24 6
5 28 27 22 24 6
5 28 27 24 18 20
5 28 3 22 14 6
5 28 3 27 22 6
5 28 3 27 22 14
5 28 11 24 20 4
5 28 11 1 20 4
5 28 11 1 24 4
5 28 1 24 14 6
5 28 22 24 14 6
5 28 27 22 24 9
5 28 24 18 20 4
5 28 1 18 20 4
5 28 27 26 24 18
5 28 27 1 14 17
5 28 27 22 14 17
5 28 1 24 14 17
5 28 22 24 14 17
5 28 22 24 9 17
5 28 27 26 24 9
5 28 27 22 9 17
5 28 26 24 18 4
5 28 1 26 18 4
5 28 1 26 24 4
5 28 1 26 18 17
5 28 27 26 18 17
5 28 27 1 18 17
5 28 26 24 9 17
5 28 1 26 24 17
5 28 27 26 9 17
5 31 30 0 5 8
5 31 10 0 5 8
5 31 10 30 0 8
5 31 10 16 0 5
5 31 11 30 5 19
5 31 11 16 5 19
5 31 30 0 5 19
5 31 16 0 5 19
5 31 10 16 0 19
5 31 11 16 29 19
5 31 10 0 9 19
5 31 10 27 16 15
5 31 10 27 12 15
5 31 16 29 15 19
5 31 3 11 29 19
5 31 3 11 30 19
5 31 10 12 30 9
5 31 27 16 15 19
5 31 12 13 25 15
5 31 12 30 13 25
5 31 3 29 13 19
5 31 3 30 13 19
5 31 27 12 9 19
5 31 10 27 12 9
5 31 27 16 9 19
5 31 10 16 9 19
5 31 10 27 16 9
5 31 27 29 15 19
5 31 12 29 13 19
5 31 12 30 13 19
5 31 12 29 13 15
5 31 3 30 13 25
5 31 3 13 25 15
5 31 3 29 13 15
5 31 12 22 29 19
5 31 27 22 29 19
5 31 27 12 22 19
5 31 12 22 29 15
5 31 27 22 29 15
5 31 27 12 22 15
5 32 2 30 5 8
5 32 31 30 5 8
5 32 2 10 5 8
5 32 31 10 5 8
5 32 31 10 30 8
5 32 2 11 30 5
5 32 31 11 30 5
5 32 2 10 16 5
5 32 31 10 16 5
5 32 10 30 21 8
5 32 2 30 21 8
5 32 2 10 21 8
5 32 31 10 12 30
5 32 2 11 16 5
5 32 31 11 16 5
5 32 2 11 30 25
5 32 2 10 16 15
5 32 31 10 16 15
5 32 2 30 21 25
5 32 31 12 30 25
5 32 31 10 12 15
5 32 3 11 30 25
5 32 31 3 30 25
5 32 31 3 11 30
5 32 2 11 25 15
5 32 12 30 21 25
5 32 10 12 30 21
5 32 2 23 21 25
5 32 2 10 23 21
5 32 31 12 25 15
5 32 11 16 20 15
5 32 2 16 20 15
5 32 2 11 20 15
5 32 2 11 16 20
5 32 11 16 29 15
5 32 31 16 29 15
5 32 31 11 16 29
5 32 3 11 25 15
5 32 31 3 25 15
5 32 23 12 21 25
5 32 10 23 12 21
5 32 2 23 25 15
5 32 2 10 23 15
5 32 23 12 25 15
5 32 10 23 12 15
5 32 3 11 29 15
5 32 31 3 29 15
5 32 31 3 11 29
