4
33
7.41198 5.44405 5.78455 -9.27033
-8.98836 -2.46718 -6.56881 1.22657
1.14347 4.85264 3.88234 7.48319
-6.62628 -4.35359 7.98628 -9.85144
0.487259 -1.8996 1.66947 8.03026
-0 -7.05397 5.90746 9.22371
-0 4.55248 -9.29552 3.97672
-0 -9.47895 2.28029 3.57407
-0 -9.84436 9.32736 4.88219
-0 8.2142 5.98675 -2.30552
-0 -2.17809 8.67266 1.97849
-0 -2.25617 -5.40119 7.66843
6.69309 -0 7.71844 -2.08694
9.45866 -0 4.22585 -7.0981
-0.369733 -0 1.0037 7.9498
-0.602176 -0 6.17824 -4.64849
8.65575 -0 -4.21861 -3.73862
-5.89511 -0 0.937973 -4.03266
1.62485 -0 7.18136 -9.11065
7.40799 -8.00102 -0 -7.14873
-8.45895 5.80261 -0 -8.79865
4.58448 1.29326 -0 -7.49544
9.18536 -4.41573 -0 8.26707
9.83718 0.984322 -0 -1.46787
4.46725 4.4389 -0 -4.61738
8.00907 -4.05834 -0 -6.04359
1.07131 0.460782 4.36613 -0
9.43223 -2.53342 1.58821 -0
-5.45135 -6.45964 -5.50739 -0
-8.77865 5.35788 -4.92512 -0
-1.52918 0.887614 9.59898 -0
0.579689 6.86184 -9.38016 -0
-0.78638 7.44088 6.26567 -0
