4
26
7.49655 -0.996078 -8.43817 0.771701
5.40872 -3.83952 4.13047 -6.25362
-3.30888 -8.61898 2.10443 2.63515
-4.12197 5.62456 -4.39111 8.7305
9.93703 4.93353 -0.35377 8.78804
-0 4.96945 -7.30516 -4.32635
-0 5.77668 -7.2082 3.79171
-0 3.16261 1.23831 0.510768
-0 -8.74966 -1.13723 3.29543
-0 9.13157 2.36878 8.43906
-0 8.57076 0.245348 -4.90421
-0 8.04504 -9.45925 -8.10373
6.97279 4.12062 8.27332 -0
-1.49121 4.4705 3.71427 -0
8.08219 4.09458 -1.39058 -0
-5.82579 6.41642 -2.41813 -0
-8.2338 -8.94657 7.1042 -0
-6.71254 -2.78076 6.02913 -0
-5.48737 -4.01635 5.08879 -0
-9.11792 0.0033378 -0 -8.29209
2.43332 -5.91616 -0 -9.1621
-2.50113 6.85829 -0 9.09696
-6.18425 -9.83416 -0 -8.61187
7.36872 1.21662 -0 3.24579
-5.7651 -1.6102 -0 7.49574
-0.620942 0.844029 -0 -6.67381
