4
26
-5.60017 0.0607152 -5.54751 -9.63495
6.77247 3.77706 1.62077 7.05928
6.67562 5.03253 6.80641 -1.83971
5.00224 -5.42528 -1.3861 -1.28839
7.39702 -7.9072 -6.54292 9.20671
3.23079 -0 -1.37236 -7.20471
-1.55199 -0 -5.98942 -2.44044
-0.214421 -0 5.22894 3.23504
-4.30936 -0 -8.38542 -7.63433
0.416749 -0 -4.03829 -6.33139
8.82762 -0 -7.42972 0.831667
5.18168 -0 -1.45725 2.06184
9.99441 2.10242 -0 -5.81
-4.75759 -6.23075 -0 2.68889
7.57106 -1.67074 -0 7.61059
-9.8085 4.5217 -0 2.00412
7.99283 -6.63667 -0 -9.00935
-2.88107 3.56418 -0 -3.35258
-6.89503 -4.75216 -0 -8.46592
4.13449 -3.71479 3.14581 -0
-7.47455 -5.43523 0.0145762 -0
1.57642 4.0113 -8.16574 -0
7.21501 -3.60781 2.61746 -0
9.1853 -7.53243 -0.652274 -0
-7.76466 -0.138487 2.87306 -0
-9.33729 -7.83244 0.0794795 -0
