4
26
-9.60015 3.47059 -7.89452 6.1261
-6.87766 -9.29316 5.69937 -0.276339
9.0642 5.27496 -1.14279 5.15815
4.21764 -7.91476 2.65428 -7.21461
-8.69655 -3.81384 5.98609 7.52789
-0 5.71421 -8.60198 -8.53746
-0 -7.4531 -2.35259 3.05566
-0 5.50636 9.99974 -4.94429
-0 3.26781 -1.84479 -0.112883
-0 8.15649 -2.74591 -4.58181
-0 2.23278 -6.41819 0.381151
-0 8.15032 1.64193 -6.83879
-9.71893 9.1013 -0 4.38285
2.1937 -1.63151 -0 6.85566
1.8883 -9.72369 -0 -8.0067
-2.73644 7.86033 -0 -2.89395
3.71529 -5.07804 -0 -4.95654
8.01548 8.15528 -0 1.93159
-4.02957 -8.20891 -0 -5.11454
2.18577 4.56944 -2.44705 -0
3.5877 -3.62587 -4.26562 -0
8.73959 0.654194 -2.8726 -0
-8.65693 2.63125 -8.20309 -0
-4.21454 6.99828 -8.1025 -0
-6.42339 -1.79792 3.62964 -0
-8.26153 -4.27692 3.4117 -0
