4
26
-7.72094 1.03469 6.49546 1.28641
-8.6005 -3.50072 9.55842 4.30374
-1.7918 -1.579 -5.86123 4.55133
9.27581 8.68368 -5.92707 -1.40187
-9.16724 8.1979 9.84987 -6.23521
-0 7.82436 -9.43269 -8.14818
-0 2.30302 1.30697 4.40329
-0 6.68116 0.936439 -3.0618
-0 0.0573907 -1.87892 6.46427
-0 -0.409445 7.00316 5.41006
-0 -1.43212 0.682002 3.6542
-0 6.51754 0.994426 8.49698
-9.11792 0.0033378 -0 -8.29209
2.43332 -5.91616 -0 -9.1621
-2.50113 6.85829 -0 9.09696
-6.18425 -9.83416 -0 -8.61187
7.36872 1.21662 -0 3.24579
-5.7651 -1.6102 -0 7.49574
-0.620942 0.844029 -0 -6.67381
2.18577 4.56944 -2.44705 -0
3.5877 -3.62587 -4.26562 -0
8.73959 0.654194 -2.8726 -0
-8.65693 2.63125 -8.20309 -0
-4.21454 6.99828 -8.1025 -0
-6.42339 -1.79792 3.62964 -0
-8.26153 -4.27692 3.4117 -0
