4
33
3.10315 -1.99101 9.22975 9.04467
8.44272 1.43501 -2.2924 -1.07825
-1.58238 -8.44645 3.9247 3.36297
-4.36496 1.918 -7.97892 -0.959985
8.69634 -3.10499 8.62482 7.46499
-0 -7.05397 5.90746 9.22371
-0 4.55248 -9.29552 3.97672
-0 -9.47895 2.28029 3.57407
-0 -9.84436 9.32736 4.88219
-0 8.2142 5.98675 -2.30552
-0 -2.17809 8.67266 1.97849
-0 -2.25617 -5.40119 7.66843
-2.62055 -0 6.60997 -6.24621
-6.16722 -0 -8.59122 -8.51524
2.27695 -0 -4.48038 -6.52695
-2.70333 -0 3.05155 -0.990756
-1.84794 -0 5.11705 4.5626
4.01975 -0 -0.135941 -9.07259
4.94982 -0 7.93986 0.910602
-9.71893 9.1013 -0 4.38285
2.1937 -1.63151 -0 6.85566
1.8883 -9.72369 -0 -8.0067
-2.73644 7.86033 -0 -2.89395
3.71529 -5.07804 -0 -4.95654
8.01548 8.15528 -0 1.93159
-4.02957 -8.20891 -0 -5.11454
6.97279 4.12062 8.27332 -0
-1.49121 4.4705 3.71427 -0
8.08219 4.09458 -1.39058 -0
-5.82579 6.41642 -2.41813 -0
-8.2338 -8.94657 7.1042 -0
-6.71254 -2.78076 6.02913 -0
-5.48737 -4.01635 5.08879 -0
