4
33
-5.33495 6.58897 -0.128895 6.60723
7.01907 -8.44434 -3.98934 -0.757266
-7.71872 5.60977 -8.701 1.24601
-9.29559 -5.51752 -8.10522 -6.18803
-8.78296 -0.0910617 -6.9514 -5.30912
6.69309 -0 7.71844 -2.08694
9.45866 -0 4.22585 -7.0981
-0.369733 -0 1.0037 7.9498
-0.602176 -0 6.17824 -4.64849
8.65575 -0 -4.21861 -3.73862
-5.89511 -0 0.937973 -4.03266
1.62485 -0 7.18136 -9.11065
-0 9.10832 -3.57845 -5.90017
-0 4.9766 8.41 -4.55344
-0 -6.41698 -6.57088 4.91133
-0 -8.42445 -2.60236 -3.09721
-0 1.08772 -4.2195 0.0155681
-0 -4.92197 -6.47596 6.09042
-0 6.98925 -5.35683 -8.65492
9.99441 2.10242 -0 -5.81
-4.75759 -6.23075 -0 2.68889
7.57106 -1.67074 -0 7.61059
-9.8085 4.5217 -0 2.00412
7.99283 -6.63667 -0 -9.00935
-2.88107 3.56418 -0 -3.35258
-6.89503 -4.75216 -0 -8.46592
4.59727 -4.1457 -7.52162 -0
-3.39391 -9.70208 1.31918 -0
4.70829 7.5992 3.94359 -0
-3.26609 -0.300827 1.53304 -0
-0.736023 -9.9785 6.24103 -0
-7.10594 -4.7793 9.85659 -0
-9.32424 7.8803 -9.53953 -0
