4
33
-3.87225 6.89029 -1.82374 -2.64298
0.197846 9.14874 -8.81349 2.0503
0.287342 -8.20266 4.07211 -7.43915
-3.01263 1.59034 -2.82274 -5.4036
3.56102 5.19784 -4.59575 -9.90458
7.40799 -8.00102 -0 -7.14873
-8.45895 5.80261 -0 -8.79865
4.58448 1.29326 -0 -7.49544
9.18536 -4.41573 -0 8.26707
9.83718 0.984322 -0 -1.46787
4.46725 4.4389 -0 -4.61738
8.00907 -4.05834 -0 -6.04359
-0 5.71421 -8.60198 -8.53746
-0 -7.4531 -2.35259 3.05566
-0 5.50636 9.99974 -4.94429
-0 3.26781 -1.84479 -0.112883
-0 8.15649 -2.74591 -4.58181
-0 2.23278 -6.41819 0.381151
-0 8.15032 1.64193 -6.83879
3.23079 -0 -1.37236 -7.20471
-1.55199 -0 -5.98942 -2.44044
-0.214421 -0 5.22894 3.23504
-4.30936 -0 -8.38542 -7.63433
0.416749 -0 -4.03829 -6.33139
8.82762 -0 -7.42972 0.831667
5.18168 -0 -1.45725 2.06184
5.61282 8.62736 -9.80066 -0
-3.62194 -5.47802 -3.01375 -0
-0.421128 -4.1874 2.65593 -0
-8.48382 3.71584 -3.25777 -0
8.01205 7.98585 1.12596 -0
3.8796 -0.92964 0.190931 -0
-7.17411 3.09943 4.26121 -0
