4
26
4.21964 -9.23065 9.69256 8.49156
6.1404 -7.0882 -4.09302 -1.48054
-4.64443 3.93651 -9.42995 -1.44183
-9.6892 -7.97483 -3.38544 9.23464
-4.07149 8.02376 9.76801 -3.11526
5.29644 -0 -0.918862 5.93054
6.88666 -0 -4.54821 8.54557
2.18946 -0 -1.95073 -2.85591
-2.16621 -0 1.86931 5.52539
-4.69524 -0 -5.47465 -4.19719
2.09615 -0 -8.69403 -9.81975
-1.67315 -0 -0.270257 1.6793
-4.50944 3.03944 -0 4.46983
-9.90403 -9.25876 -0 4.6299
-7.46131 -3.05006 -0 -2.79746
0.181212 -6.77929 -0 -3.99747
-6.3687 -9.92921 -0 0.552411
-2.04174 -0.455791 -0 -7.30595
7.77923 -7.69408 -0 9.45892
4.13449 -3.71479 3.14581 -0
-7.47455 -5.43523 0.0145762 -0
1.57642 4.0113 -8.16574 -0
7.21501 -3.60781 2.61746 -0
9.1853 -7.53243 -0.652274 -0
-7.76466 -0.138487 2.87306 -0
-9.33729 -7.83244 0.0794795 -0
