4
33
-2.66724 -2.74733 4.23212 -1.881
-0.858193 -5.13929 -2.66631 8.4926
7.99916 -8.85212 3.54269 -1.76386
2.58056 -7.7719 -6.88145 -9.69021
7.1019 1.37954 -7.08992 4.08525
1.07131 0.460782 4.36613 -0
9.43223 -2.53342 1.58821 -0
-5.45135 -6.45964 -5.50739 -0
-8.77865 5.35788 -4.92512 -0
-1.52918 0.887614 9.59898 -0
0.579689 6.86184 -9.38016 -0
-0.78638 7.44088 6.26567 -0
-0 4.96945 -7.30516 -4.32635
-0 5.77668 -7.2082 3.79171
-0 3.16261 1.23831 0.510768
-0 -8.74966 -1.13723 3.29543
-0 9.13157 2.36878 8.43906
-0 8.57076 0.245348 -4.90421
-0 8.04504 -9.45925 -8.10373
2.04303 -0 4.34667 4.50783
-7.13438 -0 1.22135 7.41404
6.27732 -0 9.4142 5.641
3.46938 -0 8.29556 -5.48759
-3.0853 -0 9.88022 3.66435
3.19212 -0 -1.40359 -9.62452
8.72948 -0 -8.07744 -3.03497
7.46083 4.23467 -0 -4.9023
6.0824 -4.29811 -0 0.42899
9.31151 6.83754 -0 -8.54035
5.63381 -6.73693 -0 -8.14297
1.02212 -7.24265 -0 9.37725
-9.2245 -9.45401 -0 -5.078
-5.33701 2.5102 -0 3.49589
