4
19
-4.79848 -9.59984 4.4277 -8.99922
-8.98868 2.50455 9.55361 -4.63802
-9.77429 9.04201 -9.00118 -8.99963
-4.5202 -1.16005 -2.95946 -1.16341
-1.78668 9.0589 -4.5936 -7.27568
-0 9.10832 -3.57845 -5.90017
-0 4.9766 8.41 -4.55344
-0 -6.41698 -6.57088 4.91133
-0 -8.42445 -2.60236 -3.09721
-0 1.08772 -4.2195 0.0155681
-0 -4.92197 -6.47596 6.09042
-0 6.98925 -5.35683 -8.65492
-2.62055 -0 6.60997 -6.24621
-6.16722 -0 -8.59122 -8.51524
2.27695 -0 -4.48038 -6.52695
-2.70333 -0 3.05155 -0.990756
-1.84794 -0 5.11705 4.5626
4.01975 -0 -0.135941 -9.07259
4.94982 -0 7.93986 0.910602
