4
33
9.06535 -8.87017 -5.7862 1.16855
-8.40099 1.56381 -1.55495 -3.75993
-4.85621 -3.21543 -7.71643 -8.59126
6.01795 7.9693 -0.229579 7.31991
6.18744 -1.1668 9.79616 4.03702
7.46083 4.23467 -0 -4.9023
6.0824 -4.29811 -0 0.42899
9.31151 6.83754 -0 -8.54035
5.63381 -6.73693 -0 -8.14297
1.02212 -7.24265 -0 9.37725
-9.2245 -9.45401 -0 -5.078
-5.33701 2.5102 -0 3.49589
5.61282 8.62736 -9.80066 -0
-3.62194 -5.47802 -3.01375 -0
-0.421128 -4.1874 2.65593 -0
-8.48382 3.71584 -3.25777 -0
8.01205 7.98585 1.12596 -0
3.8796 -0.92964 0.190931 -0
-7.17411 3.09943 4.26121 -0
-0 7.82436 -9.43269 -8.14818
-0 2.30302 1.30697 4.40329
-0 6.68116 0.936439 -3.0618
-0 0.0573907 -1.87892 6.46427
-0 -0.409445 7.00316 5.41006
-0 -1.43212 0.682002 3.6542
-0 6.51754 0.994426 8.49698
5.29644 -0 -0.918862 5.93054
6.88666 -0 -4.54821 8.54557
2.18946 -0 -1.95073 -2.85591
-2.16621 -0 1.86931 5.52539
-4.69524 -0 -5.47465 -4.19719
2.09615 -0 -8.69403 -9.81975
-1.67315 -0 -0.270257 1.6793
