331
5 0 17 31 10 21
5 26 7 8 17 15
5 11 26 7 8 15
5 5 9 1 31 21
5 5 3 31 10 21
5 5 9 3 31 21
5 5 9 3 13 31
5 5 24 3 31 10
5 5 24 3 13 31
5 5 9 24 3 13
5 6 8 17 15 21
5 6 8 17 31 21
5 6 0 17 31 21
5 6 26 8 17 31
5 6 26 0 17 31
5 6 5 1 31 21
5 6 11 8 1 31
5 6 5 9 1 31
5 28 26 8 17 31
5 28 26 7 8 17
5 28 11 26 7 8
5 28 26 24 17 10
5 28 0 17 31 10
5 28 0 24 31 10
5 28 0 24 17 10
5 28 26 0 17 31
5 28 26 0 24 31
5 28 26 0 24 17
5 18 20 11 22 1
5 18 20 9 3 1
5 18 6 9 1 31
5 18 3 22 1 31
5 18 9 3 1 31
5 18 3 22 13 31
5 18 9 3 13 31
5 18 6 5 9 1
5 25 18 3 22 1
5 25 18 20 22 1
5 25 18 20 3 1
5 25 20 11 22 1
5 25 20 11 7 22
5 14 20 9 3 21
5 14 32 25 3 10
5 14 0 17 10 21
5 30 6 8 15 21
5 30 14 25 20 15
5 30 14 17 15 21
5 30 14 0 17 21
5 30 14 0 17 15
5 12 6 26 0 31
5 12 0 24 13 31
5 12 26 0 24 31
5 12 6 26 8 31
5 12 28 24 13 31
5 12 28 26 24 31
5 12 6 11 8 31
5 12 28 26 7 24
5 12 28 26 8 31
5 12 28 11 8 31
5 12 28 11 26 8
5 12 28 22 13 31
5 12 28 11 22 31
5 12 18 22 13 31
5 12 11 22 1 31
5 12 6 11 1 31
5 12 28 11 7 22
5 12 28 11 26 7
5 12 32 28 22 13
5 12 32 28 24 13
5 12 32 28 7 22
5 12 32 28 7 24
5 12 18 9 13 31
5 12 18 6 9 31
5 12 18 22 1 31
5 12 18 6 1 31
5 12 18 11 22 1
5 12 18 20 11 22
5 12 5 9 13 31
5 12 6 5 13 31
5 12 6 5 9 31
5 12 18 5 9 13
5 12 18 6 5 13
5 12 18 6 5 9
5 23 3 22 13 31
5 23 28 22 13 31
5 23 24 3 31 10
5 23 32 24 3 10
5 23 28 24 31 10
5 23 32 25 3 10
5 23 32 25 3 22
5 23 32 3 22 13
5 23 32 28 22 13
5 23 24 3 13 31
5 23 32 24 3 13
5 23 32 28 7 24
5 23 28 24 13 31
5 23 32 28 24 13
5 23 32 28 7 22
5 23 32 25 7 22
5 29 26 24 17 10
5 29 26 7 17 15
5 29 14 32 24 10
5 29 14 32 25 10
5 29 23 28 24 10
5 29 23 28 7 10
5 29 23 28 7 24
5 29 23 32 24 10
5 29 23 32 25 10
5 29 23 32 7 24
5 29 23 32 25 7
5 29 14 0 17 10
5 29 14 0 24 10
5 29 28 26 17 10
5 29 28 26 7 17
5 29 28 26 24 10
5 29 28 26 7 24
5 29 25 20 7 15
5 29 14 25 20 15
5 4 18 20 9 3
5 4 14 20 9 3
5 4 18 9 3 13
5 4 25 18 20 3
5 4 14 25 20 3
5 4 14 32 25 3
5 4 9 24 3 13
5 4 32 24 3 13
5 4 18 3 22 13
5 4 32 3 22 13
5 4 25 18 3 22
5 4 32 25 3 22
5 4 25 18 20 22
5 4 29 14 25 20
5 4 29 14 32 24
5 4 29 14 32 25
5 4 12 32 22 13
5 4 12 18 22 13
5 4 12 18 20 13
5 4 12 18 20 22
5 4 12 32 24 13
5 4 29 32 7 24
5 4 29 32 25 7
5 4 32 25 7 22
5 4 12 32 7 22
5 4 25 20 7 22
5 4 12 32 7 24
5 4 29 25 20 7
5 4 20 11 7 22
5 4 12 11 7 22
5 4 12 20 11 22
5 4 12 26 7 24
5 4 29 26 7 24
5 4 12 11 26 7
5 27 30 6 8 15
5 27 30 0 17 15
5 27 20 9 1 21
5 27 30 20 1 21
5 27 6 17 15 21
5 27 30 17 15 21
5 27 30 6 15 21
5 27 6 0 17 21
5 27 30 0 17 21
5 27 30 14 0 21
5 27 30 14 20 21
5 19 12 18 20 11
5 19 18 20 11 1
5 19 27 12 20 11
5 19 12 6 11 1
5 19 12 18 11 1
5 19 12 18 6 1
5 19 12 18 20 13
5 19 12 18 6 13
5 19 18 6 5 1
5 19 12 6 11 8
5 19 27 12 11 8
5 19 18 6 5 13
5 19 30 20 11 1
5 19 27 30 20 1
5 19 27 30 20 11
5 19 6 11 8 1
5 19 18 5 9 1
5 19 18 20 9 1
5 19 4 12 20 13
5 19 27 4 12 20
5 19 18 5 9 13
5 19 30 11 8 1
5 19 27 30 11 8
5 19 27 30 6 8
5 19 27 20 9 1
5 19 4 5 9 13
5 19 4 18 9 13
5 19 4 18 20 13
5 19 4 18 20 9
5 19 6 8 1 21
5 19 30 8 1 21
5 19 30 6 8 21
5 19 27 30 1 21
5 19 27 30 6 21
5 19 27 6 0 21
5 16 27 30 11 8
5 16 27 30 20 11
5 16 30 11 8 15
5 16 30 20 11 15
5 16 27 12 11 8
5 16 27 12 20 11
5 16 27 30 8 15
5 16 11 26 8 15
5 16 12 11 26 8
5 16 30 14 20 15
5 16 27 30 14 20
5 16 11 26 7 15
5 16 20 11 7 15
5 16 4 12 11 26
5 16 4 12 20 11
5 16 27 4 14 20
5 16 27 4 12 20
5 16 30 14 0 15
5 16 27 30 0 15
5 16 27 30 14 0
5 16 29 26 7 15
5 16 29 20 7 15
5 16 4 11 26 7
5 16 4 20 11 7
5 16 27 4 14 0
5 16 4 29 26 7
5 16 4 29 20 7
5 16 14 0 17 15
5 16 26 8 17 15
5 16 27 6 8 15
5 16 12 6 26 8
5 16 12 6 26 0
5 16 29 14 20 15
5 16 4 29 14 20
5 16 4 14 0 24
5 16 12 26 0 24
5 16 4 12 26 24
5 16 12 0 24 13
5 16 4 0 24 13
5 16 4 12 24 13
5 16 19 4 12 13
5 16 19 27 4 13
5 16 19 27 4 12
5 16 29 26 17 15
5 16 29 14 17 15
5 16 29 14 0 17
5 16 6 8 17 15
5 16 6 26 8 17
5 16 6 26 0 17
5 16 27 0 17 15
5 16 27 6 17 15
5 16 27 6 0 17
5 16 19 12 6 8
5 16 19 27 6 8
5 16 19 27 12 8
5 16 19 27 6 0
5 16 4 29 26 24
5 16 4 29 14 24
5 16 29 14 0 24
5 16 19 12 6 13
5 16 26 0 24 17
5 16 29 26 24 17
5 16 0 24 17 10
5 16 29 24 17 10
5 16 29 0 17 10
5 16 29 0 24 10
5 2 19 6 0 21
5 2 6 0 31 21
5 2 6 5 31 21
5 2 19 27 0 21
5 2 6 5 1 21
5 2 19 6 1 21
5 2 19 6 5 1
5 2 19 6 5 13
5 2 0 31 10 21
5 2 5 31 10 21
5 2 6 5 13 31
5 2 27 14 0 21
5 2 5 9 1 21
5 2 19 5 9 1
5 2 16 19 6 13
5 2 16 19 6 0
5 2 0 24 31 10
5 2 5 24 31 10
5 2 0 24 13 31
5 2 5 24 13 31
5 2 12 0 13 31
5 2 12 6 13 31
5 2 12 6 0 31
5 2 27 4 14 0
5 2 27 9 1 21
5 2 19 27 1 21
5 2 19 27 9 1
5 2 19 4 5 9
5 2 16 19 27 13
5 2 16 19 27 0
5 2 19 4 5 13
5 2 19 27 4 13
5 2 16 12 0 13
5 2 16 12 6 13
5 2 16 12 6 0
5 2 5 3 10 21
5 2 5 9 3 21
5 2 4 0 24 13
5 2 14 9 3 21
5 2 14 20 9 21
5 2 27 20 9 21
5 2 27 14 20 21
5 2 19 4 20 9
5 2 19 27 20 9
5 2 19 27 4 20
5 2 16 4 0 13
5 2 16 27 4 13
5 2 16 27 4 0
5 2 14 3 10 21
5 2 14 0 10 21
5 2 5 24 3 10
5 2 5 9 24 3
5 2 5 9 24 13
5 2 4 9 24 13
5 2 4 5 9 13
5 2 4 14 9 3
5 2 4 14 20 9
5 2 27 4 14 20
5 2 14 0 24 10
5 2 4 9 24 3
5 2 4 14 0 24
5 2 32 24 3 10
5 2 14 32 3 10
5 2 14 32 24 10
5 2 4 32 24 3
5 2 4 14 32 3
5 2 4 14 32 24
