214
5 6 7 1 16 21
5 6 25 7 1 21
5 13 2 7 16 10
5 13 8 7 16 10
5 13 8 2 7 10
5 13 6 7 16 21
5 17 8 2 7 10
5 17 6 25 7 21
5 14 6 25 7 1
5 5 17 8 2 10
5 11 13 8 6 9
5 11 17 8 6 9
5 11 13 8 6 7
5 11 17 8 6 7
5 11 5 17 19 21
5 11 17 6 7 21
5 11 13 6 9 1
5 11 6 1 16 21
5 11 6 19 1 21
5 11 13 6 1 16
5 12 14 6 19 1
5 12 11 9 19 1
5 12 11 6 19 1
5 12 11 6 9 1
5 12 15 9 19 1
5 12 14 15 19 1
5 12 14 6 7 1
5 12 11 14 9 19
5 12 11 14 6 19
5 12 11 14 6 9
5 12 14 15 7 1
5 12 14 15 8 7
5 12 8 6 7 9
5 3 15 9 19 1
5 3 12 15 9 1
5 3 12 8 7 9
5 3 12 6 9 1
5 3 15 7 1 16
5 3 12 15 7 1
5 3 13 9 1 16
5 3 13 6 1 16
5 3 13 6 9 1
5 3 13 6 7 16
5 3 12 6 7 9
5 3 12 15 8 7
5 3 13 8 7 16
5 3 8 6 7 9
5 3 13 8 6 9
5 3 13 8 6 7
5 3 6 7 1 16
5 3 12 6 7 1
5 0 3 15 7 16
5 0 13 2 16 10
5 0 5 8 2 10
5 0 8 7 16 10
5 0 3 8 7 16
5 0 15 8 7 10
5 0 3 15 8 7
5 0 13 8 16 10
5 0 3 13 8 16
5 0 13 8 2 10
5 23 11 14 9 19
5 23 11 14 6 9
5 23 11 5 9 19
5 23 11 5 17 19
5 23 11 5 17 9
5 23 5 17 19 21
5 23 5 17 8 9
5 23 11 17 19 21
5 23 17 6 25 9
5 23 11 17 6 9
5 23 11 6 19 21
5 23 11 14 6 19
5 23 12 6 25 9
5 23 12 14 6 9
5 23 12 14 6 25
5 23 17 6 25 21
5 23 11 17 6 21
5 23 6 19 1 21
5 23 14 6 19 1
5 23 6 25 1 21
5 23 14 6 25 1
5 20 3 5 9 19
5 20 11 9 19 1
5 20 3 9 19 1
5 20 3 13 9 16
5 20 3 9 1 16
5 20 13 9 1 16
5 20 11 13 1 16
5 20 11 13 9 1
5 20 3 15 1 16
5 20 3 15 19 1
5 24 11 13 8 9
5 24 20 11 13 9
5 24 3 13 8 9
5 24 3 5 8 9
5 24 5 17 8 9
5 24 11 17 8 9
5 24 11 5 17 9
5 24 5 17 8 2
5 24 20 3 13 9
5 24 20 3 5 9
5 24 11 5 9 19
5 24 20 5 9 19
5 24 20 11 9 19
5 24 20 5 2 19
5 24 13 8 2 7
5 24 17 8 2 7
5 24 11 13 8 7
5 24 11 17 8 7
5 24 5 17 2 21
5 24 11 5 17 21
5 24 13 2 16 21
5 24 20 2 16 21
5 24 20 13 2 16
5 24 20 2 19 21
5 24 20 11 13 16
5 24 5 2 19 21
5 24 11 5 19 21
5 24 13 2 7 21
5 24 17 2 7 21
5 24 11 17 7 21
5 24 11 19 1 21
5 24 20 11 19 1
5 24 13 6 16 21
5 24 11 6 16 21
5 24 11 13 6 16
5 24 11 1 16 21
5 24 20 11 1 16
5 24 13 6 7 21
5 24 11 6 7 21
5 24 11 13 6 7
5 24 19 1 16 21
5 24 20 19 16 21
5 24 20 19 1 16
5 22 12 14 8 7
5 22 12 8 6 7
5 22 14 6 25 7
5 22 12 14 6 7
5 22 12 14 6 25
5 22 17 8 7 10
5 22 15 8 7 10
5 22 14 15 7 10
5 22 14 15 8 7
5 22 17 6 25 7
5 22 17 8 6 7
5 22 12 6 25 9
5 22 12 8 6 9
5 22 23 12 25 9
5 22 23 12 14 9
5 22 23 12 14 25
5 22 5 17 25 10
5 22 5 17 8 10
5 22 17 6 25 9
5 22 17 8 6 9
5 22 23 17 25 9
5 22 23 17 8 9
5 22 23 5 17 25
5 22 23 5 17 8
5 22 0 15 8 10
5 18 3 15 9 19
5 18 3 5 9 19
5 18 23 5 9 19
5 18 20 5 15 19
5 18 20 3 15 19
5 18 20 3 5 19
5 18 3 5 8 9
5 18 23 14 9 19
5 18 23 14 15 19
5 18 20 0 3 15
5 18 20 0 3 5
5 18 3 12 8 9
5 18 3 12 15 9
5 18 3 12 15 8
5 18 0 3 15 8
5 18 0 3 5 8
5 18 12 15 9 19
5 18 12 14 9 19
5 18 12 14 15 19
5 18 22 23 14 9
5 18 23 5 8 9
5 18 22 23 8 9
5 18 22 23 5 8
5 18 22 12 8 9
5 18 22 0 15 8
5 18 22 12 14 9
5 18 22 23 14 25
5 18 22 5 25 10
5 18 22 23 5 25
5 18 22 0 15 10
5 18 12 14 15 8
5 18 22 14 15 8
5 18 22 12 14 8
5 18 0 5 8 10
5 18 22 5 8 10
5 18 22 0 8 10
5 18 22 14 15 10
5 4 24 20 3 13
5 4 24 20 3 5
5 4 24 3 13 8
5 4 24 3 5 8
5 4 24 20 13 2
5 4 24 20 5 2
5 4 20 13 2 16
5 4 20 3 13 16
5 4 20 0 3 5
5 4 24 13 8 2
5 4 24 5 8 2
5 4 0 13 8 2
5 4 0 3 13 8
5 4 0 5 8 2
5 4 0 3 5 8
5 4 0 13 2 16
5 4 0 3 13 16
