329
5 20 9 21 4 15
5 27 20 21 4 15
5 27 21 10 4 15
5 5 27 1 10 15
5 5 27 10 4 15
5 5 27 21 10 4
5 5 27 24 21 4
5 5 27 24 21 10
5 26 18 29 11 30
5 26 1 24 22 11
5 19 20 24 21 4
5 19 5 24 21 4
5 19 20 9 21 4
5 19 5 21 10 4
5 19 5 24 21 10
5 19 5 9 14 10
5 19 21 10 4 15
5 19 9 21 4 15
5 19 9 21 10 15
5 19 5 10 4 15
5 19 5 9 10 15
5 19 9 14 4 15
5 19 5 9 14 15
5 19 27 14 4 15
5 19 5 27 4 15
5 19 5 27 14 15
5 13 18 29 11 30
5 13 16 18 11 30
5 13 20 29 11 30
5 13 16 20 11 30
5 13 26 18 29 11
5 13 16 1 22 11
5 13 26 16 22 11
5 13 26 16 18 11
5 13 26 16 18 22
5 13 5 18 1 10
5 13 5 16 1 10
5 13 5 16 18 10
5 25 16 20 24 21
5 25 16 24 21 10
5 25 16 1 24 11
5 25 16 20 24 11
5 25 27 24 21 10
5 25 20 24 21 4
5 25 27 24 21 4
5 25 27 20 21 4
5 25 27 20 21 15
5 25 27 20 1 15
5 25 27 1 24 4
5 25 13 16 1 10
5 25 5 16 1 10
5 25 13 16 1 11
5 25 13 16 20 11
5 25 27 21 10 15
5 25 27 1 10 15
5 25 5 27 24 10
5 25 5 27 1 10
5 25 5 27 1 24
5 25 20 21 10 15
5 28 13 18 1 22
5 28 5 18 1 22
5 28 13 18 1 10
5 28 5 27 1 15
5 28 5 18 1 10
5 28 27 6 14 4
5 28 27 0 14 15
5 28 5 27 14 15
5 28 0 9 14 15
5 28 5 9 14 15
5 2 28 3 18 22
5 2 28 3 18 10
5 2 28 5 18 22
5 2 28 5 18 10
5 2 28 3 0 22
5 2 3 9 14 10
5 2 5 9 14 10
5 2 28 5 9 14
5 17 16 18 11 30
5 17 26 18 11 30
5 17 26 16 18 11
5 17 26 16 24 11
5 17 20 24 11 30
5 17 16 20 11 30
5 17 16 20 24 11
5 17 16 20 21 30
5 17 16 20 24 21
5 17 19 20 24 30
5 17 16 24 21 10
5 31 13 16 20 30
5 31 13 20 29 30
5 31 13 16 18 30
5 31 16 20 21 30
5 31 20 9 29 30
5 31 13 18 29 30
5 31 13 3 18 29
5 31 13 16 18 10
5 31 13 3 18 10
5 31 17 16 21 30
5 31 17 16 21 10
5 31 3 9 14 10
5 31 17 16 18 30
5 31 17 16 18 10
5 31 0 9 29 30
5 31 25 20 21 10
5 31 25 16 21 10
5 31 25 13 16 10
5 31 25 16 20 21
5 31 25 13 16 20
5 31 25 20 10 15
5 31 19 9 21 10
5 31 19 20 21 30
5 31 19 20 9 30
5 31 19 20 9 21
5 31 9 21 10 15
5 31 20 21 10 15
5 31 20 9 21 15
5 31 19 9 14 30
5 31 19 9 14 10
5 31 2 3 14 10
5 31 0 9 14 30
5 31 3 0 9 14
5 31 25 1 10 15
5 31 25 13 1 10
5 32 2 3 9 10
5 32 2 5 9 10
5 32 5 9 10 15
5 32 28 5 9 15
5 32 2 28 3 10
5 32 2 28 5 10
5 32 2 28 5 9
5 32 31 9 10 15
5 32 31 3 9 10
5 32 28 0 9 15
5 32 5 1 10 15
5 32 28 5 1 15
5 32 28 5 1 10
5 32 2 28 3 0
5 32 31 1 10 15
5 32 31 20 9 15
5 32 28 13 1 10
5 32 3 0 9 14
5 32 2 3 9 14
5 32 2 3 0 14
5 32 28 0 9 14
5 32 2 28 9 14
5 32 2 28 0 14
5 32 31 13 1 10
5 32 31 13 3 10
5 32 28 27 1 15
5 32 13 3 18 10
5 32 28 3 18 10
5 32 28 13 18 10
5 32 31 0 9 29
5 32 31 3 0 29
5 32 31 3 0 9
5 32 3 0 29 22
5 32 28 3 0 22
5 32 31 13 20 29
5 32 31 13 3 29
5 32 28 3 18 22
5 32 28 13 18 22
5 32 25 20 1 15
5 32 31 25 1 15
5 32 31 25 20 15
5 32 25 13 20 1
5 32 31 25 13 1
5 32 31 25 13 20
5 32 3 18 29 22
5 32 13 3 18 29
5 7 2 28 6 22
5 7 2 28 5 22
5 7 2 5 18 22
5 7 2 26 18 22
5 7 28 6 1 22
5 7 28 5 1 22
5 7 6 1 24 22
5 7 26 1 24 22
5 7 26 6 24 22
5 7 2 28 6 14
5 7 2 28 5 14
5 7 26 16 18 22
5 7 2 5 18 10
5 7 2 26 18 10
5 7 28 27 6 1
5 7 28 5 27 1
5 7 5 18 1 22
5 7 16 1 22 11
5 7 26 1 22 11
5 7 26 16 22 11
5 7 5 27 1 24
5 7 17 26 6 24
5 7 28 27 6 14
5 7 28 5 27 14
5 7 17 26 16 18
5 7 17 26 18 10
5 7 19 5 24 10
5 7 13 18 1 22
5 7 13 16 1 22
5 7 13 16 18 22
5 7 13 5 18 1
5 7 13 5 16 1
5 7 13 5 16 18
5 7 16 1 24 11
5 7 26 1 24 11
5 7 26 16 24 11
5 7 25 16 1 24
5 7 25 5 1 24
5 7 25 5 16 1
5 7 17 26 16 24
5 7 6 1 24 4
5 7 27 1 24 4
5 7 27 6 1 4
5 7 5 27 24 4
5 7 19 5 27 14
5 7 5 16 18 10
5 7 17 16 18 10
5 7 17 16 24 10
5 7 19 6 24 4
5 7 19 5 24 4
5 7 25 16 24 10
5 7 25 5 24 10
5 7 25 5 16 10
5 7 19 5 27 4
5 7 27 6 14 4
5 7 19 6 14 4
5 7 19 27 14 4
5 23 28 0 6 22
5 23 2 28 6 22
5 23 2 28 0 22
5 23 7 26 6 22
5 23 7 2 6 22
5 23 7 2 26 22
5 23 28 0 6 14
5 23 2 28 6 14
5 23 2 28 0 14
5 23 19 0 6 14
5 23 19 0 29 30
5 23 7 19 6 14
5 23 7 2 6 14
5 23 19 0 14 30
5 23 7 19 5 14
5 23 7 2 5 14
5 23 7 19 5 10
5 23 7 2 5 10
5 23 2 3 0 14
5 23 31 3 0 14
5 23 31 2 3 14
5 23 19 5 14 10
5 23 2 5 14 10
5 23 31 2 14 10
5 8 31 19 21 10
5 8 31 17 21 10
5 8 31 19 14 10
5 8 23 19 14 10
5 8 23 31 14 10
5 8 31 19 21 30
5 8 31 17 21 30
5 8 17 19 26 30
5 8 23 19 26 30
5 8 31 19 14 30
5 8 23 19 14 30
5 8 19 24 21 10
5 8 17 24 21 10
5 8 23 7 19 10
5 8 23 7 19 6
5 8 23 7 17 10
5 8 23 19 26 6
5 8 19 20 21 30
5 8 17 20 21 30
5 8 17 19 20 30
5 8 31 0 14 30
5 8 23 0 14 30
5 8 23 31 0 14
5 8 7 19 24 10
5 8 7 17 24 10
5 8 19 20 24 21
5 8 17 20 24 21
5 8 17 19 20 24
5 8 7 19 6 24
5 8 7 17 6 24
5 8 7 17 26 6
5 8 23 7 26 6
5 8 23 7 17 26
5 8 19 26 6 24
5 8 17 26 6 24
5 8 17 19 26 24
5 12 23 2 26 22
5 12 23 2 0 22
5 12 3 18 29 22
5 12 26 18 29 22
5 12 3 0 29 22
5 12 2 3 0 22
5 12 2 3 18 22
5 12 2 26 18 22
5 12 23 2 3 0
5 12 31 3 0 29
5 12 23 31 3 0
5 12 23 26 29 30
5 12 8 23 26 30
5 12 31 3 18 29
5 12 31 0 29 30
5 12 23 0 29 30
5 12 23 31 2 3
5 12 8 17 26 30
5 12 8 23 17 26
5 12 2 3 18 10
5 12 2 26 18 10
5 12 17 26 18 10
5 12 23 7 2 26
5 12 23 7 17 26
5 12 31 18 29 30
5 12 31 3 18 10
5 12 26 18 29 30
5 12 17 26 18 30
5 12 8 31 0 30
5 12 8 23 0 30
5 12 8 23 31 0
5 12 31 2 3 10
5 12 23 31 2 10
5 12 8 23 31 10
5 12 8 23 17 10
5 12 7 2 26 10
5 12 7 17 26 10
5 12 23 7 2 10
5 12 23 7 17 10
5 12 31 17 18 30
5 12 8 31 17 30
5 12 31 17 18 10
5 12 8 31 17 10
