319
5 16 17 19 7 29
5 14 16 17 19 7
5 15 1 18 5 20
5 4 3 18 16 20
5 4 3 18 16 7
5 4 16 17 7 29
5 4 18 16 7 29
5 32 14 16 17 19
5 32 14 16 17 7
5 32 27 16 17 7
5 32 27 14 17 7
5 32 27 14 16 7
5 9 15 1 18 20
5 9 4 1 18 20
5 9 15 1 5 20
5 0 4 1 18 29
5 0 15 25 1 29
5 0 4 18 7 29
5 12 11 9 1 17
5 12 9 1 5 20
5 12 9 15 1 5
5 12 11 9 15 1
5 22 0 15 18 5
5 22 3 18 5 20
5 22 15 18 5 20
5 22 0 15 25 5
5 23 32 16 17 19
5 23 12 16 17 19
5 23 32 21 16 20
5 23 32 14 17 19
5 23 12 14 17 19
5 23 12 4 1 20
5 26 32 21 14 17
5 26 23 9 4 17
5 26 23 12 4 17
5 26 9 4 1 17
5 26 12 4 1 17
5 26 12 9 1 17
5 26 23 12 4 1
5 26 9 21 5 20
5 26 12 9 5 20
5 26 12 9 1 20
5 26 23 12 1 20
5 26 9 4 1 20
5 26 23 4 1 20
5 26 23 9 4 20
5 28 12 15 1 5
5 28 12 11 15 1
5 28 12 16 17 19
5 28 22 25 5 19
5 28 22 15 25 5
5 28 22 11 5 19
5 28 22 11 15 5
5 28 16 17 19 29
5 28 4 16 17 29
5 28 23 4 16 17
5 28 23 12 16 17
5 28 23 12 4 17
5 28 23 12 4 16
5 28 11 25 19 29
5 28 22 11 25 19
5 28 22 11 15 25
5 28 15 25 1 29
5 28 11 15 1 29
5 28 11 15 25 29
5 28 11 17 19 29
5 28 12 11 17 19
5 28 11 4 17 29
5 28 11 4 1 17
5 28 12 4 1 17
5 28 12 11 1 17
5 24 22 0 3 18
5 24 22 0 15 18
5 24 0 3 18 7
5 24 4 3 18 7
5 24 4 3 18 20
5 24 9 4 18 20
5 24 0 4 18 7
5 24 9 15 1 18
5 24 9 4 1 18
5 24 0 15 1 18
5 24 0 4 1 18
5 24 4 17 7 29
5 24 0 4 7 29
5 24 11 9 15 17
5 24 11 9 15 1
5 24 22 0 15 25
5 24 0 25 7 29
5 24 4 16 17 7
5 24 4 3 16 7
5 24 11 4 17 29
5 24 9 4 1 17
5 24 11 4 1 17
5 24 11 9 1 17
5 24 0 15 1 29
5 24 11 15 1 29
5 24 0 4 1 29
5 24 0 15 25 29
5 24 11 15 25 29
5 24 28 4 1 29
5 24 28 11 1 29
5 24 28 11 4 29
5 24 28 11 4 1
5 6 9 15 5 20
5 6 22 15 5 20
5 6 22 9 15 5
5 6 9 21 5 20
5 6 22 9 21 5
5 6 9 15 18 20
5 6 22 15 18 20
5 6 22 3 5 20
5 6 22 3 18 20
5 6 24 9 15 18
5 6 24 22 15 18
5 6 24 22 9 15
5 6 24 22 3 18
5 6 32 27 21 20
5 6 26 9 21 20
5 6 23 32 21 20
5 6 26 23 21 20
5 6 26 23 32 21
5 10 6 22 3 5
5 10 22 21 14 5
5 10 6 22 21 5
5 10 6 27 3 20
5 10 32 27 21 14
5 2 23 32 14 19
5 2 23 12 14 19
5 2 26 23 32 21
5 2 26 23 12 21
5 2 26 32 21 14
5 2 23 32 14 17
5 2 23 12 14 17
5 2 26 23 32 17
5 2 26 23 12 17
5 2 22 14 5 19
5 2 22 21 14 5
5 2 26 21 14 17
5 2 26 32 14 17
5 2 12 14 17 19
5 2 12 11 17 19
5 2 22 11 5 19
5 2 26 12 9 17
5 2 28 11 5 19
5 2 28 12 11 19
5 2 22 11 15 5
5 2 26 9 21 5
5 2 26 12 21 5
5 2 26 12 9 5
5 2 12 9 15 5
5 2 22 9 15 5
5 2 28 11 15 5
5 2 28 12 15 5
5 2 28 12 11 15
5 2 12 11 9 15
5 31 6 22 9 21
5 31 6 26 9 21
5 31 6 24 22 9
5 31 26 32 21 17
5 31 6 26 32 21
5 31 26 23 9 17
5 31 24 9 4 17
5 31 26 23 32 17
5 31 6 26 23 32
5 31 26 23 9 20
5 31 6 26 9 20
5 31 6 26 23 20
5 31 32 21 14 17
5 31 10 32 21 14
5 31 24 9 4 20
5 31 6 23 32 20
5 31 23 9 4 20
5 31 23 9 4 17
5 31 24 4 3 20
5 31 24 9 18 20
5 31 6 9 18 20
5 31 6 24 9 18
5 31 23 32 16 20
5 31 23 4 16 20
5 31 23 4 16 17
5 31 24 3 18 20
5 31 6 3 18 20
5 31 6 24 3 18
5 8 24 0 25 7
5 8 10 0 25 7
5 8 10 24 0 7
5 8 10 22 25 7
5 8 10 22 0 25
5 8 10 24 22 0
5 8 24 17 7 29
5 8 24 25 7 29
5 8 24 11 17 29
5 8 24 11 25 29
5 8 27 14 17 7
5 8 10 27 14 7
5 8 10 27 14 17
5 8 14 17 19 7
5 8 22 11 25 19
5 8 17 19 7 29
5 8 11 17 19 29
5 8 25 19 7 29
5 8 11 25 19 29
5 13 8 10 24 22
5 13 31 24 9 17
5 13 31 24 22 9
5 13 8 24 11 17
5 13 8 10 14 17
5 13 8 10 22 14
5 13 24 9 15 17
5 13 24 22 9 15
5 13 31 22 9 21
5 13 31 21 14 17
5 13 10 22 21 14
5 13 31 10 21 14
5 13 24 11 15 17
5 13 8 22 11 25
5 13 8 24 11 25
5 13 11 9 15 17
5 13 31 26 21 17
5 13 31 26 9 17
5 13 31 26 9 21
5 13 2 21 14 17
5 13 2 22 21 14
5 13 10 6 22 21
5 13 31 6 22 21
5 13 31 10 6 21
5 13 22 11 15 25
5 13 24 11 15 25
5 13 24 22 15 25
5 13 2 11 17 19
5 13 8 11 17 19
5 13 2 22 11 19
5 13 8 22 11 19
5 13 24 22 0 25
5 13 8 22 0 25
5 13 8 24 0 25
5 13 8 24 22 0
5 13 2 14 17 19
5 13 8 14 17 19
5 13 2 22 14 19
5 13 8 22 14 19
5 13 2 11 9 15
5 13 2 22 9 15
5 13 2 22 11 15
5 13 2 26 21 17
5 13 2 26 9 17
5 13 2 26 9 21
5 13 22 9 21 5
5 13 2 9 21 5
5 13 2 22 21 5
5 13 2 22 9 5
5 13 12 11 9 17
5 13 2 12 9 17
5 13 2 12 11 17
5 13 2 12 11 9
5 30 31 32 14 17
5 30 31 10 32 14
5 30 32 27 14 17
5 30 10 27 14 17
5 30 10 32 27 14
5 30 13 10 14 17
5 30 13 31 14 17
5 30 13 31 10 14
5 30 13 31 24 17
5 30 32 27 16 17
5 30 13 10 24 22
5 30 13 31 24 22
5 30 31 4 16 17
5 30 23 32 16 17
5 30 31 23 16 17
5 30 31 23 32 17
5 30 31 23 32 16
5 30 32 27 16 20
5 30 31 32 16 20
5 30 31 24 4 17
5 30 6 32 27 21
5 30 10 32 27 21
5 30 10 6 27 21
5 30 6 32 27 20
5 30 31 6 32 20
5 30 10 6 27 3
5 30 31 6 32 21
5 30 31 10 32 21
5 30 31 10 6 21
5 30 8 24 17 7
5 30 13 8 24 17
5 30 13 8 10 17
5 30 8 10 24 7
5 30 13 8 10 24
5 30 31 6 24 22
5 30 13 10 6 22
5 30 13 31 6 22
5 30 13 31 10 6
5 30 24 4 16 17
5 30 27 3 16 20
5 30 27 16 17 7
5 30 24 16 17 7
5 30 8 27 17 7
5 30 8 10 27 7
5 30 8 10 27 17
5 30 10 27 3 7
5 30 31 24 4 3
5 30 31 6 24 3
5 30 6 27 3 20
5 30 31 6 3 20
5 30 6 24 22 3
5 30 10 6 22 3
5 30 24 4 3 16
5 30 4 3 16 20
5 30 31 4 16 20
5 30 31 4 3 20
5 30 27 3 16 7
5 30 24 3 16 7
5 30 24 0 3 7
5 30 10 0 3 7
5 30 10 24 0 7
5 30 24 22 0 3
5 30 10 22 0 3
5 30 10 24 22 0
