201
5 11 12 9 25 3
5 10 23 2 7 0
5 10 23 20 2 7
5 10 11 12 20 2
5 19 12 9 25 21
5 5 19 12 9 21
5 5 12 9 25 3
5 5 19 12 9 25
5 5 19 9 25 21
5 4 10 11 12 20
5 4 10 11 12 2
5 4 10 11 20 2
5 4 11 12 9 16
5 14 5 19 12 21
5 17 5 19 7 3
5 17 5 19 25 3
5 17 23 20 2 3
5 18 10 23 7 0
5 22 11 12 9 2
5 22 4 11 12 2
5 22 4 11 12 9
5 22 4 11 9 16
5 22 4 12 9 16
5 22 4 11 20 2
5 22 10 20 2 7
5 22 4 10 20 7
5 22 4 10 20 2
5 22 4 10 12 2
5 22 14 10 12 2
5 22 14 4 10 12
5 13 22 4 11 16
5 13 22 4 20 7
5 13 22 4 11 20
5 1 18 14 19 12
5 1 14 5 19 12
5 1 18 14 10 12
5 1 5 19 12 25
5 1 17 19 12 25
5 1 17 5 19 25
5 1 14 10 12 2
5 1 5 12 25 3
5 1 17 12 25 3
5 1 17 5 25 3
5 1 5 12 9 3
5 1 14 5 12 9
5 1 10 12 20 2
5 1 18 10 23 0
5 1 18 14 10 0
5 1 14 12 9 2
5 1 5 9 2 3
5 1 14 5 9 2
5 1 17 20 2 3
5 1 17 12 20 3
5 1 17 23 2 3
5 1 10 23 20 2
5 1 17 23 20 2
5 1 10 23 2 0
5 1 11 9 2 3
5 1 11 12 9 3
5 1 11 12 9 2
5 1 11 20 2 3
5 1 11 12 20 3
5 1 11 12 20 2
5 24 1 17 12 20
5 24 1 17 19 12
5 24 1 18 19 12
5 24 1 18 17 19
5 24 13 17 25 20
5 24 17 19 12 25
5 24 13 17 19 25
5 24 1 10 12 20
5 24 1 18 10 12
5 24 1 17 23 20
5 24 1 18 17 23
5 24 17 25 20 3
5 24 17 12 20 3
5 24 17 12 25 3
5 24 13 11 25 20
5 24 19 12 25 21
5 24 13 19 25 21
5 24 4 10 12 20
5 24 4 11 12 20
5 24 13 4 11 20
5 24 1 10 23 20
5 24 1 18 10 23
5 24 11 25 20 3
5 24 11 12 20 3
5 24 11 12 25 3
5 24 11 12 9 25
5 24 13 11 9 25
5 24 12 9 25 21
5 24 13 9 25 21
5 24 19 12 21 16
5 24 14 4 10 12
5 24 18 14 10 12
5 24 18 14 4 10
5 24 4 11 12 16
5 24 13 4 11 16
5 24 11 12 9 16
5 24 13 11 9 16
5 24 12 9 21 16
5 24 13 9 21 16
5 6 1 14 5 2
5 6 1 5 2 3
5 6 1 10 2 0
5 6 1 14 10 0
5 6 1 14 10 2
5 6 1 14 5 19
5 6 1 23 2 3
5 6 1 23 2 0
5 6 1 17 5 3
5 6 18 14 19 0
5 6 1 18 14 0
5 6 1 18 14 19
5 6 17 23 7 3
5 6 17 5 7 3
5 6 17 5 19 7
5 6 18 17 19 7
5 6 1 17 23 3
5 6 1 17 5 19
5 6 1 18 17 19
5 6 18 23 7 0
5 6 18 17 23 7
5 6 1 18 23 0
5 6 1 18 17 23
5 8 24 10 23 20
5 8 24 4 10 20
5 8 24 18 10 23
5 8 17 23 20 7
5 8 24 17 23 20
5 8 13 4 20 7
5 8 24 13 4 20
5 8 24 13 17 20
5 8 18 17 23 7
5 8 24 18 17 23
5 8 17 25 20 7
5 8 13 25 20 7
5 8 13 17 25 20
5 8 24 13 17 19
5 8 18 17 19 7
5 8 24 18 17 19
5 8 13 17 19 25
5 8 24 13 19 21
5 8 17 19 7 3
5 8 17 19 25 3
5 8 13 25 21 7
5 8 13 19 25 21
5 15 4 10 20 7
5 15 8 4 20 7
5 15 8 4 10 20
5 15 10 23 20 7
5 15 8 23 20 7
5 15 8 10 23 20
5 15 22 4 10 7
5 15 18 10 23 7
5 15 8 18 23 7
5 15 8 18 10 23
5 15 13 22 4 7
5 15 8 13 4 7
5 15 18 10 7 0
5 15 13 22 4 16
5 15 18 14 4 10
5 15 22 14 4 10
5 15 24 18 4 10
5 15 8 24 4 10
5 15 8 24 18 10
5 15 18 14 10 0
5 15 22 14 10 0
5 15 8 13 21 7
5 15 24 13 4 16
5 15 8 24 13 4
5 15 8 19 21 7
5 15 8 18 19 7
5 15 24 13 21 16
5 15 8 24 13 21
5 15 24 18 14 4
5 15 22 4 12 16
5 15 22 14 12 16
5 15 22 14 4 12
5 15 8 24 18 19
5 15 22 14 21 16
5 15 24 19 21 16
5 15 8 24 19 21
5 15 24 4 12 16
5 15 24 14 4 12
5 15 24 18 14 12
5 15 24 19 12 16
5 15 24 18 19 12
5 15 18 14 19 0
5 15 6 18 7 0
5 15 6 18 19 0
5 15 6 18 19 7
5 15 19 12 21 16
5 15 14 12 21 16
5 15 14 19 12 21
5 15 18 14 19 12
5 15 6 14 19 0
5 15 6 5 19 7
5 15 14 5 19 21
5 15 6 14 5 21
5 15 6 14 5 19
