218
5 22 10 25 9 0
5 14 24 22 10 0
5 14 24 16 6 18
5 14 24 16 10 18
5 14 24 22 6 25
5 14 24 22 10 25
5 1 10 25 9 0
5 1 22 25 9 0
5 1 8 10 9 0
5 1 22 10 25 0
5 1 8 10 21 0
5 2 16 10 21 18
5 2 8 10 9 0
5 2 5 8 18 9
5 2 14 24 18 0
5 2 14 24 10 0
5 2 14 24 10 18
5 20 1 22 10 25
5 20 1 21 3 0
5 20 1 10 21 0
5 20 1 8 21 3
5 20 5 8 21 3
5 20 5 1 8 3
5 20 1 8 10 21
5 13 22 6 3 25
5 13 22 6 3 0
5 13 20 21 3 0
5 13 1 22 3 25
5 13 20 1 22 25
5 13 1 22 3 0
5 13 20 1 3 0
5 15 24 22 10 25
5 15 5 24 16 18
5 15 24 16 10 18
5 15 2 16 10 18
5 15 2 24 10 18
5 15 2 5 18 9
5 7 13 21 4 3
5 7 13 6 4 3
5 7 14 16 4 18
5 7 5 8 21 3
5 7 5 16 4 18
5 7 20 21 4 3
5 7 20 5 4 3
5 7 20 5 21 3
5 7 20 5 21 4
5 11 2 10 21 18
5 11 2 14 10 18
5 11 16 10 21 18
5 11 14 16 10 18
5 11 14 16 10 21
5 11 2 14 10 0
5 11 7 14 16 18
5 11 7 14 16 21
5 11 2 16 21 18
5 11 22 10 21 0
5 11 14 22 10 0
5 11 14 22 10 21
5 11 8 10 21 0
5 11 2 8 10 0
5 11 2 8 10 21
5 11 14 22 6 0
5 11 7 8 21 3
5 11 7 5 8 21
5 11 1 21 3 0
5 11 1 8 3 0
5 11 1 8 21 0
5 11 1 8 21 3
5 23 20 5 1 3
5 23 13 1 3 25
5 23 13 20 1 25
5 23 13 20 1 3
5 23 1 10 25 9
5 23 20 1 10 9
5 23 20 1 10 25
5 23 20 5 1 8
5 23 15 10 25 9
5 23 5 24 25 9
5 23 15 24 25 9
5 23 15 5 24 9
5 19 2 8 10 21
5 19 20 8 10 21
5 19 20 5 8 21
5 19 2 8 10 9
5 19 2 16 10 21
5 19 11 5 8 21
5 19 11 2 8 21
5 19 2 5 8 9
5 19 1 8 10 9
5 19 20 1 10 9
5 19 20 1 8 10
5 19 15 2 10 9
5 19 15 2 16 10
5 19 15 2 5 9
5 19 11 7 5 21
5 19 7 2 5 8
5 19 11 7 5 8
5 19 11 7 2 8
5 19 23 5 8 9
5 19 23 20 5 8
5 19 23 1 8 9
5 19 23 20 1 9
5 19 23 20 1 8
5 19 23 20 10 9
5 19 23 15 10 9
5 19 7 5 21 4
5 19 7 5 16 4
5 19 11 2 16 21
5 19 11 7 16 21
5 19 7 5 16 18
5 19 7 2 5 18
5 19 15 5 16 18
5 19 15 2 16 18
5 19 15 2 5 18
5 19 15 24 16 10
5 19 23 15 5 9
5 19 23 20 10 25
5 19 23 15 10 25
5 19 11 2 16 18
5 19 11 7 16 18
5 19 11 7 2 18
5 19 24 16 10 25
5 19 23 20 5 25
5 19 15 24 10 25
5 19 15 5 24 16
5 19 23 15 5 24
5 19 23 15 24 25
5 19 5 24 16 25
5 19 23 5 24 25
5 12 14 16 6 4
5 12 7 14 6 4
5 12 13 6 4 3
5 12 19 5 16 4
5 12 7 14 16 4
5 12 7 14 16 21
5 12 14 24 6 25
5 12 14 24 16 25
5 12 14 24 16 6
5 12 13 22 6 25
5 12 20 5 4 3
5 12 13 6 3 25
5 12 19 5 16 25
5 12 5 24 16 25
5 12 19 7 21 4
5 12 19 7 16 4
5 12 19 7 16 21
5 12 20 21 4 3
5 12 13 21 4 3
5 12 13 20 21 3
5 12 23 20 5 3
5 12 23 13 20 3
5 12 23 5 3 25
5 12 23 13 3 25
5 12 20 5 21 4
5 12 19 5 21 4
5 12 19 20 5 21
5 12 19 20 5 25
5 12 23 20 5 25
5 12 23 13 20 25
5 17 11 7 14 21
5 17 11 7 14 6
5 17 12 7 14 21
5 17 12 7 14 6
5 17 11 14 22 21
5 17 11 14 22 6
5 17 12 13 22 6
5 17 7 13 21 3
5 17 11 7 21 3
5 17 11 7 6 0
5 17 7 13 21 4
5 17 12 13 21 4
5 17 12 7 21 4
5 17 7 13 6 4
5 17 12 13 6 4
5 17 12 7 6 4
5 17 11 22 21 0
5 17 13 22 6 0
5 17 11 22 6 0
5 17 14 22 10 21
5 17 14 22 6 25
5 17 12 22 6 25
5 17 12 14 6 25
5 17 13 21 3 0
5 17 11 21 3 0
5 17 11 7 3 0
5 17 13 6 3 0
5 17 7 6 3 0
5 17 7 13 6 3
5 17 22 10 21 0
5 17 14 16 10 21
5 17 12 14 16 21
5 17 14 22 10 25
5 17 12 13 20 21
5 17 12 13 22 25
5 17 20 10 21 0
5 17 13 20 21 0
5 17 1 22 10 0
5 17 13 1 22 0
5 17 19 16 10 21
5 17 12 19 16 21
5 17 12 14 16 25
5 17 19 20 10 21
5 17 12 19 20 21
5 17 12 13 20 25
5 17 20 22 10 25
5 17 13 20 22 25
5 17 20 1 10 0
5 17 13 20 1 0
5 17 20 1 22 10
5 17 13 20 1 22
5 17 19 16 10 25
5 17 12 19 16 25
5 17 24 16 10 25
5 17 14 24 10 25
5 17 14 24 16 25
5 17 14 24 16 10
5 17 19 20 10 25
5 17 12 19 20 25
