4
33
-6.67008 -0.121245 8.72763 0.574426
-3.35821 8.3139 1.58473 2.10192
0.706521 3.27301 -7.89751 -6.97157
4.92916 -6.72069 6.7191 8.56362
-2.41625 1.83648 1.08779 8.08725
9.41591 6.21771 -0 -9.06472
9.41612 -1.02695 -0 -1.19326
-5.27425 -9.93533 -0 -0.665812
-4.15896 -4.63608 -0 -5.89277
4.63161 4.33643 -0 -0.867395
4.11617 -9.30141 -0 -3.67389
-3.85134 3.77554 -0 -3.10776
-0 5.29557 -7.77308 -1.7028
-0 -0.83924 0.0148491 -5.0565
-0 -5.68543 -5.82151 -6.13289
-0 6.11167 2.93147 -2.78299
-0 -5.34074 -7.40205 8.79638
-0 -1.3966 -3.12921 -1.25607
-0 -1.93257 8.90004 9.02226
-6.67939 -0 -8.87088 -7.53245
9.9274 -0 2.94363 9.01912
9.27848 -0 -4.85382 -4.67329
2.38186 -0 3.246 -8.95391
3.14082 -0 -8.07852 2.83913
-2.98126 -0 4.23398 2.48432
-8.04861 -0 6.53163 -2.89826
4.45811 2.09302 -6.41935 -0
3.60733 -8.93363 -4.04868 -0
-7.25299 7.7468 -2.33878 -0
-9.48838 1.81947 3.53735 -0
4.47129 -6.5408 0.13093 -0
5.99492 -0.994489 -1.07739 -0
3.98385 -4.72618 -6.82258 -0
