4
33
-5.47262 5.38388 -4.45631 2.67987
6.79781 2.0627 -5.76274 -3.09569
4.8295 8.2805 4.22397 -2.80961
8.45336 1.95516 -9.87311 -1.05168
2.07818 4.40452 4.2767 -7.52315
-0 -1.60625 -7.48169 3.97636
-0 -1.78534 -4.90516 5.41993
-0 2.2753 -4.36323 -8.51107
-0 -1.71086 -4.4793 -6.68766
-0 -3.47359 2.1916 -3.15627
-0 -6.46356 0.793877 1.40968
-0 0.667391 -4.76963 2.89827
7.53284 -0 4.18211 1.06613
6.3988 -0 -1.4223 -8.65674
-7.50378 -0 -9.28589 4.21895
-8.42197 -0 -4.94987 7.45539
-0.192794 -0 9.31789 5.6119
-8.22737 -0 -3.47832 -2.42969
-2.1208 -0 0.0191356 2.09572
-4.80598 4.84765 -0 -4.06291
1.32907 -3.61894 -0 -3.65718
-0.512393 3.96026 -0 7.77581
8.98658 2.67114 -0 -8.15134
-7.91412 -0.956859 -0 -0.873139
0.238971 1.31983 -0 5.06612
7.78178 5.48176 -0 7.0634
-4.90638 -0.980743 6.59669 -0
-3.02439 -8.20821 -2.91319 -0
-3.73822 3.27175 7.139 -0
-5.22022 6.15515 -6.27328 -0
-9.37302 -6.06642 0.493223 -0
7.01156 0.0494506 0.53724 -0
-0.452014 7.90637 0.0961334 -0
