4
33
-2.12406 5.23643 -1.65086 5.1559
-7.45423 -0.532593 6.1729 -9.8124
-4.68734 2.84993 2.2654 2.32856
7.12168 -1.29404 6.19277 -2.43346
2.38326 4.02575 0.877562 -1.71678
-3.85852 -0 4.41737 -1.19251
-6.07164 -0 -1.38162 -0.644951
5.87698 -0 -6.69307 -3.75994
-1.75358 -0 -8.30353 -2.54642
-2.81771 -0 5.61609 -2.55496
9.21478 -0 0.378974 5.59045
-0.0421624 -0 -7.42413 -4.89585
-0 -0.985462 -2.84512 -2.10496
-0 -0.0200398 1.7279 -1.44681
-0 8.71075 -1.40065 1.64848
-0 6.34986 -9.55001 1.77059
-0 4.18418 -4.51002 2.20137
-0 3.62256 -9.35151 5.78587
-0 0.487216 5.02858 -5.65381
-6.0132 4.01153 -0 -1.29335
0.470334 7.71812 -0 -4.71679
-9.97827 7.17583 -0 8.49965
5.35161 -3.57159 -0 -6.71273
8.86303 -1.09328 -0 1.57556
5.79091 1.03921 -0 2.29877
8.39851 4.43583 -0 -4.47991
2.2813 -0.229025 -6.24438 -0
-4.51279 7.00998 -1.02485 -0
5.61941 -3.33296 -5.50636 -0
8.07945 4.07824 -3.32888 -0
-3.69236 9.61108 -2.81713 -0
-4.98967 -7.99315 2.01974 -0
7.69367 0.448126 2.08192 -0
