4
19
-0.553478 8.31704 6.94325 -5.93244
-9.03123 3.51512 7.85952 9.40071
-8.19806 -2.8816 3.21432 -5.32567
6.43236 -4.93238 -4.129 -4.12875
0.0450962 5.72351 7.43367 -4.72847
-0 -0.985462 -2.84512 -2.10496
-0 -0.0200398 1.7279 -1.44681
-0 8.71075 -1.40065 1.64848
-0 6.34986 -9.55001 1.77059
-0 4.18418 -4.51002 2.20137
-0 3.62256 -9.35151 5.78587
-0 0.487216 5.02858 -5.65381
7.53284 -0 4.18211 1.06613
6.3988 -0 -1.4223 -8.65674
-7.50378 -0 -9.28589 4.21895
-8.42197 -0 -4.94987 7.45539
-0.192794 -0 9.31789 5.6119
-8.22737 -0 -3.47832 -2.42969
-2.1208 -0 0.0191356 2.09572
