4
26
-0.630625 9.51374 2.84628 -0.846466
4.09222 3.76919 5.04679 -0.71953
3.38143 4.5974 7.47673 -9.9713
9.30396 -1.69139 4.12631 0.859305
-7.54978 -4.67787 -0.020441 -6.66352
-0 3.33096 7.58381 7.9679
-0 8.98035 6.03325 1.16505
-0 8.87998 -9.77445 -2.99069
-0 4.18601 -6.16882 1.14011
-0 -9.9167 9.64096 4.13903
-0 5.63379 3.59179 -7.41623
-0 -9.39369 2.55792 -8.41733
-4.90638 -0.980743 6.59669 -0
-3.02439 -8.20821 -2.91319 -0
-3.73822 3.27175 7.139 -0
-5.22022 6.15515 -6.27328 -0
-9.37302 -6.06642 0.493223 -0
7.01156 0.0494506 0.53724 -0
-0.452014 7.90637 0.0961334 -0
-0.88698 2.91348 -0 5.71325
2.84742 -4.18802 -0 -8.61981
-8.76315 -5.88044 -0 9.32729
-9.1484 -4.03332 -0 -8.28063
4.38342 5.97246 -0 -4.98046
-4.77254 -5.20968 -0 -0.94001
3.98272 -7.78706 -0 4.57851
