4
33
-2.21771 2.27463 -4.09227 -1.36567
5.13551 1.08796 6.72706 -2.33394
7.95291 2.51523 -0.368313 -7.78608
4.76517 7.12236 -6.58042 3.68658
-3.16879 -9.35977 -9.7483 6.11595
1.18116 -9.30689 -6.49939 -0
-3.8179 -8.81291 -9.26231 -0
4.67901 7.01503 7.34595 -0
7.80023 -7.81523 -2.42537 -0
3.1185 -6.54635 -9.5114 -0
-0.555673 8.89184 2.70568 -0
-7.77609 5.38981 -6.12924 -0
-0 3.33096 7.58381 7.9679
-0 8.98035 6.03325 1.16505
-0 8.87998 -9.77445 -2.99069
-0 4.18601 -6.16882 1.14011
-0 -9.9167 9.64096 4.13903
-0 5.63379 3.59179 -7.41623
-0 -9.39369 2.55792 -8.41733
-1.82124 -0 6.26974 3.86762
-2.93688 -0 -5.96401 0.480374
-2.1924 -0 -9.32684 -9.37951
2.14533 -0 1.4328 -6.65246
-1.14669 -0 -3.92379 1.06364
8.41947 -0 5.36519 -9.56262
-3.89927 -0 -3.9375 1.82726
-4.56297 0.881396 -0 5.23399
0.648147 4.37928 -0 8.33381
-2.42338 1.78054 -0 7.44384
4.43139 2.02221 -0 -0.261765
-8.51359 5.3287 -0 -1.76759
-2.62167 0.493649 -0 -0.131863
5.52976 -9.8285 -0 1.85601
