4
33
1.32046 0.140122 5.76494 9.2146
-3.99826 -8.74798 -4.69019 -7.11676
-7.99976 0.186552 -9.81122 2.39357
-7.93373 -9.10159 -7.28674 2.57223
8.10089 -2.787 0.704095 -5.23605
-0 -1.60625 -7.48169 3.97636
-0 -1.78534 -4.90516 5.41993
-0 2.2753 -4.36323 -8.51107
-0 -1.71086 -4.4793 -6.68766
-0 -3.47359 2.1916 -3.15627
-0 -6.46356 0.793877 1.40968
-0 0.667391 -4.76963 2.89827
-3.85852 -0 4.41737 -1.19251
-6.07164 -0 -1.38162 -0.644951
5.87698 -0 -6.69307 -3.75994
-1.75358 -0 -8.30353 -2.54642
-2.81771 -0 5.61609 -2.55496
9.21478 -0 0.378974 5.59045
-0.0421624 -0 -7.42413 -4.89585
9.41591 6.21771 -0 -9.06472
9.41612 -1.02695 -0 -1.19326
-5.27425 -9.93533 -0 -0.665812
-4.15896 -4.63608 -0 -5.89277
4.63161 4.33643 -0 -0.867395
4.11617 -9.30141 -0 -3.67389
-3.85134 3.77554 -0 -3.10776
1.18116 -9.30689 -6.49939 -0
-3.8179 -8.81291 -9.26231 -0
4.67901 7.01503 7.34595 -0
7.80023 -7.81523 -2.42537 -0
3.1185 -6.54635 -9.5114 -0
-0.555673 8.89184 2.70568 -0
-7.77609 5.38981 -6.12924 -0
