4
26
-9.46626 -2.27003 8.2144 5.24614
-8.19983 5.64984 -4.49604 1.49629
0.78703 -1.26031 1.84831 1.12109
-5.10056 -4.51911 6.44474 -4.21719
-2.62587 8.84604 -9.02006 1.21881
-0 5.29557 -7.77308 -1.7028
-0 -0.83924 0.0148491 -5.0565
-0 -5.68543 -5.82151 -6.13289
-0 6.11167 2.93147 -2.78299
-0 -5.34074 -7.40205 8.79638
-0 -1.3966 -3.12921 -1.25607
-0 -1.93257 8.90004 9.02226
-4.80598 4.84765 -0 -4.06291
1.32907 -3.61894 -0 -3.65718
-0.512393 3.96026 -0 7.77581
8.98658 2.67114 -0 -8.15134
-7.91412 -0.956859 -0 -0.873139
0.238971 1.31983 -0 5.06612
7.78178 5.48176 -0 7.0634
-5.34201 -8.49797 5.14626 -0
0.338606 -3.26781 7.64352 -0
8.00801 8.10706 -3.90736 -0
5.39387 1.86625 3.85905 -0
8.91716 6.28908 5.00395 -0
-5.5011 -2.27942 -2.61665 -0
-8.10351 -4.38774 7.42687 -0
