333
5 18 31 9 19 30
5 17 13 4 6 1
5 16 18 31 11 19
5 16 18 31 9 19
5 16 18 31 9 11
5 16 17 13 4 11
5 16 31 9 19 30
5 23 31 11 1 30
5 23 17 31 1 30
5 23 17 31 11 1
5 23 16 17 4 11
5 23 16 17 19 30
5 23 16 17 4 19
5 23 16 17 31 30
5 23 16 17 31 11
5 12 27 9 14 0
5 12 27 18 9 14
5 12 22 14 1 28
5 12 31 9 11 30
5 12 18 31 9 11
5 12 14 1 28 30
5 12 31 14 28 30
5 12 18 9 14 30
5 12 18 31 9 30
5 10 6 1 28 30
5 10 12 22 1 28
5 10 17 13 6 1
5 10 12 1 28 30
5 10 12 31 28 30
5 10 12 31 1 30
5 10 17 31 11 1
5 10 17 13 11 1
5 10 16 17 13 6
5 10 16 17 6 19
5 10 16 13 31 11
5 10 16 17 31 11
5 10 16 17 13 11
5 15 10 13 6 28
5 15 13 4 6 1
5 15 13 7 6 1
5 15 13 7 4 1
5 15 17 13 4 6
5 15 16 17 13 6
5 15 16 17 13 4
5 15 3 16 13 4
5 15 16 17 6 19
5 15 16 17 4 19
5 15 3 16 4 19
5 26 15 4 1 28
5 26 15 7 4 1
5 26 7 6 1 28
5 26 15 6 1 28
5 26 15 7 6 1
5 26 13 7 6 28
5 26 15 13 6 28
5 26 15 13 7 6
5 26 15 13 7 4
5 26 15 3 13 4
5 20 27 9 14 0
5 20 26 7 22 28
5 20 12 7 22 0
5 20 12 27 14 0
5 20 12 27 22 0
5 20 12 27 22 14
5 20 26 7 22 0
5 20 12 9 14 0
5 2 23 11 1 30
5 2 23 7 1 30
5 2 12 9 11 30
5 2 12 9 14 30
5 2 31 9 11 30
5 2 16 31 9 30
5 2 16 31 9 11
5 2 23 31 11 30
5 2 23 16 31 30
5 2 23 16 31 11
5 2 16 9 19 30
5 2 23 9 19 30
5 2 23 16 19 30
5 2 20 12 9 14
5 2 20 12 7 14
5 2 20 12 9 0
5 2 20 12 7 0
5 24 12 18 31 14
5 24 12 31 14 28
5 24 18 31 11 19
5 24 15 3 18 19
5 24 16 18 11 19
5 24 3 16 18 19
5 24 10 12 31 28
5 24 15 10 6 28
5 24 10 13 31 11
5 24 16 31 11 19
5 24 16 13 31 11
5 24 15 3 16 19
5 24 15 3 16 13
5 24 10 16 6 19
5 24 15 16 6 19
5 24 10 16 13 31
5 24 10 16 13 6
5 24 15 16 13 6
5 24 15 10 13 6
5 32 23 7 4 1
5 32 23 16 4 11
5 32 2 23 11 1
5 32 2 23 7 1
5 32 13 7 4 1
5 32 23 17 11 1
5 32 23 17 4 1
5 32 23 17 4 11
5 32 2 11 1 30
5 32 2 7 1 30
5 32 17 13 11 1
5 32 17 13 4 1
5 32 17 13 4 11
5 32 26 13 7 4
5 32 26 3 13 4
5 5 3 4 9 19
5 5 3 16 4 19
5 5 23 4 9 19
5 5 23 16 4 19
5 5 2 9 11 0
5 5 2 16 9 11
5 5 2 16 9 19
5 5 2 23 9 19
5 5 2 23 16 19
5 5 32 23 16 4
5 5 16 18 9 19
5 5 3 18 9 19
5 5 3 16 18 19
5 5 26 27 3 0
5 5 32 26 3 4
5 5 32 2 11 0
5 5 32 2 7 0
5 5 32 2 23 7
5 5 16 18 9 11
5 5 3 16 18 11
5 5 3 16 13 4
5 5 32 3 13 4
5 5 2 23 16 11
5 5 32 23 16 11
5 5 32 2 23 11
5 5 32 26 7 4
5 5 32 26 3 13
5 5 3 16 13 11
5 5 16 13 4 11
5 5 32 13 4 11
5 5 32 16 4 11
5 5 32 26 13 7
5 8 24 18 31 14
5 8 12 31 14 30
5 8 12 18 14 30
5 8 12 18 31 30
5 8 12 18 31 14
5 8 31 14 28 30
5 8 24 31 14 28
5 8 18 14 28 30
5 8 18 31 19 30
5 8 24 18 31 19
5 8 10 31 28 30
5 8 24 10 31 28
5 8 10 6 28 30
5 8 24 10 6 28
5 8 15 18 19 28
5 8 24 15 18 28
5 8 24 15 18 19
5 8 24 10 6 19
5 8 15 6 19 28
5 8 24 15 6 28
5 8 24 15 6 19
5 8 6 19 1 30
5 8 10 6 1 30
5 8 24 16 31 19
5 8 24 10 16 19
5 8 24 10 16 31
5 8 17 19 1 30
5 8 17 6 19 1
5 8 10 17 6 1
5 8 10 17 6 19
5 8 16 31 19 30
5 8 16 17 19 30
5 8 16 17 31 30
5 8 17 31 1 30
5 8 10 31 1 30
5 8 10 17 31 1
5 8 10 16 17 19
5 8 10 16 17 31
5 29 12 27 22 14
5 29 12 22 14 28
5 29 24 12 14 28
5 29 24 12 18 14
5 29 12 27 18 14
5 29 26 27 3 28
5 29 24 10 12 28
5 29 26 15 3 28
5 29 20 27 22 0
5 29 20 26 22 0
5 29 20 26 27 0
5 29 20 22 14 28
5 29 20 27 14 28
5 29 20 27 22 14
5 29 20 26 22 28
5 29 20 26 27 28
5 29 27 3 18 28
5 29 8 18 14 28
5 29 8 24 14 28
5 29 8 24 18 28
5 29 8 24 18 14
5 29 15 3 18 28
5 29 24 15 18 28
5 29 24 15 3 18
5 21 29 12 27 18
5 21 12 18 9 11
5 21 12 27 18 9
5 21 29 27 3 18
5 21 12 18 31 11
5 21 5 18 9 11
5 21 12 9 11 0
5 21 12 27 9 0
5 21 5 3 18 11
5 21 29 24 3 18
5 21 24 18 31 11
5 21 24 12 18 31
5 21 29 24 12 18
5 21 5 9 11 0
5 21 5 27 9 0
5 21 27 3 18 9
5 21 5 3 18 9
5 21 5 27 3 9
5 21 5 27 3 0
5 21 3 16 18 11
5 21 24 16 18 11
5 21 24 3 16 18
5 21 26 27 3 0
5 21 29 26 27 0
5 21 29 26 27 3
5 21 5 3 13 11
5 21 3 16 13 11
5 21 24 16 13 11
5 21 24 3 16 13
5 21 24 10 13 11
5 21 24 15 3 13
5 21 29 24 15 3
5 21 24 10 31 11
5 21 5 32 11 0
5 21 5 32 13 11
5 21 5 26 3 0
5 21 5 26 3 13
5 21 26 15 3 13
5 21 29 26 15 3
5 21 29 24 10 28
5 21 29 24 15 28
5 21 32 13 7 11
5 21 5 32 7 0
5 21 5 32 13 7
5 21 5 26 7 0
5 21 5 26 13 7
5 21 15 10 13 28
5 21 24 15 10 28
5 21 24 15 10 13
5 25 10 12 22 28
5 25 29 12 22 28
5 25 29 10 12 28
5 25 21 29 10 28
5 25 21 10 13 28
5 25 29 26 22 28
5 25 29 12 27 22
5 25 21 29 12 27
5 25 29 24 10 12
5 25 21 29 24 12
5 25 21 29 24 10
5 25 10 13 6 28
5 25 21 10 13 11
5 25 29 26 15 28
5 25 21 29 15 28
5 25 21 29 26 15
5 25 29 26 22 0
5 25 21 29 26 0
5 25 10 12 22 1
5 25 10 12 31 1
5 25 21 12 31 11
5 25 21 10 31 11
5 25 24 10 12 31
5 25 21 24 12 31
5 25 21 24 10 31
5 25 12 27 22 0
5 25 21 12 27 0
5 25 29 27 22 0
5 25 21 29 27 0
5 25 10 6 1 28
5 25 10 22 1 28
5 25 10 13 6 1
5 25 26 7 22 28
5 25 26 13 7 28
5 25 26 15 13 28
5 25 21 15 13 28
5 25 21 26 15 13
5 25 21 26 13 7
5 25 10 13 11 1
5 25 21 13 7 11
5 25 26 7 22 0
5 25 21 26 7 0
5 25 10 31 11 1
5 25 21 12 11 0
5 25 7 6 1 28
5 25 13 7 6 28
5 25 13 7 6 1
5 25 7 22 1 28
5 25 12 7 22 1
5 25 31 11 1 30
5 25 12 31 1 30
5 25 12 31 11 30
5 25 12 7 22 0
5 25 32 13 11 1
5 25 32 13 7 1
5 25 32 13 7 11
5 25 21 32 11 0
5 25 21 32 7 0
5 25 21 32 7 11
5 25 12 7 1 30
5 25 32 11 1 30
5 25 32 7 1 30
5 25 32 2 11 0
5 25 2 12 7 0
5 25 32 2 7 0
5 25 2 12 11 30
5 25 32 2 11 30
5 25 2 12 7 30
5 25 32 2 7 30
5 25 12 9 11 0
5 25 2 9 11 0
5 25 2 12 9 0
5 25 2 12 9 11
