204
5 15 20 13 9 24
5 22 15 20 13 10
5 22 15 2 13 10
5 22 15 2 20 10
5 22 15 20 13 24
5 22 15 2 13 24
5 22 15 2 20 24
5 17 15 13 10 14
5 17 15 20 14 24
5 17 8 16 20 9
5 17 15 20 10 14
5 17 8 20 9 24
5 17 15 20 9 24
5 0 8 16 3 21
5 23 0 8 9 24
5 23 22 2 13 24
5 25 18 10 14 21
5 25 22 20 13 10
5 25 17 20 10 14
5 25 17 16 20 9
5 25 15 20 13 10
5 25 17 15 13 10
5 25 17 15 20 10
5 25 15 20 13 9
5 25 17 15 13 9
5 25 17 15 20 9
5 19 18 2 13 10
5 19 22 2 13 10
5 19 22 18 2 10
5 19 25 18 13 10
5 19 25 22 13 10
5 19 25 22 18 10
5 19 23 18 2 13
5 19 23 22 2 13
5 19 25 18 13 21
5 19 25 22 18 21
5 19 23 18 13 21
5 19 22 18 2 21
5 19 23 18 2 21
5 19 23 0 13 21
5 19 23 0 13 9
5 19 25 20 13 9
5 19 25 22 20 9
5 19 25 22 20 13
5 19 20 13 9 24
5 19 23 13 9 24
5 19 22 20 9 24
5 19 23 22 9 24
5 19 22 20 13 24
5 19 23 22 13 24
5 5 0 8 16 3
5 5 0 8 16 9
5 5 8 16 20 9
5 5 0 8 9 24
5 5 8 20 3 24
5 5 8 20 9 24
5 5 23 0 9 24
5 5 22 20 3 24
5 12 0 8 13 9
5 12 0 8 16 9
5 12 17 8 16 9
5 12 19 0 13 9
5 12 25 17 13 9
5 12 25 17 16 9
5 12 19 25 13 9
5 12 19 0 13 21
5 12 17 8 16 21
5 12 0 8 16 21
5 12 19 25 13 21
5 12 17 8 14 21
5 12 25 18 13 21
5 12 25 18 14 21
5 12 18 13 10 14
5 12 25 18 10 14
5 12 25 18 13 10
5 12 17 13 10 14
5 12 25 17 10 14
5 12 25 17 13 10
5 6 23 22 2 21
5 6 19 22 2 21
5 6 19 23 2 21
5 6 19 23 22 2
5 6 19 23 0 21
5 6 19 25 22 21
5 6 25 16 3 21
5 6 12 0 16 21
5 6 12 19 0 21
5 6 19 25 22 9
5 6 12 25 16 21
5 6 12 19 25 21
5 6 12 0 16 9
5 6 12 19 0 9
5 6 12 25 16 9
5 6 12 19 25 9
5 4 5 8 3 24
5 4 5 0 8 24
5 4 0 8 3 21
5 4 23 0 8 24
5 4 5 23 0 24
5 4 23 22 2 24
5 4 23 22 2 21
5 4 6 0 3 21
5 4 6 23 22 21
5 4 6 23 0 21
5 7 6 25 22 9
5 7 25 22 20 9
5 7 6 25 16 9
5 7 6 25 22 3
5 7 22 20 9 24
5 7 5 20 9 24
5 7 5 22 20 24
5 7 25 16 20 9
5 7 5 16 20 9
5 7 25 22 20 3
5 7 5 22 20 3
5 7 23 22 9 24
5 7 5 23 9 24
5 7 19 23 22 9
5 7 6 19 22 9
5 7 6 19 23 9
5 7 6 19 23 22
5 7 5 23 0 9
5 7 5 0 16 9
5 7 6 25 16 3
5 7 5 22 3 24
5 7 25 16 20 3
5 7 5 16 20 3
5 1 12 0 8 13
5 1 4 23 0 8
5 1 12 0 13 21
5 1 12 0 8 21
5 1 4 0 8 21
5 1 0 8 13 9
5 1 23 0 13 9
5 1 23 0 8 9
5 1 4 23 8 24
5 1 23 0 13 21
5 1 4 23 0 21
5 1 12 17 13 14
5 1 12 17 8 14
5 1 12 8 14 21
5 1 23 13 9 24
5 1 23 8 9 24
5 1 23 18 13 21
5 1 17 8 14 24
5 1 12 8 13 9
5 1 12 17 13 9
5 1 12 17 8 9
5 1 12 18 14 21
5 1 12 18 13 21
5 1 12 18 13 14
5 1 17 8 9 24
5 1 23 2 13 24
5 1 23 18 2 13
5 1 4 23 2 24
5 1 23 18 2 21
5 1 4 23 2 21
5 1 17 15 14 24
5 1 17 15 13 14
5 1 15 13 9 24
5 1 17 15 9 24
5 1 17 15 13 9
5 1 15 2 13 24
5 1 15 13 10 14
5 1 18 13 10 14
5 1 15 2 13 10
5 1 18 2 13 10
5 11 6 0 16 9
5 11 7 0 16 9
5 11 7 6 16 9
5 11 7 23 0 9
5 11 7 6 23 9
5 11 7 6 16 3
5 11 19 23 0 9
5 11 6 19 0 9
5 11 6 19 23 9
5 11 6 19 23 0
5 11 4 6 23 0
5 11 0 16 3 21
5 11 6 16 3 21
5 11 6 0 3 21
5 11 6 0 16 21
5 11 5 0 16 3
5 11 7 5 16 3
5 11 7 5 0 16
5 11 4 6 0 3
5 11 4 5 23 0
5 11 7 5 23 0
5 11 4 6 22 3
5 11 7 6 22 3
5 11 4 5 23 24
5 11 7 5 23 24
5 11 4 23 22 24
5 11 4 6 23 22
5 11 7 23 22 24
5 11 7 6 23 22
5 11 5 0 8 3
5 11 4 0 8 3
5 11 4 5 8 3
5 11 4 5 0 8
5 11 4 5 3 24
5 11 7 5 3 24
5 11 4 22 3 24
5 11 7 22 3 24
