92
5 6 9 15 2 18
5 12 15 3 11 18
5 12 6 11 2 18
5 12 6 15 2 18
5 12 6 15 11 18
5 10 6 9 2 16
5 10 9 15 2 18
5 10 12 15 2 18
5 10 9 15 3 18
5 10 12 15 3 18
5 0 4 15 3 16
5 5 6 9 15 16
5 5 9 15 3 16
5 5 4 15 3 16
5 5 4 9 3 16
5 5 6 9 15 18
5 5 9 15 3 18
5 5 15 3 11 18
5 5 0 15 3 11
5 5 0 4 15 3
5 14 12 15 3 11
5 14 0 15 3 11
5 13 0 4 15 16
5 13 5 4 15 16
5 13 5 6 15 16
5 13 5 6 4 16
5 13 5 0 4 15
5 1 14 0 15 11
5 1 12 6 15 11
5 1 14 12 15 11
5 1 12 6 11 2
5 1 14 12 11 2
5 1 13 6 15 16
5 1 13 0 15 16
5 1 13 6 2 16
5 1 14 0 2 16
5 1 13 0 2 16
5 7 0 15 3 16
5 7 14 0 3 16
5 7 14 0 15 3
5 7 14 10 3 16
5 7 1 0 15 16
5 7 1 14 0 16
5 7 1 14 0 15
5 7 9 15 3 16
5 7 10 9 3 16
5 7 10 9 15 3
5 7 14 10 3 2
5 7 10 12 3 2
5 7 10 12 15 2
5 7 10 12 15 3
5 7 14 12 3 2
5 7 14 12 15 3
5 17 5 0 15 11
5 17 13 5 0 15
5 17 1 0 15 11
5 17 1 13 0 15
5 17 13 5 6 15
5 17 13 5 0 4
5 17 1 6 15 11
5 17 1 13 6 15
5 17 6 15 11 18
5 17 5 15 11 18
5 17 5 6 15 18
5 17 1 6 11 2
5 8 12 6 15 2
5 8 1 12 6 2
5 8 1 12 6 15
5 8 1 14 12 2
5 8 1 14 12 15
5 8 7 10 15 2
5 8 7 1 14 15
5 8 1 6 15 16
5 8 7 1 15 16
5 8 7 12 15 2
5 8 7 14 12 2
5 8 7 14 12 15
5 8 6 9 15 2
5 8 10 9 15 2
5 8 10 6 9 2
5 8 10 6 2 16
5 8 1 6 2 16
5 8 1 14 2 16
5 8 7 1 14 16
5 8 6 9 15 16
5 8 10 6 9 16
5 8 14 10 2 16
5 8 7 14 10 16
5 8 7 14 10 2
5 8 7 9 15 16
5 8 7 10 9 16
5 8 7 10 9 15
