202
5 4 23 0 9 1
5 25 21 0 9 22
5 25 4 23 24 0
5 25 23 2 24 19
5 12 25 0 9 22
5 12 25 4 23 0
5 12 25 23 0 9
5 12 25 2 10 22
5 12 4 23 24 19
5 12 25 23 24 19
5 12 25 4 23 24
5 12 4 23 9 19
5 12 4 23 0 9
5 12 25 23 2 19
5 12 25 20 10 22
5 6 23 24 0 1
5 6 4 23 0 1
5 6 4 23 24 0
5 17 20 21 3 1
5 8 25 2 24 10
5 8 12 25 2 10
5 8 17 23 24 1
5 8 2 3 10 19
5 8 12 2 3 19
5 8 12 2 3 10
5 8 12 4 24 19
5 8 25 2 24 19
5 8 12 25 24 19
5 8 12 25 2 19
5 8 4 23 24 19
5 16 25 21 0 22
5 16 6 21 0 22
5 16 25 4 24 0
5 16 6 4 24 0
5 16 12 25 0 22
5 16 6 12 0 22
5 16 12 25 4 0
5 16 6 12 4 0
5 16 20 21 3 22
5 16 12 25 4 24
5 16 8 12 4 24
5 16 8 12 25 24
5 16 8 25 24 10
5 16 12 20 3 22
5 16 12 25 20 22
5 16 8 20 3 10
5 16 12 20 3 10
5 16 12 25 20 10
5 16 8 12 3 10
5 16 8 12 25 10
5 7 17 21 9 1
5 7 17 23 9 1
5 7 17 23 24 1
5 7 21 0 9 1
5 7 25 21 0 9
5 7 23 0 9 1
5 7 23 24 0 1
5 7 25 23 0 9
5 7 25 23 24 0
5 15 17 20 21 1
5 15 20 21 3 1
5 15 16 20 21 3
5 15 7 17 21 1
5 15 7 21 0 1
5 15 7 17 24 1
5 15 8 17 24 1
5 15 16 20 21 22
5 15 16 25 21 22
5 15 16 25 20 22
5 15 6 21 0 1
5 15 16 6 21 0
5 15 7 24 0 1
5 15 16 25 21 0
5 15 7 25 21 0
5 15 17 20 3 1
5 15 8 17 3 1
5 15 8 17 20 3
5 15 8 17 24 10
5 15 8 17 20 10
5 15 16 8 24 10
5 15 16 8 20 10
5 15 6 24 0 1
5 15 16 6 24 0
5 15 16 25 24 0
5 15 7 25 24 0
5 15 16 25 24 10
5 15 16 25 20 10
5 11 7 23 9 19
5 11 7 17 23 9
5 11 8 17 23 19
5 11 8 17 23 24
5 11 7 17 23 24
5 11 8 2 10 19
5 11 23 2 24 19
5 11 8 2 24 19
5 11 8 23 24 19
5 11 8 17 24 10
5 11 8 2 24 10
5 18 15 16 21 3
5 18 15 16 6 21
5 18 16 21 3 22
5 18 16 6 21 22
5 18 15 21 3 1
5 18 15 6 21 1
5 18 6 21 0 22
5 18 16 12 3 22
5 18 16 6 12 22
5 18 15 8 3 1
5 18 16 8 20 3
5 18 15 8 20 3
5 18 15 16 20 3
5 18 15 16 8 20
5 18 15 16 6 24
5 18 15 16 8 24
5 18 16 6 12 4
5 18 15 6 24 1
5 18 15 8 24 1
5 18 16 8 12 3
5 18 16 8 12 4
5 18 16 6 4 24
5 18 16 8 4 24
5 18 6 4 23 1
5 18 6 23 24 1
5 18 8 23 24 1
5 18 12 4 3 19
5 18 8 4 3 19
5 18 8 12 3 19
5 18 8 12 4 19
5 18 6 4 23 24
5 18 8 4 23 24
5 5 15 25 20 22
5 5 15 17 20 10
5 5 11 17 20 10
5 5 25 20 10 22
5 5 15 25 20 10
5 5 12 2 9 22
5 5 12 25 2 22
5 5 25 2 10 22
5 5 15 25 24 10
5 5 25 2 24 10
5 14 7 17 21 9
5 14 15 7 17 21
5 14 7 25 21 9
5 14 15 7 25 21
5 14 5 15 7 17
5 14 15 17 20 21
5 14 5 15 17 20
5 14 5 15 7 25
5 14 11 7 17 9
5 14 5 11 17 20
5 14 25 21 9 22
5 14 5 25 9 22
5 14 15 25 21 22
5 14 5 15 25 22
5 14 15 20 21 22
5 14 5 15 20 22
5 14 5 11 20 10
5 13 14 11 7 17
5 13 14 5 7 17
5 13 14 5 11 17
5 13 11 7 17 24
5 13 14 11 7 9
5 13 14 5 11 9
5 13 15 7 17 24
5 13 5 15 7 17
5 13 11 17 24 10
5 13 5 11 17 10
5 13 5 11 2 9
5 13 14 7 25 9
5 13 14 5 25 9
5 13 14 5 7 25
5 13 15 17 24 10
5 13 5 15 24 10
5 13 5 15 17 10
5 13 15 7 25 24
5 13 5 15 25 24
5 13 5 15 7 25
5 13 11 2 24 10
5 13 5 2 24 10
5 13 5 11 2 10
5 13 11 23 2 24
5 13 11 7 23 24
5 13 5 25 2 24
5 13 11 2 9 19
5 13 11 7 9 19
5 13 25 23 2 24
5 13 7 25 23 24
5 13 11 23 2 19
5 13 11 7 23 19
5 13 7 23 9 19
5 13 5 12 2 9
5 13 5 12 25 2
5 13 12 25 23 2
5 13 12 2 9 19
5 13 12 23 9 19
5 13 12 23 2 19
5 13 12 25 23 9
5 13 7 25 23 9
5 13 12 25 9 22
5 13 5 25 9 22
5 13 5 12 9 22
5 13 5 12 25 22
