229
5 25 20 14 0 19
5 25 20 4 0 19
5 25 20 14 3 19
5 25 6 14 3 19
5 25 6 20 14 3
5 13 17 6 21 3
5 24 17 15 8 2
5 24 13 17 15 8
5 24 13 15 23 2
5 24 13 17 23 2
5 24 13 17 15 2
5 24 13 15 23 21
5 24 13 17 23 21
5 12 25 20 14 0
5 5 12 25 6 21
5 5 12 15 14 2
5 5 14 0 19 2
5 5 15 0 19 2
5 5 15 14 0 2
5 5 25 14 0 19
5 5 25 15 0 19
5 5 12 15 14 0
5 5 12 25 14 0
5 5 12 25 15 0
5 11 21 4 3 19
5 11 20 4 3 19
5 11 25 20 3 19
5 11 13 17 21 3
5 11 12 25 20 21
5 11 25 6 20 3
5 11 25 6 20 21
5 11 17 6 21 3
5 11 24 13 17 8
5 11 24 13 15 8
5 18 11 21 4 19
5 18 11 25 21 19
5 18 25 4 0 19
5 18 5 25 21 19
5 18 5 12 25 21
5 18 11 12 25 21
5 18 25 20 4 19
5 18 11 20 4 19
5 18 11 25 20 19
5 18 15 4 0 19
5 18 25 15 0 19
5 18 12 25 15 0
5 18 25 20 4 0
5 18 12 25 20 0
5 18 5 25 15 19
5 18 5 12 25 15
5 18 11 12 25 20
5 18 12 15 8 0
5 18 20 8 4 0
5 18 12 20 8 0
5 18 11 12 20 8
5 18 13 15 23 21
5 18 24 13 15 21
5 18 12 24 15 21
5 18 11 13 15 8
5 18 11 24 13 15
5 18 12 24 15 8
5 18 11 24 15 8
5 1 12 25 20 14
5 1 5 12 25 6
5 1 25 6 20 21
5 1 12 25 20 21
5 1 12 25 6 21
5 1 12 20 8 0
5 1 12 20 14 0
5 1 11 12 20 8
5 1 11 6 20 21
5 1 11 12 20 21
5 1 24 17 8 2
5 1 11 17 20 8
5 1 11 24 17 8
5 1 11 6 20 3
5 1 11 17 20 3
5 1 11 17 6 3
5 1 11 17 6 21
5 1 18 12 24 8
5 1 18 11 24 8
5 1 18 11 12 8
5 1 5 12 6 21
5 1 18 12 24 21
5 1 18 11 12 21
5 1 24 13 17 21
5 1 11 13 17 21
5 1 11 24 13 17
5 1 18 24 13 21
5 1 18 11 13 21
5 1 18 11 24 13
5 7 5 25 21 19
5 7 5 25 6 21
5 7 11 25 21 19
5 7 11 25 6 21
5 7 21 4 3 19
5 7 13 17 23 3
5 7 13 17 6 3
5 7 13 17 23 21
5 7 13 17 6 21
5 7 11 21 3 19
5 7 11 6 21 3
5 7 25 6 3 19
5 7 11 25 3 19
5 7 11 25 6 3
5 7 13 23 21 3
5 7 13 6 21 3
5 22 5 15 4 19
5 22 18 15 4 19
5 22 18 5 15 19
5 22 18 21 4 19
5 22 18 5 21 19
5 22 7 21 4 19
5 22 7 5 21 19
5 22 18 15 23 21
5 22 5 23 4 19
5 22 7 23 4 19
5 22 7 5 23 19
5 22 24 15 23 2
5 22 18 12 15 21
5 22 18 5 12 21
5 22 18 5 12 15
5 22 24 15 23 21
5 22 12 24 15 21
5 22 7 5 23 2
5 9 5 12 14 2
5 9 5 12 25 14
5 9 15 14 0 2
5 9 12 15 14 2
5 9 12 15 14 0
5 9 1 20 8 0
5 9 1 20 14 0
5 9 5 14 19 2
5 9 7 5 19 2
5 9 7 5 25 6
5 9 7 17 6 2
5 9 25 6 20 14
5 9 1 25 20 14
5 9 1 25 6 20
5 9 1 17 20 8
5 9 6 14 3 19
5 9 25 6 14 19
5 9 7 25 6 19
5 9 5 25 14 19
5 9 7 5 25 19
5 9 6 20 14 3
5 9 1 6 20 3
5 9 1 17 20 3
5 9 1 17 6 3
5 10 22 18 21 4
5 10 22 18 23 21
5 10 18 13 23 21
5 10 22 7 21 4
5 10 22 7 23 4
5 10 22 7 23 21
5 10 22 15 23 4
5 10 22 18 15 4
5 10 22 18 15 23
5 10 13 23 21 3
5 10 18 11 21 4
5 10 18 11 13 21
5 10 18 13 15 23
5 10 7 21 4 3
5 10 7 23 4 3
5 10 7 23 21 3
5 10 11 21 4 3
5 10 11 13 21 3
5 10 18 11 13 8
5 10 18 13 15 8
5 10 18 20 8 4
5 10 18 11 20 4
5 10 18 11 20 8
5 16 9 12 15 2
5 16 24 15 8 2
5 16 12 24 15 8
5 16 15 8 0 2
5 16 9 8 0 2
5 16 9 15 0 2
5 16 12 15 8 0
5 16 9 12 15 0
5 16 1 24 8 2
5 16 1 12 24 8
5 16 22 24 15 2
5 16 22 12 24 15
5 16 1 17 8 2
5 16 9 17 8 2
5 16 9 1 17 8
5 16 1 12 8 0
5 16 9 1 8 0
5 16 5 12 15 2
5 16 22 5 15 2
5 16 22 5 12 15
5 16 9 5 12 2
5 16 1 12 14 0
5 16 9 12 14 0
5 16 9 1 14 0
5 16 1 24 17 2
5 16 9 7 17 2
5 16 9 7 5 2
5 16 1 5 12 25
5 16 9 5 12 25
5 16 1 12 25 14
5 16 9 12 25 14
5 16 9 1 25 14
5 16 22 7 5 2
5 16 1 12 24 21
5 16 22 12 24 21
5 16 1 5 12 21
5 16 22 5 12 21
5 16 1 24 17 21
5 16 9 1 17 6
5 16 9 7 17 6
5 16 9 7 5 6
5 16 1 5 25 6
5 16 9 5 25 6
5 16 9 1 25 6
5 16 24 17 23 2
5 16 24 17 23 21
5 16 22 24 23 2
5 16 22 24 23 21
5 16 7 17 23 2
5 16 22 7 23 2
5 16 22 7 5 21
5 16 1 17 6 21
5 16 7 17 6 21
5 16 1 5 6 21
5 16 7 5 6 21
5 16 7 17 23 21
5 16 22 7 23 21
