336
5 10 17 23 7 2
5 21 8 30 5 11
5 1 32 17 23 7
5 1 10 17 23 7
5 1 10 32 17 7
5 25 21 17 23 2
5 25 3 4 23 2
5 25 21 4 23 2
5 25 21 3 4 2
5 25 21 3 4 23
5 25 1 21 3 23
5 0 13 8 5 11
5 0 25 21 3 2
5 0 21 3 4 2
5 29 21 3 4 11
5 29 21 3 4 23
5 29 21 30 4 23
5 29 1 21 3 11
5 29 1 21 3 23
5 29 1 21 30 11
5 29 21 8 4 11
5 29 21 8 30 11
5 29 21 8 30 4
5 15 29 8 30 4
5 15 29 8 4 11
5 15 29 30 4 23
5 15 10 4 23 7
5 27 21 8 30 4
5 27 4 23 7 2
5 27 10 23 7 2
5 27 10 4 23 7
5 27 15 10 4 7
5 27 15 8 30 5
5 27 15 8 30 4
5 27 21 4 23 2
5 27 21 30 4 23
5 27 10 17 23 2
5 27 15 30 4 23
5 27 15 10 4 23
5 27 15 10 30 23
5 27 25 21 17 2
5 6 13 30 5 11
5 6 10 30 32 5
5 6 1 10 32 7
5 6 1 10 30 23
5 6 1 32 23 7
5 6 1 10 23 7
5 24 25 1 3 17
5 24 0 25 17 2
5 24 27 0 17 2
5 24 27 10 17 2
5 24 27 10 32 17
5 24 32 17 7 2
5 24 10 17 7 2
5 24 10 32 17 7
5 24 27 10 7 2
5 24 0 13 5 11
5 31 6 10 23 7
5 31 15 10 23 7
5 31 15 10 20 7
5 31 6 10 30 23
5 31 6 1 30 23
5 31 15 10 30 23
5 31 15 29 30 23
5 31 15 10 20 30
5 31 15 29 20 30
5 31 29 1 3 11
5 31 1 21 30 23
5 31 29 21 30 23
5 31 29 1 21 23
5 31 29 1 21 30
5 31 29 1 30 11
5 31 6 1 30 11
5 12 10 20 30 5
5 12 15 20 30 5
5 12 15 10 20 30
5 12 27 15 10 7
5 12 15 10 20 7
5 12 27 15 8 4
5 12 27 15 4 2
5 19 27 21 30 23
5 19 1 21 30 23
5 19 27 10 17 23
5 19 27 10 30 23
5 19 21 17 23 2
5 19 27 17 23 2
5 19 27 21 23 2
5 19 27 21 17 2
5 19 27 25 21 17
5 19 1 10 17 23
5 19 1 10 30 23
5 19 25 21 17 23
5 19 25 1 17 23
5 19 25 1 21 23
5 19 1 10 32 17
5 19 24 25 1 17
5 19 24 0 25 17
5 19 6 10 30 32
5 19 6 1 10 32
5 19 6 1 10 30
5 19 21 30 5 11
5 19 1 21 30 11
5 19 6 30 5 11
5 19 6 1 30 11
5 19 25 1 21 3
5 19 0 25 21 3
5 19 24 0 5 11
5 19 24 25 1 3
5 19 24 0 25 3
5 19 1 21 3 11
5 19 0 21 3 11
5 19 24 1 3 11
5 19 24 0 3 11
5 9 6 10 32 5
5 9 12 10 20 5
5 9 12 14 10 5
5 9 10 20 30 5
5 9 6 10 30 5
5 9 14 20 32 7
5 9 14 10 32 7
5 9 6 10 32 7
5 9 12 10 20 7
5 9 12 14 20 7
5 9 12 14 10 7
5 9 31 10 20 30
5 9 31 6 10 30
5 9 31 10 20 7
5 9 31 6 10 7
5 9 31 6 20 13
5 16 12 14 8 5
5 16 14 13 8 5
5 16 27 15 8 5
5 16 12 15 8 5
5 16 12 27 15 8
5 16 12 14 10 5
5 16 24 27 10 32
5 16 27 15 30 5
5 16 12 15 30 5
5 16 12 10 30 5
5 16 12 27 10 7
5 16 12 14 10 7
5 16 10 30 32 5
5 16 9 10 32 5
5 16 9 14 10 5
5 16 9 14 10 32
5 16 27 15 10 30
5 16 12 15 10 30
5 16 12 27 15 10
5 16 19 10 30 32
5 16 19 27 10 30
5 16 24 27 32 17
5 16 19 24 32 17
5 16 19 24 27 17
5 16 27 10 32 17
5 16 19 10 32 17
5 16 19 27 10 17
5 28 31 1 3 11
5 28 24 1 3 11
5 28 31 6 1 11
5 28 31 6 1 32
5 28 31 6 13 11
5 28 19 24 1 11
5 28 19 1 32 17
5 28 19 24 32 17
5 28 19 24 1 17
5 28 19 6 1 11
5 28 24 13 5 11
5 28 19 24 5 11
5 28 19 6 1 32
5 28 6 13 5 11
5 28 19 6 5 11
5 28 9 6 20 13
5 28 9 6 32 5
5 28 9 6 13 5
5 28 9 14 20 32
5 28 9 14 20 13
5 28 9 14 13 5
5 28 6 30 32 5
5 28 19 6 30 5
5 28 19 6 30 32
5 28 16 19 24 5
5 28 16 19 24 32
5 28 16 9 32 5
5 28 16 9 14 5
5 28 16 9 14 32
5 28 16 30 32 5
5 28 16 19 30 5
5 28 16 19 30 32
5 18 12 15 20 5
5 18 12 15 8 5
5 18 9 14 13 5
5 18 9 14 20 13
5 18 14 13 8 5
5 18 12 14 8 5
5 18 9 12 20 5
5 18 9 12 14 5
5 18 9 12 14 20
5 18 29 20 13 11
5 18 13 8 5 11
5 18 9 20 30 5
5 18 12 15 0 8
5 18 13 30 5 11
5 18 8 30 5 11
5 18 15 8 30 5
5 18 15 20 30 5
5 18 15 29 20 30
5 18 6 13 30 5
5 18 9 6 30 5
5 18 9 6 13 5
5 18 9 31 20 30
5 18 9 31 20 13
5 18 0 8 4 11
5 18 15 8 4 11
5 18 15 0 8 4
5 18 31 29 30 11
5 18 31 29 13 11
5 18 31 29 20 30
5 18 31 29 20 13
5 18 29 8 30 11
5 18 15 29 8 11
5 18 15 29 8 30
5 18 9 31 6 30
5 18 9 31 6 13
5 18 6 13 30 11
5 18 31 6 30 11
5 18 31 6 13 11
5 26 16 12 27 8
5 26 12 27 8 4
5 26 16 12 14 8
5 26 27 21 8 4
5 26 15 0 8 4
5 26 12 15 8 4
5 26 12 15 0 4
5 26 12 15 0 8
5 26 12 27 4 2
5 26 16 27 8 5
5 26 21 8 4 11
5 26 0 8 4 11
5 26 0 21 4 2
5 26 27 21 4 2
5 26 21 8 5 11
5 26 0 8 5 11
5 26 21 8 30 5
5 26 27 8 30 5
5 26 27 21 8 30
5 26 16 27 30 5
5 26 19 0 25 21
5 26 19 27 25 21
5 26 19 27 21 30
5 26 16 19 27 30
5 26 16 19 24 27
5 26 21 3 4 11
5 26 0 3 4 11
5 26 0 21 3 11
5 26 0 21 3 4
5 26 0 25 21 2
5 26 27 25 21 2
5 26 19 21 5 11
5 26 19 0 5 11
5 26 19 0 21 11
5 26 19 21 30 5
5 26 16 19 30 5
5 26 19 24 0 5
5 26 16 24 0 5
5 26 16 19 24 5
5 26 19 0 25 17
5 26 19 27 25 17
5 26 24 27 0 17
5 26 19 24 0 17
5 26 19 24 27 17
5 26 0 25 17 2
5 26 27 25 17 2
5 26 27 0 17 2
5 22 16 12 27 7
5 22 16 12 14 7
5 22 24 27 0 2
5 22 26 24 27 0
5 22 26 16 24 0
5 22 26 16 24 27
5 22 26 16 12 27
5 22 26 16 12 14
5 22 24 27 7 2
5 22 12 27 7 2
5 22 24 27 10 7
5 22 16 27 10 7
5 22 16 24 27 10
5 22 26 27 0 2
5 22 26 12 27 2
5 22 26 16 14 8
5 22 16 24 0 5
5 22 16 14 13 8
5 22 26 12 0 8
5 22 26 12 14 8
5 22 24 10 32 7
5 22 16 24 10 32
5 22 14 10 32 7
5 22 16 14 10 7
5 22 16 14 10 32
5 22 28 16 14 32
5 22 28 16 24 32
5 22 26 0 4 2
5 22 26 12 4 2
5 22 26 12 0 4
5 22 18 12 15 0
5 22 18 12 0 8
5 22 18 12 14 8
5 22 18 14 13 8
5 22 0 13 8 5
5 22 24 0 13 5
5 22 26 0 8 5
5 22 26 16 8 5
5 22 26 16 0 5
5 22 16 13 8 5
5 22 24 32 7 2
5 22 14 20 32 7
5 22 28 14 20 32
5 22 12 15 0 4
5 22 24 0 13 11
5 22 18 14 20 13
5 22 18 15 0 4
5 22 0 13 8 11
5 22 18 13 8 11
5 22 18 0 8 11
5 22 28 24 13 5
5 22 28 16 24 5
5 22 16 14 13 5
5 22 28 14 13 5
5 22 28 16 14 5
5 22 28 14 20 13
5 22 28 24 13 11
5 22 24 0 3 11
5 22 18 0 4 11
5 22 0 25 3 2
5 22 24 25 3 2
5 22 24 0 25 2
5 22 24 0 25 3
