198
5 24 9 17 6 11
5 4 24 23 17 18
5 16 2 9 6 11
5 16 14 2 6 20
5 16 10 9 23 19
5 22 10 9 23 19
5 22 16 9 23 19
5 22 10 9 17 6
5 22 10 9 23 17
5 22 10 4 13 19
5 15 16 2 9 11
5 15 24 9 17 11
5 15 24 9 23 17
5 15 16 10 9 23
5 15 10 9 23 17
5 15 24 23 17 18
5 15 16 10 23 19
5 15 16 2 23 19
5 5 2 7 20 11
5 5 15 2 7 11
5 5 14 2 7 20
5 5 14 2 7 19
5 3 10 9 17 6
5 3 22 4 6 13
5 3 22 10 6 13
5 3 22 10 4 13
5 3 22 10 17 6
5 3 22 24 17 6
5 3 22 4 24 6
5 3 4 23 17 18
5 3 22 10 23 17
5 3 22 10 4 23
5 3 4 24 17 18
5 3 4 24 23 17
5 3 22 24 23 17
5 3 22 4 24 23
5 8 16 9 6 11
5 8 2 6 20 11
5 8 16 2 20 11
5 8 16 2 6 11
5 8 16 2 6 20
5 8 3 16 9 11
5 8 9 17 6 11
5 8 3 9 17 11
5 8 3 9 17 6
5 8 24 17 6 11
5 8 3 24 17 6
5 8 3 4 6 13
5 8 3 4 24 6
5 8 15 24 17 11
5 8 15 7 11 18
5 8 15 24 7 18
5 8 15 24 7 11
5 25 8 16 9 6
5 25 8 14 6 13
5 25 16 14 13 19
5 25 16 9 6 19
5 25 8 3 6 13
5 25 8 3 9 6
5 25 8 3 16 13
5 25 8 3 16 9
5 25 16 14 20 13
5 25 8 14 20 13
5 25 8 16 20 13
5 25 16 14 6 20
5 25 8 14 6 20
5 25 8 16 6 20
5 25 16 10 13 19
5 25 16 10 9 19
5 25 22 10 13 19
5 25 22 10 6 13
5 25 22 9 6 19
5 25 22 10 9 19
5 25 22 10 9 6
5 25 3 10 6 13
5 25 3 10 9 6
5 25 4 14 13 19
5 25 22 4 13 19
5 25 22 4 14 19
5 25 4 14 6 13
5 25 22 4 6 13
5 25 22 4 14 6
5 25 3 16 10 13
5 25 3 16 10 9
5 21 24 9 23 17
5 21 22 9 23 17
5 21 22 24 23 17
5 21 24 9 17 6
5 21 22 9 17 6
5 21 22 24 17 6
5 21 15 24 9 23
5 21 22 4 24 6
5 21 22 4 24 23
5 12 5 15 2 11
5 12 24 9 6 11
5 12 15 24 9 11
5 12 5 15 7 11
5 12 21 24 9 6
5 12 21 15 24 9
5 12 21 4 24 6
5 12 15 24 7 18
5 12 5 15 7 18
5 12 15 24 23 18
5 12 21 15 24 23
5 12 4 24 23 18
5 12 21 4 24 23
5 1 5 14 7 20
5 1 5 4 14 7
5 1 4 14 6 13
5 1 5 4 7 18
5 1 14 2 6 20
5 1 5 14 2 20
5 1 8 4 6 13
5 1 8 14 20 13
5 1 8 14 6 13
5 1 8 14 6 20
5 1 8 7 20 11
5 1 8 24 7 11
5 1 8 4 24 6
5 1 8 24 7 18
5 1 8 4 24 18
5 1 5 7 20 11
5 1 12 5 7 11
5 1 12 24 7 18
5 1 12 5 7 18
5 1 12 4 24 6
5 1 12 4 24 18
5 1 12 5 4 18
5 1 8 6 20 11
5 1 8 24 6 11
5 1 12 24 6 11
5 1 15 24 7 11
5 1 12 15 7 11
5 1 12 15 24 11
5 1 12 15 24 7
5 1 5 2 20 11
5 1 12 5 2 11
5 1 2 6 20 11
5 1 12 2 6 11
5 0 1 12 2 6
5 0 12 21 9 6
5 0 1 14 2 6
5 0 12 21 4 6
5 0 1 12 4 6
5 0 1 12 5 2
5 0 16 2 9 6
5 0 2 9 6 11
5 0 12 9 6 11
5 0 12 2 6 11
5 0 12 21 15 9
5 0 1 4 14 6
5 0 1 5 14 2
5 0 1 12 5 4
5 0 16 9 6 19
5 0 15 16 2 9
5 0 15 2 9 11
5 0 12 15 9 11
5 0 12 15 2 11
5 0 12 21 15 23
5 0 16 14 2 19
5 0 16 14 2 6
5 0 5 14 2 19
5 0 22 4 14 6
5 0 21 22 4 6
5 0 1 5 4 14
5 0 12 5 4 18
5 0 5 2 19 18
5 0 5 15 2 18
5 0 12 5 15 18
5 0 12 5 15 2
5 0 22 9 6 19
5 0 21 22 9 6
5 0 22 16 9 19
5 0 16 2 23 19
5 0 15 16 9 23
5 0 21 15 9 23
5 0 15 16 2 23
5 0 12 15 23 18
5 0 25 16 6 19
5 0 25 16 14 19
5 0 25 16 14 6
5 0 25 22 6 19
5 0 25 22 14 19
5 0 25 22 14 6
5 0 22 4 14 19
5 0 5 4 14 19
5 0 5 4 19 18
5 0 12 4 23 18
5 0 12 21 4 23
5 0 22 16 23 19
5 0 22 16 9 23
5 0 21 22 9 23
5 0 15 23 19 18
5 0 15 2 19 18
5 0 15 2 23 19
5 0 22 4 23 19
5 0 21 22 4 23
5 0 4 23 19 18
