330
5 15 13 31 20 23
5 15 7 31 20 23
5 15 7 13 31 23
5 18 26 21 8 3
5 18 19 11 8 22
5 18 26 19 11 22
5 18 7 13 31 23
5 10 26 21 8 22
5 10 7 21 0 8
5 5 7 31 0 20
5 5 15 31 0 20
5 5 15 7 31 20
5 5 10 7 31 0
5 5 10 15 31 0
5 5 10 15 7 31
5 5 15 7 20 23
5 5 7 21 0 3
5 5 10 7 21 3
5 5 10 7 21 0
5 25 19 11 8 22
5 25 18 19 11 8
5 12 18 26 19 3
5 12 16 26 11 3
5 27 10 11 8 22
5 27 10 26 8 22
5 27 10 26 11 22
5 27 18 11 8 22
5 27 18 26 8 22
5 27 18 26 11 22
5 27 18 26 8 3
5 27 18 7 31 8
5 27 18 7 8 3
5 27 26 21 8 3
5 27 10 26 21 3
5 27 10 26 21 8
5 27 18 7 13 31
5 27 10 15 31 11
5 27 10 15 7 31
5 27 7 21 8 3
5 27 10 7 21 3
5 27 10 7 21 8
5 27 5 10 7 3
5 27 15 13 31 11
5 27 15 7 13 31
5 27 5 10 15 7
5 28 7 31 0 8
5 28 10 7 0 8
5 28 10 7 31 0
5 28 27 7 31 8
5 28 27 10 7 8
5 28 27 10 7 31
5 28 10 21 0 8
5 28 25 10 21 0
5 28 10 15 31 0
5 28 27 10 11 8
5 28 27 10 31 11
5 28 10 21 8 22
5 28 25 21 8 22
5 28 25 10 21 22
5 28 10 11 8 22
5 28 25 11 8 22
5 28 25 10 11 22
5 28 27 18 11 8
5 28 27 18 31 8
5 28 27 18 31 11
5 29 15 13 31 11
5 29 28 13 31 11
5 29 15 13 31 20
5 29 10 15 31 11
5 29 28 10 31 11
5 29 28 10 15 31
5 29 28 25 10 11
5 29 28 15 31 0
5 29 28 25 31 0
5 29 15 31 0 20
5 29 28 10 15 0
5 29 28 25 10 0
5 14 5 10 15 0
5 14 25 10 21 0
5 14 29 10 15 11
5 14 29 25 10 11
5 14 29 10 15 0
5 14 29 25 10 0
5 14 27 10 15 11
5 14 27 5 15 11
5 14 27 5 10 15
5 14 5 10 21 0
5 14 27 5 11 3
5 14 27 5 10 3
5 14 16 26 11 3
5 14 27 26 11 3
5 14 27 10 26 3
5 14 27 10 26 11
5 14 10 26 21 3
5 14 5 10 21 3
5 14 5 21 0 3
5 14 5 15 0 20
5 14 6 5 0 20
5 14 6 5 15 20
5 9 27 18 7 3
5 9 12 26 11 3
5 9 12 18 26 3
5 9 27 26 11 3
5 9 27 18 26 3
5 9 27 18 26 11
5 9 18 7 13 23
5 9 27 7 13 23
5 9 27 18 7 13
5 9 12 16 11 3
5 9 14 16 11 3
5 9 18 26 19 11
5 9 12 18 26 19
5 9 27 13 31 11
5 9 27 18 31 11
5 9 27 18 13 31
5 9 25 18 19 11
5 9 26 19 11 22
5 9 28 13 31 11
5 9 28 18 31 11
5 9 28 18 13 31
5 9 25 19 11 22
5 9 25 18 11 8
5 9 28 18 11 8
5 9 28 25 11 8
5 2 9 12 16 3
5 2 6 20 23 3
5 2 6 5 20 3
5 2 12 18 23 3
5 2 9 12 18 3
5 2 9 12 18 23
5 2 9 14 16 3
5 2 9 12 13 23
5 2 7 20 23 3
5 2 5 7 20 3
5 2 5 7 20 23
5 2 5 15 20 23
5 2 6 5 15 20
5 2 14 6 5 15
5 2 18 7 23 3
5 2 9 18 7 3
5 2 9 18 7 23
5 2 27 5 7 3
5 2 9 27 7 3
5 2 9 27 7 23
5 2 14 5 11 3
5 2 9 14 11 3
5 2 9 29 12 13
5 2 15 13 20 23
5 2 27 5 11 3
5 2 9 27 11 3
5 2 5 15 7 23
5 2 27 5 15 7
5 2 14 5 15 11
5 2 9 14 16 11
5 2 27 5 15 11
5 2 29 15 13 20
5 2 15 7 13 23
5 2 27 7 13 23
5 2 27 15 7 13
5 2 9 27 13 23
5 2 9 27 13 11
5 2 14 29 15 11
5 2 14 29 16 11
5 2 14 29 16 15
5 2 27 15 13 11
5 2 29 15 13 11
5 2 9 29 13 11
5 32 26 19 1 22
5 32 12 26 19 1
5 32 2 29 13 20
5 32 25 0 20 1
5 32 29 25 0 1
5 32 29 25 0 20
5 32 2 6 20 23
5 24 29 28 13 31
5 24 29 28 25 31
5 24 9 28 18 13
5 24 9 29 12 13
5 24 29 28 13 11
5 24 9 28 13 11
5 24 9 29 13 11
5 24 29 28 25 11
5 24 9 28 25 11
5 24 9 29 25 11
5 24 29 13 31 20
5 24 9 25 18 19
5 24 9 25 18 8
5 24 9 28 18 8
5 24 9 28 25 8
5 24 9 12 25 19
5 24 28 18 31 8
5 24 28 18 13 31
5 24 13 31 20 23
5 24 29 31 0 20
5 24 29 25 0 20
5 24 29 25 31 0
5 24 32 29 13 20
5 24 32 29 25 20
5 24 25 18 19 8
5 24 9 12 18 19
5 24 32 12 25 19
5 24 2 29 12 13
5 24 32 2 29 13
5 24 32 2 29 12
5 24 12 18 19 23
5 24 9 18 13 23
5 24 9 12 13 23
5 24 9 12 18 23
5 24 2 12 13 23
5 24 32 2 12 23
5 24 18 13 31 23
5 24 2 13 20 23
5 24 32 2 20 23
5 24 32 2 13 20
5 30 32 26 1 22
5 30 32 25 1 22
5 30 26 21 1 22
5 30 25 21 1 22
5 30 10 26 21 22
5 30 25 10 21 22
5 30 32 26 19 22
5 30 32 12 26 19
5 30 32 25 19 22
5 30 32 12 25 19
5 30 10 26 11 22
5 30 25 10 11 22
5 30 14 10 26 21
5 30 14 25 10 21
5 30 25 21 0 1
5 30 14 25 21 0
5 30 9 26 11 22
5 30 9 25 11 22
5 30 9 26 19 22
5 30 9 12 26 19
5 30 9 25 19 22
5 30 9 12 25 19
5 30 14 16 26 11
5 30 32 29 25 1
5 30 14 10 26 11
5 30 14 25 10 11
5 30 29 25 0 1
5 30 14 29 25 0
5 30 12 16 26 11
5 30 9 12 26 11
5 30 9 12 16 11
5 30 14 29 16 11
5 30 14 29 25 11
5 30 32 29 0 1
5 30 9 29 25 11
5 30 2 9 12 16
5 30 2 9 29 12
5 30 32 2 29 12
5 30 24 9 12 25
5 30 24 9 29 25
5 30 24 9 29 12
5 30 24 32 12 25
5 30 24 32 29 25
5 30 24 32 29 12
5 30 2 29 16 11
5 30 2 9 16 11
5 30 2 9 29 11
5 4 30 12 16 26
5 4 30 32 12 26
5 4 32 12 26 1
5 4 30 32 26 1
5 4 32 2 12 16
5 4 30 2 12 16
5 4 30 32 2 12
5 4 16 26 1 3
5 4 12 26 1 3
5 4 12 16 1 3
5 4 12 16 26 3
5 4 32 2 29 16
5 4 30 2 29 16
5 4 30 32 2 29
5 17 4 30 32 29
5 17 30 14 29 0
5 17 30 32 29 0
5 17 30 14 29 16
5 17 4 30 29 16
5 17 14 29 15 0
5 17 14 29 16 15
5 17 4 32 29 16
5 17 30 14 16 26
5 17 4 30 16 26
5 17 30 32 0 1
5 17 4 30 32 1
5 17 29 15 0 20
5 17 32 29 0 20
5 17 4 32 6 16
5 17 4 16 26 1
5 17 4 30 26 1
5 17 4 32 6 1
5 17 30 21 0 1
5 17 30 14 21 0
5 17 14 15 0 20
5 17 14 6 0 20
5 17 14 6 15 20
5 17 2 14 16 15
5 17 2 14 6 15
5 17 4 6 16 1
5 17 2 29 15 20
5 17 2 29 16 15
5 17 32 2 29 20
5 17 32 2 29 16
5 17 30 26 21 1
5 17 30 14 26 21
5 17 6 21 0 1
5 17 6 0 20 1
5 17 32 0 20 1
5 17 32 6 20 1
5 17 2 6 15 20
5 17 2 6 16 3
5 17 2 14 16 3
5 17 6 16 1 3
5 17 32 2 6 20
5 17 32 2 6 16
5 17 26 21 1 3
5 17 16 26 1 3
5 17 14 26 21 3
5 17 14 16 26 3
5 17 6 21 1 3
5 17 6 21 0 3
5 17 14 21 0 3
5 17 2 6 5 3
5 17 2 14 5 3
5 17 2 14 6 5
5 17 6 5 0 3
5 17 14 5 0 3
5 17 14 6 5 0
