213
5 14 11 13 8 20
5 14 11 13 8 24
5 6 14 11 8 24
5 6 14 13 8 24
5 6 11 13 8 24
5 6 14 11 7 15
5 6 14 11 7 8
5 21 14 11 7 15
5 5 21 1 24 20
5 2 21 14 7 15
5 2 21 14 1 15
5 2 14 11 7 8
5 2 21 14 11 7
5 12 21 1 7 15
5 12 5 21 1 7
5 22 21 14 24 20
5 22 21 14 11 20
5 22 14 13 24 20
5 22 14 11 13 20
5 22 25 5 16 20
5 23 2 21 14 1
5 23 2 6 14 1
5 23 5 21 1 20
5 23 2 5 21 20
5 23 2 5 21 1
5 23 21 14 11 20
5 23 2 21 11 20
5 23 2 21 14 11
5 23 2 6 14 8
5 23 14 11 8 20
5 23 2 14 11 8
5 23 14 13 8 20
5 23 11 13 8 20
5 23 2 11 13 20
5 23 2 11 13 8
5 23 25 2 13 20
5 10 22 5 16 20
5 10 2 5 21 7
5 10 2 13 8 16
5 10 25 2 13 16
5 10 22 25 16 20
5 10 23 5 16 20
5 10 23 2 5 20
5 10 2 5 21 20
5 10 11 13 7 8
5 10 2 11 7 8
5 10 2 11 13 8
5 10 23 25 16 20
5 10 23 25 2 20
5 10 23 25 2 16
5 10 25 2 13 20
5 10 22 25 13 20
5 10 2 11 13 20
5 10 22 11 13 20
5 10 22 2 11 20
5 18 6 11 7 15
5 18 12 21 7 15
5 18 12 5 21 7
5 18 21 11 7 15
5 18 6 14 24 15
5 18 6 14 11 15
5 18 6 14 11 24
5 18 21 14 24 15
5 18 21 14 11 15
5 0 12 5 1 7
5 0 18 12 5 7
5 0 10 2 5 7
5 0 12 1 7 15
5 0 12 6 1 15
5 0 23 2 5 1
5 0 10 23 5 16
5 0 10 23 2 16
5 0 10 23 2 5
5 0 5 21 1 7
5 0 2 5 21 7
5 0 2 5 21 1
5 0 18 6 7 15
5 0 18 12 7 15
5 0 18 12 6 15
5 0 10 2 8 16
5 0 10 2 7 8
5 0 23 2 6 1
5 0 21 1 7 15
5 0 2 21 7 15
5 0 2 21 1 15
5 0 6 14 1 15
5 0 2 14 1 15
5 0 2 6 14 1
5 0 23 2 6 8
5 0 6 14 7 15
5 0 6 14 7 8
5 0 2 14 7 15
5 0 2 14 7 8
5 0 2 6 14 8
5 9 5 21 24 20
5 9 22 21 24 20
5 9 22 5 24 20
5 9 22 5 21 20
5 9 5 21 1 24
5 9 12 21 1 24
5 9 12 5 21 1
5 9 12 21 24 15
5 9 18 21 24 15
5 9 18 12 24 15
5 9 18 12 21 15
5 19 10 5 21 7
5 19 9 22 5 21
5 19 18 5 21 7
5 19 10 11 13 7
5 19 10 22 11 13
5 19 22 5 21 20
5 19 10 5 21 20
5 19 10 22 5 20
5 19 9 22 21 24
5 19 9 18 21 24
5 19 18 12 5 21
5 19 9 12 5 21
5 19 9 18 12 21
5 19 9 18 12 5
5 19 2 21 11 7
5 19 10 2 11 7
5 19 10 2 21 7
5 19 10 22 2 11
5 19 10 2 21 20
5 19 10 22 2 20
5 19 18 21 11 7
5 19 14 11 13 24
5 19 22 14 13 24
5 19 22 14 11 13
5 19 6 11 13 24
5 19 18 6 13 24
5 19 18 6 11 24
5 19 18 6 11 13
5 19 22 21 14 24
5 19 22 21 14 11
5 19 2 21 11 20
5 19 22 21 11 20
5 19 22 2 11 20
5 19 18 14 11 24
5 19 18 21 14 24
5 19 18 21 14 11
5 17 0 18 5 7
5 17 19 18 5 7
5 17 0 18 6 7
5 17 0 18 12 5
5 17 19 9 18 5
5 17 0 18 12 6
5 17 9 18 12 5
5 17 0 12 5 1
5 17 19 18 11 7
5 17 19 18 11 13
5 17 18 6 13 24
5 17 18 6 11 13
5 17 19 18 13 24
5 17 19 9 18 24
5 4 0 10 5 7
5 4 17 0 5 7
5 4 0 10 5 16
5 4 17 0 5 16
5 4 0 10 8 16
5 4 0 10 7 8
5 4 17 0 6 7
5 4 10 13 8 16
5 4 10 13 7 8
5 4 0 6 8 16
5 4 0 6 7 8
5 4 6 13 8 16
5 4 19 11 13 7
5 4 17 19 11 7
5 4 17 19 11 13
5 4 11 13 7 8
5 4 6 11 7 8
5 4 6 11 13 8
5 4 17 6 11 13
5 4 18 6 11 7
5 4 17 18 11 7
5 4 17 18 6 7
5 4 17 18 6 11
5 3 19 10 5 7
5 3 17 19 5 7
5 3 4 10 5 7
5 3 4 17 5 7
5 3 4 17 19 7
5 3 19 10 13 7
5 3 4 10 13 7
5 3 4 19 13 7
5 3 19 10 22 5
5 3 19 10 22 13
5 3 10 22 5 16
5 3 4 10 5 16
5 3 19 9 22 5
5 3 17 19 9 5
5 3 4 17 5 16
5 3 4 17 19 13
5 3 10 22 25 13
5 3 10 22 25 16
5 3 9 22 5 16
5 3 17 9 5 16
5 3 19 9 22 24
5 3 17 19 9 24
5 3 4 17 25 16
5 3 19 22 13 24
5 3 17 19 13 24
5 3 4 17 25 13
5 3 10 25 13 16
5 3 4 25 13 16
5 3 4 10 13 16
5 3 9 22 24 16
5 3 17 9 24 16
5 3 22 25 24 16
5 3 17 25 24 16
5 3 22 25 13 24
5 3 17 25 13 24
