331
5 7 22 26 4 28
5 7 22 26 4 11
5 24 6 9 0 11
5 24 6 30 9 0
5 24 6 30 0 16
5 24 6 4 0 16
5 24 7 26 4 11
5 25 24 4 0 11
5 25 24 6 0 11
5 25 24 6 4 0
5 25 24 26 4 11
5 25 24 6 26 4
5 25 22 15 4 0
5 25 22 26 4 11
5 25 6 9 0 11
5 25 24 6 9 11
5 25 6 4 0 16
5 25 7 22 26 11
5 25 7 22 26 15
5 25 22 26 4 28
5 25 22 4 14 28
5 25 22 15 14 28
5 25 22 15 4 14
5 27 6 30 9 0
5 27 10 30 9 8
5 27 25 15 9 0
5 27 25 6 9 0
5 19 10 23 9 8
5 19 10 30 23 8
5 19 7 22 23 14
5 19 22 26 14 28
5 19 7 22 14 28
5 19 7 22 26 28
5 5 25 26 4 28
5 5 25 6 26 4
5 5 19 24 16 28
5 5 19 24 26 28
5 5 24 4 16 28
5 5 24 26 4 28
5 5 24 6 4 16
5 5 24 6 26 4
5 13 22 15 14 0
5 13 25 22 15 0
5 13 25 9 0 11
5 13 25 15 9 0
5 13 27 15 9 0
5 13 22 4 0 11
5 13 25 4 0 11
5 13 25 22 4 11
5 13 25 22 4 0
5 13 25 7 22 11
5 13 25 7 22 15
5 13 25 7 9 11
5 13 25 7 15 9
5 13 27 30 9 0
5 13 27 10 30 0
5 18 24 9 0 11
5 18 24 30 0 11
5 18 24 30 9 0
5 18 13 9 0 11
5 18 13 30 9 0
5 18 13 10 30 0
5 18 19 10 30 9
5 18 27 10 30 9
5 18 13 27 30 9
5 18 13 27 10 9
5 18 13 27 10 30
5 18 19 7 22 23
5 18 19 10 23 9
5 1 5 25 6 26
5 1 27 25 15 9
5 1 27 25 6 9
5 20 27 30 9 8
5 20 27 6 30 9
5 20 1 27 6 9
5 32 19 7 26 28
5 32 19 24 26 28
5 32 7 26 4 28
5 32 24 26 4 28
5 32 24 7 26 4
5 32 19 7 14 28
5 32 18 19 7 26
5 32 7 22 4 28
5 32 24 7 4 11
5 32 24 7 26 11
5 32 18 7 9 11
5 32 18 24 9 11
5 32 18 24 30 11
5 32 25 26 9 11
5 32 25 24 9 11
5 32 25 24 26 11
5 32 25 24 26 9
5 29 5 25 26 28
5 29 25 22 15 28
5 29 25 22 26 28
5 29 25 22 26 15
5 29 1 5 25 26
5 29 22 15 14 28
5 29 25 15 14 28
5 29 1 27 15 9
5 3 19 23 9 8
5 3 20 27 9 8
5 3 20 1 27 9
5 3 29 1 27 9
5 12 13 27 10 0
5 12 13 27 15 9
5 12 13 27 10 9
5 12 27 10 9 8
5 12 3 27 9 8
5 12 13 22 15 14
5 12 13 15 14 0
5 12 13 27 15 0
5 12 18 13 10 9
5 12 3 23 14 8
5 12 29 27 15 9
5 12 3 29 27 9
5 12 3 29 27 15
5 12 13 7 15 9
5 12 3 29 23 14
5 12 3 29 15 14
5 12 29 22 23 14
5 12 29 22 15 14
5 12 13 7 22 11
5 12 13 7 22 15
5 12 13 7 9 11
5 12 18 7 9 11
5 12 18 13 9 11
5 12 18 7 10 23
5 12 18 7 22 23
5 12 18 13 10 11
5 12 18 19 22 23
5 21 24 6 30 9
5 21 20 6 30 9
5 21 18 24 30 9
5 21 19 24 6 9
5 21 24 6 30 16
5 21 20 6 30 16
5 21 18 19 30 9
5 21 18 19 24 9
5 21 18 19 24 30
5 21 19 24 6 16
5 21 19 24 30 16
5 21 20 30 9 8
5 21 20 1 6 9
5 21 10 30 9 8
5 21 19 10 9 8
5 21 19 10 30 8
5 21 19 10 30 9
5 21 3 19 9 8
5 21 3 20 9 8
5 21 19 30 23 8
5 21 20 30 23 8
5 21 3 19 23 8
5 21 3 20 23 8
5 2 25 4 14 28
5 2 29 25 14 28
5 2 4 14 16 28
5 2 25 4 0 16
5 2 25 6 4 16
5 2 23 14 16 28
5 2 3 23 14 28
5 2 29 25 15 14
5 2 3 29 15 14
5 2 3 23 14 8
5 2 25 6 0 16
5 2 25 15 14 0
5 2 3 29 27 15
5 2 3 20 23 8
5 2 1 27 25 6
5 2 3 29 1 27
5 2 27 25 6 0
5 2 27 25 15 0
5 2 1 27 25 15
5 2 29 1 25 15
5 2 29 1 27 15
5 2 3 20 27 8
5 2 12 3 14 8
5 2 12 3 27 8
5 2 21 3 23 16
5 2 21 3 20 23
5 2 20 1 27 6
5 2 3 20 1 6
5 2 3 20 1 27
5 2 12 15 14 0
5 2 12 27 15 0
5 2 12 3 15 14
5 2 12 3 27 15
5 2 20 27 30 8
5 2 6 30 0 16
5 2 20 6 30 16
5 2 27 6 30 0
5 2 20 27 6 30
5 17 2 29 14 28
5 17 2 3 14 28
5 17 2 3 29 14
5 17 19 23 14 28
5 17 3 23 14 28
5 17 3 19 23 14
5 17 5 19 16 28
5 17 29 5 25 28
5 17 2 29 25 28
5 17 2 3 29 1
5 17 19 23 16 28
5 17 5 25 4 28
5 17 2 25 4 28
5 17 29 1 5 25
5 17 2 29 1 25
5 17 5 4 16 28
5 17 2 4 16 28
5 17 2 23 16 28
5 17 2 3 23 28
5 17 2 3 23 16
5 17 2 21 3 16
5 17 2 3 1 6
5 17 21 19 23 16
5 17 21 3 23 16
5 17 21 3 19 23
5 17 21 19 6 16
5 17 5 25 6 4
5 17 2 25 6 4
5 17 1 5 25 6
5 17 2 1 25 6
5 17 5 6 4 16
5 17 2 6 4 16
5 17 2 21 20 16
5 17 2 21 3 20
5 17 3 20 1 6
5 17 2 3 20 6
5 17 19 24 6 16
5 17 5 24 6 16
5 17 5 19 24 16
5 17 5 19 24 6
5 17 21 20 6 16
5 17 2 20 6 16
5 17 21 1 6 9
5 17 21 20 1 9
5 17 21 20 1 6
5 31 12 19 22 23
5 31 12 29 22 23
5 31 19 22 23 14
5 31 29 22 23 14
5 31 3 19 23 14
5 31 3 29 23 14
5 31 19 22 26 14
5 31 3 19 23 9
5 31 18 19 23 9
5 31 12 18 19 23
5 31 12 3 29 9
5 31 12 3 29 23
5 31 12 18 19 22
5 31 12 29 15 9
5 31 12 29 22 15
5 31 17 3 19 14
5 31 17 3 29 14
5 31 22 26 14 28
5 31 29 22 14 28
5 31 29 22 26 28
5 31 19 26 14 28
5 31 18 10 23 9
5 31 12 18 10 9
5 31 12 18 10 23
5 31 3 23 9 8
5 31 12 3 9 8
5 31 12 3 23 8
5 31 29 22 26 15
5 31 12 18 7 9
5 31 12 18 7 22
5 31 12 7 15 9
5 31 12 7 22 15
5 31 17 19 14 28
5 31 17 29 14 28
5 31 5 19 26 28
5 31 29 5 26 28
5 31 21 3 19 9
5 31 17 21 3 19
5 31 3 29 1 9
5 31 17 3 29 1
5 31 10 23 9 8
5 31 12 10 9 8
5 31 12 10 23 8
5 31 32 18 19 26
5 31 19 7 22 26
5 31 18 19 7 26
5 31 18 19 7 22
5 31 7 22 26 15
5 31 29 1 15 9
5 31 5 19 24 26
5 31 29 1 5 26
5 31 17 5 19 28
5 31 17 29 5 28
5 31 17 5 19 6
5 31 17 29 1 5
5 31 21 19 6 9
5 31 17 21 6 9
5 31 17 21 19 6
5 31 21 3 20 9
5 31 17 21 20 9
5 31 17 21 3 20
5 31 3 20 1 9
5 31 17 20 1 9
5 31 17 3 20 1
5 31 32 18 7 9
5 31 32 18 7 26
5 31 32 24 26 9
5 31 32 19 24 26
5 31 18 19 24 9
5 31 32 18 24 9
5 31 32 18 19 24
5 31 29 25 26 15
5 31 29 1 25 15
5 31 29 1 25 26
5 31 5 24 6 26
5 31 19 24 6 9
5 31 5 19 24 6
5 31 1 5 6 26
5 31 17 1 6 9
5 31 17 1 5 6
5 31 32 26 9 11
5 31 32 7 9 11
5 31 32 7 26 11
5 31 25 7 15 9
5 31 1 25 15 9
5 31 25 7 26 15
5 31 25 26 9 11
5 31 25 7 9 11
5 31 25 7 26 11
5 31 25 24 26 9
5 31 25 24 6 9
5 31 1 25 6 9
5 31 25 24 6 26
5 31 1 25 6 26
