4
33
5.61228 1.9282 -0.334025 -2.82735
3.27643 7.93035 -7.4583 6.53624
8.09425 -6.80569 1.45924 9.51268
-6.04908 7.43422 -2.24117 -2.82632
0.180648 7.22626 -7.73328 -0.590525
-0 -0.273919 9.65097 5.38201
-0 -2.9246 6.96798 -7.17977
-0 -1.65299 -6.76363 7.96126
-0 -5.48004 -8.66579 -1.88966
-0 7.16864 9.35687 4.0842
-0 -7.84246 2.53679 1.91908
-0 -7.35925 -6.06297 -3.95578
-6.57154 -0 -6.45456 1.04256
8.08709 -0 -2.66054 8.44265
2.29956 -0 -6.21168 -6.17797
-1.89731 -0 -1.34419 -0.0836481
9.32122 -0 5.91586 1.41139
3.79293 -0 -6.20462 9.20875
-8.87941 -0 -3.98202 6.83052
-5.08278 3.25184 -0 -1.66149
8.66288 -9.13683 -0 -1.3163
9.58736 -4.81128 -0 -2.90053
-6.33447 9.05879 -0 3.99411
7.66333 4.14805 -0 5.6992
-4.65855 -5.34242 -0 7.1806
-9.65548 4.49604 -0 -7.94458
6.63462 4.24219 -0.328554 -0
0.126783 0.38525 -5.23786 -0
6.31782 7.67153 -9.08388 -0
-2.05357 5.23503 -7.95772 -0
6.66253 4.16626 3.88274 -0
6.44273 7.11106 -1.84047 -0
3.16913 -8.07035 -8.37048 -0
