4
26
7.35582 -9.6992 -3.14088 -3.2578
-3.28427 -1.80158 -2.25045 1.41646
-9.95929 -7.74372 2.83166 5.90146
3.40355 8.96476 -1.561 8.00831
8.76447 4.71713 9.27015 -9.3618
-0 -3.92363 5.71431 1.23887
-0 0.84027 2.97069 7.71531
-0 0.796884 3.8609 7.28199
-0 -5.06853 -9.04905 -6.03242
-0 -7.67087 0.976558 7.98925
-0 6.76394 6.50273 -9.03486
-0 6.67266 -5.30422 -1.38501
-1.25597 -4.04343 -0 -2.25719
-5.95433 7.7185 -0 -4.91795
7.93607 -9.23417 -0 1.34552
-5.73807 -4.86426 -0 -5.91539
-3.53048 -4.61386 -0 3.49871
-8.51902 0.307248 -0 6.94519
1.15512 0.318902 -0 -8.3079
9.62318 -3.83852 6.64167 -0
5.76436 1.93745 -9.31275 -0
-2.549 0.132028 3.80557 -0
-1.57355 -2.66697 5.94425 -0
-6.35749 0.641702 6.21009 -0
-6.18615 -2.07711 -1.09279 -0
8.13599 -6.23757 1.68433 -0
