4
26
6.59671 5.30793 4.24239 9.1372
1.48018 -7.94741 1.76501 8.17974
-2.36983 6.38532 -3.733 -6.48237
6.96771 -6.2049 8.27324 -8.90144
0.746213 7.3652 9.05146 7.09168
1.64529 -0 -7.33427 -1.48475
5.30974 -0 9.41836 4.69363
-2.05889 -0 -5.75806 2.34592
-3.68473 -0 2.1405 -8.49039
1.05817 -0 -9.52494 9.68838
-0.514761 -0 -1.9483 -9.69832
-2.61305 -0 -8.83849 -3.31874
6.35097 9.44018 1.87042 -0
-1.29451 1.10134 -6.6298 -0
2.82444 -1.53913 -8.12939 -0
3.61416 -4.27716 -0.561345 -0
6.73828 1.77923 3.83249 -0
-0.368745 -6.39769 -6.88949 -0
5.83481 -1.93157 9.69181 -0
-9.54191 9.62818 -0 -5.03068
5.17152 -4.54428 -0 -8.12892
8.16055 -6.0105 -0 6.01513
9.04888 6.30118 -0 0.993049
-7.03283 3.08796 -0 2.24873
-3.78177 2.40078 -0 -0.438379
4.63988 5.73165 -0 -0.464435
