4
26
-0.165148 2.75779 1.91568 -1.29174
0.595719 0.487333 -5.99244 -4.93664
5.16628 6.55386 -1.69653 2.38369
-2.44822 -8.92366 -1.31056 6.05439
-2.80966 -4.616 2.02574 -8.81822
-0 6.93676 -6.14261 -6.84864
-0 -2.48071 -0.140444 0.73766
-0 7.56043 -7.28718 -7.04435
-0 -5.83356 -6.39833 5.47509
-0 -1.4101 3.34108 6.67298
-0 -5.83114 6.6214 5.30488
-0 7.18426 -4.33512 9.28323
-5.08278 3.25184 -0 -1.66149
8.66288 -9.13683 -0 -1.3163
9.58736 -4.81128 -0 -2.90053
-6.33447 9.05879 -0 3.99411
7.66333 4.14805 -0 5.6992
-4.65855 -5.34242 -0 7.1806
-9.65548 4.49604 -0 -7.94458
9.62318 -3.83852 6.64167 -0
5.76436 1.93745 -9.31275 -0
-2.549 0.132028 3.80557 -0
-1.57355 -2.66697 5.94425 -0
-6.35749 0.641702 6.21009 -0
-6.18615 -2.07711 -1.09279 -0
8.13599 -6.23757 1.68433 -0
