4
33
8.73315 7.45203 -9.92565 1.92849
-1.41852 3.59979 -2.35792 0.590265
-5.40402 1.87229 -5.91693 8.45717
-1.5954 -2.04123 -1.48391 6.67999
-6.99024 9.51929 1.58383 -7.45297
-4.18974 1.99016 -0 -1.42645
-1.95472 6.94175 -0 1.14916
6.95141 -1.64341 -0 -9.02151
3.40596 -4.85491 -0 9.07822
3.23752 1.49173 -0 2.34994
7.72165 -4.06638 -0 7.39703
8.98722 0.49632 -0 -9.13011
7.2725 -4.04076 -9.15096 -0
8.96625 3.49676 -9.76262 -0
-7.09413 -7.85906 -9.93228 -0
0.859129 0.165603 -9.62384 -0
-8.02484 9.90529 5.28366 -0
-4.59026 2.15972 0.152904 -0
8.43402 -2.04827 2.94529 -0
-0 -3.92363 5.71431 1.23887
-0 0.84027 2.97069 7.71531
-0 0.796884 3.8609 7.28199
-0 -5.06853 -9.04905 -6.03242
-0 -7.67087 0.976558 7.98925
-0 6.76394 6.50273 -9.03486
-0 6.67266 -5.30422 -1.38501
-1.90872 -0 0.459149 -7.07417
4.30025 -0 -2.53638 8.23974
-8.08644 -0 -0.952686 -6.30334
-2.83674 -0 -4.8834 0.987225
6.92417 -0 3.49159 9.0607
-0.97141 -0 -0.209524 -0.802066
6.93335 -0 3.1835 -9.69279
