4
19
8.97316 3.68884 -6.36187 4.74936
2.61813 -1.54059 -6.76179 0.634154
-2.98812 -7.20825 -4.88668 -6.57648
1.60974 7.15177 2.01418 -7.86478
9.20067 3.05199 5.35508 7.85667
-0 2.15005 6.24635 8.0351
-0 -6.96056 -1.05402 4.34374
-0 0.438893 -0.914822 -4.98046
-0 -3.25905 -1.66331 -3.39673
-0 1.16639 9.68652 -2.54997
-0 0.791811 7.18087 -6.07818
-0 1.72674 -9.15473 5.68557
-6.57154 -0 -6.45456 1.04256
8.08709 -0 -2.66054 8.44265
2.29956 -0 -6.21168 -6.17797
-1.89731 -0 -1.34419 -0.0836481
9.32122 -0 5.91586 1.41139
3.79293 -0 -6.20462 9.20875
-8.87941 -0 -3.98202 6.83052
