4
33
-5.59156 -6.90873 -7.4148 5.67134
5.20847 -8.90712 8.4664 -0.299967
-1.93454 8.85375 0.232331 0.532708
1.00377 7.39608 2.02198 5.86422
7.40891 -3.74098 -9.61142 -5.18973
-0 -0.273919 9.65097 5.38201
-0 -2.9246 6.96798 -7.17977
-0 -1.65299 -6.76363 7.96126
-0 -5.48004 -8.66579 -1.88966
-0 7.16864 9.35687 4.0842
-0 -7.84246 2.53679 1.91908
-0 -7.35925 -6.06297 -3.95578
-3.2738 -0 -2.66323 -6.19603
-3.1161 -0 8.6556 -7.59574
-5.25723 -0 -8.99248 -1.03104
2.8473 -0 -9.84111 1.06098
0.907885 -0 -1.58902 5.11519
1.11581 -0 -5.38786 -2.71779
1.30463 -0 -2.80741 2.39383
8.87401 -0.223456 -0 3.4613
-6.64034 -7.61601 -0 2.24326
9.1532 -3.38125 -0 -4.39577
-7.65776 2.38369 -0 3.97722
7.06593 9.66088 -0 7.18385
-5.08835 -2.44792 -0 -0.247863
0.72391 0.163419 -0 0.631696
1.19861 1.19714 2.86215 -0
8.91432 -1.83122 1.08042 -0
9.25783 9.40606 6.50823 -0
-1.68973 0.607255 3.7813 -0
8.09463 0.108481 4.97406 -0
7.66483 7.03241 4.23914 -0
-1.58534 -5.20906 3.02331 -0
