4
26
1.20451 4.05078 -7.19885 8.51693
4.89198 9.07323 -2.8653 9.70227
-4.93671 4.71003 -3.31953 0.227517
-1.56684 -6.63241 2.31636 4.6082
1.83242 -8.96709 -1.71259 4.77553
-2.67426 -0 2.99523 9.37178
8.98913 -0 -8.03119 -6.4047
1.22886 -0 -3.31982 0.412453
4.52589 -0 -6.5515 -7.66135
7.46025 -0 7.33289 4.18017
-4.48645 -0 -2.30486 1.87862
2.53296 -0 -3.21403 -5.23479
8.65521 5.32502 -0 7.91377
-3.93099 -9.64943 -0 -5.68315
7.73218 6.88478 -0 -7.57891
9.45199 5.57069 -0 2.84096
-6.81879 -9.68812 -0 5.63425
4.57867 -7.26082 -0 5.58211
8.39527 -0.290081 -0 2.05046
2.18426 -2.2148 4.12041 -0
-9.66091 4.08979 5.16407 -0
2.97245 8.02898 3.32201 -0
-4.47155 -3.43047 6.58866 -0
-9.01552 8.06983 -0.628894 -0
8.27829 0.360433 9.95638 -0
-8.59296 -9.41752 2.37302 -0
