4
33
-5.42253 0.204144 -1.05659 -4.26834
3.55082 -2.79183 -8.43718 -1.00768
-8.44937 9.9966 -9.23116 -4.02898
-3.62292 -4.68574 -7.1385 0.361087
-7.78333 4.26139 -3.30978 8.79983
1.19861 1.19714 2.86215 -0
8.91432 -1.83122 1.08042 -0
9.25783 9.40606 6.50823 -0
-1.68973 0.607255 3.7813 -0
8.09463 0.108481 4.97406 -0
7.66483 7.03241 4.23914 -0
-1.58534 -5.20906 3.02331 -0
-0 1.73384 6.96403 0.572435
-0 -3.9648 5.1488 -1.55911
-0 0.841145 6.54738 -0.547653
-0 1.28015 8.01443 6.68187
-0 2.92009 3.14501 -0.790255
-0 3.32356 -9.57001 -6.59026
-0 -2.36148 6.92965 1.17272
1.64529 -0 -7.33427 -1.48475
5.30974 -0 9.41836 4.69363
-2.05889 -0 -5.75806 2.34592
-3.68473 -0 2.1405 -8.49039
1.05817 -0 -9.52494 9.68838
-0.514761 -0 -1.9483 -9.69832
-2.61305 -0 -8.83849 -3.31874
-4.18974 1.99016 -0 -1.42645
-1.95472 6.94175 -0 1.14916
6.95141 -1.64341 -0 -9.02151
3.40596 -4.85491 -0 9.07822
3.23752 1.49173 -0 2.34994
7.72165 -4.06638 -0 7.39703
8.98722 0.49632 -0 -9.13011
