4
26
9.77599 -2.43277 1.55906 -8.94267
-9.40648 -6.86878 2.55316 -7.68557
-3.74313 6.57236 -0.645388 -9.59601
8.52441 -5.22388 -8.87516 -3.19597
2.5357 9.86525 -8.482 -6.779
-1.90872 -0 0.459149 -7.07417
4.30025 -0 -2.53638 8.23974
-8.08644 -0 -0.952686 -6.30334
-2.83674 -0 -4.8834 0.987225
6.92417 -0 3.49159 9.0607
-0.97141 -0 -0.209524 -0.802066
6.93335 -0 3.1835 -9.69279
-9.54191 9.62818 -0 -5.03068
5.17152 -4.54428 -0 -8.12892
8.16055 -6.0105 -0 6.01513
9.04888 6.30118 -0 0.993049
-7.03283 3.08796 -0 2.24873
-3.78177 2.40078 -0 -0.438379
4.63988 5.73165 -0 -0.464435
2.18426 -2.2148 4.12041 -0
-9.66091 4.08979 5.16407 -0
2.97245 8.02898 3.32201 -0
-4.47155 -3.43047 6.58866 -0
-9.01552 8.06983 -0.628894 -0
8.27829 0.360433 9.95638 -0
-8.59296 -9.41752 2.37302 -0
