4
33
1.835 -0.138197 -2.03695 -8.63116
6.96095 4.50675 9.22346 -7.12095
-5.17837 -3.91104 5.2755 2.52607
-7.85434 9.53014 0.525435 -3.90749
2.24277 1.3352 9.85856 -1.86738
-3.2738 -0 -2.66323 -6.19603
-3.1161 -0 8.6556 -7.59574
-5.25723 -0 -8.99248 -1.03104
2.8473 -0 -9.84111 1.06098
0.907885 -0 -1.58902 5.11519
1.11581 -0 -5.38786 -2.71779
1.30463 -0 -2.80741 2.39383
-0 2.15005 6.24635 8.0351
-0 -6.96056 -1.05402 4.34374
-0 0.438893 -0.914822 -4.98046
-0 -3.25905 -1.66331 -3.39673
-0 1.16639 9.68652 -2.54997
-0 0.791811 7.18087 -6.07818
-0 1.72674 -9.15473 5.68557
8.65521 5.32502 -0 7.91377
-3.93099 -9.64943 -0 -5.68315
7.73218 6.88478 -0 -7.57891
9.45199 5.57069 -0 2.84096
-6.81879 -9.68812 -0 5.63425
4.57867 -7.26082 -0 5.58211
8.39527 -0.290081 -0 2.05046
6.35097 9.44018 1.87042 -0
-1.29451 1.10134 -6.6298 -0
2.82444 -1.53913 -8.12939 -0
3.61416 -4.27716 -0.561345 -0
6.73828 1.77923 3.83249 -0
-0.368745 -6.39769 -6.88949 -0
5.83481 -1.93157 9.69181 -0
