0.0003189
0.0002044
0.0002399
0.0001976
0.0002471
0.0003575
0.0002262
0.0002383
0.0002326
0.0002322
0.0001875
0.000238
0.0002046
0.0001882
0.0002392
0.0001769
0.0001715
0.0002605
0.000247
0.0002163
0.0002025
0.0001738
0.0002272
0.0002388
0.000251
0.0001688
0.0002544
0.0001538
0.0002535
0.0002141
0.0001935
0.0002508
0.0001651
0.0001694
0.0001995
0.0001662
0.0001506
0.0001702
0.0002368
0.000233
0.0002319
0.0001576
0.0002367
0.0001638
0.0001754
0.000199
0.0002639
0.00025
0.0001968
0.0001468
0.0001508
0.0001573
0.0001935
0.0002367
0.0001982
0.0002118
0.0001951
0.000239
0.0002297
0.0002643
0.0001879
0.0002481
0.0002041
0.0001739
0.0002222
0.0002141
0.0001809
0.0002304
0.0003319
0.0002118
0.0002802
0.0002088
0.0001978
0.0001752
0.0002885
0.0002499
0.0002553
0.0002552
0.0002384
0.0002721
0.0002235
0.0002361
0.0002067
0.000226
0.0001861
0.0002009
0.0001867
0.0002251
0.0001682
0.0001693
0.00017
0.0002253
0.0001775
0.0002279
0.0001517
0.0002089
0.0002414
0.0002339
0.0001996
0.0001493
0.0002216
0.0002434
0.0001709
0.0002156
0.0001873
0.0001787
0.0002097
0.0002192
0.0002286
0.0001809
0.0002255
0.0002285
0.0001841
0.0002422
0.0002053
0.0002613
0.0002087
0.0001709
0.0001867
0.0002137
0.000331
0.0002017
0.0002596
0.0002202
0.000304
0.0002483
0.0002296
0.0002566
0.0001656
0.0002271
0.0002183
0.0002567
0.0002804
0.0010241
0.0002808
0.0003047
0.0001746
0.0002521
0.0001937
0.0002253
0.0002497
0.0001675
0.0002399
0.0001663
0.0001872
0.0003975
0.0002523
0.0002348
0.0002476
0.0002388
0.0002145
0.0002068
0.0001659
0.0002629
0.0002732
0.0001589
0.0002434
0.0002232
0.0001914
0.0002194
0.0002263
0.0001642
0.0001709
0.0001619
0.0002194
0.0001579
0.0002238
0.0002037
0.0002468
0.0001636
0.0002041
0.0001897
0.0002328
0.0002143
0.00017
0.0003121
0.0002798
0.0002032
0.0002228
0.0001521
0.0002284
0.000225
0.0001566
0.0001872
0.0002803
0.0001664
0.0002117
0.0001515
0.0002203
0.0002231
0.0001905
0.0001721
0.0002328
0.000161
0.0002404
0.0001751
0.0001597
0.0002777
0.0002735
0.000251
0.0001835
0.000157
0.0001543
0.0001711
0.0001613
0.0002061
0.000336
0.000238
0.0001538
0.0002799
0.000157
0.0002
0.000226
0.000235
0.0001797
0.0002893
0.0002286
0.0001551
0.0002462
0.0002166
0.0001622
0.0001872
0.0002535
0.0002518
0.0001696
0.000264
0.0002354
0.0002415
0.0002103
0.0002491
0.000163
0.0001667
0.0002404
0.0002086
0.0001655
0.0001525
0.0002552
0.0002294
0.0002306
0.0002437
0.0001795
0.0001786
0.0002355
0.0001659
0.0002365
0.0002448
0.000235
0.0002286
0.0002148
0.0002231
0.000234
0.0001635
0.0001577
0.0001616
0.0002038
0.0001617
0.0001982
0.000155
0.0001684
0.0002075
0.0002234
0.000224
0.0001735
0.0002242
0.0002214
0.0002086
0.0001692
0.0002505
0.0002438
0.0002512
0.00023
0.0001676
0.0001555
0.0001595
0.0001861
0.0001955
0.0002001
0.0001711
0.0001691
0.0002116
0.0001673
0.0002243
0.0001808
0.0002296
0.0001505
0.0002315
0.0002438
0.0002145
0.0002176
0.0002248
0.0002312
0.0001744
0.0002585
0.0001841
0.0002332
0.0002227
0.000218
0.0001671
0.0002251
0.0002049
0.0002358
0.0002563
0.000162
0.0002018
0.0001642
0.0002023
0.0003363
0.0001554
0.0002387
0.0001692
0.0002283
0.0001811
0.0002213
0.0002413
0.0001783
0.0001949
0.0002297
0.0001762
0.0001762
0.0002721
0.0002311
0.0002363
0.0001994
0.0002648
0.0003592
0.0002909
0.0002589
0.0001576
0.0001602
0.0002656
0.0002816
0.0001694
0.0001547
0.0001655
0.0001767
0.0002585
0.0001973
0.0002657
0.0002102
0.0002019
0.0001661
0.0002614
0.0001829
0.0001444
0.0002115
0.000236
0.0002551
0.0001568
0.0002488
0.0001912
0.0002443
0.0001617
0.0001982
0.0002684
0.0002332
0.000208
0.0003844
0.0002789
0.0001541
0.0002356
0.0001548
0.000182
0.0002705
0.0002339
0.0002517
0.0002133
0.000166
0.0002336
0.0002339
0.0002986
0.0003545
0.0002351
0.0002665
0.0002073
0.0002423
0.0002662
0.0002681
0.0001644
0.0001813
0.0002414
0.0002402
0.0002232
0.0002052
0.0001569
0.0001488
0.0001539
0.000214
0.0001695
0.0002256
0.0001472
0.0001665
0.0002156
0.0002824
0.0001779
0.0002171
0.0001539
0.0002146
0.0002838
0.0001844
0.0002422
0.0002288
0.0002695
0.000277
0.0001834
0.0002907
0.0002954
0.0001763
0.0001747
0.0002373
0.0001996
0.0002001
0.0002706
0.0003214
0.0001508
0.0002171
0.0002049
0.0001957
0.0002889
0.0002455
0.0002377
0.0003344
0.0001982
0.0002304
0.0002271
0.0001544
0.0001935
0.0002903
0.0001946
0.0002094
0.0002002
0.0001853
0.0002618
0.0002914
0.0003218
0.0002392
0.0001541
0.0002727
0.0001791
0.0002556
0.0001881
0.0002255
0.0001937
0.0001509
0.0003284
0.0002805
0.0001634
0.0001788
0.0002498
0.0003118
0.000261
0.0002188
0.0002575
0.0002448
0.0001802
0.0002384
0.0004435
0.0004609
0.0002418
0.000251
0.000193
0.0002444
0.0002454
0.000242
0.0002949
0.0002692
0.0001918
0.0002523
0.0001809
0.0001508
0.0001772
0.000226
0.0001654
0.0001838
0.00026
0.0001842
0.0001778
0.0002264
0.0002267
0.0001973
0.0003181
0.0002629
0.0002691
0.0002325
0.0001512
0.0001504
0.0002792
0.000311
0.0001749
0.0002551
0.0002303
0.0002371
0.0002245
0.0002058
0.0003039
0.00023
0.0001685
0.0002402
0.0001612
0.0002587
0.0005438
0.0002693
0.0002075
0.0002323
0.0002709
0.0002561
0.000224
0.0002315
0.000216
0.0001638
0.0002271
0.0001576
0.000236
0.0001649
0.0002365
0.0002374
0.0001822
0.0002266
0.0002324
0.0002436
0.0002441
0.0001713
0.0002225
0.000169
0.0002062
0.0002333
0.0002094
0.0002423
0.0001828
0.0002544
0.0002526
0.0001854
0.0001595
0.0001583
0.000221
0.000151
0.0001469
0.0002872
0.0001807
0.0001715
0.0002295
0.0002516
0.0002359
0.0002415
0.0002673
0.0002554
0.000266
0.0001552
0.0002273
0.0001975
0.0002022
0.000168
0.0001861
0.0002272
0.0001614
0.0001691
0.0002042
0.0001953
0.0002008
0.0001828
0.0002486
0.0002254
0.0001678
0.0002313
0.0002311
0.0002191
0.0001646
0.0002376
0.0002348
0.0001671
0.0002334
0.0001579
0.0002422
0.0002207
0.0002438
0.0001853
0.0001609
0.0001564
0.0002275
0.0001492
0.0001547
0.0001682
0.0002314
0.0001524
0.0002323
0.0001884
0.0001547
0.0002324
0.0001852
0.000237
0.0002388
0.0002053
0.0002124
0.0001623
0.0002054
0.0002528
0.0002198
0.000144
0.0002367
0.0002239
0.0001764
0.0002042
0.0001942
0.0001607
0.0001585
0.0002162
0.0001682
0.0002348
0.0002335
0.0001656
0.0002199
0.0001538
0.0002472
0.0002401
0.0002336
0.0002456
0.0002422
0.0002119
0.0001722
0.000177
0.0001456
0.0002358
0.000234
0.0001563
0.0002194
0.0002632
0.0002025
0.0001755
0.0002136
0.0001711
0.0002365
0.0001628
0.0002308
0.000215
0.0001711
0.000158
0.0002412
0.000221
0.0001615
0.0001592
0.0001558
0.0001914
0.0001864
0.0001462
0.0001831
0.0002251
0.0002024
0.0002205
0.000202
0.0001793
0.0001507
0.0002422
0.0001808
0.0002368
0.0001546
0.0001581
0.0002026
0.000145
0.0001528
0.00023
0.000168
0.000164
0.0001658
0.000198
0.0001617
0.0002153
0.000151
0.0002199
0.0002228
0.0002375
0.0001541
0.0001674
0.0001486
0.000162
0.0001495
0.0002033
0.0001602
0.0001503
0.0001753
0.0001591
0.0002468
0.000278
0.0001621
0.0001596
0.0001645
0.0002336
0.0001769
0.0001847
0.0002243
0.0002076
0.0001594
0.0001717
0.0001717
0.000154
0.0002388
0.0002279
0.0001839
0.0001836
0.0001659
0.0001556
0.0002369
0.0001987
0.0001522
0.0002335
0.0001812
0.0001857
0.0001821
0.0002245
0.0001868
0.0001668
0.0002118
0.0002321
0.0002053
0.0001695
0.0002003
0.0001532
0.0001513
0.0001602
0.0001598
0.0002413
0.0002253
0.0001603
0.0001812
0.0001567
0.0001537
0.0001694
0.0002156
0.0001822
0.0002479
0.0001634
0.0002291
0.0001599
0.0002058
0.0001633
0.0001622
0.0002376
0.0001508
0.0001498
0.0001641
0.0002005
0.0001824
0.0002065
0.0002203
0.0002048
0.0001619
0.0001996
0.0001695
0.000156
0.0001671
0.0001497
0.0002201
0.0002191
0.0001626
0.0001811
0.0001494
0.0001631
0.0002069
0.0002327
0.0002275
0.0001651
0.0001823
0.0002875
0.0001976
0.0002306
0.0001651
0.0001685
0.0001734
0.0001658
0.0001855
0.0002235
0.0001695
0.0001484
0.0001964
0.000188
0.0002346
0.0001812
0.0001765
0.0002543
0.0002415
0.0002324
0.0001618
0.0001924
0.0001821
0.000154
0.000152
0.0001788
0.0002356
0.0001821
0.0002589
0.0002243
0.0001609
0.0001722
0.0002498
0.0001687
0.0001592
0.0001635
0.0002481
0.000241
0.0002289
0.000168
0.0001746
0.0002357
0.0002285
0.0001587
0.0002592
0.000186
0.0002315
0.0002244
0.0002268
0.0001838
0.0001741
0.0001827
0.0001657
0.0002365
0.0001587
0.0002522
0.0002245
0.0002626
0.0001719
0.0002327
0.000226
0.0002037
0.0001648
0.0002396
0.0002252
0.0001811
0.000152
0.0002365
0.0001492
0.0002184
0.0002439
0.0001664
0.0002021
0.000235
0.000223
0.0002331
0.0001563
0.0001683
0.0002046
0.000239
0.0001771
0.0001681
0.0001737
0.0001828
0.0001582
0.000167
0.0001901
0.0001555
0.0002221
0.0002448
0.0002068
0.0001806
0.0001593
0.0001747
0.0002211
0.000228
0.0002397
0.0001683
0.0002266
0.000216
0.0001657
0.0002439
0.0001958
0.0001726
0.0002339
0.0001578
0.0002255
0.0001756
0.0002278
0.000175
0.0002227
0.000182
0.0002285
0.0001633
0.0002536
0.0002294
0.0002204
0.0002186
0.000171
0.0002452
0.0002466
0.0002306
0.0001576
0.0001815
0.0002248
0.0002375
0.0002373
0.0001686
0.0001984
0.0001875
0.0002449
0.0002274
0.0002003
0.000223
0.0002311
0.0001982
0.0002341
0.0001548
0.0002166
0.0001965
0.0002364
0.0002144
0.0001526
0.0002273
0.0003086
0.0002138
0.0002334
0.0002106
0.0001728
0.0002287
0.0001666
0.0002185
0.0001708
0.0001543
0.0002384
0.0001775
0.0002038
0.0001675
0.0001527
0.000162
0.0002354
0.0002048
0.0001739
0.000202
0.0002268
0.0002038
0.0002403
0.0002383
0.0002652
0.0002418
0.0001676
0.0002117
0.0002245
0.0002563
0.0002217
0.0001574
0.0002255
0.0001713
0.0001529
0.0001868
0.0001641
0.000171
0.0002091
0.0001818
0.0002466
0.0001731
0.0002418
0.0001491
0.0001714
0.0002417
0.0002216
0.0002256
0.0002001
0.0002557
0.0001519
0.0002221
0.0001696
0.0002506
0.0002371
0.0001548
0.000171
0.0001835
0.000223
0.0002052
0.0002398
0.0002615
0.0001514
0.0001843
0.0002327
0.000154
0.000231
0.0001478
0.0002364
0.0001612
0.0001828
0.0001736
0.0002075
0.0002177
0.0001965
0.0001716
0.0002037
0.0002459
0.0002265
0.0002222
0.0002426
0.0002283
0.000202
0.0002517
0.0001534
0.0002153
0.0001977
0.0001638
0.0001667
0.0002043
0.0002459
0.0002416
0.0001606
0.0001835
0.0001528
0.0002097
0.0002409
