1000 252
96.02 44.55
15.6 33.83
63.44 80.17
19.38 58.87
47.68 64.18
37.02 50.36
71.12 53.07
90.53 6.61
90.03 13.14
47.64 2.46
84.06 59.75
30.63 74.23
3.14 60.42
95.5 34.31
26.48 67.95
63.43 3.1
33.48 19.36
68.42 48.15
83.87 88.07
3.71 50.7
6.65 46.02
29.4 93.75
22.43 38.37
15.68 21.81
79.26 34.67
70.45 93.24
31.58 33.05
11.11 95.24
41.64 41.97
16.71 50.84
9.37 59.05
49.41 59.36
5.36 23.34
80.86 1.71
57.64 89.81
94.18 64.81
8.64 25.49
0.31 78.38
21.81 56.15
43.93 61.69
71.83 80.81
28.64 78.23
73.6 77.96
28.21 90.33
63.56 6.57
97.01 55.21
51.96 48.03
39.13 47.74
61.15 96
80.72 14.07
79.71 11.56
93.72 15.41
81.41 53.73
58.53 43.78
7.81 47.86
54.16 86.1
42.15 84.31
41.57 40.57
27.33 73.86
72.14 29.63
92.58 29.61
5.1 46.87
16.73 66.26
4.39 22.01
3.79 58.98
83.6 33.32
88.53 67.26
18.12 68.89
74.56 63.69
28.61 10.62
64.51 72.4
13.77 41.03
84.77 25.41
13.13 80.6
24.48 27.65
88.57 6.09
64.22 74.61
56.13 33.77
49.68 98.57
68.51 49.4
81.46 17.12
81.67 81.01
9.37 51.41
39.3 69.13
82.85 42.5
85.67 51.78
28.83 2.23
66.69 21
74.73 99.51
65.03 80.47
12.88 95.4
2.02 93.19
35.49 79.3
83.11 14.03
77.97 6.32
4.3 49.03
31.12 62.43
54.2 34.22
48.03 9.96
8.7 20.49
85.89 90.1
53.6 52.94
87.18 62.94
48.95 2.01
39.27 91.22
36.79 10.51
23.6 43.31
92.85 12.21
78.58 74.19
36.87 5.9
44.93 44.03
34.75 59.47
3.55 64.05
67.32 53.2
95.43 37.76
59.93 68.21
15.43 59.63
8.51 87.3
78.79 94.98
36.79 13.23
51.76 59.93
10.49 85.5
41.81 93.46
17.59 37.32
48.81 34
49.41 64.52
46.03 43.71
64.66 30.14
31.41 80.01
31.65 76.98
93.06 45.07
46.77 78.02
17.08 50.36
75.64 75.23
20.06 56.93
31.93 28.69
6.11 89.56
28.98 6.14
99.57 16.74
90.27 59.79
49.71 19.93
6.89 73.15
28.95 20.54
85.04 67.98
66.17 80.76
74.65 65.16
31.5 63.75
36.48 65.43
22.58 50.1
29.07 21.92
49.91 87.57
46.3 13.19
81.68 8.2
41.33 23.22
76.07 33.54
69.05 18.74
70.62 74.03
5.67 95.9
17.18 37.22
2 52.42
76.79 22.99
8.63 28.14
15.89 2.07
81.86 92.84
10.87 91.43
94.73 79.74
18.43 47.18
12.61 44.77
31.71 33.75
88.38 70.06
40.67 10.42
32.66 3.18
49.4 89.16
96.24 42.74
25.7 16.27
5.21 91.03
46.08 45.87
98.03 55.8
71.51 58.52
86.81 78.82
45.38 25.53
79.37 23.87
97.17 9.82
46.1 79.6
36.25 59.95
24.54 98.83
40.25 73.11
6.24 21.85
8.04 10.02
14.59 10.41
80.01 52.35
0.82 35.23
74.66 69.39
22.82 92.59
38.46 43.08
65.47 84.72
71.03 21.31
42.91 4.33
72.21 31.47
74.81 32.34
20.85 2.08
18.67 8.84
7.5 21.16
67.53 96.77
86.07 29.85
7.56 48.89
27.43 30.32
43.12 53.64
82.03 3.72
43.46 62.7
9.72 18.21
56.75 96.1
89.59 98.58
25.75 30.35
15.79 55.88
50.67 62.85
92.23 90.52
92.15 14.57
57.61 43.97
44.68 0.05
72.16 88.63
44.84 83.93
60.46 48.21
40.29 31.34
2.15 34.16
38.57 73.89
55.04 30.58
79.45 41
78.33 56.29
51.5 54.25
8 73.97
33.07 81.45
47.27 71.53
17.85 54.02
22.3 9.42
12.74 26.98
37.14 49.62
40.57 63.5
58.08 56.54
49.96 39.23
84.48 34.25
36.31 86.05
67.06 39.64
0.5 71.98
67.01 79.55
65.22 47.92
25.74 55.18
75.21 82.32
25.06 78.18
45.5 43.68
51.09 73.91
99.22 76.7
69.4 87.49
27.77 17.03
14.12 53.64
73.61 96.09
98 59.62
86.26 75.92
88.23 58.05
5.33 50.77
34.87 72.67
89.85 97.7
17.07 63.8
5.53 11.48
86.11 90.07
48.96 82.18
10.03 70.01
49.47 44.51
40.07 62.12
57.27 23.79
41.9 24.38
4.57 71.83
27.86 82.8
83.24 66.76
39.82 82.27
97.22 59.56
81.04 50.42
33.47 8.82
20.27 4.58
6.24 94.76
7.5 71.92
15.61 53.68
81.63 56.11
55.36 70.88
6.53 19.24
62.08 79.25
0.58 0.76
14.3 82.89
71.66 57.41
4.2 3.61
62.95 54.29
28.61 97.07
51.74 49.1
88.66 37.93
54.36 34.12
74.41 42.17
47.43 69.34
81 58.18
96.61 0.09
60.9 8.1
72.61 48.68
27.03 64.66
2.17 28.98
60.46 99.51
83.25 27.31
79.94 40.05
48.9 41.92
99.11 12.87
8.12 53.81
63.52 87.24
56.64 30.18
89.6 52.53
14.31 13.72
34.5 48.49
37.81 89.68
60.63 0.63
25.67 27.84
83.43 43.48
44.14 79.05
13.21 9.14
29.89 9.81
54.75 91.82
37.11 84.78
28.14 36.31
1.07 31.22
80.28 46.8
13.14 47.05
19.21 31.22
68.69 86.98
47.33 56.28
70.96 27.79
63.22 1.13
5.19 84.92
82.15 59.66
0.49 66.16
65.49 81.01
27.08 12.43
92.09 11.47
85.91 13.05
53 18.63
25.68 2.06
85.71 86.12
93.79 61.48
77.81 7.71
86.61 84.21
38.51 32.67
78.25 34.78
30.87 87.03
0.22 93.28
89.52 44.96
68.71 55.31
20.16 33.88
13.46 57.5
38.26 44.76
1.37 7
25.45 89.87
60.24 98.67
33.71 59.56
85.65 96.75
26.79 60.36
27.63 88.31
45.95 78.66
25.04 47.57
72.26 47.66
83.59 16.81
23.36 42.66
91.78 29.38
35.85 35.36
69.49 51.49
54.06 15.25
8.45 94.8
45.43 29.91
2.5 7.8
1.06 74.65
56.98 60.95
51.71 82.02
99.48 60.7
24.34 9.42
28.53 85.2
49.6 20.12
73.98 28.54
80.02 85.57
98.88 56.69
17.36 6.51
97.47 83.76
86.43 98.35
14.28 19.75
32.04 7.8
68.07 62.09
11.99 82.42
26.85 10.34
78.65 18.68
62.71 50.3
9.22 62.58
18.09 20.24
5.24 30.07
78.56 21.99
80.98 18.92
99.33 16.45
54.69 14.63
48.87 23.11
97.51 55.29
75.13 76.99
22.23 1.09
17.01 82.98
41.58 56.07
67.83 89.38
93.5 63.18
93.36 89.17
58.65 83.98
11.59 72.76
1.34 49.3
51.35 75.57
87.6 72.19
92.27 10.33
87.65 48.43
90.33 29.23
67.25 26.47
0.12 47.83
99.76 45.5
33.94 67.12
82.44 50.28
95.98 86.98
91.64 93.52
83.67 22.57
6.82 42.58
39.39 10.96
12.62 38.78
98.21 47.47
54.05 91.98
84.04 21.86
70.55 7.88
40.66 40.95
57.45 37.46
44.53 59.75
99.6 86.24
76.97 37.94
75.64 2.26
51.24 43.59
20.34 37.91
76.01 47.25
73.14 90.23
19.7 88.93
66.93 31.29
41.45 48.37
12.64 39.06
40.79 13.7
45.55 79.37
32.16 76.91
46.76 62.01
83.49 57.72
43.82 57.02
94.66 93.4
10.42 67.35
18.32 18.48
13.97 6.97
64.29 46.45
99.11 92.24
13.54 45.53
39.3 90.49
19.96 38.83
46.89 97.06
2.52 38.39
67.62 32.81
84.97 78.95
30.93 96.68
5.26 68.89
30.7 4.08
20.14 86.3
65.22 17.77
0.82 50.72
17.42 91.93
56.55 83.93
69.47 35.41
7.45 66.5
60.57 19.81
21.05 26.89
54.81 60.74
0.39 61.6
9.91 87.35
32.73 69.08
21.28 79.19
87.98 40.9
12.36 29.1
97.64 84.25
63.29 5.88
50.47 67.62
28.78 7.76
79.67 36.58
90.09 14.42
33.14 20.76
40.11 76.26
82.91 7.76
86.54 40.06
45.05 97.53
93.06 79.52
90.9 85.44
84.93 4.14
52.93 33.55
94.73 11.64
58.28 39.04
81.7 70.18
38.86 74.59
62.6 79.31
41.38 39.83
46.02 52.4
37.46 64.65
3.42 99.26
94.57 21.47
77.78 70.11
97.33 14.19
61.23 60.78
96.46 18.06
62.16 78.58
72.21 27.17
59.91 83.11
81.98 20.63
42.05 32.73
50.03 29.57
52.29 53.59
2.22 71.92
78.44 46.01
21.43 65.43
93.88 47.15
61.84 64.55
43.69 92.2
37.55 60.09
1.06 66.04
65.2 73.07
51.14 29.42
40.12 83.55
75.2 92.02
96.51 10.46
53.42 63.04
90.58 74.99
8.39 88.43
39.62 28.94
36.77 14.76
32.63 12.49
7 92.36
71.1 76.38
49.25 4.41
24.88 36.59
51.04 50.06
33.44 36.48
31.46 65.38
94.09 80.01
62.68 69.45
86.45 45.18
9.06 52.47
76.6 1.45
0 28.2
43.75 26.79
94.52 22.94
70.05 7.71
52.83 91.22
97.18 54.18
13.32 54.03
70.63 89.21
69.48 47.76
17.99 17.46
31.24 10.07
60.76 46.35
56.29 33.93
11.58 9.22
15.71 70.23
46.96 48.71
72.31 70.04
90.03 62.89
40.1 57.04
16.58 72.5
24.51 51.83
26.76 73.62
69.89 36.84
35.63 87.96
94.86 77.91
83.79 4
29.81 41.51
77.9 94.22
74.81 13.85
20.5 39.54
33.99 37.99
19.1 9.74
22.09 56.97
40.32 83.16
8.69 84.39
37.56 42.4
31.1 96.85
30.68 25.94
33.8 32.78
0.87 46.02
50.83 8.42
85.34 67.59
55.28 17.96
38.14 50.09
19.19 23.41
76.27 17.94
33.62 25.31
99.9 91.61
0.2 80.5
2.37 53.34
88.67 53.14
13.89 74.15
2.11 30.07
65.63 55.83
3.37 69.64
24.52 31.09
73.53 29.05
91.28 64.57
57.93 78.18
81.24 96.28
43.51 30.69
59.19 46.03
78.86 23.19
70.13 50.92
69.06 22.95
3.71 52.01
83.28 30.62
12.92 66.31
80.91 14.78
36.12 22.15
65.81 27.35
19.88 93.01
24.94 39.73
47.39 66.44
93.56 53.03
64.16 91.59
15.74 82.53
65.33 11.6
73.81 33.84
5.02 31.11
77.9 72.21
51.08 13.24
81.18 70.29
14.86 76.26
57.01 50.12
98.15 2.96
18.75 70.69
81.14 96.8
6.9 26.2
59.65 97.19
45.13 81.61
94.02 84.99
85.63 43.02
43.98 46.61
80.7 46.28
55.97 21.79
57.13 12.23
38.02 15.95
86.63 2.49
88.74 7.58
13.08 64.39
23.93 55.46
78.03 11.28
87.26 24.64
43.03 90.08
10.53 94.99
8.45 22.47
64.11 66.31
91.46 30.03
20.2 69.18
2.3 31.37
56.22 96.39
20.29 33.89
77.92 54.9
19.97 12.37
13.39 11.3
41.03 64.38
32.76 57.67
78.34 13.23
64.77 10.88
7.15 88.44
32.67 80.82
95.47 84.69
44.54 85.83
17.99 6.92
12.29 83.6
35.51 9.83
29.54 80.83
66.12 47.51
23.67 47.66
83.11 66.58
21.24 93.34
16.83 4.42
31.86 37.49
36.82 88.15
92.61 37.72
23.25 19.53
46.55 95.86
0.31 27.83
28.92 1.39
65.19 19.94
15.32 5.66
51.11 21.48
76.47 81.56
43.85 82.94
20.01 56.98
66.06 83.26
97.1 72.07
34.02 58.25
42.22 2.27
19.49 33.47
63.32 69.17
94.81 35.14
18.46 59.1
5.94 60.98
88.71 94.28
89.8 37.44
9.89 37.96
11.65 86.38
51.44 24.84
48.89 15.85
29.44 95.1
41.4 96.43
72.71 20.07
3.63 17.89
68.69 12.89
8.18 26.82
26.85 59.74
12.8 8.15
98.87 81.7
37.47 6.69
14.85 93.65
88.12 73.66
91.77 29.99
22.57 77.04
58.02 16.45
63.46 41.08
24.75 95.11
58.79 55.88
94.58 21.72
20.18 53.45
2.29 80.72
4.9 33.31
71.41 69.11
82.04 23.68
90.1 80.67
8.22 77.04
48.13 9.14
14.59 58.96
8.55 52.01
8.12 12.5
47.94 81.3
18.62 36.63
99.11 37.23
91.5 27.94
95.75 16.58
91.35 59.9
11.52 29.31
24.48 65.87
81.95 17.48
26.51 14.97
8.28 64.16
15.63 30.6
12.15 70.55
40.11 8.58
25.99 55.16
45.73 65.29
24.45 96.52
97.28 29.03
61.26 52.24
60.86 96.75
60.42 56.71
15.35 38.02
19.42 3.34
35.24 87.96
13.63 70.86
86.37 36.47
22.04 21.17
5.67 40.44
17.4 89.21
12.82 56.89
84.69 40.39
58.96 23.76
40.3 16.7
94.49 31.26
39.06 52.06
35.77 62.33
51.64 77.01
97.85 82.47
98.13 62.37
85.38 42.85
81.45 9.75
17.92 90.41
15.86 55.86
70.12 67.12
16.78 60.91
36.99 48.76
87.42 93.15
22.57 90.43
99.74 17.59
59.83 34.18
7.62 37.39
70.94 10.47
18.24 35.87
35.05 31.04
68.35 50.76
43.86 62.66
11.57 68.22
92.98 61.23
23.02 59.24
26.96 19.04
19.11 29.97
64.06 50.59
45.76 81.06
61.49 23.02
54.47 55.14
23.36 18.47
59.79 19.85
4.89 39.49
29.62 99.17
3.63 74.7
70.59 60.72
24.89 91.99
49.32 29.72
65.86 22.17
63.36 36.14
34.31 88.12
49.67 59.19
30.96 45.27
54.81 89.58
83.47 25.37
75.43 39.12
34.63 75.27
2.95 63.51
89.7 1.56
30.62 56.31
96.12 85.55
59.53 67.96
28.46 61.29
91.85 59.98
46.04 88.68
33.49 43.2
73.79 51.09
46.88 27.9
20.8 30.15
63.85 87.34
49.07 16.85
48.69 59.79
89.72 18.28
65 16.61
97.22 28.99
87.29 42.86
91.55 22.93
71.33 99.68
39.73 85.51
79.16 7.85
54.52 64.99
23.24 50.26
39.86 99.18
34.4 96.89
69.86 19.47
35.94 89.79
98.41 36.33
76.5 25.26
71.2 74.01
22.01 42.55
49.84 73.26
83.5 13.53
81.76 57.63
62.04 33.25
57.71 90.41
11.06 71.32
66.43 68.54
97.21 15.01
44.83 41.47
54.3 78.8
29.22 46.27
82.38 33.87
22.06 74.82
12.92 61.13
76.78 19.78
99.51 21.62
48.76 35.37
50.61 70.88
11.12 12.94
73.49 60.22
31.54 92.95
62.89 69.6
69.08 38.26
5.25 9.91
85.14 67.85
97.9 33.79
68.53 58.12
68.92 71.72
29.44 65.86
27.53 5.48
84.38 50.12
39.56 86.53
50.7 30.13
37.14 67.32
40.13 97.64
23 24.27
28.6 19.58
61.79 0.35
34.63 57.21
17.63 88.31
72.76 23.06
3.97 41.15
39.85 20.36
42.8 69.61
12.13 97.15
73.4 51.6
64.04 41.7
3.38 48.88
24.87 26.53
43.14 11.4
13.17 99.07
84.45 53.96
32.36 84.57
86.12 13.79
88.73 62.69
16.83 25.7
72.47 32.68
96.14 31.71
45.48 14.57
31.15 13.03
78.89 10.2
18.77 6.6
26.69 22
97.04 39.4
24.3 8.05
84.48 51.84
56.43 26.66
13.85 55.66
76.19 50.36
67.66 74.23
68.85 39.1
70.49 75.41
26.93 2.79
49.49 14.75
2.54 6.47
51.88 38.56
19.3 25.37
18.41 94.04
5.36 5.06
83.07 8.35
88.55 75.69
24.52 92.2
79.92 3.74
80.35 91.23
75.88 97.23
79.43 33.55
64.31 58.02
32.41 10.61
31.58 62.25
21.34 86.11
15.93 44.24
62.43 29.34
11.78 12.55
42.19 24.41
78.97 48.37
68.21 49.47
71.66 11.26
12.78 55.88
77.5 1.41
75.99 36.05
65.46 22.63
19.58 90.76
15.59 2.55
32.56 86.97
0.36 50.84
52.46 92.08
35.11 58.98
48.04 20
11.92 93.09
41.87 19.25
46.92 29.28
81.32 12.68
10.84 16.75
82.99 11.77
27.19 44.65
1.94 18
26.76 3.83
29.43 91.37
45.33 12.96
24.09 44.3
96.77 60.43
98.79 26.49
62.03 98.52
38.16 29.99
94.81 8.83
87.69 87.38
90.42 11.63
96.83 92.04
92.12 43.64
48.98 45.58
87.19 4.61
83.54 14.1
95.11 38.95
7.82 74.74
26.02 2.33
44.28 2.26
32.08 36.78
0.79 2.62
84.77 95.94
11.38 59.25
84.67 7.81
1.06 52.03
73.22 70.74
