302
5 28 9 0 1 21
5 5 28 9 0 1
5 16 19 2 4 1
5 16 19 29 9 25
5 17 0 3 14 21
5 17 5 0 3 21
5 17 5 29 9 21
5 17 12 3 14 21
5 17 12 3 20 14
5 17 10 3 20 14
5 24 5 28 9 1
5 24 5 29 9 21
5 24 28 9 0 21
5 24 5 9 0 21
5 24 5 28 9 0
5 24 17 5 29 21
5 24 28 0 14 21
5 24 15 12 14 21
5 24 15 12 20 14
5 24 15 28 14 21
5 24 17 5 3 21
5 24 17 5 3 20
5 24 5 3 20 14
5 24 0 3 14 21
5 24 5 0 3 21
5 24 5 0 3 14
5 24 17 12 3 21
5 24 17 12 3 20
5 24 12 3 14 21
5 24 12 3 20 14
5 32 19 2 4 25
5 32 23 19 4 25
5 32 15 2 4 13
5 32 23 10 8 20
5 32 17 10 12 20
5 32 17 10 8 20
5 32 17 29 12 25
5 32 17 29 12 20
5 32 29 8 20 25
5 32 17 29 8 25
5 32 17 29 8 20
5 18 10 3 20 14
5 18 5 3 20 14
5 18 5 0 3 14
5 18 24 0 20 14
5 18 24 5 20 14
5 18 24 5 0 14
5 11 17 10 3 14
5 11 17 10 8 3
5 11 18 10 3 14
5 11 18 10 8 3
5 11 32 17 10 8
5 11 32 17 10 12
5 11 18 10 20 14
5 11 32 17 8 25
5 11 32 23 10 8
5 11 17 12 20 14
5 11 17 10 20 14
5 11 17 10 12 20
5 11 32 10 12 20
5 11 32 23 8 25
5 11 32 23 4 25
5 11 32 15 4 14
5 11 32 23 15 4
5 11 32 23 10 20
5 11 15 12 20 14
5 11 32 15 12 14
5 11 32 15 12 20
5 31 32 15 12 20
5 31 32 19 2 13
5 31 32 23 19 25
5 31 32 29 20 25
5 31 32 29 12 25
5 31 32 29 12 20
5 31 23 19 29 25
5 31 32 23 15 4
5 31 11 23 15 20
5 31 11 32 15 20
5 31 11 32 23 20
5 31 11 32 23 15
5 31 32 2 4 13
5 31 32 19 2 4
5 31 32 23 19 4
5 31 32 8 20 25
5 31 32 23 8 25
5 31 32 23 8 20
5 31 29 8 20 25
5 31 23 29 8 25
5 7 18 10 3 20
5 7 18 10 8 3
5 7 17 10 3 20
5 7 17 10 8 20
5 7 17 10 8 3
5 7 18 5 3 20
5 7 23 10 8 20
5 7 18 23 10 20
5 7 18 23 10 8
5 7 17 29 8 20
5 7 31 23 8 20
5 7 31 18 23 20
5 7 17 5 3 20
5 7 17 5 29 20
5 7 31 29 8 20
5 7 17 5 29 9
5 7 5 29 9 20
5 7 31 29 9 20
5 7 31 5 9 20
5 7 18 5 0 3
5 22 18 23 10 8
5 22 11 23 10 8
5 22 11 18 10 8
5 22 11 23 8 25
5 22 11 23 4 25
5 22 18 23 10 20
5 22 11 23 10 20
5 22 11 18 10 20
5 22 23 19 4 25
5 22 11 18 4 14
5 22 16 19 4 1
5 22 31 23 19 4
5 27 31 29 12 20
5 27 24 15 12 20
5 27 17 29 12 20
5 27 24 17 12 20
5 27 31 29 9 20
5 27 15 12 13 21
5 27 24 15 12 21
5 27 15 28 13 21
5 27 24 15 28 21
5 27 28 9 13 21
5 27 24 28 9 21
5 27 32 12 13 25
5 27 12 13 21 25
5 27 31 32 12 25
5 27 31 29 12 25
5 27 17 5 29 20
5 27 24 17 5 20
5 27 24 17 5 29
5 27 24 17 12 21
5 27 24 17 29 21
5 27 5 29 9 20
5 27 24 5 29 9
5 27 9 13 21 25
5 27 17 12 21 25
5 27 17 29 21 25
5 27 17 29 12 25
5 27 29 9 21 25
5 27 24 29 9 21
5 26 22 18 0 1
5 26 18 5 0 1
5 26 7 18 5 0
5 26 7 31 18 23
5 26 22 31 23 19
5 26 7 18 0 3
5 26 5 9 0 1
5 26 16 19 29 9
5 26 7 31 29 9
5 26 7 18 23 8
5 26 22 18 23 8
5 26 7 18 8 3
5 26 31 23 19 29
5 26 7 5 0 3
5 26 16 19 29 25
5 26 31 23 29 8
5 26 7 31 29 8
5 26 7 31 23 8
5 26 22 23 8 25
5 26 22 23 19 25
5 26 23 29 8 25
5 26 23 19 29 25
5 30 27 15 12 13
5 30 32 15 12 13
5 30 31 32 15 12
5 30 27 32 12 13
5 30 27 31 32 13
5 30 27 31 32 12
5 30 27 15 28 13
5 30 31 15 12 20
5 30 27 15 12 20
5 30 27 31 12 20
5 30 32 15 4 13
5 30 31 32 4 13
5 30 31 32 15 4
5 30 15 2 28 13
5 30 15 2 4 13
5 30 15 2 4 28
5 30 28 9 13 1
5 30 27 28 9 13
5 30 27 24 15 20
5 30 27 24 15 28
5 30 2 28 13 1
5 30 2 4 28 1
5 30 31 2 4 13
5 30 31 23 15 20
5 30 31 23 15 4
5 30 16 9 13 1
5 30 24 28 9 1
5 30 27 24 28 9
5 30 27 31 9 20
5 30 24 15 20 14
5 30 24 15 28 14
5 30 27 24 5 20
5 30 19 2 4 1
5 30 31 19 2 4
5 30 22 19 4 1
5 30 22 31 19 4
5 30 15 4 28 14
5 30 11 23 15 20
5 30 11 23 15 4
5 30 22 31 23 4
5 30 24 5 9 1
5 30 27 24 5 9
5 30 24 5 28 1
5 30 27 5 9 20
5 30 31 5 9 20
5 30 24 0 20 14
5 30 24 28 0 14
5 30 18 24 5 20
5 30 4 28 0 1
5 30 22 4 0 1
5 30 22 18 0 1
5 30 22 18 4 0
5 30 26 22 18 1
5 30 26 22 31 19
5 30 18 0 20 14
5 30 11 15 20 14
5 30 11 15 4 14
5 30 22 18 4 14
5 30 4 28 0 14
5 30 18 4 0 14
5 30 31 18 23 20
5 30 22 18 23 20
5 30 22 11 23 20
5 30 22 11 23 4
5 30 26 16 9 1
5 30 26 31 16 9
5 30 22 16 19 1
5 30 26 22 16 1
5 30 26 22 16 19
5 30 5 28 0 1
5 30 18 5 0 1
5 30 26 18 5 1
5 30 7 18 5 20
5 30 7 31 5 20
5 30 7 31 18 20
5 30 26 5 9 1
5 30 18 24 0 20
5 30 24 5 28 0
5 30 18 24 5 0
5 30 26 31 18 23
5 30 26 22 18 23
5 30 26 22 31 23
5 30 22 11 4 14
5 30 11 18 20 14
5 30 22 11 18 14
5 30 22 11 18 20
5 30 26 7 18 5
5 30 26 7 31 18
5 30 7 31 5 9
5 30 26 7 5 9
5 30 26 7 31 9
5 6 31 32 19 13
5 6 27 31 32 13
5 6 27 32 13 25
5 6 30 27 31 13
5 6 31 32 19 25
5 6 27 31 32 25
5 6 32 2 13 25
5 6 32 19 2 25
5 6 32 19 2 13
5 6 27 9 13 25
5 6 31 19 2 13
5 6 30 31 2 13
5 6 30 31 19 2
5 6 30 27 9 13
5 6 30 27 31 9
5 6 31 19 29 25
5 6 27 31 29 25
5 6 2 9 13 25
5 6 19 29 9 25
5 6 27 29 9 25
5 6 30 16 9 13
5 6 27 31 29 9
5 6 30 31 16 9
5 6 16 2 9 25
5 6 16 19 9 25
5 6 16 19 2 25
5 6 16 2 9 13
5 6 16 2 13 1
5 6 30 2 13 1
5 6 30 16 13 1
5 6 16 19 2 1
5 6 30 19 2 1
5 6 30 16 19 1
5 6 26 19 29 9
5 6 26 31 29 9
5 6 26 31 19 29
5 6 26 16 19 9
5 6 26 31 16 9
5 6 30 26 16 19
5 6 30 26 31 19
5 6 30 26 31 16
