351
5 32 1 23 11 7
5 29 1 18 5 7
5 20 31 12 15 2
5 21 32 1 5 7
5 21 32 1 23 7
5 21 1 18 5 7
5 21 1 18 23 7
5 21 29 1 18 14
5 28 32 1 5 7
5 28 29 1 5 7
5 28 29 1 18 7
5 28 32 10 8 5
5 28 21 32 1 5
5 28 29 12 10 14
5 13 32 10 11 8
5 13 12 10 11 8
5 13 20 12 11 8
5 13 20 12 10 8
5 13 32 10 8 5
5 13 32 23 11 7
5 13 21 32 23 7
5 13 21 32 5 7
5 13 20 8 5 15
5 13 28 32 10 5
5 13 28 21 32 5
5 13 28 21 32 1
5 27 21 1 18 23
5 27 21 1 18 14
5 27 31 18 14 15
5 27 21 18 14 15
5 27 6 20 23 11
5 27 29 1 18 14
5 27 28 29 18 14
5 27 28 29 1 14
5 27 28 29 1 18
5 27 28 21 1 14
5 22 28 29 18 14
5 22 27 28 18 14
5 22 27 28 1 18
5 22 28 1 18 7
5 22 29 10 5 2
5 22 28 29 10 5
5 22 29 18 5 7
5 22 28 29 5 7
5 22 28 29 18 7
5 22 28 32 5 7
5 22 10 8 5 2
5 22 28 10 8 5
5 22 28 32 8 5
5 17 20 31 12 2
5 17 6 20 31 12
5 17 6 20 12 11
5 17 20 31 15 2
5 4 13 12 10 11
5 4 13 32 10 11
5 4 13 28 32 10
5 4 28 12 10 14
5 4 13 12 10 14
5 4 13 28 10 14
5 4 13 20 12 11
5 4 13 32 23 11
5 4 13 28 32 1
5 4 13 20 23 11
5 4 27 20 23 11
5 4 28 29 12 14
5 4 13 28 21 14
5 4 27 28 21 14
5 4 27 13 21 14
5 4 13 28 21 1
5 4 27 28 21 1
5 4 13 21 20 23
5 4 27 21 20 23
5 4 21 32 1 23
5 4 13 21 32 23
5 4 13 21 32 1
5 4 27 21 1 23
5 16 28 29 12 10
5 16 4 28 29 12
5 16 4 12 10 11
5 16 4 28 12 10
5 16 22 28 29 10
5 16 4 29 12 14
5 16 12 10 8 2
5 16 22 29 10 2
5 16 17 31 12 2
5 16 12 10 11 8
5 16 17 6 12 11
5 16 17 6 3 11
5 16 4 32 10 11
5 16 4 28 32 10
5 16 32 10 11 8
5 16 3 32 11 8
5 16 4 3 32 11
5 16 4 28 3 32
5 16 22 28 3 32
5 16 17 22 3 2
5 16 20 12 8 2
5 16 17 20 8 2
5 16 17 20 12 2
5 16 31 12 14 2
5 16 29 31 14 2
5 16 20 12 11 8
5 16 17 20 11 8
5 16 17 20 12 11
5 16 17 6 31 12
5 16 28 32 10 8
5 16 22 28 10 8
5 16 22 28 32 8
5 16 22 10 8 2
5 26 13 21 5 15
5 26 13 21 14 15
5 26 13 20 5 15
5 26 29 12 10 14
5 26 21 18 5 15
5 26 21 18 14 15
5 26 13 28 21 5
5 26 13 28 21 14
5 26 13 20 12 10
5 26 13 10 8 5
5 26 13 20 8 5
5 26 13 20 10 8
5 26 28 29 10 5
5 26 13 28 10 5
5 26 28 29 10 14
5 26 13 28 10 14
5 26 8 5 15 2
5 26 31 12 15 2
5 26 31 12 14 2
5 26 31 12 14 15
5 26 20 8 5 15
5 26 20 12 10 8
5 26 29 10 5 2
5 26 31 18 14 15
5 26 21 29 18 14
5 26 18 5 15 2
5 26 31 18 15 2
5 26 29 31 14 2
5 26 20 8 15 2
5 26 20 12 15 2
5 26 20 12 8 2
5 26 10 8 5 2
5 26 12 10 8 2
5 26 16 12 14 2
5 26 16 29 14 2
5 26 16 29 12 14
5 26 16 12 10 2
5 26 16 29 10 2
5 26 16 29 12 10
5 26 29 31 18 14
5 26 29 1 18 5
5 26 21 1 18 5
5 26 21 29 1 18
5 26 28 29 1 5
5 26 28 21 1 5
5 26 21 29 1 14
5 26 28 29 1 14
5 26 28 21 1 14
5 26 29 31 18 2
5 26 22 18 5 2
5 26 22 29 5 2
5 26 22 29 18 2
5 26 22 29 18 5
5 9 27 1 18 23
5 9 22 27 28 14
5 9 16 31 12 14
5 9 16 6 31 12
5 9 4 27 12 14
5 19 6 20 12 11
5 19 27 6 20 11
5 19 4 20 12 11
5 19 4 27 20 11
5 19 6 20 31 12
5 19 4 27 12 14
5 19 9 4 27 12
5 19 20 31 12 15
5 19 9 6 31 12
5 19 4 13 12 14
5 19 4 13 20 12
5 19 4 27 13 14
5 19 31 12 14 15
5 19 27 31 14 15
5 19 9 31 12 14
5 19 9 27 12 14
5 19 9 27 31 14
5 19 26 12 14 15
5 19 26 20 12 15
5 19 26 13 20 12
5 19 4 13 21 20
5 19 4 27 21 20
5 19 4 27 13 21
5 19 26 13 14 15
5 19 26 13 20 15
5 19 13 21 14 15
5 19 27 21 14 15
5 19 27 13 21 14
5 19 13 21 20 15
5 19 27 21 20 15
5 19 13 12 10 14
5 19 26 12 10 14
5 19 26 13 10 14
5 19 26 13 12 10
5 25 32 1 23 11
5 25 4 32 23 11
5 25 4 32 1 23
5 25 32 1 11 7
5 25 1 23 11 7
5 25 27 6 23 11
5 25 4 27 23 11
5 25 4 27 1 23
5 25 3 32 11 7
5 25 4 3 32 11
5 25 19 27 6 11
5 25 19 4 27 11
5 25 16 6 3 11
5 25 16 4 3 11
5 25 9 27 1 23
5 25 9 27 6 23
5 25 19 6 12 11
5 25 19 4 12 11
5 25 19 9 27 6
5 25 19 9 4 27
5 25 16 6 12 11
5 25 16 4 12 11
5 25 4 27 28 1
5 25 4 28 3 32
5 25 19 9 6 12
5 25 19 9 4 12
5 25 9 16 6 12
5 25 9 22 27 28
5 25 4 27 28 14
5 25 9 27 28 14
5 25 9 4 27 14
5 25 16 4 12 14
5 25 9 4 12 14
5 25 9 16 12 14
5 0 16 17 6 31
5 0 16 17 6 3
5 0 9 16 6 31
5 0 16 17 22 3
5 0 9 16 31 14
5 0 25 16 6 3
5 0 25 9 6 3
5 0 25 9 16 6
5 0 16 17 31 2
5 0 16 17 22 2
5 0 25 9 16 14
5 0 17 31 18 2
5 0 16 29 31 14
5 0 16 29 31 2
5 0 16 22 29 2
5 0 29 31 18 2
5 0 22 29 18 2
5 0 29 31 18 14
5 0 22 29 18 14
5 0 16 22 28 29
5 0 16 22 28 3
5 0 27 31 18 14
5 0 9 27 31 14
5 0 9 27 31 18
5 0 22 27 18 14
5 0 9 22 27 14
5 0 9 22 27 18
5 0 9 22 28 14
5 0 25 9 28 14
5 0 25 9 22 28
5 0 16 4 29 14
5 0 25 16 4 14
5 0 25 16 4 3
5 0 22 28 29 14
5 0 25 22 28 3
5 0 16 4 28 29
5 0 16 4 28 3
5 0 4 28 29 14
5 0 25 4 28 14
5 0 25 4 28 3
5 30 27 21 20 15
5 30 19 9 27 6
5 30 9 27 6 23
5 30 19 27 20 15
5 30 19 27 6 20
5 30 27 21 20 23
5 30 27 6 20 23
5 30 27 31 18 15
5 30 27 21 18 15
5 30 19 27 31 15
5 30 19 9 27 31
5 30 9 27 31 18
5 30 19 9 6 31
5 30 27 21 18 23
5 30 9 27 18 23
5 30 19 20 31 15
5 30 19 6 20 31
5 30 17 20 31 15
5 30 17 6 20 31
5 30 6 20 23 11
5 30 17 6 20 11
5 30 17 6 3 11
5 30 9 1 18 23
5 30 0 17 31 18
5 30 0 9 31 18
5 30 0 17 6 31
5 30 0 9 6 31
5 30 25 6 23 11
5 30 25 6 3 11
5 30 25 9 1 23
5 30 25 9 6 23
5 30 0 17 6 3
5 30 0 9 6 3
5 30 25 23 11 7
5 30 25 3 11 7
5 30 25 1 23 7
5 24 30 25 1 7
5 24 30 25 3 7
5 24 30 25 9 1
5 24 22 28 1 7
5 24 25 3 32 7
5 24 22 1 18 7
5 24 25 9 6 3
5 24 30 9 6 3
5 24 30 25 6 3
5 24 30 25 9 6
5 24 28 32 1 7
5 24 25 32 1 7
5 24 22 28 32 7
5 24 22 27 28 1
5 24 25 27 28 1
5 24 25 22 27 28
5 24 22 28 3 32
5 24 25 28 3 32
5 24 25 22 28 3
5 24 25 9 27 1
5 24 25 9 22 27
5 24 0 25 22 3
5 24 0 25 9 3
5 24 0 25 9 22
5 24 1 18 23 7
5 24 30 1 23 7
5 24 30 1 18 23
5 24 30 9 1 18
5 24 30 0 9 3
5 24 4 28 32 1
5 24 25 4 32 1
5 24 25 4 28 1
5 24 25 4 28 32
5 24 22 27 1 18
5 24 9 27 1 18
5 24 9 22 27 18
5 24 0 9 22 18
5 24 30 0 9 18
5 24 0 17 22 3
5 24 30 0 17 3
