203
5 10 11 17 23 22
5 10 11 5 23 22
5 10 15 5 12 3
5 13 15 3 1 0
5 8 11 17 23 22
5 8 11 5 23 22
5 4 8 11 17 23
5 4 13 15 23 0
5 4 8 11 1 0
5 4 8 11 1 23
5 24 4 10 15 12
5 24 4 10 11 12
5 24 10 15 5 23
5 24 10 11 5 23
5 24 4 10 15 23
5 24 4 10 11 23
5 24 13 15 12 3
5 24 4 13 15 0
5 24 4 13 15 12
5 24 4 11 1 23
5 24 15 1 23 0
5 24 4 1 23 0
5 24 4 15 23 0
5 19 4 10 11 12
5 19 10 11 17 23
5 19 4 11 17 23
5 19 4 10 11 23
5 19 4 8 11 0
5 19 4 8 11 17
5 19 4 17 1 0
5 19 4 8 1 0
5 19 4 8 17 1
5 19 8 11 1 0
5 14 10 11 17 22
5 14 2 10 5 22
5 14 19 10 11 12
5 14 10 5 12 3
5 14 2 5 12 3
5 14 2 10 5 3
5 6 24 10 11 12
5 6 24 10 11 5
5 6 7 8 11 17
5 6 14 10 5 12
5 6 14 10 11 12
5 6 10 15 5 12
5 6 24 10 15 12
5 6 24 10 15 5
5 6 24 15 12 3
5 6 24 13 12 3
5 6 10 11 5 22
5 6 14 10 11 22
5 6 7 13 12 3
5 9 7 13 12 3
5 9 6 14 2 12
5 9 6 2 12 3
5 9 6 7 12 3
5 9 6 7 2 3
5 20 19 10 11 17
5 20 14 10 11 17
5 20 14 19 10 11
5 20 14 19 11 12
5 20 9 19 11 12
5 20 6 14 11 12
5 20 6 14 11 17
5 20 9 14 19 12
5 20 9 6 11 12
5 20 19 7 11 17
5 20 9 19 7 11
5 20 9 6 14 12
5 20 6 7 11 17
5 20 9 6 7 11
5 20 6 7 2 17
5 20 9 6 7 2
5 20 9 6 14 2
5 18 14 10 12 3
5 18 14 19 10 12
5 18 9 14 19 12
5 18 14 2 12 3
5 18 9 2 12 3
5 18 9 14 2 12
5 18 20 9 14 2
5 18 20 9 14 19
5 18 10 15 3 23
5 18 13 15 3 23
5 18 19 4 10 23
5 18 10 15 12 3
5 18 13 15 12 3
5 18 9 13 12 3
5 18 9 19 13 12
5 18 19 4 10 12
5 18 19 4 13 12
5 18 9 7 2 3
5 18 20 9 7 2
5 18 20 9 19 7
5 18 4 10 15 23
5 18 4 13 15 23
5 18 20 7 2 17
5 18 4 10 15 12
5 18 4 13 15 12
5 18 9 7 13 3
5 18 9 19 7 13
5 21 6 8 11 5
5 21 6 24 11 5
5 21 8 11 5 23
5 21 24 11 5 23
5 21 6 8 11 1
5 21 6 24 11 1
5 21 8 11 1 23
5 21 24 11 1 23
5 21 6 8 3 1
5 21 6 24 15 5
5 21 8 5 23 22
5 21 24 15 1 23
5 21 24 15 5 23
5 21 6 24 15 3
5 21 15 5 12 3
5 21 6 5 12 3
5 21 6 15 12 3
5 21 6 15 5 12
5 21 13 15 3 1
5 21 24 13 15 3
5 21 6 24 13 3
5 16 6 7 13 12
5 16 9 6 11 12
5 16 9 6 7 12
5 16 9 6 7 11
5 16 6 24 11 1
5 16 6 24 11 12
5 16 6 24 13 12
5 16 6 8 11 1
5 16 6 7 8 11
5 16 6 7 13 3
5 16 19 11 1 0
5 16 9 7 13 12
5 16 21 6 24 1
5 16 21 6 24 13
5 16 9 19 11 12
5 16 9 19 7 11
5 16 19 8 11 1
5 16 7 8 3 1
5 16 6 8 3 1
5 16 6 7 8 3
5 16 21 13 3 1
5 16 21 6 3 1
5 16 21 6 13 3
5 16 4 11 1 0
5 16 24 4 1 0
5 16 24 4 11 1
5 16 24 4 11 12
5 16 19 17 1 0
5 16 19 7 17 0
5 16 13 15 1 0
5 16 24 15 1 0
5 16 24 13 15 0
5 16 24 4 13 0
5 16 24 4 13 12
5 16 9 19 13 12
5 16 19 7 13 0
5 16 9 19 7 13
5 16 21 13 15 1
5 16 21 24 15 1
5 16 21 24 13 15
5 16 19 4 11 0
5 16 19 4 11 12
5 16 7 8 17 1
5 16 19 8 17 1
5 16 7 8 11 17
5 16 19 8 11 17
5 16 19 7 11 17
5 16 19 4 13 0
5 16 19 4 13 12
5 25 6 7 8 17
5 25 6 7 2 17
5 25 6 7 8 3
5 25 6 7 2 3
5 25 8 11 17 22
5 25 6 8 11 17
5 25 14 2 17 22
5 25 14 11 17 22
5 25 6 14 11 22
5 25 6 14 11 17
5 25 8 11 5 22
5 25 6 11 5 22
5 25 6 8 11 5
5 25 14 2 5 22
5 25 20 14 2 17
5 25 20 6 2 17
5 25 20 6 14 17
5 25 20 6 14 2
5 25 21 6 8 3
5 25 21 8 5 22
5 25 21 6 8 5
5 25 14 10 5 22
5 25 6 10 5 22
5 25 6 14 10 22
5 25 6 14 10 5
5 25 14 2 5 12
5 25 6 14 5 12
5 25 6 14 2 12
5 25 21 6 5 3
5 25 2 5 12 3
5 25 6 5 12 3
5 25 6 2 12 3
