305
5 1 9 26 28 19
5 1 9 26 6 0
5 3 11 17 21 0
5 13 30 18 28 32
5 13 12 30 18 32
5 13 12 30 18 28
5 8 1 9 26 6
5 8 1 26 6 0
5 8 1 9 26 19
5 8 11 26 6 0
5 8 11 1 6 0
5 20 17 22 19 15
5 4 9 26 6 28
5 4 17 1 9 6
5 4 1 9 26 28
5 4 9 26 6 0
5 4 1 9 6 0
5 4 11 26 6 0
5 4 1 9 26 0
5 4 12 30 18 28
5 4 30 18 26 28
5 25 31 3 22 32
5 25 31 13 30 32
5 25 13 22 32 15
5 25 20 3 17 22
5 25 20 3 11 17
5 25 20 22 19 15
5 25 20 8 9 6
5 14 20 17 19 15
5 14 25 12 30 32
5 14 20 17 22 15
5 14 25 20 22 15
5 14 25 20 17 22
5 14 12 3 18 32
5 14 13 12 32 15
5 14 13 12 30 32
5 14 25 13 32 15
5 14 25 13 30 15
5 14 25 13 30 32
5 14 25 12 3 32
5 14 25 3 17 22
5 14 3 22 32 15
5 14 25 22 32 15
5 14 25 3 22 32
5 24 13 30 26 28
5 24 9 26 28 19
5 24 8 9 26 19
5 24 25 13 30 15
5 24 25 20 9 6
5 24 14 25 30 15
5 24 25 20 19 15
5 24 30 9 6 28
5 27 8 1 9 19
5 27 20 8 9 19
5 27 20 17 22 19
5 27 17 1 9 6
5 27 8 1 9 6
5 27 20 8 9 6
5 27 20 3 17 22
5 27 17 1 22 0
5 27 3 17 22 0
5 27 11 17 1 6
5 27 8 11 1 6
5 27 20 11 17 6
5 27 8 11 1 0
5 27 11 17 1 0
5 27 3 11 17 0
5 27 20 3 11 17
5 27 25 20 11 6
5 27 25 20 8 6
5 23 11 17 1 6
5 23 4 17 1 6
5 23 4 17 1 21
5 23 17 1 21 0
5 23 11 17 21 0
5 23 11 17 1 0
5 23 11 1 6 0
5 23 4 1 6 0
5 23 4 11 6 0
5 23 4 1 21 0
5 5 4 17 1 21
5 5 4 1 21 0
5 5 12 3 21 18
5 5 12 3 17 21
5 5 23 12 21 18
5 5 23 4 21 18
5 5 23 4 12 18
5 5 23 12 17 21
5 5 23 4 17 21
5 5 23 4 12 17
5 5 14 12 3 18
5 5 14 12 3 17
5 5 4 12 18 28
5 7 31 3 22 32
5 7 27 3 22 0
5 7 31 8 11 0
5 7 25 31 3 22
5 7 31 8 26 0
5 7 27 1 22 0
5 7 27 8 1 0
5 7 27 3 11 0
5 7 27 8 11 0
5 7 25 20 3 22
5 7 27 20 3 22
5 7 27 25 20 22
5 7 31 8 11 6
5 7 25 31 8 6
5 7 25 20 3 11
5 7 27 20 3 11
5 7 27 25 20 11
5 7 27 8 11 6
5 7 27 25 11 6
5 7 27 25 8 6
5 2 3 21 18 0
5 2 3 11 21 0
5 2 31 11 26 0
5 2 7 3 11 0
5 2 7 31 11 0
5 2 7 31 3 0
5 2 23 11 21 0
5 2 4 18 26 0
5 2 4 11 26 0
5 2 7 25 3 11
5 2 7 25 31 3
5 2 12 3 18 32
5 2 31 3 18 32
5 2 4 21 18 0
5 2 23 4 21 0
5 2 23 4 21 18
5 2 23 4 11 0
5 2 12 3 21 18
5 2 23 12 21 18
5 2 3 11 17 21
5 2 23 11 17 21
5 2 4 30 18 26
5 2 7 31 11 6
5 2 7 25 11 6
5 2 7 25 31 6
5 2 12 30 18 32
5 2 12 3 17 21
5 2 23 12 17 21
5 2 4 11 26 6
5 2 25 31 30 32
5 2 25 31 3 32
5 2 4 12 30 18
5 2 23 4 12 18
5 2 25 3 11 17
5 2 23 11 17 6
5 2 25 12 30 32
5 2 25 12 3 32
5 2 14 25 12 30
5 2 23 4 11 6
5 2 30 26 6 28
5 2 4 26 6 28
5 2 4 30 6 28
5 2 4 30 26 28
5 2 14 25 30 6
5 2 14 12 3 17
5 2 14 25 3 17
5 2 14 25 12 3
5 2 23 4 17 6
5 2 20 11 17 6
5 2 25 20 11 6
5 2 25 20 11 17
5 2 14 20 17 6
5 2 14 25 20 6
5 2 14 25 20 17
5 16 8 11 26 0
5 16 31 11 26 0
5 16 31 8 26 0
5 16 31 8 11 0
5 16 8 11 26 6
5 16 31 8 11 6
5 16 2 11 26 6
5 16 2 31 11 6
5 16 2 31 11 26
5 16 2 30 26 6
5 16 8 9 26 6
5 16 24 8 9 26
5 16 25 31 8 6
5 16 2 25 30 6
5 16 2 25 31 6
5 16 2 25 31 30
5 16 2 31 30 32
5 16 24 30 9 6
5 16 24 25 30 6
5 16 24 13 30 26
5 16 13 30 26 32
5 16 31 13 30 32
5 16 30 18 26 32
5 16 2 30 18 32
5 16 2 30 18 26
5 16 31 18 26 32
5 16 2 31 18 32
5 16 2 31 18 26
5 16 9 26 6 28
5 16 30 26 6 28
5 16 30 9 6 28
5 16 24 9 26 28
5 16 24 30 26 28
5 16 24 30 9 28
5 10 25 13 22 32
5 10 25 31 22 32
5 10 25 31 13 32
5 10 25 22 19 15
5 10 25 13 22 15
5 10 7 25 31 22
5 10 24 13 19 15
5 10 24 25 19 15
5 10 24 25 13 15
5 10 7 25 31 8
5 10 16 24 13 26
5 10 25 20 22 19
5 10 7 27 25 22
5 10 7 27 25 8
5 10 16 25 31 8
5 10 25 31 13 30
5 10 16 31 13 30
5 10 16 25 31 30
5 10 24 25 13 30
5 10 16 24 13 30
5 10 16 24 25 30
5 10 27 1 22 19
5 10 7 27 1 22
5 10 16 31 8 26
5 10 24 8 26 19
5 10 16 24 8 26
5 10 27 20 22 19
5 10 27 20 8 19
5 10 20 8 9 19
5 10 25 20 8 9
5 10 27 25 20 22
5 10 27 25 20 8
5 10 27 8 1 19
5 10 7 27 8 1
5 10 24 8 9 19
5 10 16 24 8 9
5 10 24 20 9 19
5 10 24 25 20 19
5 10 24 25 20 9
5 10 25 8 9 6
5 10 16 8 9 6
5 10 16 25 8 6
5 10 24 25 9 6
5 10 16 24 9 6
5 10 16 24 25 6
5 29 5 4 12 17
5 29 5 14 12 17
5 29 2 14 12 17
5 29 5 4 12 28
5 29 23 4 12 17
5 29 2 23 12 17
5 29 2 23 4 17
5 29 2 23 4 12
5 29 2 4 17 6
5 29 2 14 17 6
5 29 5 4 1 28
5 29 5 4 17 1
5 29 5 14 12 15
5 29 2 4 30 6
5 29 2 4 12 30
5 29 2 14 30 6
5 29 2 14 12 30
5 29 4 9 6 28
5 29 4 17 9 6
5 29 4 1 9 28
5 29 4 17 1 9
5 29 14 20 17 19
5 29 14 17 19 15
5 29 4 30 6 28
5 29 4 12 30 28
5 29 24 9 6 28
5 29 14 20 17 6
5 29 27 17 1 9
5 29 27 17 1 19
5 29 27 20 17 19
5 29 24 28 19 15
5 29 24 30 6 28
5 29 13 12 30 28
5 29 24 14 30 15
5 29 14 13 30 15
5 29 14 13 12 15
5 29 14 13 12 30
5 29 24 20 9 6
5 29 27 17 9 6
5 29 27 20 9 6
5 29 27 20 17 6
5 29 1 9 28 19
5 29 27 1 9 19
5 29 27 20 9 19
5 29 24 9 28 19
5 29 24 20 9 19
5 29 14 20 19 15
5 29 24 20 19 15
5 29 14 25 30 6
5 29 24 25 30 6
5 29 24 14 25 30
5 29 24 13 28 15
5 29 24 13 30 15
5 29 24 13 30 28
5 29 14 25 20 6
5 29 24 25 20 6
5 29 14 25 20 15
5 29 24 25 20 15
5 29 24 14 25 15
