92
5 1 2 14 3 15
5 1 2 14 9 3
5 16 4 2 9 17
5 12 2 14 3 15
5 18 1 2 14 9
5 18 1 6 2 9
5 18 4 6 2 9
5 18 1 14 9 10
5 18 1 2 14 15
5 18 1 6 2 15
5 18 16 2 14 9
5 18 16 4 2 9
5 18 16 14 9 10
5 18 16 4 9 10
5 13 1 14 10 15
5 13 12 14 10 15
5 13 1 14 3 15
5 13 12 14 3 15
5 13 12 7 3 15
5 13 12 7 10 15
5 13 1 14 9 3
5 13 1 14 9 10
5 8 12 2 14 15
5 8 18 2 14 15
5 8 12 2 3 15
5 8 12 7 3 15
5 8 12 7 2 3
5 8 12 16 2 14
5 8 12 16 7 2
5 8 18 6 2 15
5 8 6 2 3 15
5 8 16 7 2 17
5 8 18 4 6 2
5 8 7 2 3 17
5 8 4 6 2 17
5 11 12 16 14 10
5 11 13 12 14 10
5 11 16 14 9 10
5 11 13 14 9 10
5 11 12 16 7 10
5 11 13 12 7 10
5 11 13 12 14 3
5 11 13 14 9 3
5 11 13 7 10 3
5 11 13 12 7 3
5 11 12 2 14 3
5 11 12 16 2 14
5 11 2 14 9 3
5 11 16 2 14 9
5 11 12 7 2 3
5 11 12 16 7 2
5 11 7 2 3 17
5 11 16 2 3 17
5 11 16 7 2 17
5 5 8 18 4 6
5 5 18 1 14 10
5 5 18 1 6 15
5 5 8 18 6 15
5 5 1 14 10 15
5 5 18 16 14 10
5 5 18 1 14 15
5 5 8 18 14 15
5 5 12 14 10 15
5 5 8 12 14 15
5 5 18 16 4 10
5 5 12 16 14 10
5 5 8 12 16 14
5 5 12 7 10 15
5 5 8 12 7 15
5 5 12 16 7 10
5 5 8 12 16 7
5 0 8 4 6 17
5 0 5 8 4 6
5 0 5 8 18 4
5 0 16 4 10 17
5 0 5 16 4 10
5 0 5 18 16 4
5 0 16 7 10 17
5 0 5 16 7 10
5 0 16 4 2 17
5 0 8 4 2 17
5 0 8 16 2 17
5 0 18 16 4 2
5 0 8 18 4 2
5 0 8 16 7 17
5 0 5 8 16 7
5 0 5 18 16 14
5 0 5 8 16 14
5 0 5 8 18 14
5 0 18 16 2 14
5 0 8 16 2 14
5 0 8 18 2 14
