312
5 24 4 3 26 8
5 24 23 4 26 8
5 24 18 4 3 8
5 24 18 4 3 26
5 5 24 23 4 8
5 5 24 18 4 8
5 5 24 23 3 8
5 5 24 18 3 8
5 12 5 18 10 31
5 12 5 16 10 31
5 12 5 16 18 31
5 15 16 4 13 8
5 15 4 13 26 8
5 15 4 3 26 8
5 15 18 4 3 8
5 15 18 17 3 8
5 15 18 4 3 26
5 15 18 7 3 26
5 15 18 17 7 3
5 14 15 17 13 8
5 14 15 16 13 8
5 14 5 16 18 31
5 14 18 17 3 8
5 14 5 18 3 8
5 14 15 18 17 8
5 14 5 16 4 8
5 14 15 16 4 8
5 14 15 18 17 31
5 14 15 16 18 31
5 14 5 18 4 8
5 14 15 18 4 8
5 14 5 16 18 4
5 14 15 16 18 4
5 29 15 18 17 7
5 9 5 18 10 31
5 9 14 5 31 3
5 9 14 5 18 3
5 9 14 5 18 31
5 9 14 18 17 3
5 9 14 18 17 31
5 9 15 18 17 31
5 9 29 15 18 31
5 9 29 15 18 17
5 11 12 10 23 19
5 11 12 0 10 19
5 11 12 5 10 23
5 11 5 23 13 8
5 11 23 13 26 8
5 11 24 23 4 26
5 22 12 10 23 19
5 22 12 5 10 23
5 22 9 5 10 23
5 22 11 12 23 19
5 22 5 24 23 3
5 22 9 5 23 3
5 22 0 23 19 26
5 22 11 0 23 26
5 22 11 0 23 19
5 22 0 19 26 2
5 22 11 0 26 2
5 22 12 0 19 2
5 22 11 12 0 2
5 22 11 12 0 19
5 6 12 0 19 2
5 6 12 0 10 19
5 6 22 12 19 2
5 6 22 12 10 19
5 6 9 18 10 31
5 6 9 29 18 31
5 6 12 18 10 31
5 28 29 15 17 7
5 28 14 15 17 31
5 28 9 29 17 7
5 28 9 15 17 31
5 28 9 29 15 31
5 28 9 29 15 17
5 28 14 15 16 31
5 28 14 15 17 13
5 28 14 15 16 13
5 28 6 9 29 31
5 28 6 29 0 2
5 28 6 16 10 31
5 21 11 0 10 13
5 21 11 12 0 10
5 21 28 6 16 10
5 21 6 12 0 10
5 21 28 15 16 13
5 21 28 6 0 10
5 21 28 6 29 0
5 21 28 6 16 31
5 21 28 6 29 31
5 21 28 15 16 31
5 21 28 29 15 31
5 20 11 12 5 23
5 20 5 24 23 4
5 20 12 5 24 23
5 20 5 23 4 8
5 20 11 5 23 8
5 20 11 24 23 4
5 20 11 12 24 4
5 20 11 12 24 23
5 20 5 24 18 4
5 20 12 24 18 4
5 20 12 5 24 18
5 20 23 4 26 8
5 20 11 23 26 8
5 20 11 23 4 26
5 20 5 16 4 8
5 20 5 16 18 4
5 20 12 5 16 18
5 20 11 12 5 10
5 20 4 13 26 8
5 20 11 13 26 8
5 20 11 4 13 26
5 20 11 5 13 8
5 20 15 16 18 4
5 20 15 12 18 4
5 27 6 9 29 18
5 27 6 12 18 31
5 27 6 29 18 31
5 27 6 29 12 31
5 27 6 22 12 2
5 27 6 12 0 2
5 27 6 29 0 2
5 27 6 22 19 2
5 27 15 12 18 4
5 27 22 11 26 2
5 27 22 11 12 2
5 27 21 6 29 12
5 27 24 18 4 26
5 27 11 24 4 26
5 27 11 12 24 4
5 27 21 28 29 15
5 30 12 5 24 18
5 30 12 5 18 10
5 30 22 12 5 10
5 30 12 5 24 23
5 30 22 5 24 23
5 30 22 12 5 23
5 30 5 24 18 3
5 30 9 5 18 3
5 30 9 5 18 10
5 30 22 9 5 10
5 30 22 5 24 3
5 30 22 9 5 3
5 30 12 24 18 4
5 30 27 24 18 4
5 30 27 12 18 4
5 30 27 12 24 4
5 30 6 12 18 10
5 30 27 6 12 18
5 30 6 22 12 10
5 30 27 6 22 12
5 30 11 12 24 23
5 30 27 11 12 24
5 30 22 24 23 26
5 30 22 11 12 23
5 30 27 22 11 12
5 30 6 9 18 10
5 30 27 6 9 18
5 30 11 24 23 26
5 30 27 11 24 26
5 30 22 11 23 26
5 30 27 22 11 26
5 30 27 9 29 18
5 30 22 9 10 19
5 30 6 9 10 19
5 30 6 22 10 19
5 30 27 6 9 29
5 30 27 6 22 19
5 30 27 22 19 2
5 30 6 29 19 2
5 30 27 6 19 2
5 30 27 6 29 2
5 1 5 16 13 8
5 1 20 5 13 8
5 1 20 5 16 8
5 1 16 4 13 8
5 1 20 4 13 8
5 1 20 16 4 8
5 1 20 11 5 13
5 1 5 16 10 13
5 1 11 5 10 13
5 1 20 11 5 10
5 1 15 16 4 13
5 1 21 15 16 13
5 1 20 11 4 13
5 1 20 15 16 4
5 1 21 16 10 13
5 1 21 11 10 13
5 1 12 5 16 10
5 1 20 12 5 10
5 1 20 12 5 16
5 1 20 15 12 4
5 1 21 11 12 10
5 1 20 11 12 10
5 1 27 15 12 4
5 1 20 12 16 18
5 1 20 15 16 18
5 1 20 15 12 18
5 1 21 6 16 10
5 1 21 6 12 10
5 1 27 15 12 18
5 1 12 16 10 31
5 1 6 16 10 31
5 1 6 12 10 31
5 1 21 6 16 31
5 1 12 16 18 31
5 1 27 12 18 31
5 1 15 16 18 31
5 1 27 21 29 15
5 1 6 29 12 31
5 1 21 6 29 31
5 1 21 6 29 12
5 1 27 29 12 31
5 1 27 21 29 12
5 1 29 15 18 31
5 1 27 29 18 31
5 1 27 29 15 18
5 1 21 15 16 31
5 1 21 29 15 31
5 32 15 18 7 26
5 32 15 18 4 26
5 32 27 18 4 26
5 32 27 15 18 4
5 32 29 15 18 7
5 32 27 29 18 7
5 32 27 29 15 18
5 32 15 4 13 26
5 32 15 7 13 26
5 32 28 29 15 7
5 32 27 28 29 15
5 32 11 4 13 26
5 32 27 11 4 26
5 32 28 15 7 13
5 32 0 7 13 26
5 32 11 0 13 26
5 32 1 15 4 13
5 32 1 21 15 13
5 32 21 28 15 13
5 32 27 21 28 15
5 32 1 27 15 4
5 32 1 27 21 15
5 32 28 0 7 2
5 32 28 29 7 2
5 32 28 29 0 2
5 32 27 29 7 2
5 32 27 29 0 2
5 32 21 28 29 0
5 32 27 21 28 29
5 32 1 11 4 13
5 32 1 21 11 13
5 32 21 11 0 13
5 32 0 7 26 2
5 32 27 7 26 2
5 32 11 0 26 2
5 32 27 11 26 2
5 32 28 0 7 13
5 32 21 28 0 13
5 32 21 6 29 0
5 32 27 6 29 0
5 32 27 21 6 29
5 32 21 11 12 0
5 32 27 11 12 4
5 32 1 27 12 4
5 32 1 21 11 12
5 32 1 27 21 12
5 32 11 12 0 2
5 32 27 12 0 2
5 32 27 11 12 2
5 32 21 6 12 0
5 32 27 6 12 0
5 32 27 21 6 12
5 32 20 11 12 4
5 32 1 20 12 4
5 32 1 20 11 4
5 32 1 20 11 12
5 25 6 9 29 19
5 25 30 6 29 19
5 25 30 6 9 19
5 25 30 6 9 29
5 25 30 29 19 2
5 25 30 9 29 18
5 25 30 22 19 2
5 25 27 29 7 2
5 25 30 27 29 2
5 25 30 22 9 3
5 25 30 22 9 19
5 25 30 9 18 3
5 25 29 18 17 7
5 25 9 29 17 7
5 25 9 29 18 17
5 25 27 29 18 7
5 25 30 27 29 18
5 25 27 7 26 2
5 25 30 22 24 3
5 25 18 17 7 3
5 25 9 18 17 3
5 25 30 24 18 3
5 25 30 27 24 18
5 25 27 22 26 2
5 25 30 27 22 2
5 25 30 27 22 26
5 25 30 22 24 26
5 25 30 27 24 26
5 25 18 7 3 26
5 25 24 18 3 26
5 25 27 24 18 26
5 25 32 18 7 26
5 25 32 27 7 26
5 25 32 27 18 26
5 25 32 27 18 7
