219
5 1 21 11 14 18
5 1 21 11 25 14
5 17 21 11 14 18
5 17 3 23 14 18
5 17 1 21 14 18
5 17 21 11 25 14
5 17 1 21 25 14
5 16 1 21 11 18
5 24 1 8 0 2
5 24 1 8 25 14
5 24 17 1 25 14
5 24 17 11 25 14
5 24 17 7 11 14
5 13 16 21 11 18
5 13 17 21 11 18
5 13 17 21 23 18
5 13 17 11 14 18
5 13 17 23 14 18
5 13 17 7 23 14
5 20 13 16 23 18
5 20 3 8 0 18
5 6 3 1 0 18
5 6 16 1 21 18
5 6 3 1 8 0
5 6 24 1 8 0
5 6 17 1 21 18
5 6 17 1 21 25
5 6 24 17 1 25
5 6 17 21 23 18
5 6 17 3 23 18
5 6 13 21 23 18
5 6 13 16 23 18
5 6 13 16 21 18
5 6 13 16 21 23
5 6 3 1 14 18
5 6 17 1 14 18
5 6 17 3 14 18
5 6 3 1 8 14
5 6 17 3 8 14
5 6 24 1 8 14
5 6 24 17 1 14
5 4 24 8 25 14
5 9 13 16 11 18
5 9 13 11 14 18
5 9 20 13 16 18
5 9 7 23 14 18
5 9 13 23 14 18
5 9 13 7 23 14
5 9 17 7 11 14
5 9 13 17 11 14
5 9 13 17 7 14
5 9 13 17 7 11
5 9 20 13 23 18
5 9 24 7 11 2
5 22 20 13 16 23
5 22 9 13 16 2
5 22 4 24 8 2
5 22 24 8 0 2
5 22 20 8 0 2
5 22 20 3 8 0
5 22 9 13 7 23
5 22 4 24 7 2
5 22 9 24 7 2
5 22 13 17 7 23
5 12 6 1 0 18
5 12 6 16 1 18
5 12 20 16 0 18
5 12 20 3 0 18
5 12 6 3 0 18
5 12 20 16 23 18
5 12 6 16 23 18
5 12 24 1 0 2
5 12 6 24 1 0
5 12 20 3 23 18
5 12 6 3 23 18
5 12 22 20 3 0
5 12 22 20 16 23
5 12 22 20 0 2
5 12 22 20 16 2
5 12 22 24 0 2
5 12 22 20 3 23
5 12 6 3 8 0
5 12 22 3 8 0
5 12 6 24 8 0
5 12 22 24 8 0
5 5 20 3 8 18
5 5 22 20 3 8
5 5 20 3 23 18
5 5 22 20 8 2
5 5 22 4 8 2
5 5 22 4 7 2
5 5 22 20 3 23
5 5 7 23 14 18
5 5 3 23 14 18
5 5 9 7 23 18
5 5 9 20 23 18
5 5 17 7 23 14
5 5 22 9 7 2
5 5 22 9 7 23
5 5 22 20 16 2
5 5 22 9 16 2
5 5 9 20 13 23
5 5 22 20 13 23
5 5 22 9 13 23
5 5 9 20 13 16
5 5 22 20 13 16
5 5 22 9 13 16
5 15 9 13 16 2
5 15 24 1 25 2
5 15 24 11 25 2
5 15 9 24 11 2
5 15 9 13 16 11
5 15 13 16 21 11
5 15 16 1 11 18
5 15 1 21 11 25
5 15 16 1 21 11
5 15 12 6 16 1
5 15 12 24 1 2
5 15 12 6 24 1
5 15 6 16 1 21
5 15 9 7 11 2
5 15 12 1 0 2
5 15 20 16 0 18
5 15 5 20 16 2
5 15 5 9 16 2
5 15 5 9 20 16
5 15 12 1 0 18
5 15 12 16 0 18
5 15 12 16 1 18
5 15 12 20 0 2
5 15 12 20 16 2
5 15 12 20 16 0
5 19 22 13 16 2
5 19 15 13 16 2
5 19 12 22 16 2
5 19 12 22 24 2
5 19 22 9 24 2
5 19 22 9 13 2
5 19 15 12 16 2
5 19 15 12 24 2
5 19 15 9 24 2
5 19 15 9 13 2
5 19 15 13 16 21
5 19 22 9 24 7
5 19 22 9 13 7
5 19 13 16 21 23
5 19 22 13 16 23
5 19 15 12 6 16
5 19 15 12 6 24
5 19 15 9 24 11
5 19 15 9 13 11
5 19 15 6 16 21
5 19 15 13 21 11
5 19 12 22 16 23
5 19 9 24 7 11
5 19 9 13 7 11
5 19 22 13 17 7
5 19 13 17 21 23
5 19 22 13 17 23
5 19 13 17 21 11
5 19 15 21 11 25
5 19 15 24 11 25
5 19 6 16 21 23
5 19 12 6 16 23
5 19 12 6 24 8
5 19 12 22 24 8
5 19 24 17 7 11
5 19 13 17 7 11
5 19 6 17 21 23
5 19 6 17 21 25
5 19 6 24 17 25
5 19 6 1 21 25
5 19 15 1 21 25
5 19 15 6 1 21
5 19 6 24 1 25
5 19 15 24 1 25
5 19 15 6 24 1
5 19 17 21 11 25
5 19 24 17 11 25
5 19 12 6 3 23
5 19 12 22 3 23
5 19 12 6 3 8
5 19 12 22 3 8
5 19 22 4 24 8
5 19 6 17 3 23
5 10 22 4 24 7
5 10 19 22 24 7
5 10 19 22 4 24
5 10 19 24 17 7
5 10 19 22 17 7
5 10 24 17 7 14
5 10 4 24 7 14
5 10 19 4 24 8
5 10 22 17 7 23
5 10 19 22 17 23
5 10 5 17 7 14
5 10 4 24 8 14
5 10 19 6 24 8
5 10 19 6 24 17
5 10 5 17 7 23
5 10 5 22 7 23
5 10 5 22 4 7
5 10 19 17 3 23
5 10 19 22 3 23
5 10 5 17 23 14
5 10 6 17 8 14
5 10 6 24 8 14
5 10 6 24 17 14
5 10 17 3 8 14
5 10 6 17 3 8
5 10 19 6 3 8
5 10 19 6 17 3
5 10 19 22 3 8
5 10 19 22 4 8
5 10 5 22 3 23
5 10 17 3 23 14
5 10 5 3 23 14
5 10 5 22 3 8
5 10 5 22 4 8
