216
5 10 21 6 4 22
5 10 21 6 4 15
5 14 3 6 1 22
5 14 20 3 6 1
5 14 10 3 6 22
5 14 10 6 4 22
5 14 16 10 6 4
5 19 20 3 6 1
5 19 14 20 6 1
5 19 14 20 11 1
5 19 14 16 20 11
5 19 14 16 10 6
5 19 14 16 10 20
5 19 14 20 3 6
5 19 14 10 3 6
5 19 14 10 20 3
5 17 19 16 10 6
5 17 19 23 6 15
5 17 19 23 11 15
5 17 19 23 11 6
5 17 10 6 4 15
5 17 16 10 6 4
5 7 3 6 1 22
5 7 10 6 1 22
5 7 10 3 6 22
5 7 19 3 6 1
5 7 19 8 3 1
5 7 23 11 6 1
5 7 8 23 11 1
5 7 19 23 6 15
5 7 19 10 3 6
5 7 19 11 6 1
5 7 19 8 11 1
5 7 19 23 11 6
5 24 23 6 1 22
5 24 10 6 1 22
5 24 7 23 6 1
5 24 7 10 6 1
5 24 7 23 6 15
5 24 7 10 6 15
5 24 7 8 23 1
5 24 23 21 6 15
5 24 10 21 6 15
5 24 10 23 21 6
5 24 7 8 23 15
5 13 14 3 1 22
5 13 14 20 3 1
5 13 19 20 3 1
5 13 19 8 3 1
5 13 19 20 11 1
5 13 19 8 11 1
5 13 14 16 20 4
5 9 7 3 1 22
5 9 7 10 1 22
5 9 24 10 1 22
5 9 24 7 10 1
5 9 7 10 3 22
5 9 24 7 10 3
5 9 23 21 1 22
5 9 24 23 1 22
5 9 24 10 23 21
5 9 23 21 6 22
5 9 10 21 6 22
5 9 10 23 21 6
5 9 24 23 6 22
5 9 24 10 6 22
5 9 24 10 23 6
5 5 9 3 1 22
5 5 9 13 1 22
5 5 7 8 3 1
5 5 9 7 3 1
5 5 24 7 8 1
5 5 9 24 7 1
5 5 24 7 8 3
5 5 9 24 7 3
5 5 24 8 23 1
5 5 9 24 23 1
5 5 9 23 21 1
5 5 9 24 23 21
5 12 13 3 1 22
5 12 5 3 1 22
5 12 5 13 1 22
5 12 13 8 3 1
5 12 5 8 3 1
5 12 5 13 8 1
5 12 13 14 3 22
5 12 13 14 20 22
5 12 13 14 20 3
5 12 13 19 20 3
5 12 5 13 8 11
5 12 13 19 20 11
5 12 13 19 8 3
5 12 13 19 8 11
5 12 14 10 3 22
5 12 14 10 20 3
5 12 5 9 3 22
5 12 14 16 20 4
5 12 14 16 10 4
5 12 14 16 10 20
5 12 9 24 10 3
5 12 5 9 24 3
5 12 5 9 24 10
5 0 10 21 4 15
5 0 17 10 4 15
5 0 5 9 24 10
5 0 24 10 21 15
5 0 9 24 10 21
5 0 17 21 4 15
5 0 5 9 24 21
5 0 12 5 24 10
5 0 24 23 21 15
5 0 5 24 23 21
5 0 8 23 11 15
5 0 24 8 23 15
5 0 5 24 8 23
5 25 9 10 3 22
5 25 12 10 3 22
5 25 12 9 3 22
5 25 12 9 10 3
5 25 10 21 4 22
5 25 9 10 21 22
5 25 14 10 4 22
5 25 12 14 10 22
5 25 12 14 10 4
5 25 12 5 9 22
5 25 0 10 21 4
5 25 0 9 10 21
5 25 12 14 20 22
5 25 12 14 20 4
5 25 12 5 13 22
5 25 12 5 9 10
5 25 0 5 9 10
5 25 0 12 5 10
5 25 13 14 4 22
5 25 13 14 20 22
5 25 13 14 20 4
5 25 12 13 20 22
5 25 12 13 20 4
5 18 0 17 10 4
5 18 25 0 5 4
5 18 25 0 12 5
5 18 12 16 20 4
5 18 12 13 20 4
5 18 17 16 10 4
5 18 12 16 10 4
5 18 25 12 10 4
5 18 25 0 10 4
5 18 25 0 12 10
5 18 25 5 13 4
5 18 25 12 13 4
5 18 25 12 5 13
5 18 12 16 10 20
5 18 12 13 20 11
5 18 12 5 13 11
5 18 12 19 20 11
5 18 12 5 8 11
5 18 13 16 20 4
5 18 13 16 20 11
5 18 19 16 20 11
5 18 17 19 16 11
5 2 0 17 10 15
5 2 18 0 17 10
5 2 18 0 12 10
5 2 0 17 11 15
5 2 18 0 17 11
5 2 17 10 6 15
5 2 17 19 6 15
5 2 17 19 10 6
5 2 17 19 11 15
5 2 18 17 19 11
5 2 17 19 16 10
5 2 18 17 16 10
5 2 18 17 19 16
5 2 0 24 10 15
5 2 0 12 24 10
5 2 18 0 12 5
5 2 0 8 11 15
5 2 7 10 6 15
5 2 7 19 6 15
5 2 7 19 10 6
5 2 7 19 10 3
5 2 19 10 20 3
5 2 19 16 10 20
5 2 18 16 10 20
5 2 18 19 16 20
5 2 12 24 10 3
5 2 0 12 5 24
5 2 12 10 20 3
5 2 18 12 10 20
5 2 0 24 8 15
5 2 0 5 8 11
5 2 18 5 8 11
5 2 18 0 5 11
5 2 24 7 10 15
5 2 24 7 10 3
5 2 7 19 8 3
5 2 12 19 20 3
5 2 18 12 19 20
5 2 7 19 8 11
5 2 12 19 8 11
5 2 18 12 8 11
5 2 18 12 19 11
5 2 18 12 5 8
5 2 0 5 24 8
5 2 24 7 8 15
5 2 24 7 8 3
5 2 12 19 8 3
5 2 8 23 11 15
5 2 7 8 23 15
5 2 7 8 23 11
5 2 19 23 11 15
5 2 7 19 23 15
5 2 7 19 23 11
5 2 5 24 8 3
5 2 12 5 8 3
5 2 12 5 24 3
