328
5 22 24 18 32 2
5 22 24 18 19 2
5 22 24 18 19 32
5 11 5 20 7 30
5 14 22 24 19 30
5 31 5 20 7 16
5 6 22 18 19 30
5 6 22 18 19 32
5 6 17 20 7 30
5 6 17 22 24 32
5 6 22 24 19 30
5 6 22 24 19 32
5 6 5 20 7 30
5 6 31 5 20 7
5 6 17 31 20 7
5 6 31 5 20 16
5 6 14 22 24 30
5 6 17 14 22 30
5 6 17 14 22 24
5 6 14 7 19 30
5 6 14 24 19 30
5 6 17 14 7 30
5 6 17 14 24 7
5 6 24 18 19 32
5 6 14 24 18 19
5 3 22 0 32 2
5 3 22 18 19 30
5 3 6 22 20 32
5 3 6 22 18 32
5 3 14 22 19 30
5 3 6 22 18 30
5 3 6 17 20 30
5 3 6 17 22 30
5 3 6 17 22 20
5 3 11 20 7 30
5 3 17 20 7 30
5 3 17 11 7 30
5 3 17 11 20 7
5 10 5 20 7 16
5 10 11 20 7 16
5 10 11 5 20 16
5 10 11 5 20 7
5 10 17 14 11 7
5 10 11 5 16 30
5 10 11 5 7 30
5 10 14 11 7 30
5 10 14 7 19 30
5 27 22 24 19 2
5 27 14 22 24 19
5 27 3 14 22 19
5 27 3 14 19 30
5 27 3 14 11 30
5 27 10 9 11 16
5 27 10 14 19 30
5 27 10 14 11 30
5 27 10 17 14 11
5 26 6 24 18 32
5 26 6 14 24 18
5 26 6 14 24 7
5 26 6 31 18 32
5 26 6 17 24 32
5 26 6 17 24 7
5 26 27 0 24 2
5 26 17 14 24 7
5 26 6 17 31 32
5 26 6 17 31 7
5 26 17 31 0 32
5 26 17 0 32 2
5 26 17 0 24 2
5 23 6 18 19 30
5 23 6 7 19 30
5 23 6 5 7 30
5 23 10 7 19 30
5 23 10 5 7 30
5 23 6 14 7 19
5 23 6 14 18 19
5 23 10 14 7 19
5 23 26 6 14 7
5 23 26 6 14 18
5 23 26 6 31 7
5 23 26 6 31 18
5 23 26 31 18 32
5 8 31 0 20 32
5 8 17 31 0 32
5 8 6 31 20 32
5 8 6 17 31 32
5 8 6 17 31 20
5 8 31 0 20 16
5 8 3 0 20 32
5 8 3 22 20 32
5 8 3 22 0 32
5 8 6 22 20 32
5 8 6 17 22 32
5 8 6 17 22 20
5 8 22 0 32 2
5 8 17 0 32 2
5 8 3 17 22 20
5 8 11 0 20 16
5 8 31 20 7 16
5 8 17 31 7 16
5 8 17 31 20 7
5 8 3 22 0 2
5 8 3 11 0 20
5 8 3 17 11 20
5 8 11 20 7 16
5 8 17 11 20 7
5 8 10 11 7 16
5 8 10 17 7 16
5 8 10 17 11 7
5 8 27 10 17 11
5 13 17 14 22 30
5 13 3 14 22 30
5 13 3 14 11 30
5 13 3 17 22 30
5 13 3 17 11 30
5 13 14 11 7 30
5 13 17 11 7 30
5 13 17 14 7 30
5 13 17 14 11 7
5 13 27 3 14 22
5 13 27 3 14 11
5 13 8 3 17 22
5 13 8 3 17 11
5 13 27 17 14 11
5 13 8 27 17 11
5 13 27 3 22 2
5 13 27 3 11 2
5 13 8 3 22 2
5 13 3 11 0 2
5 13 8 3 0 2
5 13 8 3 11 0
5 13 27 11 0 2
5 13 8 27 11 0
5 13 17 14 22 24
5 13 27 22 24 2
5 13 27 14 22 24
5 13 27 17 14 24
5 13 8 22 32 2
5 13 8 17 32 2
5 13 8 17 22 32
5 13 8 17 0 2
5 13 8 27 17 0
5 13 26 17 24 2
5 13 17 0 24 2
5 13 27 0 24 2
5 13 27 17 0 24
5 13 26 17 32 2
5 13 22 24 32 2
5 13 26 24 32 2
5 13 17 22 24 32
5 13 26 17 24 32
5 25 23 31 18 32
5 25 23 6 31 18
5 25 6 31 20 16
5 25 6 5 20 16
5 25 23 26 18 32
5 25 23 26 31 32
5 29 11 0 16 2
5 29 27 11 16 2
5 29 27 11 0 2
5 29 27 10 9 16
5 29 25 31 0 16
5 29 8 11 0 16
5 29 8 27 11 0
5 29 8 27 17 0
5 29 27 10 11 16
5 29 8 10 11 16
5 29 8 27 10 11
5 29 10 17 7 16
5 29 8 10 17 16
5 29 8 27 10 17
5 29 10 17 14 7
5 29 27 10 17 14
5 12 23 10 14 7
5 12 23 10 5 7
5 12 29 10 9 16
5 12 23 26 31 7
5 12 31 5 7 16
5 12 10 5 7 16
5 12 6 31 5 7
5 12 23 6 5 7
5 12 23 6 31 7
5 12 25 23 26 31
5 12 23 10 9 16
5 12 25 23 9 16
5 12 29 25 9 16
5 12 25 23 6 5
5 12 25 23 6 31
5 12 23 10 5 16
5 12 6 31 5 16
5 12 25 6 5 16
5 12 25 6 31 16
5 28 29 10 14 7
5 28 12 10 14 7
5 28 29 10 7 16
5 28 12 10 7 16
5 28 12 29 10 16
5 28 12 10 9 14
5 28 12 29 10 9
5 28 26 17 14 7
5 28 29 17 14 7
5 28 23 26 14 7
5 28 12 23 14 7
5 28 12 23 26 7
5 28 12 26 31 7
5 28 12 31 7 16
5 28 26 17 31 7
5 28 26 17 14 24
5 28 21 23 26 14
5 28 21 12 23 14
5 28 12 25 26 31
5 28 17 31 7 16
5 28 29 17 7 16
5 28 29 25 31 16
5 28 12 25 31 16
5 28 12 29 25 16
5 28 26 17 31 0
5 28 27 17 14 24
5 28 29 27 17 14
5 28 26 17 0 24
5 28 29 25 31 0
5 28 12 29 25 9
5 28 29 31 0 16
5 28 27 17 0 24
5 28 29 27 17 0
5 28 26 27 0 24
5 28 26 31 0 32
5 28 25 31 0 32
5 28 25 26 31 32
5 28 8 31 0 16
5 28 8 17 31 16
5 28 8 17 31 0
5 28 29 8 0 16
5 28 29 8 17 16
5 28 29 8 17 0
5 28 26 27 0 2
5 28 29 27 0 2
5 28 29 26 0 2
5 28 29 26 27 2
5 1 21 24 18 19
5 1 24 18 19 2
5 1 27 24 19 2
5 1 27 14 24 19
5 1 24 18 32 2
5 1 28 27 14 24
5 1 26 24 18 32
5 1 21 26 24 18
5 1 26 24 32 2
5 1 26 27 24 2
5 1 21 26 14 24
5 1 28 26 14 24
5 1 28 21 26 14
5 1 28 26 27 24
5 1 28 29 27 14
5 1 28 29 26 27
5 1 27 10 9 14
5 1 29 27 10 14
5 1 29 27 10 9
5 1 28 10 9 14
5 1 28 29 10 14
5 1 28 29 10 9
5 15 14 24 18 19
5 15 21 24 18 19
5 15 23 14 18 19
5 15 1 14 24 19
5 15 1 21 24 19
5 15 1 21 14 24
5 15 26 14 24 18
5 15 21 26 24 18
5 15 21 26 14 24
5 15 23 26 14 18
5 15 21 23 26 18
5 15 21 23 26 14
5 15 1 27 14 19
5 15 23 10 14 19
5 15 21 12 23 14
5 15 21 12 23 9
5 15 1 27 9 14
5 15 1 21 27 9
5 15 27 10 14 19
5 15 27 10 9 14
5 15 23 10 19 30
5 15 12 10 9 14
5 15 12 23 10 14
5 15 12 23 10 9
5 15 28 21 12 14
5 15 27 10 19 30
5 15 23 10 9 16
5 15 27 10 11 30
5 15 27 10 9 11
5 4 15 1 21 9
5 4 1 28 21 26
5 4 15 21 12 9
5 4 15 28 21 12
5 4 1 28 9 14
5 4 15 1 9 14
5 4 1 28 21 14
5 4 15 28 21 14
5 4 15 1 21 14
5 4 1 28 29 9
5 4 1 28 29 26
5 4 28 12 25 9
5 4 28 12 9 14
5 4 15 12 9 14
5 4 15 28 12 14
5 4 28 29 25 9
5 4 28 12 25 26
5 4 1 26 32 2
5 4 1 26 18 32
5 4 1 21 26 18
5 4 1 29 27 9
5 4 1 29 26 27
5 4 12 25 23 9
5 4 21 25 23 9
5 4 21 12 23 9
5 4 25 26 18 32
5 4 28 25 26 32
5 4 12 25 23 26
5 4 28 12 23 26
5 4 28 21 23 26
5 4 28 21 12 23
5 4 1 26 27 2
5 4 1 21 27 9
5 4 29 27 9 2
5 4 29 26 27 2
5 4 25 23 26 18
5 4 21 23 26 18
5 4 21 25 23 18
