222
5 0 20 18 3 23
5 0 6 18 3 23
5 13 21 25 18 24
5 13 16 25 18 24
5 13 16 21 25 24
5 13 16 20 25 18
5 13 6 20 18 23
5 1 13 21 11 24
5 2 13 6 20 18
5 2 13 16 18 24
5 2 13 16 20 18
5 2 1 13 6 9
5 2 13 6 20 23
5 17 16 21 11 24
5 17 13 21 11 24
5 17 13 16 21 24
5 5 1 21 18 3
5 5 21 25 18 3
5 5 1 6 18 3
5 5 1 6 9 3
5 5 13 21 18 24
5 5 1 21 18 24
5 5 1 13 21 24
5 5 2 1 6 18
5 5 2 1 13 6
5 5 2 13 18 24
5 5 2 1 18 24
5 5 2 1 13 24
5 10 22 7 11 3
5 10 16 21 11 24
5 10 17 16 11 24
5 10 1 21 11 24
5 4 17 22 20 25
5 4 13 16 20 25
5 4 17 22 11 25
5 4 13 16 21 25
5 4 17 13 16 21
5 4 17 13 20 23
5 4 16 21 11 25
5 4 17 21 11 25
5 4 17 16 21 11
5 4 10 17 16 11
5 4 17 22 20 23
5 4 10 17 22 23
5 4 2 16 20 23
5 4 2 13 20 23
5 4 2 13 16 20
5 19 17 22 11 15
5 19 13 21 11 15
5 19 17 13 11 15
5 19 17 13 21 11
5 19 22 21 11 25
5 19 17 21 11 25
5 19 17 22 11 25
5 19 5 22 15 3
5 19 17 22 20 25
5 19 22 21 25 3
5 19 5 21 25 3
5 19 5 13 21 15
5 19 4 13 21 25
5 19 4 17 21 25
5 19 4 17 13 21
5 19 22 20 15 23
5 19 17 22 15 23
5 19 17 22 20 23
5 19 13 21 25 18
5 19 5 21 25 18
5 19 5 13 21 18
5 19 4 13 20 25
5 19 4 17 20 25
5 19 4 17 13 20
5 19 17 13 15 23
5 19 17 13 20 23
5 12 5 1 21 3
5 12 19 5 15 3
5 12 19 5 21 3
5 12 19 5 21 15
5 12 5 1 9 3
5 12 5 1 9 15
5 12 5 13 21 15
5 12 5 1 13 15
5 12 5 1 13 21
5 12 19 21 11 15
5 12 10 21 11 3
5 12 10 1 21 3
5 12 10 1 21 11
5 12 13 21 11 15
5 12 1 13 11 15
5 12 1 13 21 11
5 12 1 7 9 3
5 12 5 0 15 3
5 12 5 0 9 3
5 12 19 22 15 3
5 12 19 22 11 15
5 12 22 21 11 3
5 12 19 22 21 3
5 12 19 22 21 11
5 12 7 0 11 15
5 12 10 7 11 3
5 12 10 1 7 3
5 12 10 1 7 11
5 12 7 9 11 15
5 12 1 7 9 11
5 12 7 0 9 3
5 12 7 0 9 15
5 12 22 0 15 3
5 12 22 0 11 15
5 12 22 7 11 3
5 12 22 7 0 3
5 12 22 7 0 11
5 14 22 0 15 3
5 14 5 0 15 3
5 14 5 22 15 3
5 14 22 0 20 3
5 14 0 20 18 3
5 14 22 20 25 3
5 14 22 20 15 23
5 14 22 0 15 23
5 14 22 0 20 23
5 14 19 22 20 15
5 14 19 5 22 15
5 14 20 25 18 3
5 14 5 25 18 3
5 14 0 6 18 3
5 14 5 6 18 3
5 14 19 22 25 3
5 14 19 5 25 3
5 14 19 5 22 3
5 14 19 22 20 25
5 14 0 20 18 23
5 14 19 5 25 18
5 14 0 6 9 3
5 14 5 6 9 3
5 14 5 0 9 3
5 14 0 6 18 23
5 14 13 20 18 23
5 14 19 5 13 18
5 14 19 5 13 15
5 14 13 20 25 18
5 14 19 13 25 18
5 14 19 13 20 25
5 14 13 6 18 23
5 14 19 20 15 23
5 14 19 13 15 23
5 14 19 13 20 23
5 14 6 9 15 23
5 14 0 9 15 23
5 14 0 6 9 23
5 14 13 6 9 15
5 14 12 0 9 15
5 14 12 5 9 15
5 14 12 5 0 15
5 14 12 5 0 9
5 14 2 13 6 18
5 14 5 2 6 18
5 14 5 2 13 18
5 14 5 2 13 6
5 14 1 13 9 15
5 14 5 1 9 15
5 14 5 1 13 15
5 14 1 13 6 9
5 14 5 1 6 9
5 14 5 1 13 6
5 8 4 10 17 16
5 8 10 2 16 24
5 8 10 17 16 24
5 8 4 2 16 23
5 8 4 10 16 23
5 8 4 10 17 23
5 8 2 13 16 24
5 8 4 2 13 16
5 8 17 13 16 24
5 8 4 17 13 16
5 8 4 2 13 23
5 8 4 17 13 23
5 8 2 1 13 24
5 8 10 2 1 24
5 8 17 13 11 24
5 8 10 17 11 24
5 8 2 13 6 23
5 8 1 13 11 24
5 8 10 1 11 24
5 8 2 1 13 9
5 8 2 13 6 9
5 8 7 6 9 23
5 8 10 7 6 23
5 8 2 7 6 9
5 8 10 2 7 6
5 8 10 1 7 11
5 8 2 1 7 9
5 8 10 2 1 7
5 8 17 13 11 15
5 8 6 9 15 23
5 8 13 6 9 15
5 8 17 13 15 23
5 8 0 9 15 23
5 8 7 0 9 23
5 8 7 0 9 15
5 8 7 9 11 15
5 8 1 7 9 11
5 8 1 13 11 15
5 8 1 13 9 15
5 8 14 6 15 23
5 8 14 13 15 23
5 8 14 13 6 23
5 8 14 13 6 15
5 8 22 0 15 23
5 8 10 7 0 23
5 8 10 22 0 23
5 8 10 22 7 0
5 8 10 22 7 11
5 8 17 22 15 23
5 8 17 22 11 15
5 8 10 17 22 23
5 8 10 17 22 11
5 8 12 9 11 15
5 8 12 1 11 15
5 8 12 1 9 15
5 8 12 1 9 11
5 8 7 0 11 15
5 8 22 0 11 15
5 8 22 7 0 11
