4
26
-6.94154 -1.80856 -6.8255 -1.75345
6.47396 -9.91202 9.06237 -6.30522
-3.06661 5.7033 1.93943 0.124804
2.81225 -0.0738813 2.71004 -0.182202
8.47485 7.20699 -9.3172 7.71076
-0 -2.1593 -4.43709 -6.5183
-0 -2.19139 6.9733 8.00163
-0 -2.37762 6.62943 -0.480559
-0 -1.29619 6.98117 -8.06028
-0 -7.10585 -7.7148 -2.79813
-0 -0.7764 0.431476 5.93829
-0 7.95399 8.34683 -7.84638
3.69459 1.25944 -0 -2.35559
8.15128 0.977544 -0 -6.99539
9.56036 6.50043 -0 4.57691
-8.35204 2.29788 -0 3.84799
8.12874 9.15349 -0 4.91836
-6.56941 9.59544 -0 4.12453
-0.923569 9.38726 -0 -1.68598
1.72961 5.80823 6.59388 -0
7.55752 6.52956 1.58372 -0
-5.72186 -8.34556 -8.17441 -0
9.82577 -5.95783 -7.11873 -0
-7.82288 -9.79858 7.60899 -0
-5.99502 -4.9937 0.374959 -0
5.12598 -3.72075 -9.01194 -0
