4
33
-6.54406 3.01907 4.49289 -0.497349
2.52202 8.66345 -3.03431 5.09458
-9.44124 -9.45667 6.09788 -6.51811
-6.47252 9.34022 3.03807 -3.24019
0.820161 4.48647 -4.34472 -2.1066
-0 -9.83469 -7.94349 1.34522
-0 8.90295 4.07294 -3.05729
-0 9.92318 -7.33172 5.9524
-0 -7.36892 -8.92235 -9.55858
-0 7.12243 3.96927 -0.398094
-0 -3.89206 -7.22362 -5.93983
-0 8.95882 -0.47529 -8.38115
2.21321 -0 -0.430638 -6.07874
6.84619 -0 -8.76215 -5.22679
1.14318 -0 -0.651581 -0.944421
9.84486 -0 2.32243 -0.848272
-4.75069 -0 0.0190439 -8.19841
-7.29129 -0 8.61689 -7.97981
-1.71797 -0 4.9971 5.26713
3.69459 1.25944 -0 -2.35559
8.15128 0.977544 -0 -6.99539
9.56036 6.50043 -0 4.57691
-8.35204 2.29788 -0 3.84799
8.12874 9.15349 -0 4.91836
-6.56941 9.59544 -0 4.12453
-0.923569 9.38726 -0 -1.68598
0.0345587 -6.70026 -4.58288 -0
3.1188 3.36319 0.814586 -0
-1.81989 1.43709 -5.73408 -0
-1.95837 -1.57768 -3.12503 -0
3.11921 9.91713 7.81389 -0
-0.791446 0.643415 6.06557 -0
-0.493221 6.14251 -9.19991 -0
