4
26
-7.1601 -7.3273 -3.36811 -0.959601
7.50881 -3.64417 -5.28444 4.64782
6.15113 6.07759 -2.30564 8.12994
-4.72361 -9.32887 -7.65971 -3.76842
-0.280334 6.88096 7.49517 0.00453849
-0 -0.457139 -6.68594 -0.927138
-0 4.79069 -5.64251 8.53095
-0 -7.44633 2.29389 6.13075
-0 -0.773442 3.50217 5.63331
-0 -4.51815 -2.58591 7.42659
-0 -6.19896 6.11384 4.87202
-0 -4.01414 4.98914 -0.290113
0.0345587 -6.70026 -4.58288 -0
3.1188 3.36319 0.814586 -0
-1.81989 1.43709 -5.73408 -0
-1.95837 -1.57768 -3.12503 -0
3.11921 9.91713 7.81389 -0
-0.791446 0.643415 6.06557 -0
-0.493221 6.14251 -9.19991 -0
-0.65528 1.20735 -0 -4.35701
-7.56824 9.29403 -0 -1.17473
6.59141 1.51777 -0 -5.17118
-7.26794 -6.39619 -0 -3.69297
-8.0026 5.57368 -0 4.76368
9.81899 6.72962 -0 2.92743
-1.9419 8.51395 -0 -7.38635
