4
26
-9.77869 3.19615 4.79026 6.63945
-8.89634 -0.732396 -1.37328 9.99116
7.86773 5.52126 -5.24106 -5.4616
-5.01805 8.62482 -7.26766 -9.67429
-7.08414 -1.3432 7.97299 3.11486
-0 -9.21998 -7.41012 -4.40347
-0 -2.94493 -6.30764 0.921507
-0 9.75988 -1.92528 -0.247783
-0 -4.15454 -5.45427 7.78873
-0 9.28022 -1.21076 -1.09054
-0 -6.94883 2.9322 -6.45658
-0 -4.92388 -2.48264 4.43462
-0.65528 1.20735 -0 -4.35701
-7.56824 9.29403 -0 -1.17473
6.59141 1.51777 -0 -5.17118
-7.26794 -6.39619 -0 -3.69297
-8.0026 5.57368 -0 4.76368
9.81899 6.72962 -0 2.92743
-1.9419 8.51395 -0 -7.38635
1.72961 5.80823 6.59388 -0
7.55752 6.52956 1.58372 -0
-5.72186 -8.34556 -8.17441 -0
9.82577 -5.95783 -7.11873 -0
-7.82288 -9.79858 7.60899 -0
-5.99502 -4.9937 0.374959 -0
5.12598 -3.72075 -9.01194 -0
