4
33
9.23905 -6.13897 -3.20712 -8.13871
4.79206 -9.17882 -1.77898 4.71685
-2.66804 -2.32358 9.47546 8.36498
2.27129 0.928777 -6.76979 -8.97024
-8.18768 -6.80765 5.37676 -5.08006
4.20486 -0 -6.60833 -5.24276
-4.27476 -0 0.0399765 6.89022
-2.10134 -0 -8.62309 -4.5762
-6.35955 -0 -4.40647 -7.13025
3.07225 -0 -7.67689 7.24169
-4.9207 -0 -2.15093 -7.8449
-6.45993 -0 2.2414 -8.41791
-0 6.80848 4.39175 -3.81155
-0 -0.272052 9.52764 6.66544
-0 0.0762232 6.07868 -9.4297
-0 0.743889 8.11938 -5.60026
-0 -4.968 -5.11162 9.27708
-0 7.87926 -8.1095 -7.99754
-0 -3.81477 -3.67074 -7.8343
-6.60012 0.0597754 -0 5.84945
-1.53752 1.93186 -0 -4.81418
9.7906 6.30778 -0 -3.08984
-7.96725 -6.55304 -0 -5.24995
-7.61457 -1.31267 -0 -3.21335
7.39395 5.02927 -0 -2.33673
-9.68777 7.8894 -0 4.84307
-4.48417 -5.53269 -8.97754 -0
4.12643 5.71179 1.28067 -0
8.72617 -4.51515 4.69169 -0
-3.38242 6.62252 -9.26777 -0
1.6268 -4.14693 3.11609 -0
-5.43228 0.439956 0.400499 -0
-6.59791 5.13114 5.41106 -0
