4
33
7.03487 -1.61313 -2.04778 7.72595
6.09752 -3.77932 7.50211 -1.74084
8.58857 -2.608 8.30499 9.46787
-6.72016 -0.604267 7.44466 8.34435
8.34968 -1.93011 1.39072 -9.53847
-5.81201 -2.14167 -0 -0.955589
-5.03282 4.50207 -0 0.982554
-2.84193 -1.52378 -0 -0.0028686
-0.0710661 -1.09319 -0 6.8499
6.92207 -5.99634 -0 -9.10975
-3.29035 -3.88619 -0 -1.74054
-5.65551 -5.72637 -0 8.40522
-0 -2.1593 -4.43709 -6.5183
-0 -2.19139 6.9733 8.00163
-0 -2.37762 6.62943 -0.480559
-0 -1.29619 6.98117 -8.06028
-0 -7.10585 -7.7148 -2.79813
-0 -0.7764 0.431476 5.93829
-0 7.95399 8.34683 -7.84638
-2.53795 -0 9.71504 -4.11026
-5.15704 -0 -3.37151 6.41164
2.50123 -0 6.32472 -9.64054
-3.74578 -0 8.50343 7.51055
-1.56214 -0 3.87981 -9.25379
3.79964 -0 8.19332 0.891861
4.60189 -0 -8.78706 -9.95075
7.16597 4.60766 3.117 -0
6.57153 -5.78357 7.34417 -0
7.23805 -0.258014 -2.03079 -0
8.40066 -4.41271 -1.7281 -0
-7.15595 -0.64664 6.29864 -0
1.19058 3.35359 -6.5445 -0
5.9839 9.77268 4.01065 -0
