4
26
-7.10503 0.239316 4.28149 7.99807
-6.12506 -2.24948 -8.5575 7.68377
-4.56374 -8.97865 5.95794 -4.14932
-4.21296 3.71724 4.70239 5.62694
3.10626 -1.72551 9.16642 1.40677
-2.53795 -0 9.71504 -4.11026
-5.15704 -0 -3.37151 6.41164
2.50123 -0 6.32472 -9.64054
-3.74578 -0 8.50343 7.51055
-1.56214 -0 3.87981 -9.25379
3.79964 -0 8.19332 0.891861
4.60189 -0 -8.78706 -9.95075
-6.60012 0.0597754 -0 5.84945
-1.53752 1.93186 -0 -4.81418
9.7906 6.30778 -0 -3.08984
-7.96725 -6.55304 -0 -5.24995
-7.61457 -1.31267 -0 -3.21335
7.39395 5.02927 -0 -2.33673
-9.68777 7.8894 -0 4.84307
1.76621 -4.36133 -0.598539 -0
-7.99492 1.84146 5.17751 -0
-0.488075 -0.979331 -7.06341 -0
-0.994047 -0.370998 5.61588 -0
-0.660682 3.51534 2.39556 -0
3.08823 -6.89443 1.3996 -0
2.33227 -8.47611 -9.76164 -0
