4
26
-8.73499 1.67395 -4.34506 -3.808
3.60145 -7.27904 -8.52017 7.54044
0.192507 -6.36464 -8.34387 4.16671
-1.39784 5.66083 -8.41994 -9.91855
-1.17105 3.00206 -5.64832 4.46736
-8.78466 -0 8.43797 -7.51046
-3.04177 -0 -7.58279 -0.920174
2.61935 -0 3.80544 -8.8608
6.56703 -0 -1.38152 -4.46759
3.54214 -0 7.22434 -1.57464
-7.01822 -0 4.62956 5.68649
7.65613 -0 8.44643 5.55555
-1.48675 5.35893 -0 -0.993897
3.83532 -7.87471 -0 4.41556
-2.79926 -8.73954 -0 -1.98043
4.08453 -0.0646387 -0 -5.26147
-1.66371 -2.37121 -0 -7.84002
3.61171 1.10289 -0 3.20033
6.03934 -0.309366 -0 8.54779
1.76621 -4.36133 -0.598539 -0
-7.99492 1.84146 5.17751 -0
-0.488075 -0.979331 -7.06341 -0
-0.994047 -0.370998 5.61588 -0
-0.660682 3.51534 2.39556 -0
3.08823 -6.89443 1.3996 -0
2.33227 -8.47611 -9.76164 -0
