4
19
-5.47263 2.70111 7.72143 -6.35437
9.43882 1.57466 0.763181 4.09001
-1.28247 -6.29998 3.80981 3.74961
5.65794 -9.88107 -4.2382 -5.81463
-6.51874 -1.10496 8.52263 5.08878
-0 6.80848 4.39175 -3.81155
-0 -0.272052 9.52764 6.66544
-0 0.0762232 6.07868 -9.4297
-0 0.743889 8.11938 -5.60026
-0 -4.968 -5.11162 9.27708
-0 7.87926 -8.1095 -7.99754
-0 -3.81477 -3.67074 -7.8343
2.21321 -0 -0.430638 -6.07874
6.84619 -0 -8.76215 -5.22679
1.14318 -0 -0.651581 -0.944421
9.84486 -0 2.32243 -0.848272
-4.75069 -0 0.0190439 -8.19841
-7.29129 -0 8.61689 -7.97981
-1.71797 -0 4.9971 5.26713
