4
26
0.998319 1.99604 6.64791 -2.18791
2.63242 6.14751 4.34083 0.865544
-6.72865 8.71613 6.59714 -4.2075
-1.03801 5.44172 5.2819 1.26135
-9.00709 6.47723 8.47488 5.11464
-8.34365 -0 -8.78071 -9.22225
3.36096 -0 -5.30759 0.137888
-2.45567 -0 -5.3546 6.22781
-5.61463 -0 -6.78351 -9.84697
8.38259 -0 -4.34671 -8.79859
6.7854 -0 2.39845 -7.31771
-8.33571 -0 3.53145 -7.37351
-4.48417 -5.53269 -8.97754 -0
4.12643 5.71179 1.28067 -0
8.72617 -4.51515 4.69169 -0
-3.38242 6.62252 -9.26777 -0
1.6268 -4.14693 3.11609 -0
-5.43228 0.439956 0.400499 -0
-6.59791 5.13114 5.41106 -0
-1.48675 5.35893 -0 -0.993897
3.83532 -7.87471 -0 4.41556
-2.79926 -8.73954 -0 -1.98043
4.08453 -0.0646387 -0 -5.26147
-1.66371 -2.37121 -0 -7.84002
3.61171 1.10289 -0 3.20033
6.03934 -0.309366 -0 8.54779
