4
33
-9.31496 9.80369 -5.50211 -0.293029
-9.29072 4.80619 -9.06116 -5.09372
-2.83169 5.8823 2.41059 1.88987
-1.50417 4.48609 -2.3595 8.9926
0.749367 9.21749 0.147839 -3.41306
5.81716 8.71874 -0 -2.5057
-5.81799 1.62557 -0 -2.89094
-7.74246 0.535722 -0 7.14089
-8.87083 -0.341206 -0 -0.753562
-5.79793 -0.636592 -0 -5.8435
-3.04929 -8.92467 -0 4.52179
-5.96994 5.37177 -0 0.616777
7.16597 4.60766 3.117 -0
6.57153 -5.78357 7.34417 -0
7.23805 -0.258014 -2.03079 -0
8.40066 -4.41271 -1.7281 -0
-7.15595 -0.64664 6.29864 -0
1.19058 3.35359 -6.5445 -0
5.9839 9.77268 4.01065 -0
-0 -9.21998 -7.41012 -4.40347
-0 -2.94493 -6.30764 0.921507
-0 9.75988 -1.92528 -0.247783
-0 -4.15454 -5.45427 7.78873
-0 9.28022 -1.21076 -1.09054
-0 -6.94883 2.9322 -6.45658
-0 -4.92388 -2.48264 4.43462
-8.78466 -0 8.43797 -7.51046
-3.04177 -0 -7.58279 -0.920174
2.61935 -0 3.80544 -8.8608
6.56703 -0 -1.38152 -4.46759
3.54214 -0 7.22434 -1.57464
-7.01822 -0 4.62956 5.68649
7.65613 -0 8.44643 5.55555
