220
5 18 11 6 2 7
5 22 21 19 6 4
5 20 18 19 6 4
5 20 23 18 15 7
5 17 22 21 2 4
5 17 22 6 2 4
5 13 20 23 15 25
5 13 22 21 25 16
5 13 22 21 19 16
5 13 23 24 16 7
5 13 23 15 16 7
5 5 20 15 19 6
5 5 22 19 16 14
5 5 22 19 6 14
5 5 13 15 19 16
5 5 13 22 19 16
5 5 13 20 15 19
5 5 22 25 16 14
5 5 13 22 25 16
5 5 13 23 25 16
5 5 13 23 15 16
5 5 13 23 15 25
5 5 23 15 16 7
5 5 24 16 7 14
5 5 24 25 16 14
5 5 23 24 16 7
5 5 23 24 25 16
5 8 17 11 24 2
5 8 13 20 25 4
5 8 13 20 23 4
5 8 13 20 23 25
5 8 20 23 18 4
5 8 23 11 24 7
5 3 13 21 25 16
5 3 13 21 19 16
5 3 13 22 19 25
5 3 13 22 21 25
5 3 13 22 21 19
5 3 22 21 19 4
5 3 17 22 21 4
5 3 17 22 21 25
5 0 23 24 25 16
5 0 13 23 25 16
5 0 13 23 24 16
5 0 3 13 25 16
5 0 3 21 25 16
5 0 8 23 24 25
5 0 22 21 25 16
5 0 24 25 16 14
5 0 22 25 16 14
5 0 22 24 25 14
5 0 21 24 16 14
5 0 22 21 16 14
5 0 8 17 24 2
5 0 8 17 24 25
5 0 21 24 2 14
5 0 22 24 2 14
5 0 22 21 2 14
5 0 17 22 24 2
5 0 17 22 24 25
5 0 17 22 21 2
5 0 17 22 21 25
5 0 3 17 21 25
5 0 3 8 17 25
5 12 5 22 25 14
5 12 5 22 6 14
5 12 22 24 25 14
5 12 17 22 24 25
5 12 22 6 2 14
5 12 17 22 6 2
5 12 18 11 6 7
5 12 22 24 2 14
5 12 17 22 24 2
5 12 5 24 7 14
5 12 5 24 25 14
5 12 18 15 6 7
5 12 5 15 6 7
5 12 8 23 24 25
5 12 8 17 24 25
5 12 5 23 15 7
5 12 5 23 24 7
5 12 5 23 24 25
5 12 11 6 2 7
5 12 17 11 6 2
5 12 24 2 7 14
5 12 8 23 24 7
5 12 8 23 11 7
5 12 11 24 2 7
5 12 17 11 24 2
5 12 8 11 24 7
5 12 8 17 11 24
5 9 12 18 11 6
5 9 12 17 11 6
5 9 18 11 6 4
5 9 8 18 11 4
5 9 17 11 6 4
5 9 8 17 11 4
5 9 20 18 6 4
5 9 12 17 22 6
5 9 20 19 6 4
5 9 22 19 6 4
5 9 17 22 6 4
5 9 23 18 11 7
5 9 12 18 11 7
5 9 20 18 15 6
5 9 12 18 15 6
5 9 3 22 19 4
5 9 3 17 22 4
5 9 12 5 15 6
5 1 0 8 24 2
5 1 13 23 24 7
5 1 11 24 2 7
5 1 23 11 24 7
5 1 0 8 23 24
5 1 3 8 17 4
5 1 0 8 17 2
5 1 0 3 8 17
5 1 0 13 23 24
5 1 20 23 18 4
5 1 20 23 18 7
5 1 18 11 2 7
5 1 23 18 11 7
5 1 8 11 24 2
5 1 8 23 11 24
5 1 8 17 11 4
5 1 8 17 11 2
5 1 17 21 2 4
5 1 3 21 2 4
5 1 3 17 21 4
5 1 3 8 25 4
5 1 0 8 23 25
5 1 0 3 8 25
5 1 0 17 21 2
5 1 0 3 21 2
5 1 0 3 17 21
5 1 3 13 25 4
5 1 0 13 23 25
5 1 0 3 13 25
5 1 20 23 15 7
5 1 18 11 6 4
5 1 18 11 6 2
5 1 8 18 11 4
5 1 8 23 18 4
5 1 8 23 18 11
5 1 13 20 15 4
5 1 13 20 23 4
5 1 13 20 23 15
5 1 17 6 2 4
5 1 17 11 6 4
5 1 17 11 6 2
5 1 8 13 25 4
5 1 8 13 23 4
5 1 8 13 23 25
5 10 3 17 22 25
5 10 9 3 17 22
5 10 12 17 22 25
5 10 9 12 17 22
5 10 3 22 19 25
5 10 9 3 22 19
5 10 3 8 17 25
5 10 12 5 22 25
5 10 12 8 17 25
5 10 9 3 19 4
5 10 3 8 25 4
5 10 3 8 17 4
5 10 9 8 17 4
5 10 9 3 17 4
5 10 12 5 23 25
5 10 12 5 22 6
5 10 9 12 22 6
5 10 9 12 5 6
5 10 12 8 23 25
5 10 12 8 17 11
5 10 9 8 17 11
5 10 9 12 17 11
5 10 13 22 19 25
5 10 5 13 22 25
5 10 5 13 22 19
5 10 5 22 19 6
5 10 9 22 19 6
5 10 3 13 25 4
5 10 3 13 19 4
5 10 3 13 19 25
5 10 9 20 19 4
5 10 8 20 25 4
5 10 5 23 15 25
5 10 12 5 23 15
5 10 9 12 5 15
5 10 8 20 23 25
5 10 12 8 23 11
5 10 5 13 20 19
5 10 5 20 19 6
5 10 9 20 19 6
5 10 13 20 25 4
5 10 13 20 19 4
5 10 8 20 18 4
5 10 9 20 18 4
5 10 9 8 18 4
5 10 20 23 15 25
5 10 9 12 18 15
5 10 8 20 23 18
5 10 8 23 18 11
5 10 9 23 18 11
5 10 9 8 18 11
5 10 12 23 11 7
5 10 9 23 11 7
5 10 9 12 11 7
5 10 13 20 15 25
5 10 5 13 15 25
5 10 5 13 20 15
5 10 5 20 15 6
5 10 9 20 15 6
5 10 9 5 15 6
5 10 20 23 18 15
5 10 9 20 18 15
5 10 23 18 15 7
5 10 12 18 15 7
5 10 12 23 15 7
5 10 9 23 18 7
5 10 9 12 18 7
