311
5 31 12 5 14 24
5 31 12 5 17 14
5 0 30 22 23 2
5 28 12 5 14 24
5 28 12 5 17 14
5 28 31 12 5 17
5 16 28 5 17 14
5 16 28 13 5 14
5 15 31 5 17 14
5 15 31 5 14 24
5 15 31 12 17 14
5 27 5 25 6 24
5 27 28 5 25 6
5 27 28 13 25 6
5 27 28 13 5 6
5 19 31 12 5 24
5 19 28 12 5 24
5 19 28 31 12 5
5 19 28 5 25 24
5 19 28 12 25 24
5 19 27 5 25 24
5 19 27 31 5 24
5 19 27 28 5 25
5 19 27 28 31 5
5 4 7 22 23 2
5 4 30 23 20 2
5 3 16 28 13 14
5 3 28 12 30 14
5 3 28 13 30 14
5 3 4 13 30 20
5 3 4 16 13 30
5 3 16 13 30 14
5 3 28 12 17 14
5 3 16 28 17 14
5 3 28 12 20 25
5 8 27 13 5 6
5 8 27 31 5 6
5 8 4 13 7 23
5 10 19 31 12 24
5 10 19 27 31 24
5 29 15 12 17 14
5 29 3 12 17 14
5 29 3 12 30 14
5 29 3 16 17 14
5 29 3 16 30 14
5 29 0 30 22 14
5 29 0 12 30 14
5 29 10 4 15 17
5 29 3 4 16 17
5 29 3 4 16 30
5 29 3 12 20 17
5 29 3 4 20 17
5 29 3 12 30 20
5 29 3 4 30 20
5 29 15 22 14 24
5 29 10 15 22 24
5 29 4 15 22 23
5 29 15 31 12 17
5 29 10 15 31 17
5 29 0 12 30 20
5 29 0 22 14 24
5 29 10 0 22 24
5 29 0 12 14 24
5 29 10 0 12 24
5 29 0 30 22 2
5 29 31 12 14 24
5 29 15 31 14 24
5 29 15 31 12 14
5 29 10 31 12 24
5 29 10 15 31 24
5 29 30 22 23 2
5 29 4 22 23 2
5 29 4 30 23 2
5 29 31 12 20 17
5 29 10 31 12 20
5 29 4 31 20 17
5 29 10 4 31 17
5 29 10 4 31 20
5 29 10 0 12 20
5 29 0 30 20 2
5 29 4 30 20 2
5 1 10 19 31 12
5 1 3 12 20 25
5 1 10 19 27 31
5 1 19 28 12 25
5 1 3 28 12 25
5 1 3 19 28 12
5 1 0 12 20 25
5 1 10 0 12 20
5 1 19 12 25 24
5 1 10 19 12 24
5 1 3 28 20 25
5 1 19 27 28 25
5 1 3 4 13 20
5 1 0 12 25 24
5 1 10 0 25 24
5 1 10 0 12 24
5 1 19 27 25 24
5 1 10 27 25 24
5 1 10 19 27 24
5 1 27 28 13 25
5 1 3 28 13 20
5 1 4 13 7 20
5 1 27 13 25 6
5 1 8 27 13 6
5 9 15 31 5 17
5 9 16 31 5 17
5 9 8 16 31 5
5 9 15 16 5 17
5 9 8 15 16 5
5 9 4 15 16 17
5 9 10 15 31 17
5 9 10 4 31 17
5 9 10 4 15 17
5 9 8 27 31 6
5 9 8 4 16 13
5 9 8 4 7 23
5 9 4 7 22 23
5 9 4 15 22 23
5 18 16 13 5 14
5 18 16 5 17 14
5 18 15 5 17 14
5 18 15 16 5 17
5 18 16 13 30 14
5 18 8 4 13 23
5 18 8 4 16 13
5 18 13 30 23 14
5 18 29 16 17 14
5 18 29 15 17 14
5 18 29 16 30 14
5 18 4 13 30 23
5 18 4 16 13 30
5 18 29 4 15 23
5 18 9 4 15 23
5 18 9 8 15 23
5 18 9 8 4 23
5 18 9 4 15 16
5 18 9 8 15 16
5 18 9 8 4 16
5 18 30 22 23 14
5 18 4 15 16 17
5 18 29 4 16 17
5 18 29 4 15 17
5 18 29 30 22 14
5 18 29 15 22 14
5 18 29 4 30 23
5 18 29 4 16 30
5 18 29 30 22 23
5 18 29 15 22 23
5 32 10 4 31 20
5 32 1 10 27 31
5 32 10 4 7 20
5 32 9 10 27 31
5 32 9 10 4 31
5 32 1 3 4 20
5 32 1 4 7 20
5 32 10 31 12 20
5 32 1 10 12 20
5 32 1 10 31 12
5 32 1 10 7 20
5 32 1 10 27 7
5 32 9 10 27 7
5 32 9 10 4 7
5 32 9 4 31 17
5 32 4 31 20 17
5 32 3 4 20 17
5 32 1 3 12 20
5 32 9 16 31 17
5 32 9 4 16 17
5 32 31 12 20 17
5 32 3 12 20 17
5 32 1 19 31 12
5 32 1 3 19 12
5 32 3 4 16 17
5 32 9 8 4 7
5 32 9 8 16 31
5 32 9 8 27 31
5 32 28 31 12 17
5 32 3 28 12 17
5 32 19 28 31 12
5 32 3 19 28 12
5 32 1 3 19 28
5 32 1 3 28 13
5 32 3 4 16 13
5 32 1 3 4 13
5 32 1 8 27 13
5 32 8 4 13 7
5 32 1 4 13 7
5 32 1 8 13 7
5 32 9 8 4 13
5 32 9 4 16 13
5 32 28 31 5 17
5 32 16 31 5 17
5 32 16 28 5 17
5 32 19 27 28 31
5 32 1 19 27 31
5 32 1 19 27 28
5 32 1 27 28 13
5 32 9 8 16 13
5 32 3 16 28 17
5 32 3 16 28 13
5 32 16 28 13 5
5 32 27 28 13 5
5 32 27 28 31 5
5 32 8 16 13 5
5 32 8 16 31 5
5 32 8 27 13 5
5 32 8 27 31 5
5 11 10 27 31 6
5 11 9 27 31 6
5 11 9 10 27 31
5 11 9 10 27 7
5 11 1 10 27 7
5 11 9 8 27 6
5 11 1 8 27 6
5 11 1 27 25 6
5 11 1 10 27 25
5 11 8 7 23 6
5 11 9 8 7 23
5 11 32 9 27 7
5 11 32 9 8 7
5 11 32 9 8 27
5 11 8 13 7 6
5 11 1 8 13 6
5 11 1 8 13 7
5 11 32 1 27 7
5 11 32 1 8 7
5 11 32 1 8 27
5 11 10 27 6 24
5 11 9 7 22 23
5 11 9 8 22 23
5 11 22 23 6 2
5 11 7 23 6 2
5 11 7 22 23 2
5 11 10 0 22 2
5 26 11 7 22 2
5 26 11 9 7 22
5 26 11 10 22 2
5 26 11 9 10 22
5 26 11 9 10 7
5 26 9 4 7 22
5 26 9 10 4 7
5 26 4 7 22 2
5 26 29 4 22 2
5 26 10 0 22 2
5 26 29 0 22 2
5 26 29 10 0 22
5 26 9 4 15 22
5 26 9 10 15 22
5 26 9 10 4 15
5 26 29 4 15 22
5 26 29 10 15 22
5 26 29 10 4 15
5 26 4 7 20 2
5 26 29 0 20 2
5 26 29 4 20 2
5 26 1 10 7 20
5 26 1 10 0 20
5 26 10 4 7 20
5 26 29 10 0 20
5 26 29 10 4 20
5 21 8 15 16 5
5 21 18 15 16 5
5 21 18 8 15 16
5 21 8 16 13 5
5 21 18 16 13 5
5 21 18 8 16 13
5 21 18 8 13 23
5 21 18 15 22 14
5 21 18 15 5 14
5 21 18 15 22 23
5 21 18 8 15 23
5 21 8 13 5 6
5 21 9 8 15 5
5 21 15 22 14 24
5 21 15 5 14 24
5 21 18 22 23 14
5 21 9 15 22 23
5 21 9 8 22 23
5 21 9 8 15 23
5 21 10 15 22 24
5 21 11 22 23 6
5 21 11 8 23 6
5 21 11 8 22 23
5 21 11 9 8 6
5 21 11 9 8 22
5 21 9 15 31 5
5 21 8 31 5 6
5 21 9 8 31 6
5 21 9 8 31 5
5 21 11 10 6 24
5 21 9 10 15 22
5 21 11 9 10 22
5 21 9 10 15 31
5 21 15 31 5 24
5 21 10 15 31 24
5 21 10 0 22 24
5 21 11 10 0 24
5 21 11 10 0 22
5 21 27 5 6 24
5 21 27 31 5 24
5 21 27 31 5 6
5 21 10 27 6 24
5 21 10 27 31 24
5 21 10 27 31 6
5 21 11 10 31 6
5 21 11 9 31 6
5 21 11 9 10 31
5 21 22 23 6 2
5 21 11 22 6 2
5 21 11 0 22 2
