306
5 4 3 23 0 30
5 14 4 10 32 0
5 26 12 21 17 30
5 26 4 23 0 30
5 26 4 17 23 30
5 26 14 4 23 0
5 1 4 17 23 30
5 1 4 31 17 30
5 1 4 3 23 30
5 1 4 3 31 30
5 1 12 31 17 30
5 1 12 27 21 23
5 1 12 27 23 30
5 1 12 3 31 30
5 1 12 21 23 30
5 1 12 21 17 30
5 1 26 17 23 30
5 1 26 21 23 30
5 1 26 21 17 30
5 1 26 21 17 23
5 6 27 21 17 22
5 6 1 12 31 17
5 6 1 27 21 17
5 6 1 12 21 17
5 6 1 12 27 21
5 2 12 3 31 30
5 2 12 31 17 30
5 2 6 12 31 17
5 11 6 12 27 21
5 11 6 1 12 27
5 11 6 1 15 27
5 11 2 6 12 31
5 11 2 6 15 31
5 11 1 15 27 31
5 11 6 1 12 31
5 11 6 1 15 31
5 11 15 27 3 31
5 11 2 12 3 31
5 11 2 15 3 31
5 11 1 27 3 31
5 11 1 12 3 31
5 11 1 12 27 3
5 25 11 12 27 21
5 25 12 27 21 23
5 25 6 27 21 22
5 25 11 6 27 22
5 25 11 6 27 21
5 25 11 6 12 22
5 25 11 6 12 21
5 25 12 21 23 30
5 25 26 23 0 30
5 25 26 14 23 0
5 25 26 21 23 30
5 25 26 14 21 23
5 29 26 4 0 30
5 29 26 4 17 30
5 29 4 31 17 30
5 29 14 4 10 0
5 29 26 14 4 0
5 29 4 3 0 30
5 29 4 3 31 30
5 29 4 10 32 0
5 8 14 4 10 32
5 8 26 4 17 23
5 8 26 14 4 23
5 8 25 26 21 22
5 16 1 4 31 17
5 16 1 4 3 31
5 16 4 31 17 32
5 16 4 3 31 32
5 16 1 4 17 23
5 16 8 4 17 23
5 16 1 4 3 23
5 16 1 27 3 23
5 24 6 1 15 31
5 24 6 1 31 17
5 24 16 1 31 17
5 24 6 27 17 22
5 24 6 1 27 17
5 24 11 15 27 22
5 24 11 6 27 22
5 24 11 6 15 22
5 24 11 6 15 27
5 7 24 31 17 32
5 19 11 6 15 22
5 19 11 2 6 15
5 19 11 2 6 12
5 19 24 6 15 22
5 19 7 24 10 22
5 19 7 24 6 22
5 19 2 6 15 31
5 19 24 6 15 31
5 19 7 24 10 32
5 19 24 6 31 17
5 19 7 6 31 17
5 19 7 24 31 17
5 19 7 24 6 17
5 19 7 24 31 32
5 13 25 26 14 0
5 13 29 14 10 0
5 13 29 26 14 0
5 13 29 26 14 10
5 13 25 26 0 30
5 13 29 26 0 30
5 13 8 26 14 10
5 13 8 25 26 14
5 13 8 25 26 22
5 13 26 12 21 30
5 13 25 12 21 30
5 13 25 26 21 30
5 13 19 7 10 22
5 13 25 26 21 22
5 13 25 6 12 21
5 13 19 11 15 22
5 13 19 11 2 15
5 13 19 11 2 12
5 13 25 6 12 22
5 13 19 2 6 12
5 13 19 7 6 22
5 13 25 6 21 22
5 13 11 6 12 22
5 13 19 11 6 22
5 13 19 11 6 12
5 9 19 3 31 32
5 9 4 3 31 32
5 9 29 4 3 32
5 9 29 4 3 31
5 9 2 3 31 30
5 9 29 3 31 30
5 9 19 7 31 32
5 9 19 7 10 32
5 9 29 4 10 32
5 9 7 4 10 32
5 9 7 29 4 10
5 9 19 15 3 32
5 9 2 15 3 31
5 9 19 15 3 31
5 9 19 2 15 31
5 9 2 31 17 30
5 9 29 31 17 30
5 9 4 31 17 32
5 9 7 31 17 32
5 9 7 4 17 32
5 9 29 4 31 17
5 9 7 29 4 17
5 9 19 2 6 31
5 9 13 29 2 10
5 9 13 19 2 10
5 9 13 19 7 10
5 9 13 19 7 2
5 28 29 26 14 4
5 28 8 26 14 4
5 28 29 14 4 10
5 28 8 14 4 10
5 28 29 26 14 10
5 28 8 26 14 10
5 28 29 26 4 17
5 28 8 26 4 17
5 28 7 29 4 17
5 28 7 29 4 10
5 28 8 4 10 32
5 28 7 4 17 32
5 28 7 4 10 32
5 28 16 4 17 32
5 28 16 8 4 32
5 28 16 8 4 17
5 28 13 8 26 10
5 28 7 24 17 32
5 28 7 24 10 32
5 28 8 26 21 22
5 28 13 8 10 22
5 28 13 7 10 22
5 28 13 8 26 22
5 28 8 10 32 22
5 28 24 10 32 22
5 28 24 8 32 22
5 28 7 24 10 22
5 28 27 21 17 22
5 28 6 21 17 22
5 28 13 26 21 22
5 28 24 6 17 22
5 28 7 24 6 22
5 28 7 24 6 17
5 20 16 31 17 32
5 20 24 31 17 32
5 20 24 16 31 17
5 20 28 16 17 32
5 20 28 24 17 32
5 20 16 3 31 32
5 20 28 16 8 32
5 20 28 24 8 32
5 20 28 16 27 17
5 20 16 1 3 31
5 20 24 16 1 31
5 20 28 24 8 22
5 20 16 1 27 17
5 20 24 1 27 17
5 20 24 16 1 17
5 20 24 27 17 22
5 20 28 27 17 22
5 20 28 24 17 22
5 20 19 3 31 32
5 20 19 15 3 32
5 20 19 15 3 31
5 20 19 24 31 32
5 20 19 24 15 32
5 20 19 24 15 31
5 20 24 1 15 31
5 20 16 1 27 3
5 20 24 8 32 22
5 20 24 15 27 22
5 20 15 27 3 31
5 20 1 27 3 31
5 20 1 15 27 31
5 20 6 1 15 27
5 20 24 6 15 27
5 20 24 6 1 27
5 20 24 6 1 15
5 18 13 29 26 30
5 18 9 29 17 30
5 18 9 7 29 17
5 18 13 29 2 30
5 18 9 29 2 30
5 18 9 13 29 2
5 18 9 13 7 2
5 18 9 7 29 10
5 18 9 13 29 10
5 18 9 13 7 10
5 18 29 26 17 30
5 18 13 29 26 10
5 18 9 2 17 30
5 18 28 29 26 17
5 18 28 7 29 17
5 18 13 26 12 30
5 18 13 2 12 30
5 18 28 29 26 10
5 18 28 7 29 10
5 18 28 13 26 10
5 18 28 13 7 10
5 18 26 12 17 30
5 18 2 12 17 30
5 18 28 26 21 17
5 18 13 26 12 21
5 18 13 2 6 12
5 18 28 13 26 21
5 18 2 6 12 17
5 18 2 6 31 17
5 18 9 2 31 17
5 18 9 2 6 31
5 18 7 6 31 17
5 18 9 7 31 17
5 18 9 19 2 6
5 18 9 19 7 2
5 18 26 12 21 17
5 18 28 6 21 17
5 18 28 7 6 17
5 18 13 6 12 21
5 18 13 19 2 6
5 18 13 19 7 6
5 18 13 19 7 2
5 18 28 13 21 22
5 18 28 13 7 22
5 18 6 12 21 17
5 18 19 7 6 31
5 18 9 19 6 31
5 18 9 19 7 31
5 18 28 6 21 22
5 18 28 7 6 22
5 18 13 6 21 22
5 18 13 7 6 22
5 5 20 28 16 27
5 5 20 28 16 8
5 5 20 16 8 32
5 5 20 28 27 22
5 5 20 28 8 22
5 5 16 1 27 23
5 5 16 1 27 17
5 5 28 16 27 17
5 5 28 16 8 17
5 5 20 8 32 22
5 5 28 27 21 22
5 5 28 8 21 22
5 5 1 27 21 23
5 5 16 27 3 23
5 5 16 1 17 23
5 5 16 8 17 23
5 5 1 27 21 17
5 5 28 27 21 17
5 5 16 8 4 32
5 5 25 27 21 22
5 5 8 25 21 22
5 5 25 27 21 23
5 5 1 21 17 23
5 5 16 8 4 23
5 5 28 26 21 17
5 5 28 8 26 17
5 5 28 8 26 21
5 5 25 14 21 23
5 5 26 21 17 23
5 5 8 26 17 23
5 5 8 14 4 23
5 5 26 14 21 23
5 5 8 26 14 23
5 5 25 26 14 21
5 5 8 25 26 21
5 5 8 25 26 14
