137
5 5 11 7 18 14
5 5 17 7 1 18
5 12 17 10 1 18
5 12 17 11 1 18
5 12 9 17 7 18
5 13 12 9 16 10
5 8 5 10 1 18
5 8 12 10 1 18
5 8 9 5 10 18
5 8 12 9 10 18
5 8 12 9 16 10
5 8 12 16 11 14
5 2 12 11 1 18
5 2 17 11 1 18
5 2 5 17 1 18
5 2 8 5 1 18
5 2 8 12 1 18
5 2 8 12 5 18
5 2 17 11 7 18
5 2 5 11 7 18
5 2 5 17 7 18
5 2 17 11 7 1
5 2 5 17 7 1
5 2 11 7 1 14
5 2 5 7 1 14
5 2 5 11 7 14
5 2 8 16 11 14
5 2 13 16 1 14
5 2 8 5 10 1
5 4 2 12 11 18
5 4 2 12 5 18
5 4 11 7 18 14
5 4 12 9 7 18
5 4 8 9 5 18
5 4 8 12 5 18
5 4 8 12 9 18
5 4 8 12 16 14
5 4 8 12 9 16
5 4 17 11 7 18
5 4 12 17 7 18
5 4 12 17 11 18
5 4 12 17 11 7
5 4 8 9 5 10
5 4 8 9 16 10
5 0 4 11 7 14
5 0 11 7 1 14
5 0 4 12 11 7
5 0 4 12 9 7
5 0 4 12 9 11
5 0 12 17 11 7
5 0 12 9 17 7
5 3 5 11 18 14
5 3 4 11 18 14
5 3 4 5 18 14
5 3 2 5 11 14
5 3 2 5 11 18
5 3 4 2 11 18
5 3 4 2 5 18
5 3 4 12 11 14
5 3 4 2 12 11
5 3 8 12 11 14
5 3 2 8 11 14
5 3 2 8 12 11
5 3 4 8 12 14
5 3 2 8 16 14
5 3 4 8 5 10
5 3 2 8 12 5
5 3 4 8 12 5
5 3 4 2 12 5
5 3 2 16 1 14
5 3 2 8 5 10
5 3 2 8 16 10
5 3 4 8 16 14
5 3 4 8 16 10
5 3 2 5 10 1
5 3 2 16 10 1
5 15 0 9 16 14
5 15 0 13 16 14
5 15 0 12 9 11
5 15 4 12 9 11
5 15 4 12 9 16
5 15 4 9 16 14
5 15 0 4 11 14
5 15 0 4 9 14
5 15 0 4 9 11
5 15 2 16 11 14
5 15 2 13 16 14
5 15 0 11 1 14
5 15 0 13 1 14
5 15 0 12 17 11
5 15 12 16 11 14
5 15 4 12 11 14
5 15 4 12 16 14
5 15 8 12 16 11
5 15 2 8 16 11
5 15 2 8 12 11
5 15 2 11 1 14
5 15 2 13 1 14
5 15 0 11 7 1
5 15 0 13 7 1
5 15 0 17 11 7
5 15 17 11 7 1
5 6 0 13 9 16
5 6 15 0 9 16
5 6 15 0 13 16
5 6 13 12 9 16
5 6 15 12 9 16
5 6 15 0 12 9
5 6 13 12 16 10
5 6 0 12 9 17
5 6 15 0 12 17
5 6 8 12 16 10
5 6 15 8 12 16
5 6 15 2 13 16
5 6 13 12 9 10
5 6 15 0 17 7
5 6 15 0 13 7
5 6 2 8 16 10
5 6 15 2 8 16
5 6 15 2 8 12
5 6 13 16 10 1
5 6 2 16 10 1
5 6 2 13 16 1
5 6 15 2 13 1
5 6 12 17 10 1
5 6 12 17 11 1
5 6 15 17 11 1
5 6 15 12 17 11
5 6 13 17 7 1
5 6 15 17 7 1
5 6 15 13 7 1
5 6 8 12 10 1
5 6 2 8 10 1
5 6 2 8 12 1
5 6 2 12 11 1
5 6 15 2 11 1
5 6 15 2 12 11
