214
5 23 11 22 0 8
5 18 3 17 0 21
5 18 3 22 17 0
5 19 1 6 9 21
5 19 3 17 0 21
5 19 3 1 11 9
5 19 3 1 11 0
5 10 19 6 17 21
5 10 19 1 6 21
5 25 6 9 13 21
5 25 19 6 9 21
5 25 19 6 17 21
5 25 10 19 6 17
5 25 18 23 6 13
5 25 10 18 23 6
5 25 23 6 13 8
5 25 20 23 13 8
5 25 10 23 6 8
5 25 20 18 23 8
5 25 10 18 23 8
5 25 10 20 18 8
5 15 18 3 17 21
5 15 25 18 17 21
5 15 19 3 9 21
5 15 19 3 17 21
5 15 19 3 17 9
5 15 3 22 17 9
5 15 18 3 22 17
5 15 25 19 17 21
5 24 23 11 13 8
5 24 20 23 13 8
5 24 23 11 22 0
5 7 19 1 11 9
5 7 19 3 11 9
5 7 19 1 11 0
5 7 24 23 11 8
5 7 24 20 23 8
5 7 24 23 11 22
5 7 24 20 23 22
5 7 19 3 17 9
5 7 19 3 17 0
5 7 19 3 11 0
5 7 23 11 22 8
5 7 20 23 22 8
5 7 11 22 0 8
5 7 24 11 22 0
5 7 3 22 17 0
5 5 25 18 6 21
5 5 25 10 18 6
5 5 10 6 17 21
5 5 25 6 17 21
5 5 25 10 6 17
5 5 25 18 17 21
5 5 18 17 0 21
5 5 19 1 0 21
5 5 10 19 1 21
5 5 19 17 0 21
5 5 10 19 17 21
5 5 18 22 17 0
5 5 10 20 18 8
5 5 25 10 20 18
5 5 7 22 17 0
5 5 7 19 17 0
5 5 7 19 1 0
5 5 1 11 0 8
5 5 7 11 0 8
5 5 7 1 11 8
5 5 7 1 11 0
5 5 23 22 0 8
5 5 18 23 0 8
5 5 18 23 22 0
5 5 7 22 0 8
5 5 20 23 22 8
5 5 20 18 23 8
5 5 20 18 23 22
5 16 25 19 9 21
5 16 15 19 9 21
5 16 15 25 19 21
5 16 25 9 13 21
5 16 15 25 13 21
5 16 25 19 17 9
5 16 15 19 17 9
5 16 15 25 19 17
5 16 15 25 18 13
5 16 15 18 23 13
5 16 15 18 23 22
5 14 15 18 22 17
5 14 15 25 18 17
5 14 5 18 22 17
5 14 5 25 18 17
5 14 16 15 22 17
5 14 16 15 25 17
5 14 16 15 18 22
5 14 16 15 25 18
5 14 5 20 18 22
5 14 5 25 20 18
5 14 16 25 17 9
5 14 16 25 18 13
5 14 25 19 17 9
5 14 25 20 9 13
5 14 16 25 9 13
5 14 20 18 23 22
5 14 16 18 23 13
5 14 16 18 23 22
5 14 25 18 23 13
5 14 25 20 23 13
5 14 25 20 18 23
5 4 24 11 9 13
5 4 16 15 9 13
5 4 16 15 23 13
5 4 7 3 11 9
5 4 7 24 11 9
5 4 15 3 22 9
5 4 16 15 22 9
5 4 16 15 23 22
5 4 7 3 22 9
5 4 7 3 11 0
5 4 7 24 11 0
5 4 24 23 22 0
5 4 15 18 3 22
5 4 15 18 23 22
5 4 7 3 22 0
5 4 7 24 22 0
5 4 18 3 22 0
5 4 18 23 22 0
5 12 14 25 20 9
5 12 14 25 19 9
5 12 7 19 1 9
5 12 14 25 19 17
5 12 7 19 17 9
5 12 14 19 17 9
5 12 19 1 6 9
5 12 25 19 6 9
5 12 25 10 19 17
5 12 14 5 25 17
5 12 14 5 25 20
5 12 1 9 13 8
5 12 25 20 13 8
5 12 25 20 9 13
5 12 1 11 9 8
5 12 7 1 11 8
5 12 7 1 11 9
5 12 7 24 20 8
5 12 25 10 20 8
5 12 1 6 9 13
5 12 25 6 9 13
5 12 10 19 1 6
5 12 25 10 19 6
5 12 5 25 10 17
5 12 5 25 10 20
5 12 14 5 22 17
5 12 14 5 20 22
5 12 5 7 22 17
5 12 1 6 13 8
5 12 25 6 13 8
5 12 24 20 13 8
5 12 24 20 9 13
5 12 7 24 11 8
5 12 7 24 11 9
5 12 10 1 6 8
5 12 25 10 6 8
5 12 5 10 1 8
5 12 5 7 1 8
5 12 5 10 20 8
5 12 5 10 19 17
5 12 5 10 19 1
5 12 5 7 19 17
5 12 5 7 19 1
5 12 7 20 22 8
5 12 5 20 22 8
5 12 5 7 22 8
5 12 11 9 13 8
5 12 24 11 13 8
5 12 24 11 9 13
5 2 14 16 17 9
5 2 14 16 22 17
5 2 15 22 17 9
5 2 16 15 17 9
5 2 16 15 22 9
5 2 16 15 22 17
5 2 4 16 22 9
5 2 3 22 17 9
5 2 7 3 17 9
5 2 7 3 22 9
5 2 7 3 22 17
5 2 12 7 17 9
5 2 12 14 17 9
5 2 12 7 22 17
5 2 12 14 22 17
5 2 14 16 9 13
5 2 4 16 9 13
5 2 12 14 20 9
5 2 4 7 22 9
5 2 12 7 20 22
5 2 12 14 20 22
5 2 14 20 9 13
5 2 14 20 23 22
5 2 14 16 23 13
5 2 14 16 23 22
5 2 4 16 23 13
5 2 4 16 23 22
5 2 7 24 20 22
5 2 4 7 24 22
5 2 24 20 9 13
5 2 4 24 9 13
5 2 14 20 23 13
5 2 24 20 23 22
5 2 4 24 23 22
5 2 12 24 20 9
5 2 4 7 24 9
5 2 12 7 24 9
5 2 12 7 24 20
5 2 24 20 23 13
5 2 4 24 23 13
