192
5 18 25 11 1 10
5 18 25 17 1 10
5 18 25 17 11 10
5 2 6 17 3 5
5 2 25 17 11 10
5 2 25 21 11 10
5 2 25 21 17 10
5 4 2 6 17 11
5 4 2 6 7 11
5 4 2 6 7 17
5 4 0 6 7 11
5 4 18 25 17 11
5 4 0 7 11 1
5 4 2 21 11 10
5 4 18 21 7 10
5 4 18 25 11 1
5 4 0 25 11 1
5 4 18 25 17 1
5 4 7 11 1 10
5 4 18 11 1 10
5 4 18 7 1 10
5 24 14 23 3 5
5 24 0 23 6 7
5 9 14 25 17 5
5 9 14 25 21 5
5 20 0 14 25 1
5 20 9 14 25 17
5 20 14 25 17 5
5 20 0 14 25 5
5 20 4 25 17 11
5 20 4 0 25 11
5 20 4 6 17 11
5 20 9 14 17 5
5 20 2 25 17 5
5 20 2 6 17 5
5 20 0 25 11 5
5 20 0 6 11 5
5 20 0 14 23 5
5 20 24 14 23 5
5 20 2 25 17 11
5 20 2 6 17 11
5 20 2 25 11 5
5 20 2 6 11 5
5 20 0 23 6 5
5 20 24 23 6 5
5 20 24 0 23 6
5 12 4 18 7 17
5 12 2 21 17 10
5 12 4 2 21 10
5 12 4 18 21 10
5 12 2 17 11 10
5 12 4 2 11 10
5 12 4 2 17 11
5 12 18 17 11 10
5 12 4 18 11 10
5 12 4 18 17 11
5 19 9 7 17 3
5 19 6 7 17 3
5 19 2 6 17 3
5 19 2 6 7 3
5 19 2 6 7 17
5 19 12 2 21 17
5 19 2 17 3 5
5 19 9 17 3 5
5 19 12 21 17 10
5 19 4 2 7 17
5 19 12 4 7 17
5 19 12 4 2 17
5 19 4 2 21 7
5 19 12 4 2 21
5 19 2 25 17 5
5 19 2 25 21 5
5 19 2 25 21 17
5 19 9 25 17 5
5 19 9 25 21 5
5 19 4 18 21 7
5 19 12 4 18 7
5 19 12 4 18 21
5 13 18 7 1 10
5 13 18 21 7 10
5 13 18 17 1 10
5 13 12 18 21 10
5 13 19 18 21 7
5 13 25 17 1 10
5 13 12 18 17 10
5 13 12 18 7 17
5 13 19 12 18 21
5 13 19 12 18 7
5 8 13 25 1 10
5 8 13 25 17 10
5 8 25 21 17 10
5 8 9 25 21 10
5 8 19 21 17 10
5 8 19 25 21 17
5 8 19 9 25 17
5 8 19 9 25 21
5 8 19 12 17 10
5 8 13 12 17 10
5 8 19 12 21 10
5 22 0 14 23 1
5 22 0 23 7 1
5 22 20 0 14 1
5 22 20 0 14 23
5 22 13 18 7 1
5 22 24 0 23 7
5 22 20 24 0 23
5 22 20 14 25 1
5 22 9 24 14 23
5 22 20 24 14 23
5 22 4 18 7 1
5 22 4 0 7 1
5 22 13 18 17 1
5 22 9 24 14 3
5 22 4 18 7 17
5 22 13 18 7 17
5 22 24 0 6 7
5 22 20 24 0 6
5 22 9 7 17 3
5 22 9 24 7 3
5 22 4 18 17 1
5 22 4 0 25 1
5 22 20 0 25 1
5 22 20 4 0 25
5 22 24 14 3 5
5 22 20 24 14 5
5 22 9 14 3 5
5 22 20 9 14 5
5 22 4 0 6 7
5 22 6 7 17 3
5 22 24 6 7 3
5 22 4 25 17 1
5 22 20 4 25 17
5 22 9 17 3 5
5 22 20 9 17 5
5 22 24 6 3 5
5 22 20 24 6 5
5 22 4 6 7 17
5 22 20 4 6 17
5 22 4 0 6 11
5 22 20 0 6 11
5 22 20 4 6 11
5 22 20 4 0 11
5 22 6 17 3 5
5 22 20 6 17 5
5 15 13 12 21 10
5 15 8 12 21 10
5 15 8 13 21 10
5 15 8 13 12 10
5 15 13 19 12 21
5 15 8 19 12 21
5 15 13 19 21 7
5 15 13 19 12 7
5 15 8 19 9 21
5 15 19 12 7 17
5 15 8 19 12 17
5 15 13 12 7 17
5 15 8 13 12 17
5 15 19 9 7 17
5 15 8 19 9 17
5 15 22 9 7 17
5 15 22 13 7 17
5 16 9 14 23 1
5 16 22 14 23 1
5 16 22 9 14 23
5 16 9 14 25 1
5 16 22 14 25 1
5 16 22 13 7 1
5 16 20 9 14 25
5 16 22 20 14 25
5 16 22 20 9 14
5 16 15 13 9 7
5 16 15 22 9 7
5 16 15 22 13 7
5 16 9 25 1 10
5 16 8 25 1 10
5 16 8 9 25 10
5 16 22 25 17 1
5 16 8 9 25 17
5 16 20 9 25 17
5 16 22 20 25 17
5 16 22 20 9 17
5 16 8 13 1 10
5 16 22 13 17 1
5 16 13 25 17 1
5 16 8 13 25 1
5 16 8 13 25 17
5 16 15 8 9 17
5 16 15 22 9 17
5 16 8 9 21 10
5 16 8 13 21 10
5 16 15 8 13 17
5 16 15 22 13 17
