312
5 2 14 7 18 3
5 15 14 7 18 3
5 17 5 6 4 13
5 17 5 23 4 13
5 21 17 23 32 14
5 31 21 32 14 18
5 31 21 17 32 14
5 20 21 2 14 18
5 0 17 5 23 4
5 0 17 23 32 14
5 16 0 28 17 4
5 16 24 6 4 13
5 16 28 31 17 1
5 16 0 28 31 1
5 16 0 28 31 17
5 22 21 32 18 3
5 22 31 21 32 18
5 22 9 5 32 3
5 22 0 5 4 32
5 22 0 5 23 32
5 22 0 5 23 4
5 22 21 17 23 32
5 22 31 21 17 32
5 22 0 17 23 32
5 22 0 31 17 32
5 22 0 21 17 23
5 22 0 31 21 17
5 11 2 14 7 18
5 11 20 24 6 13
5 11 21 2 14 18
5 11 20 17 6 13
5 11 20 21 2 14
5 11 20 17 23 13
5 11 21 17 23 14
5 11 20 21 17 23
5 11 17 5 23 13
5 8 9 5 4 32
5 8 0 5 4 32
5 8 0 23 32 14
5 8 0 5 23 14
5 8 0 5 23 32
5 8 0 28 32 14
5 8 32 14 18 3
5 10 0 28 17 14
5 10 0 28 31 17
5 10 31 17 32 14
5 10 0 17 32 14
5 10 0 31 17 32
5 10 28 31 32 14
5 10 0 28 32 14
5 10 0 28 31 32
5 10 28 31 14 1
5 10 31 21 14 18
5 10 31 21 17 14
5 10 11 21 14 18
5 10 11 21 17 14
5 10 11 14 7 18
5 10 31 21 2 18
5 10 11 21 2 18
5 10 31 21 17 2
5 10 17 5 23 14
5 10 11 5 23 14
5 10 11 17 23 14
5 10 11 17 5 23
5 10 24 15 14 7
5 10 11 24 14 7
5 10 20 21 17 2
5 10 11 20 21 2
5 10 11 20 21 17
5 10 17 5 6 13
5 10 11 17 6 13
5 10 11 17 5 13
5 10 11 24 6 13
5 10 16 24 15 1
5 10 20 17 2 6
5 10 11 20 2 6
5 10 11 20 17 6
5 27 8 9 5 4
5 27 8 0 5 14
5 27 8 0 5 4
5 27 11 5 14 13
5 27 11 24 14 13
5 27 5 6 4 13
5 27 24 6 4 13
5 27 0 17 5 4
5 27 8 0 28 14
5 27 8 0 28 4
5 27 16 19 4 13
5 27 16 24 4 13
5 27 16 24 19 13
5 27 10 11 5 13
5 27 10 11 24 13
5 27 10 11 5 14
5 27 10 5 6 13
5 27 10 24 6 13
5 27 10 17 5 14
5 27 17 5 23 14
5 27 0 5 23 14
5 27 0 17 23 14
5 27 0 17 5 23
5 27 16 28 19 4
5 27 17 5 6 4
5 27 10 17 6 4
5 27 10 17 5 6
5 25 0 28 4 32
5 25 8 0 4 32
5 25 8 0 28 32
5 25 8 0 28 4
5 25 28 9 4 32
5 25 8 9 4 32
5 25 27 8 9 4
5 25 27 8 28 4
5 25 8 32 18 3
5 25 8 9 32 3
5 25 8 32 14 18
5 25 8 28 32 14
5 25 27 28 19 4
5 25 8 14 18 3
5 25 8 9 14 3
5 25 31 32 14 18
5 25 28 31 32 14
5 25 15 14 18 3
5 25 28 31 32 1
5 25 31 15 14 18
5 25 16 28 4 1
5 25 16 28 19 1
5 25 16 28 19 4
5 25 31 32 18 3
5 25 31 15 3 1
5 25 31 15 18 3
5 25 9 19 15 3
5 25 9 31 32 3
5 25 31 15 14 1
5 25 28 31 14 1
5 25 16 19 15 1
5 25 15 14 7 3
5 25 19 15 7 3
5 29 31 15 14 1
5 29 10 15 14 1
5 29 10 31 14 1
5 29 31 15 14 18
5 29 10 31 14 18
5 29 31 15 7 18
5 29 15 14 7 18
5 29 10 14 7 18
5 29 10 15 14 7
5 29 10 16 15 1
5 29 31 2 7 18
5 29 10 31 2 18
5 29 16 31 17 1
5 29 16 31 17 6
5 29 10 16 17 6
5 29 10 24 15 7
5 29 28 31 17 1
5 29 10 28 31 1
5 29 10 28 31 17
5 29 31 17 2 6
5 29 10 17 2 6
5 29 10 31 17 2
5 29 10 11 2 6
5 29 11 2 7 18
5 29 10 11 7 18
5 29 10 11 2 18
5 29 16 28 17 1
5 29 10 16 28 1
5 29 10 16 28 17
5 12 10 11 24 14
5 12 27 11 24 14
5 12 27 10 11 14
5 12 27 10 11 24
5 12 10 28 14 1
5 12 10 28 17 14
5 12 27 10 17 14
5 12 10 15 14 1
5 12 10 24 15 1
5 12 10 24 15 14
5 12 10 16 24 1
5 12 10 16 28 1
5 12 25 27 28 19
5 12 27 16 24 19
5 12 27 16 28 19
5 12 0 28 17 14
5 12 27 0 17 14
5 12 27 0 28 14
5 12 27 10 17 4
5 12 27 16 24 4
5 12 27 16 28 4
5 12 27 24 6 4
5 12 27 10 6 4
5 12 27 10 24 6
5 12 25 28 14 1
5 12 25 28 19 1
5 12 16 28 19 1
5 12 27 8 28 14
5 12 25 8 28 14
5 12 25 27 8 28
5 12 0 28 17 4
5 12 27 0 17 4
5 12 27 0 28 4
5 12 16 28 17 4
5 12 10 16 28 17
5 12 16 24 6 4
5 12 10 16 24 6
5 12 25 15 14 1
5 12 25 19 15 1
5 12 16 19 15 1
5 12 16 24 15 1
5 12 16 24 19 15
5 12 24 15 14 7
5 12 24 19 15 7
5 12 25 14 7 3
5 12 25 19 7 3
5 12 25 9 14 3
5 12 25 9 19 3
5 12 25 8 9 14
5 12 25 27 9 19
5 12 25 27 8 9
5 12 16 17 6 4
5 12 10 17 6 4
5 12 10 16 17 6
5 12 25 15 14 7
5 12 25 19 15 7
5 26 27 24 14 13
5 26 12 27 24 14
5 26 20 24 7 13
5 26 11 24 14 13
5 26 11 20 24 13
5 26 27 5 14 13
5 26 27 8 5 14
5 26 12 27 8 14
5 26 24 19 7 13
5 26 27 24 19 13
5 26 12 14 7 3
5 26 12 24 14 7
5 26 20 21 2 13
5 26 20 21 23 13
5 26 20 21 14 18
5 26 11 20 23 13
5 26 11 24 14 7
5 26 11 20 24 7
5 26 2 14 7 3
5 26 8 32 14 3
5 26 9 5 3 13
5 26 27 9 5 13
5 26 27 8 9 5
5 26 12 27 8 9
5 26 8 9 14 3
5 26 12 9 14 3
5 26 12 8 9 14
5 26 12 24 19 7
5 26 12 27 24 19
5 26 12 19 7 3
5 26 21 2 18 3
5 26 20 21 2 18
5 26 21 5 23 13
5 26 11 21 23 14
5 26 11 20 21 14
5 26 11 20 21 23
5 26 32 14 18 3
5 26 21 32 18 3
5 26 21 32 14 18
5 26 2 14 18 3
5 26 20 2 14 18
5 26 11 5 14 13
5 26 11 5 23 13
5 26 11 5 23 14
5 26 11 2 14 7
5 26 11 20 2 7
5 26 11 20 2 14
5 26 22 5 3 13
5 26 22 21 3 13
5 26 22 21 5 13
5 26 8 5 23 14
5 26 21 23 32 14
5 26 8 23 32 14
5 26 9 5 32 3
5 26 8 9 32 3
5 26 8 9 5 32
5 26 27 9 19 3
5 26 12 9 19 3
5 26 12 27 9 19
5 26 22 5 32 3
5 26 22 21 32 3
5 26 8 5 23 32
5 26 22 5 23 32
5 26 22 21 23 32
5 26 22 21 5 23
5 30 29 11 2 7
5 30 29 11 2 6
5 30 11 20 2 7
5 30 11 20 2 6
5 30 11 20 24 7
5 30 11 20 24 6
5 30 10 11 24 7
5 30 29 10 24 7
5 30 29 10 11 7
5 30 29 24 15 7
5 30 29 16 15 7
5 30 10 16 24 6
5 30 10 11 24 6
5 30 29 10 16 6
5 30 29 10 11 6
5 30 20 24 7 13
5 30 20 24 6 13
5 30 16 24 6 13
5 30 24 19 15 7
5 30 16 19 15 7
5 30 16 24 19 15
5 30 10 16 24 15
5 30 29 10 24 15
5 30 29 10 16 15
5 30 16 24 19 13
