202
5 11 25 8 17 0
5 11 25 10 5 0
5 9 14 1 7 4
5 2 9 14 18 17
5 2 9 14 7 18
5 23 11 25 10 0
5 23 11 17 5 0
5 23 11 10 5 0
5 6 14 1 7 4
5 6 2 14 7 4
5 16 9 8 18 17
5 16 9 11 8 17
5 16 11 25 8 17
5 16 23 11 18 17
5 16 11 25 17 0
5 16 23 11 17 0
5 16 23 11 25 0
5 16 23 11 10 18
5 16 23 11 25 10
5 24 16 23 10 18
5 24 16 8 18 17
5 24 16 23 18 17
5 24 16 25 8 17
5 24 25 8 17 0
5 24 23 8 17 0
5 24 16 25 17 0
5 24 16 23 17 0
5 24 16 23 25 0
5 21 9 14 1 7
5 21 6 14 1 7
5 21 9 14 7 18
5 21 6 14 7 18
5 21 24 9 7 18
5 21 24 6 7 18
5 21 24 25 8 7
5 21 24 9 8 7
5 21 16 9 8 18
5 21 24 9 8 18
5 21 24 16 8 18
5 21 24 16 25 8
5 15 6 10 4 0
5 15 6 23 10 0
5 15 6 2 14 4
5 15 23 10 5 0
5 15 23 17 5 0
5 15 11 10 18 5
5 15 23 11 10 5
5 15 23 11 10 18
5 15 23 2 17 0
5 15 11 18 17 5
5 15 23 11 17 5
5 15 23 11 18 17
5 15 2 14 18 17
5 3 6 10 12 0
5 3 21 6 25 12
5 3 23 25 10 0
5 3 6 23 10 0
5 3 24 23 25 0
5 3 24 23 25 10
5 3 21 24 25 7
5 3 21 24 6 7
5 3 15 6 23 10
5 3 25 8 7 0
5 3 24 8 7 0
5 3 24 25 8 0
5 3 24 25 8 7
5 3 6 2 7 0
5 3 15 6 23 0
5 3 15 6 10 18
5 3 24 23 10 18
5 3 15 23 10 18
5 19 16 11 18 17
5 19 16 9 18 17
5 19 16 9 11 17
5 19 11 18 17 5
5 19 9 14 18 17
5 19 11 10 18 5
5 19 16 11 10 5
5 19 16 11 10 18
5 19 15 18 17 5
5 19 15 14 17 5
5 19 15 14 18 17
5 19 14 17 5 4
5 19 9 14 17 4
5 19 15 10 18 5
5 19 9 14 1 4
5 19 15 10 5 4
5 19 15 14 5 4
5 19 15 6 10 18
5 19 15 6 14 18
5 19 6 14 1 4
5 19 21 9 14 18
5 19 21 9 14 1
5 19 10 5 4 12
5 19 1 5 4 12
5 19 15 6 10 4
5 19 15 6 14 4
5 19 6 10 4 12
5 19 6 1 4 12
5 19 21 6 14 18
5 19 21 6 14 1
5 13 21 16 9 8
5 13 19 21 9 1
5 13 19 16 11 5
5 13 19 10 5 12
5 13 19 16 10 5
5 13 11 25 5 0
5 13 11 25 10 5
5 13 16 11 10 5
5 13 16 11 25 10
5 13 25 10 5 0
5 13 3 10 12 0
5 13 3 25 12 0
5 13 3 25 10 0
5 13 3 6 10 12
5 13 3 6 25 12
5 20 3 24 23 18
5 20 3 15 23 18
5 20 3 24 6 18
5 20 3 15 6 18
5 20 24 23 18 17
5 20 15 2 18 17
5 20 15 23 18 17
5 20 15 23 2 17
5 20 15 2 14 18
5 20 15 6 14 18
5 20 3 24 23 0
5 20 15 23 2 0
5 20 3 15 23 0
5 20 24 8 18 17
5 20 24 23 8 17
5 20 2 14 7 18
5 20 15 6 2 14
5 20 6 14 7 18
5 20 24 6 7 18
5 20 3 6 2 7
5 20 3 24 6 7
5 20 15 6 2 0
5 20 3 6 2 0
5 20 3 15 6 0
5 20 24 23 8 0
5 20 3 2 7 0
5 20 3 24 7 0
5 20 9 8 18 17
5 20 2 9 18 17
5 20 2 9 8 17
5 20 24 9 8 18
5 20 2 8 17 0
5 20 23 8 17 0
5 20 23 2 17 0
5 20 2 9 7 18
5 20 24 9 7 18
5 20 6 2 14 7
5 20 2 8 7 0
5 20 24 8 7 0
5 20 2 9 8 7
5 20 24 9 8 7
5 22 21 16 25 8
5 22 13 16 25 8
5 22 13 21 25 8
5 22 13 21 16 8
5 22 21 24 16 18
5 22 21 24 16 25
5 22 13 16 25 10
5 22 24 16 10 18
5 22 13 3 25 10
5 22 19 16 10 18
5 22 13 19 16 10
5 22 21 24 6 18
5 22 21 16 9 18
5 22 19 16 9 18
5 22 19 21 9 18
5 22 19 21 6 18
5 22 13 21 16 9
5 22 13 19 16 9
5 22 13 19 21 9
5 22 3 24 10 18
5 22 3 24 25 10
5 22 16 23 25 10
5 22 24 23 25 10
5 22 24 16 23 10
5 22 24 16 23 25
5 22 3 6 10 18
5 22 13 3 6 10
5 22 19 6 10 18
5 22 3 24 6 18
5 22 13 3 6 25
5 22 3 21 6 25
5 22 3 21 24 25
5 22 3 21 24 6
5 22 21 6 25 12
5 22 13 6 25 12
5 22 13 21 25 12
5 22 19 6 10 12
5 22 13 6 10 12
5 22 13 19 10 12
5 22 21 6 1 12
5 22 19 6 1 12
5 22 19 21 6 1
5 22 13 21 1 12
5 22 13 19 1 12
5 22 13 19 21 1
