210
5 13 7 9 1 4
5 0 13 9 1 4
5 0 13 1 24 14
5 0 13 5 4 11
5 16 17 4 6 15
5 16 17 9 4 15
5 16 9 1 4 15
5 16 0 9 1 4
5 16 1 4 6 24
5 16 0 1 4 24
5 16 5 6 24 10
5 16 5 4 6 11
5 16 0 5 4 11
5 16 5 24 10 14
5 16 5 6 11 10
5 16 5 11 10 14
5 16 13 11 10 14
5 16 0 13 10 14
5 16 13 5 11 14
5 16 0 13 5 14
5 16 0 13 5 11
5 8 17 9 2 15
5 8 16 17 9 15
5 8 16 9 1 15
5 8 17 6 24 15
5 8 16 6 24 15
5 8 16 17 6 15
5 8 16 0 1 24
5 8 16 0 9 1
5 8 0 13 10 14
5 8 13 7 9 1
5 8 0 13 9 1
5 12 16 6 24 15
5 12 16 1 6 24
5 12 16 4 6 15
5 12 16 1 4 15
5 12 16 1 4 6
5 12 8 7 1 24
5 12 9 4 2 15
5 12 9 1 4 15
5 12 7 9 4 2
5 12 7 9 1 4
5 12 8 17 2 15
5 12 8 17 24 15
5 12 8 16 24 15
5 12 8 16 1 15
5 12 8 16 1 24
5 12 8 9 2 15
5 12 8 9 1 15
5 12 8 7 9 2
5 12 8 7 9 1
5 18 12 8 17 2
5 18 8 16 17 9
5 18 12 8 17 24
5 18 8 16 17 6
5 18 8 17 6 24
5 18 16 6 24 10
5 18 8 16 24 10
5 18 8 16 6 24
5 18 5 6 11 10
5 18 5 6 24 10
5 19 18 8 24 10
5 19 8 0 10 14
5 19 0 1 24 14
5 19 8 0 1 24
5 19 16 24 10 14
5 19 16 0 10 14
5 19 16 0 24 14
5 19 8 16 24 10
5 19 8 16 0 10
5 19 8 16 0 24
5 19 0 13 1 14
5 19 8 0 13 14
5 19 8 0 13 1
5 25 8 13 10 14
5 25 18 8 10 2
5 25 19 18 8 10
5 25 12 8 7 2
5 25 19 8 10 14
5 25 19 8 13 14
5 25 19 20 10 14
5 25 19 7 20 14
5 25 12 7 20 2
5 25 12 8 7 24
5 25 13 7 1 14
5 25 19 7 1 14
5 25 19 13 1 14
5 25 8 13 7 1
5 25 19 8 13 1
5 25 19 20 24 10
5 25 19 18 24 10
5 25 12 7 20 24
5 25 19 7 20 24
5 25 19 18 8 24
5 25 8 7 1 24
5 25 19 7 1 24
5 25 19 8 1 24
5 22 12 7 1 24
5 22 19 7 1 24
5 22 19 7 20 24
5 22 12 1 4 24
5 22 19 1 24 14
5 22 19 7 1 14
5 22 19 7 20 14
5 22 13 1 24 14
5 22 13 7 1 14
5 22 0 1 4 24
5 22 13 7 1 4
5 22 13 5 11 14
5 22 13 5 4 11
5 22 0 13 24 14
5 22 0 13 5 14
5 22 0 13 1 24
5 22 5 24 10 14
5 22 19 24 10 14
5 22 19 20 10 14
5 22 19 20 24 10
5 22 16 0 4 24
5 22 16 0 5 4
5 22 0 13 1 4
5 22 0 13 5 4
5 22 16 4 6 24
5 22 16 5 6 24
5 22 16 5 4 6
5 22 20 11 10 14
5 22 5 11 10 14
5 22 16 5 24 14
5 22 16 0 24 14
5 22 16 0 5 14
5 23 12 7 20 2
5 23 12 7 20 24
5 23 22 7 20 24
5 23 22 12 7 24
5 23 22 13 4 11
5 23 22 13 7 4
5 23 22 20 11 14
5 23 22 13 11 14
5 23 13 7 20 14
5 23 22 7 20 14
5 23 22 13 7 14
5 23 22 5 4 11
5 23 12 7 1 4
5 23 22 7 1 4
5 23 22 12 1 4
5 23 22 12 7 1
5 23 22 20 11 10
5 23 22 5 11 10
5 21 12 4 2 15
5 21 12 17 2 15
5 21 17 4 6 15
5 21 12 4 6 15
5 21 17 6 24 15
5 21 12 6 24 15
5 21 12 17 24 15
5 21 23 5 4 11
5 21 5 4 6 11
5 21 18 5 6 11
5 21 18 17 6 24
5 21 18 12 17 24
5 21 22 5 4 6
5 21 23 22 5 4
5 21 23 22 12 4
5 21 23 22 12 24
5 21 22 5 6 24
5 21 22 4 6 24
5 21 22 12 4 24
5 21 1 4 6 24
5 21 12 1 6 24
5 21 12 1 4 24
5 21 12 1 4 6
5 3 25 20 10 2
5 3 25 18 10 2
5 3 25 12 20 2
5 3 25 20 24 10
5 3 25 18 24 10
5 3 23 12 20 2
5 3 18 12 8 2
5 3 25 12 8 2
5 3 25 18 8 2
5 3 25 12 20 24
5 3 23 12 20 24
5 3 18 12 8 24
5 3 25 12 8 24
5 3 25 18 8 24
5 3 22 20 24 10
5 3 23 22 20 10
5 3 23 22 20 24
5 3 18 5 24 10
5 3 18 12 17 2
5 3 21 12 17 2
5 3 21 18 17 2
5 3 21 18 12 17
5 3 18 5 11 10
5 3 23 5 11 10
5 3 21 18 12 24
5 3 21 23 12 24
5 3 22 5 24 10
5 3 23 22 5 10
5 3 23 12 4 11
5 3 21 23 4 11
5 3 21 23 12 4
5 3 21 18 5 11
5 3 21 23 5 11
5 3 21 22 5 24
5 3 21 23 22 24
5 3 21 23 22 5
5 3 18 5 6 24
5 3 21 5 6 24
5 3 21 18 6 24
5 3 21 18 5 6
