303
5 30 13 15 2 28
5 32 4 11 10 18
5 23 13 15 2 28
5 23 3 13 2 28
5 23 3 13 15 28
5 23 30 15 2 28
5 16 30 13 2 28
5 16 23 30 2 28
5 16 23 30 15 28
5 5 23 13 15 2
5 5 23 3 13 2
5 5 23 3 13 15
5 6 32 4 11 10
5 6 32 4 11 18
5 8 6 12 19 18
5 25 23 30 15 2
5 25 16 23 30 2
5 25 8 12 16 30
5 25 16 23 2 28
5 1 16 30 13 28
5 1 5 3 13 15
5 17 5 24 4 10
5 17 5 32 4 10
5 17 5 32 3 10
5 17 1 5 3 13
5 27 1 30 13 15
5 27 24 30 13 2
5 27 1 12 30 15
5 27 25 30 15 2
5 27 25 12 30 15
5 27 25 8 12 30
5 22 27 1 12 15
5 22 17 32 4 18
5 22 27 25 8 12
5 22 27 8 12 18
5 22 27 17 1 24
5 22 27 25 8 11
5 22 8 4 11 18
5 22 27 8 11 18
5 22 17 24 4 18
5 22 27 17 24 18
5 22 23 24 4 11
5 22 24 4 11 18
5 22 27 24 11 18
5 22 25 23 24 11
5 22 27 25 24 11
5 22 25 23 15 2
5 22 27 25 15 2
5 22 25 23 24 2
5 22 27 25 24 2
5 31 6 32 4 10
5 31 7 6 32 10
5 31 6 4 11 10
5 31 23 4 11 10
5 31 6 32 4 18
5 31 5 23 4 10
5 31 7 6 19 10
5 31 6 4 11 18
5 31 8 4 11 18
5 31 8 6 11 18
5 31 5 23 3 10
5 31 5 23 3 15
5 31 22 8 4 18
5 31 22 23 4 11
5 31 22 8 4 11
5 31 22 25 23 11
5 20 17 5 24 4
5 20 22 17 24 4
5 20 22 17 5 4
5 20 5 23 24 4
5 20 22 23 24 4
5 20 31 5 23 4
5 20 31 22 23 4
5 20 17 5 24 13
5 20 22 17 1 24
5 20 22 1 5 15
5 20 22 17 1 5
5 20 31 5 23 15
5 20 31 22 23 15
5 20 5 23 15 2
5 20 22 23 15 2
5 20 22 23 24 2
5 20 5 13 15 2
5 20 17 1 24 13
5 20 1 5 13 15
5 20 17 1 5 13
5 20 22 27 15 2
5 20 22 27 24 2
5 20 27 24 13 2
5 20 5 3 13 2
5 20 27 1 13 15
5 20 22 27 1 15
5 20 27 1 24 13
5 20 22 27 1 24
5 20 30 13 15 2
5 20 27 30 15 2
5 20 27 30 13 2
5 20 27 30 13 15
5 0 31 5 3 15
5 0 22 1 5 15
5 0 22 1 12 15
5 0 22 32 4 18
5 0 22 12 32 18
5 0 31 32 4 18
5 0 31 22 4 18
5 0 31 23 3 15
5 0 1 12 30 15
5 0 31 7 6 32
5 0 22 8 12 18
5 0 31 22 8 18
5 0 8 12 16 19
5 0 8 6 12 19
5 0 7 6 12 19
5 0 31 8 6 19
5 0 31 7 6 19
5 0 8 6 12 18
5 0 7 12 32 18
5 0 7 6 32 18
5 0 7 6 12 18
5 0 31 6 32 18
5 0 31 8 6 18
5 14 22 25 8 11
5 14 31 22 8 11
5 14 31 22 25 11
5 14 25 8 19 11
5 14 8 6 19 11
5 14 31 8 6 11
5 14 31 8 6 19
5 14 25 6 19 11
5 14 0 31 8 19
5 14 22 25 8 12
5 14 0 31 22 15
5 14 0 31 22 8
5 14 22 25 23 15
5 14 31 22 23 15
5 14 31 22 25 23
5 14 31 6 19 10
5 14 25 8 16 19
5 14 0 8 16 19
5 14 0 22 12 15
5 14 0 22 8 12
5 14 27 25 12 15
5 14 22 27 12 15
5 14 22 27 25 15
5 14 22 27 25 12
5 14 0 31 23 15
5 14 31 19 3 10
5 14 25 16 19 28
5 14 25 8 12 16
5 14 0 8 12 16
5 14 25 12 30 15
5 14 0 12 30 15
5 14 25 23 30 15
5 14 31 23 3 10
5 14 25 16 23 28
5 14 25 12 16 30
5 14 0 12 16 30
5 14 0 31 23 3
5 14 16 23 30 15
5 14 0 16 30 15
5 14 25 16 23 30
5 14 16 23 15 28
5 14 0 16 15 28
5 9 31 7 32 10
5 9 0 7 32 10
5 9 0 31 7 10
5 9 0 31 7 32
5 9 31 32 4 10
5 9 0 31 32 4
5 9 5 32 4 10
5 9 31 5 4 10
5 9 5 32 3 10
5 9 17 5 32 4
5 9 31 5 3 10
5 9 0 31 5 3
5 9 0 31 5 15
5 9 22 17 32 4
5 9 0 22 32 4
5 9 22 17 5 4
5 9 20 31 5 15
5 9 20 31 5 4
5 9 0 22 5 15
5 9 0 31 22 15
5 9 0 31 22 4
5 9 22 17 1 5
5 9 0 22 1 5
5 9 20 22 5 15
5 9 20 22 5 4
5 9 20 31 22 15
5 9 20 31 22 4
5 21 7 32 3 10
5 21 0 7 32 10
5 21 9 32 3 10
5 21 9 0 32 10
5 21 0 31 7 10
5 21 9 31 3 10
5 21 9 0 31 10
5 21 9 0 31 3
5 21 9 5 32 3
5 21 9 0 5 3
5 21 9 0 5 32
5 21 0 31 7 19
5 21 1 5 3 15
5 21 0 5 3 15
5 21 0 1 5 15
5 21 1 3 13 15
5 29 0 7 12 32
5 29 7 12 32 18
5 29 0 22 12 32
5 29 0 22 1 12
5 29 21 0 7 32
5 29 0 7 12 19
5 29 22 12 32 18
5 29 7 6 12 18
5 29 9 0 22 32
5 29 9 0 22 1
5 29 21 0 5 32
5 29 21 0 1 5
5 29 21 0 7 19
5 29 7 6 12 19
5 29 21 0 12 19
5 29 22 17 32 18
5 29 22 27 12 18
5 29 22 27 1 12
5 29 7 6 32 18
5 29 6 12 19 18
5 29 9 22 17 32
5 29 9 22 17 1
5 29 9 0 5 32
5 29 9 0 1 5
5 29 21 5 32 3
5 29 21 1 5 3
5 29 22 27 17 18
5 29 22 27 17 1
5 29 9 17 5 32
5 29 9 17 1 5
5 29 21 1 3 13
5 29 17 5 32 3
5 29 17 1 5 3
5 29 21 16 19 28
5 29 27 1 24 18
5 29 27 17 24 18
5 29 27 17 1 24
5 29 1 16 30 13
5 29 1 16 13 28
5 29 21 1 13 28
5 29 1 16 30 28
5 26 31 7 19 10
5 26 21 31 7 10
5 26 21 31 7 19
5 26 7 19 3 10
5 26 21 7 3 10
5 26 21 7 19 3
5 26 31 19 3 10
5 26 21 31 3 10
5 26 14 31 19 3
5 26 14 19 3 28
5 26 21 19 3 28
5 26 14 0 31 3
5 26 21 0 31 3
5 26 14 0 31 19
5 26 21 0 31 19
5 26 14 23 3 28
5 26 14 0 23 3
5 26 21 0 3 15
5 26 14 16 19 28
5 26 14 0 16 28
5 26 14 0 16 19
5 26 21 16 19 28
5 26 23 3 15 28
5 26 0 23 3 15
5 26 14 23 15 28
5 26 14 0 15 28
5 26 14 0 23 15
5 26 3 13 15 28
5 26 21 3 13 28
5 26 21 3 13 15
5 26 0 12 16 19
5 26 21 0 12 19
5 26 30 13 15 28
5 26 16 30 15 28
5 26 0 16 15 28
5 26 0 16 30 15
5 26 0 1 30 15
5 26 21 0 1 15
5 26 29 16 30 28
5 26 29 21 16 28
5 26 0 12 16 30
5 26 29 12 16 19
5 26 29 21 16 19
5 26 29 21 12 19
5 26 1 30 13 28
5 26 21 1 13 28
5 26 1 30 13 15
5 26 21 1 13 15
5 26 29 21 0 1
5 26 29 1 30 28
5 26 29 21 1 28
5 26 29 12 16 30
5 26 29 21 0 12
5 26 0 1 12 30
5 26 29 1 12 30
5 26 29 0 1 12
