215
5 18 23 10 4 16
5 18 8 21 5 3
5 19 6 5 0 17
5 19 21 5 3 17
5 19 18 21 5 3
5 19 18 5 3 4
5 19 18 10 4 16
5 19 18 5 4 16
5 12 18 23 10 4
5 12 18 23 3 4
5 14 12 23 10 4
5 14 23 10 4 16
5 14 6 23 4 16
5 13 6 8 5 17
5 13 19 5 10 16
5 13 8 5 2 16
5 13 6 5 2 16
5 13 6 8 5 2
5 1 14 12 10 4
5 1 19 18 10 4
5 1 19 18 3 4
5 1 19 18 3 10
5 20 12 18 23 10
5 20 18 23 10 16
5 20 18 23 3 2
5 20 24 23 3 2
5 20 24 21 3 2
5 20 18 23 2 16
5 20 8 21 3 2
5 20 18 8 3 2
5 20 18 8 21 3
5 20 18 8 2 16
5 20 24 8 21 2
5 20 13 8 2 16
5 20 13 24 8 2
5 11 13 19 5 10
5 11 13 19 6 5
5 11 19 5 10 16
5 11 13 5 10 16
5 11 13 6 5 16
5 11 19 10 4 16
5 11 6 5 4 16
5 11 19 5 4 16
5 11 1 19 10 0
5 11 14 10 4 16
5 11 14 6 4 16
5 11 14 23 10 16
5 11 14 6 23 16
5 11 20 23 10 16
5 11 20 13 10 16
5 11 6 23 2 16
5 11 13 6 2 16
5 11 1 14 10 0
5 11 20 23 2 16
5 11 20 13 2 16
5 11 20 24 23 10
5 11 20 13 24 10
5 11 24 14 23 10
5 11 20 24 23 2
5 11 20 13 24 2
5 11 14 6 23 2
5 15 13 19 10 16
5 15 19 18 10 16
5 15 20 13 10 16
5 15 20 13 8 16
5 15 13 8 5 16
5 15 13 19 5 16
5 15 20 18 10 16
5 15 20 18 8 16
5 15 18 8 5 16
5 15 19 18 5 16
5 15 13 8 5 17
5 15 13 8 21 17
5 15 20 18 21 10
5 15 20 18 8 21
5 15 18 8 21 5
5 15 19 18 21 5
5 15 18 21 3 10
5 15 19 21 3 10
5 15 19 18 3 10
5 15 19 18 21 3
5 15 20 24 21 10
5 15 20 13 24 10
5 15 13 24 8 21
5 15 20 24 8 21
5 15 20 13 24 8
5 15 8 21 5 17
5 15 19 21 5 17
5 15 19 6 5 17
5 15 13 6 5 17
5 15 13 19 6 5
5 15 11 13 19 10
5 15 11 13 24 10
5 15 11 13 19 6
5 15 19 6 0 17
5 15 11 19 6 0
5 25 13 6 8 17
5 25 13 6 8 2
5 25 11 13 6 2
5 25 11 13 24 2
5 25 13 8 21 17
5 25 15 13 21 17
5 25 15 13 24 21
5 25 24 8 21 2
5 25 13 24 8 2
5 25 13 24 8 21
5 25 11 14 6 2
5 25 15 11 13 24
5 25 11 14 23 2
5 25 11 24 23 2
5 25 11 24 14 23
5 25 11 14 6 0
5 25 14 6 23 2
5 25 11 24 14 10
5 25 24 14 12 23
5 25 1 14 12 0
5 7 11 6 5 4
5 7 11 19 5 4
5 7 11 19 6 5
5 7 19 5 3 4
5 7 1 19 3 4
5 7 1 19 5 3
5 7 19 6 5 0
5 7 1 19 5 0
5 7 11 14 6 4
5 7 1 19 10 4
5 7 11 19 10 4
5 7 11 1 19 10
5 7 11 19 6 0
5 7 11 1 19 0
5 7 1 14 12 0
5 7 1 14 12 4
5 7 11 14 6 0
5 7 11 1 14 0
5 7 1 14 10 4
5 7 11 14 10 4
5 7 11 1 14 10
5 7 25 1 12 0
5 9 20 12 18 10
5 9 1 18 3 10
5 9 18 21 3 10
5 9 20 18 21 10
5 9 20 18 21 3
5 9 12 18 23 3
5 9 20 18 23 3
5 9 20 12 18 23
5 9 12 18 10 4
5 9 1 18 10 4
5 9 1 12 10 4
5 9 12 18 3 4
5 9 1 18 3 4
5 9 20 24 21 10
5 9 20 24 21 3
5 9 20 12 23 10
5 9 20 24 23 10
5 9 24 12 23 3
5 9 20 24 23 3
5 9 14 12 23 10
5 9 24 14 23 10
5 9 24 14 12 23
5 9 19 21 3 10
5 9 1 19 3 10
5 9 1 19 21 3
5 9 25 24 21 3
5 9 25 24 14 10
5 9 25 24 14 12
5 9 15 19 21 10
5 9 15 24 21 10
5 22 15 6 0 17
5 22 25 6 0 17
5 22 25 21 0 17
5 22 25 15 21 17
5 22 15 13 6 17
5 22 25 13 6 17
5 22 25 15 13 17
5 22 15 11 6 0
5 22 25 11 6 0
5 22 1 21 0 17
5 22 25 1 21 0
5 22 15 11 13 6
5 22 25 11 13 6
5 22 25 15 11 13
5 22 1 19 0 17
5 22 15 19 0 17
5 22 1 19 21 17
5 22 15 19 21 17
5 22 9 25 1 21
5 22 11 19 10 0
5 22 15 11 19 0
5 22 15 11 19 10
5 22 11 14 10 0
5 22 25 11 14 0
5 22 25 11 14 10
5 22 15 11 24 10
5 22 25 11 24 10
5 22 25 15 11 24
5 22 1 19 10 0
5 22 9 1 19 21
5 22 9 15 19 21
5 22 1 14 10 0
5 22 25 1 14 0
5 22 25 15 24 21
5 22 9 15 24 21
5 22 9 25 24 21
5 22 9 15 24 10
5 22 9 25 24 10
5 22 9 1 19 10
5 22 9 15 19 10
5 22 1 14 12 10
5 22 25 1 14 12
5 22 9 1 12 10
5 22 9 25 1 12
5 22 9 14 12 10
5 22 9 25 14 10
5 22 9 25 14 12
