328
5 20 21 18 14 15
5 31 21 18 1 14
5 31 20 21 1 14
5 31 20 21 18 14
5 31 16 21 18 1
5 31 20 21 18 15
5 31 16 21 18 15
5 31 12 20 21 15
5 17 20 21 1 14
5 17 31 2 12 20
5 17 12 20 21 5
5 17 12 9 21 5
5 17 31 20 21 1
5 17 31 12 20 21
5 24 21 18 14 15
5 24 12 9 21 5
5 24 12 10 9 5
5 24 20 21 14 15
5 24 20 21 5 14
5 26 17 9 21 1
5 26 17 12 9 21
5 26 24 12 9 21
5 26 9 21 1 7
5 26 24 9 21 7
5 26 24 16 21 15
5 26 24 10 9 7
5 26 24 12 10 9
5 26 6 16 1 7
5 0 17 31 2 12
5 0 17 31 21 1
5 0 17 31 12 21
5 0 31 12 21 15
5 0 26 17 21 1
5 0 26 17 12 21
5 0 26 17 12 9
5 0 31 16 21 15
5 0 31 16 21 1
5 0 26 16 21 1
5 0 26 17 9 1
5 0 26 16 21 15
5 25 31 20 18 15
5 25 31 20 18 14
5 25 28 31 18 14
5 25 28 31 20 14
5 25 20 18 14 15
5 25 24 20 14 15
5 25 12 10 5 27
5 25 24 20 5 14
5 25 2 12 5 27
5 25 17 12 20 5
5 25 17 2 12 5
5 25 17 2 12 20
5 29 25 10 5 27
5 29 0 1 11 27
5 29 0 6 1 11
5 29 12 10 5 27
5 29 25 2 5 27
5 29 25 17 2 5
5 29 26 6 11 27
5 29 0 26 11 27
5 29 0 26 6 11
5 29 26 6 10 27
5 29 0 26 6 1
5 29 26 12 10 9
5 29 12 10 9 5
5 29 17 10 9 5
5 29 17 12 9 5
5 29 2 12 5 27
5 29 17 2 12 5
5 29 26 6 1 7
5 29 26 6 10 7
5 29 0 26 12 9
5 29 26 9 1 7
5 29 26 10 9 7
5 29 0 17 12 9
5 29 0 17 2 12
5 29 0 26 2 27
5 8 6 19 1 11
5 8 6 19 18 11
5 8 6 16 1 7
5 8 28 19 1 11
5 8 28 19 18 11
5 8 31 16 18 1
5 8 0 6 1 11
5 8 28 31 1 11
5 8 28 31 18 11
5 8 19 18 1 14
5 8 28 19 1 14
5 8 28 19 18 14
5 8 0 31 1 11
5 8 0 31 16 1
5 8 0 26 6 11
5 8 26 6 16 1
5 8 0 26 16 1
5 8 0 26 6 1
5 8 31 18 1 14
5 8 28 31 1 14
5 8 28 31 18 14
5 32 0 1 11 27
5 32 0 31 1 11
5 32 0 31 2 1
5 32 29 28 11 27
5 23 26 24 12 10
5 23 25 2 12 27
5 23 25 24 20 15
5 23 24 12 10 5
5 23 26 24 21 15
5 23 26 24 12 21
5 23 29 12 10 27
5 23 29 26 10 27
5 23 29 26 12 10
5 23 12 20 21 15
5 23 24 20 21 15
5 23 31 12 20 15
5 23 25 31 20 15
5 23 25 12 20 5
5 23 25 24 20 5
5 23 0 26 2 27
5 23 29 2 12 27
5 23 29 26 2 27
5 23 0 12 21 15
5 23 0 26 21 15
5 23 0 26 12 21
5 23 0 31 12 15
5 23 0 31 2 15
5 23 0 31 2 12
5 23 31 2 12 20
5 23 25 2 12 20
5 23 25 31 2 20
5 23 12 20 21 5
5 23 24 20 21 5
5 23 24 12 21 5
5 23 29 0 2 12
5 23 29 0 26 12
5 23 29 0 26 2
5 13 17 10 9 5
5 13 29 17 10 5
5 13 29 25 10 5
5 13 25 17 20 5
5 13 25 24 5 14
5 13 25 20 5 14
5 13 25 28 20 14
5 13 25 28 10 27
5 13 29 28 10 27
5 13 29 25 10 27
5 13 29 25 28 27
5 13 24 10 9 5
5 13 17 9 21 14
5 13 17 9 21 5
5 13 17 9 1 14
5 13 20 21 5 14
5 13 17 20 21 14
5 13 17 20 21 5
5 13 24 21 5 14
5 13 24 9 21 5
5 13 29 28 10 11
5 13 6 19 1 7
5 13 6 19 10 7
5 22 8 6 19 18
5 22 8 19 18 1
5 22 8 16 18 1
5 22 8 6 16 7
5 22 16 21 18 1
5 22 8 16 1 7
5 22 6 19 1 7
5 22 8 6 1 7
5 22 8 6 19 1
5 22 21 18 1 14
5 22 19 18 1 14
5 22 26 24 21 7
5 22 26 24 16 7
5 22 26 24 16 21
5 22 24 21 18 14
5 22 16 21 18 15
5 22 24 21 18 15
5 22 24 16 18 15
5 22 24 16 21 15
5 22 9 21 1 7
5 22 26 21 1 7
5 22 26 16 1 7
5 22 26 16 21 1
5 22 24 9 21 7
5 22 17 21 1 14
5 22 17 9 1 14
5 22 17 9 21 14
5 22 17 9 21 1
5 22 13 9 1 14
5 22 13 19 1 14
5 22 13 9 1 7
5 22 13 19 1 7
5 22 13 9 21 14
5 22 13 24 21 14
5 22 13 24 9 21
5 22 13 19 10 7
5 22 13 24 10 14
5 22 24 10 9 7
5 22 13 10 9 7
5 22 13 24 10 9
5 3 8 31 18 11
5 3 8 31 16 18
5 3 8 26 6 11
5 3 8 26 6 16
5 3 22 8 16 18
5 3 22 8 6 18
5 3 22 8 6 16
5 3 8 0 31 11
5 3 8 0 31 16
5 3 8 0 26 11
5 3 8 0 26 16
5 3 22 6 16 7
5 3 31 16 18 15
5 3 26 6 16 7
5 3 24 16 18 15
5 3 32 0 31 11
5 3 0 26 11 27
5 3 22 24 16 7
5 3 22 24 16 18
5 3 32 0 11 27
5 3 32 31 2 15
5 3 0 26 16 15
5 3 26 24 16 15
5 3 26 24 16 7
5 3 32 0 31 2
5 3 32 0 2 27
5 3 0 31 16 15
5 3 0 31 2 15
5 3 23 0 26 15
5 3 23 0 26 27
5 3 23 2 27 15
5 3 23 0 2 15
5 3 23 0 2 27
5 4 29 17 10 9
5 4 13 17 10 9
5 4 13 29 17 10
5 4 13 17 1 14
5 4 13 29 25 28
5 4 32 29 28 11
5 4 17 20 1 14
5 4 28 19 1 14
5 4 13 19 1 14
5 4 13 28 19 14
5 4 13 17 20 14
5 4 13 28 20 14
5 4 28 19 1 11
5 4 13 19 1 11
5 4 13 28 19 11
5 4 13 25 17 20
5 4 13 25 28 20
5 4 29 25 17 5
5 4 13 25 17 5
5 4 13 29 17 5
5 4 13 29 25 5
5 4 17 31 20 1
5 4 32 31 2 1
5 4 28 31 1 11
5 4 32 31 1 11
5 4 32 28 31 11
5 4 29 25 17 2
5 4 29 25 28 27
5 4 32 25 28 27
5 4 32 29 28 27
5 4 31 20 1 14
5 4 28 31 1 14
5 4 28 31 20 14
5 4 0 31 2 1
5 4 0 17 31 1
5 4 0 17 31 2
5 4 17 31 2 20
5 4 25 28 31 20
5 4 32 25 28 31
5 4 25 17 2 20
5 4 29 25 2 27
5 4 32 25 2 27
5 4 32 29 2 27
5 4 25 31 2 20
5 4 32 25 31 2
5 30 4 29 10 9
5 30 29 9 1 7
5 30 29 10 9 7
5 30 4 13 10 9
5 30 4 29 17 9
5 30 13 9 1 7
5 30 13 10 9 7
5 30 29 6 1 7
5 30 29 6 10 7
5 30 13 17 9 1
5 30 4 13 17 1
5 30 4 13 17 9
5 30 0 17 9 1
5 30 29 0 17 9
5 30 4 0 17 1
5 30 29 6 1 11
5 30 29 6 10 11
5 30 13 6 1 7
5 30 13 6 10 7
5 30 4 13 1 11
5 30 13 6 10 11
5 30 0 26 9 1
5 30 29 26 9 1
5 30 29 0 26 1
5 30 29 0 26 9
5 30 4 0 2 1
5 30 29 0 17 2
5 30 4 0 17 2
5 30 4 29 17 2
5 30 4 32 1 11
5 30 4 32 29 11
5 30 13 29 10 11
5 30 4 13 29 10
5 30 6 19 1 11
5 30 13 19 1 11
5 30 13 6 19 11
5 30 13 6 19 1
5 30 32 0 2 1
5 30 4 32 2 1
5 30 4 32 29 2
5 30 29 1 11 27
5 30 32 1 11 27
5 30 32 29 11 27
5 30 13 29 28 11
5 30 4 29 28 11
5 30 4 13 28 11
5 30 4 13 29 28
5 30 29 0 1 27
5 30 32 0 1 27
5 30 29 0 2 27
5 30 32 0 2 27
5 30 32 29 2 27
