4
19
-3.78398 -4.80249 0.77003 -8.23669
1.87921 9.66286 -0.175624 -0.304413
0.137975 8.36826 0.417325 1.77965
-3.21147 6.1273 1.22817 7.16905
-2.03323 -2.44154 0.389635 8.12099
-0 8.11293 2.3191 7.44122
-0 -0.0799431 -6.70279 -6.84566
-0 -4.86375 6.74384 -8.83268
-0 5.01424 -4.43983 7.30973
-0 -4.4219 -6.00735 7.70296
-0 4.59756 -9.65616 7.20688
-0 1.1382 0.461711 -3.73329
3.13197 -0 -3.95498 4.24302
-2.49732 -0 -9.49555 -7.19821
-8.60688 -0 1.98892 2.213
-1.24844 -0 -1.86542 -5.38131
-6.60764 -0 -9.58245 1.93817
7.68294 -0 2.42948 -5.65718
8.76928 -0 3.88895 5.75393
