4
33
-8.75196 6.73508 -2.57145 0.776943
-3.38874 -7.61038 -7.42125 -5.13055
-5.17453 -7.91535 3.77069 9.13977
0.93029 -5.76622 -5.61876 -9.05872
5.57763 -8.68506 -2.30767 -0.976489
-3.25723 -0 2.2004 -7.26342
9.15525 -0 3.72443 -3.76865
9.8755 -0 0.57312 -1.44407
-8.46764 -0 -6.8047 -1.46175
-7.03293 -0 -5.27031 4.13859
-0.0774002 -0 4.7995 -3.33533
5.79685 -0 -6.23147 8.93164
-0 8.11293 2.3191 7.44122
-0 -0.0799431 -6.70279 -6.84566
-0 -4.86375 6.74384 -8.83268
-0 5.01424 -4.43983 7.30973
-0 -4.4219 -6.00735 7.70296
-0 4.59756 -9.65616 7.20688
-0 1.1382 0.461711 -3.73329
6.07028 -0.0552233 -0 -3.33714
6.31426 9.71659 -0 6.1438
2.71542 6.04834 -0 1.55541
-2.42007 7.35286 -0 6.61879
0.914862 7.03076 -0 6.36092
-5.99802 -1.34114 -0 -0.614677
-3.36657 9.39737 -0 -1.21671
0.803351 7.75613 6.42002 -0
-7.77467 -9.63815 5.79776 -0
-9.36649 -7.07248 2.17529 -0
9.68168 6.36928 1.99495 -0
4.27525 -6.521 -0.467061 -0
9.66573 6.08333 -0.0412917 -0
5.39128 5.38209 -6.58251 -0
