4
26
-9.93327 9.23875 -9.03847 -0.521821
7.2032 -7.6967 -0.0898761 8.05079
-7.01829 -7.02064 -4.86419 -1.74912
-1.25932 1.01353 -7.93062 3.09689
-0.0105786 -8.85233 4.52946 8.09546
-0 5.29576 8.93731 0.537026
-0 -4.68008 -3.67146 7.39164
-0 -7.3575 -8.64664 -0.797919
-0 -5.78032 -8.69638 -8.05027
-0 -8.69902 -4.34607 -4.70776
-0 2.8947 4.25923 3.88272
-0 6.42944 4.6158 -6.52905
8.11414 -3.74373 -0 8.44393
7.98691 2.70783 -0 2.0723
-4.34734 -8.41175 -0 1.26681
-7.25116 -1.61357 -0 2.8963
2.62381 2.67196 -0 -4.51082
-4.92125 -0.0253709 -0 -9.49827
-0.684776 -0.909983 -0 -1.58934
2.58581 -1.39229 4.41252 -0
-5.74642 -1.09624 -5.08018 -0
4.9086 -6.58005 -7.7168 -0
5.61301 1.42421 -1.32882 -0
-7.70852 5.55182 -4.6674 -0
-1.28076 0.398318 -7.2263 -0
4.78465 3.56997 -7.65256 -0
