4
33
-5.94278 -1.25892 4.35474 0.486085
-0.660924 -0.463201 3.82951 2.66782
-4.73848 -5.69454 6.2848 -1.89949
-7.77481 -0.33347 -5.16165 5.46207
1.46312 -3.61525 5.41192 -1.10206
-0 2.20757 2.55921 -8.17246
-0 7.30548 5.12116 7.4822
-0 9.03401 4.81421 4.13069
-0 -0.570045 0.574446 8.65663
-0 3.78931 5.67223 -3.93277
-0 7.65493 9.54481 -3.94593
-0 -3.22567 6.81014 8.95808
-3.25723 -0 2.2004 -7.26342
9.15525 -0 3.72443 -3.76865
9.8755 -0 0.57312 -1.44407
-8.46764 -0 -6.8047 -1.46175
-7.03293 -0 -5.27031 4.13859
-0.0774002 -0 4.7995 -3.33533
5.79685 -0 -6.23147 8.93164
6.71451 4.22083 -0 6.72319
1.4351 -3.78787 -0 -7.41425
-0.428748 3.24912 -0 -5.66667
4.42154 6.29618 -0 5.29344
-8.28803 0.636751 -0 -7.52223
-2.65617 8.95848 -0 -7.08261
2.48049 -8.67775 -0 -9.00045
-7.98524 5.52317 4.11698 -0
-4.55894 -5.64892 9.72469 -0
7.07995 -7.66818 4.65674 -0
-2.80397 -2.60604 9.68864 -0
-0.671226 -2.02571 6.64089 -0
-1.53859 -8.6677 -1.22778 -0
-2.72018 -8.44066 7.24364 -0
