4
26
6.62322 9.5665 5.58377 0.47829
2.2836 4.35281 4.41523 5.93908
-5.33045 -3.28818 -8.23198 -8.3444
-7.5578 -7.01463 -1.67329 7.5467
-7.7326 8.00982 5.09264 9.43052
-0 -6.72132 7.21528 -8.06612
-0 6.50848 4.70626 -9.17874
-0 9.22363 7.31602 6.63172
-0 -7.7551 -4.25921 -9.37203
-0 -0.302424 -3.38037 5.36848
-0 0.631027 0.828485 0.640077
-0 2.99541 1.8752 -4.42234
-4.02773 8.7607 -0 6.00665
1.52447 -2.12569 -0 -7.6833
-3.52029 9.04957 -0 -0.323856
4.36772 -2.19144 -0 -3.19776
-9.8472 -3.96498 -0 -3.08848
6.87104 -6.08418 -0 -6.99411
-9.28326 -5.83259 -0 4.30935
2.58581 -1.39229 4.41252 -0
-5.74642 -1.09624 -5.08018 -0
4.9086 -6.58005 -7.7168 -0
5.61301 1.42421 -1.32882 -0
-7.70852 5.55182 -4.6674 -0
-1.28076 0.398318 -7.2263 -0
4.78465 3.56997 -7.65256 -0
