4
33
-2.16925 5.36899 1.14013 -0.324506
5.47825 2.52057 -5.001 -1.98958
-9.20233 -6.59401 -3.63767 -3.6216
-6.48605 8.79973 1.76413 -8.56311
3.15702 1.90677 7.58478 -3.37825
-0 2.20757 2.55921 -8.17246
-0 7.30548 5.12116 7.4822
-0 9.03401 4.81421 4.13069
-0 -0.570045 0.574446 8.65663
-0 3.78931 5.67223 -3.93277
-0 7.65493 9.54481 -3.94593
-0 -3.22567 6.81014 8.95808
3.13197 -0 -3.95498 4.24302
-2.49732 -0 -9.49555 -7.19821
-8.60688 -0 1.98892 2.213
-1.24844 -0 -1.86542 -5.38131
-6.60764 -0 -9.58245 1.93817
7.68294 -0 2.42948 -5.65718
8.76928 -0 3.88895 5.75393
-4.02773 8.7607 -0 6.00665
1.52447 -2.12569 -0 -7.6833
-3.52029 9.04957 -0 -0.323856
4.36772 -2.19144 -0 -3.19776
-9.8472 -3.96498 -0 -3.08848
6.87104 -6.08418 -0 -6.99411
-9.28326 -5.83259 -0 4.30935
-5.6982 7.63073 -1.03347 -0
5.11577 -3.09446 -3.46923 -0
-9.90163 3.64815 -7.69099 -0
6.12421 4.25762 -3.89801 -0
-3.14943 -1.55392 -9.47639 -0
-3.43438 2.81741 6.34816 -0
4.82056 7.59539 6.24434 -0
