4
33
7.11849 -6.21417 -6.31987 -9.27333
-3.06635 -1.87091 -4.45513 8.96486
8.78903 -9.07414 3.05111 -7.43616
3.55593 4.57882 -0.791231 4.41574
6.38659 -0.103874 3.59912 1.2662
-7.98524 5.52317 4.11698 -0
-4.55894 -5.64892 9.72469 -0
7.07995 -7.66818 4.65674 -0
-2.80397 -2.60604 9.68864 -0
-0.671226 -2.02571 6.64089 -0
-1.53859 -8.6677 -1.22778 -0
-2.72018 -8.44066 7.24364 -0
-0 4.35798 -6.58193 0.856259
-0 8.67595 7.00439 6.22404
-0 9.5585 -1.95114 -7.54193
-0 1.72782 5.74143 -2.2558
-0 4.58138 5.16239 2.34628
-0 3.01962 3.09267 1.92832
-0 4.40279 7.25135 -2.06853
-5.54015 -0 -3.85465 6.90317
7.2542 -0 -2.58899 3.43483
-4.46044 -0 9.68277 -3.77785
3.98317 -0 5.68086 -9.20109
6.37643 -0 8.95396 -8.65684
-8.98407 -0 -9.20457 -1.37039
-6.52586 -0 -6.11942 9.86658
7.20092 -9.16109 -0 -5.56775
-5.04997 -4.3762 -0 4.4356
-3.0083 8.27175 -0 8.69983
5.03079 3.67715 -0 -6.2833
6.1772 7.13637 -0 -9.01231
-4.18663 -0.573338 -0 2.98804
-2.39025 -0.431608 -0 4.63591
