4
26
-6.33213 1.55387 5.37345 -9.78576
6.51996 -6.90571 -3.57694 -7.68242
3.67374 4.73326 3.87715 1.42871
-6.9725 -5.04885 6.60628 4.65624
4.02032 2.95809 8.83986 4.85864
-2.43882 -0 -2.3178 -9.30057
3.47522 -0 -9.18886 -3.68456
5.30819 -0 6.46903 -2.34351
9.52386 -0 -0.947983 -7.53476
2.11932 -0 6.03446 9.02884
3.16224 -0 -7.59483 -5.44595
9.12425 -0 8.62387 -4.70519
6.07028 -0.0552233 -0 -3.33714
6.31426 9.71659 -0 6.1438
2.71542 6.04834 -0 1.55541
-2.42007 7.35286 -0 6.61879
0.914862 7.03076 -0 6.36092
-5.99802 -1.34114 -0 -0.614677
-3.36657 9.39737 -0 -1.21671
-4.74702 -7.45425 -1.03403 -0
4.7206 5.4028 0.911731 -0
-8.69557 -6.85506 -8.30771 -0
1.24782 5.78445 4.23613 -0
6.82231 9.29231 4.93002 -0
7.20966 4.92239 7.215 -0
2.84166 3.92267 -5.82093 -0
