4
26
-3.2438 -4.35059 -0.709735 -4.82761
1.27021 -2.00908 9.45013 -8.132
-8.87909 -0.800774 8.13091 -9.98644
-0.395446 -8.47229 1.10358 0.707494
8.4047 -4.63483 9.64739 2.09516
-0 4.35798 -6.58193 0.856259
-0 8.67595 7.00439 6.22404
-0 9.5585 -1.95114 -7.54193
-0 1.72782 5.74143 -2.2558
-0 4.58138 5.16239 2.34628
-0 3.01962 3.09267 1.92832
-0 4.40279 7.25135 -2.06853
-5.6982 7.63073 -1.03347 -0
5.11577 -3.09446 -3.46923 -0
-9.90163 3.64815 -7.69099 -0
6.12421 4.25762 -3.89801 -0
-3.14943 -1.55392 -9.47639 -0
-3.43438 2.81741 6.34816 -0
4.82056 7.59539 6.24434 -0
8.11414 -3.74373 -0 8.44393
7.98691 2.70783 -0 2.0723
-4.34734 -8.41175 -0 1.26681
-7.25116 -1.61357 -0 2.8963
2.62381 2.67196 -0 -4.51082
-4.92125 -0.0253709 -0 -9.49827
-0.684776 -0.909983 -0 -1.58934
