4
33
-5.36139 -6.44664 -1.17204 -8.44537
-9.49589 3.17457 6.59729 -3.14103
-2.95767 0.604986 -7.36377 8.16033
4.32362 9.84901 -7.26064 -2.2661
5.11727 -7.55485 8.25954 -9.83358
7.20092 -9.16109 -0 -5.56775
-5.04997 -4.3762 -0 4.4356
-3.0083 8.27175 -0 8.69983
5.03079 3.67715 -0 -6.2833
6.1772 7.13637 -0 -9.01231
-4.18663 -0.573338 -0 2.98804
-2.39025 -0.431608 -0 4.63591
1.2134 4.22455 6.0599 -0
9.40572 -9.16722 1.44426 -0
1.52011 3.4875 0.181207 -0
-7.30897 7.65366 6.69823 -0
-8.44228 -0.248507 9.91639 -0
-5.55065 -5.85108 -2.20808 -0
-1.57113 6.22865 -9.81794 -0
-0 5.29576 8.93731 0.537026
-0 -4.68008 -3.67146 7.39164
-0 -7.3575 -8.64664 -0.797919
-0 -5.78032 -8.69638 -8.05027
-0 -8.69902 -4.34607 -4.70776
-0 2.8947 4.25923 3.88272
-0 6.42944 4.6158 -6.52905
8.58313 -0 -0.525499 1.36845
7.92753 -0 7.12562 -4.8436
-7.77865 -0 5.00885 -6.62602
-7.31477 -0 -0.882504 3.88491
-4.67973 -0 1.9262 7.63438
-9.17689 -0 -7.60709 -1.80477
0.465898 -0 -6.85418 -9.51382
