4
26
4.72224 9.20185 1.87362 -2.46651
-6.16923 9.7879 -3.98898 -2.13196
1.64386 -6.03563 -4.14834 -6.01452
7.96654 -2.89839 9.7517 0.827211
-6.24334 -1.09085 0.16925 -6.49401
8.58313 -0 -0.525499 1.36845
7.92753 -0 7.12562 -4.8436
-7.77865 -0 5.00885 -6.62602
-7.31477 -0 -0.882504 3.88491
-4.67973 -0 1.9262 7.63438
-9.17689 -0 -7.60709 -1.80477
0.465898 -0 -6.85418 -9.51382
-6.58237 -1.23048 -0 -3.4446
-9.16043 1.80429 -0 -0.787837
6.33638 5.96093 -0 4.22619
-7.12986 -0.377604 -0 3.42051
-7.32981 2.31698 -0 4.47753
-3.13758 -1.80586 -0 -1.15067
-7.4087 -0.251589 -0 -4.08471
-4.74702 -7.45425 -1.03403 -0
4.7206 5.4028 0.911731 -0
-8.69557 -6.85506 -8.30771 -0
1.24782 5.78445 4.23613 -0
6.82231 9.29231 4.93002 -0
7.20966 4.92239 7.215 -0
2.84166 3.92267 -5.82093 -0
