210
5 10 0 15 9 2
5 16 19 4 3 21
5 16 19 8 4 21
5 16 19 8 4 3
5 16 19 8 15 21
5 16 19 8 15 3
5 16 8 15 3 2
5 16 8 0 15 2
5 16 19 10 15 3
5 16 10 15 3 2
5 16 10 0 15 2
5 16 0 3 9 2
5 16 10 3 9 2
5 16 10 0 9 2
5 18 19 4 3 5
5 25 8 0 15 2
5 25 0 15 9 2
5 24 16 19 3 21
5 24 16 19 10 3
5 24 16 19 15 21
5 24 16 19 10 15
5 24 19 4 3 21
5 24 18 4 3 21
5 24 18 19 4 3
5 24 16 0 3 21
5 24 16 10 3 9
5 24 16 0 15 21
5 24 16 10 0 15
5 24 19 8 4 21
5 24 19 8 15 21
5 24 16 0 3 9
5 24 18 0 3 9
5 24 16 10 0 9
5 7 18 19 3 5
5 7 18 3 9 5
5 7 19 4 3 5
5 17 25 0 15 9
5 17 10 15 9 2
5 17 25 15 9 2
5 17 18 11 10 9
5 17 10 3 9 2
5 17 7 18 9 5
5 17 7 18 10 9
5 23 24 8 15 21
5 23 25 8 0 15
5 23 25 8 0 2
5 23 13 25 8 2
5 23 18 11 0 21
5 23 24 18 0 21
5 23 24 18 11 0
5 23 24 0 15 21
5 23 16 0 15 21
5 23 16 8 15 21
5 23 16 8 0 15
5 23 16 8 0 2
5 20 24 18 19 3
5 20 7 18 19 3
5 20 24 19 10 3
5 20 24 19 10 15
5 20 24 10 3 9
5 20 24 18 3 9
5 20 24 18 10 9
5 20 7 10 3 9
5 20 7 18 3 9
5 20 7 18 10 9
5 20 24 18 10 15
5 22 13 8 4 2
5 22 7 19 4 3
5 22 8 4 3 2
5 22 19 8 4 3
5 22 20 19 10 15
5 22 8 15 3 2
5 22 19 8 15 3
5 22 20 17 10 15
5 22 20 17 7 15
5 22 20 17 7 10
5 22 20 19 10 3
5 22 20 7 10 3
5 22 20 7 19 3
5 22 19 10 15 3
5 22 10 15 3 2
5 22 17 10 3 2
5 22 17 10 15 2
5 22 7 10 3 9
5 22 17 10 3 9
5 22 17 7 3 9
5 22 17 7 10 9
5 1 17 25 15 2
5 1 25 8 15 2
5 1 13 25 8 2
5 1 22 17 15 2
5 1 22 8 15 2
5 1 22 13 8 2
5 1 7 13 4 5
5 1 22 7 4 5
5 1 22 7 13 4
5 12 1 25 8 15
5 12 1 13 25 8
5 12 1 13 25 11
5 12 1 22 8 15
5 12 17 18 11 10
5 12 1 17 11 5
5 12 1 13 11 5
5 12 22 20 7 15
5 12 20 17 7 15
5 12 20 18 10 15
5 12 20 17 10 15
5 12 22 17 7 15
5 12 1 22 17 15
5 12 1 22 17 7
5 12 17 7 18 5
5 12 1 17 7 5
5 12 18 11 9 5
5 12 17 11 9 5
5 12 17 18 9 5
5 12 17 18 11 9
5 12 1 13 4 5
5 12 1 22 7 5
5 12 17 7 18 10
5 12 20 7 18 10
5 12 20 17 7 10
5 12 1 22 4 5
5 12 22 7 4 5
5 6 23 24 0 15
5 6 23 24 11 0
5 6 23 25 0 15
5 6 23 24 18 11
5 6 17 0 15 9
5 6 10 0 15 9
5 6 24 10 0 9
5 6 24 10 0 15
5 6 18 11 0 9
5 6 24 18 0 9
5 6 24 18 11 0
5 6 17 25 0 15
5 6 17 10 15 9
5 6 17 11 10 9
5 6 17 25 0 9
5 6 24 18 10 9
5 6 24 18 10 15
5 6 18 11 10 9
5 6 23 25 8 15
5 6 12 18 10 15
5 6 12 18 11 10
5 6 12 17 10 15
5 6 12 17 11 10
5 6 1 17 25 15
5 6 12 1 25 15
5 6 12 1 17 15
5 6 1 17 25 11
5 6 12 1 25 11
5 6 12 1 17 11
5 14 20 24 19 15
5 14 24 19 8 15
5 14 22 20 19 15
5 14 12 22 20 15
5 14 20 24 18 15
5 14 12 20 18 15
5 14 20 24 18 19
5 14 22 19 8 15
5 14 12 22 8 15
5 14 23 24 8 15
5 14 24 19 8 4
5 14 22 20 7 19
5 14 12 22 20 7
5 14 6 24 18 15
5 14 6 12 18 15
5 14 24 18 19 4
5 14 22 19 8 4
5 14 6 23 8 15
5 14 6 23 24 15
5 14 23 24 8 21
5 14 24 8 4 21
5 14 22 7 19 4
5 14 12 22 7 4
5 14 6 23 24 18
5 14 18 19 4 5
5 14 24 18 4 21
5 14 7 18 19 5
5 14 20 7 18 19
5 14 12 7 18 5
5 14 12 20 7 18
5 14 12 1 22 4
5 14 12 1 22 8
5 14 12 25 8 15
5 14 6 25 8 15
5 14 6 12 25 15
5 14 6 23 25 8
5 14 23 8 4 21
5 14 23 24 18 21
5 14 7 19 4 5
5 14 12 7 4 5
5 14 6 23 18 11
5 14 6 12 18 11
5 14 12 18 11 5
5 14 22 13 8 4
5 14 1 22 13 4
5 14 1 22 13 8
5 14 12 1 13 4
5 14 12 1 13 8
5 14 23 13 25 8
5 14 12 13 25 8
5 14 6 23 25 11
5 14 6 12 25 11
5 14 23 13 8 4
5 14 12 13 4 5
5 14 12 13 11 5
5 14 23 18 11 21
5 14 23 13 25 11
5 14 12 13 25 11
