191
5 11 21 0 5 10
5 11 21 0 15 10
5 11 21 23 0 5
5 14 8 13 7 20
5 14 2 9 7 3
5 17 8 13 7 3
5 17 4 13 0 20
5 1 21 0 15 10
5 1 11 21 0 15
5 1 11 21 23 0
5 1 4 23 0 20
5 1 17 4 0 20
5 1 23 2 0 20
5 1 8 2 0 20
5 1 17 8 0 20
5 1 11 21 15 5
5 1 11 21 23 5
5 1 4 23 2 20
5 12 21 9 15 10
5 12 11 18 5 10
5 12 11 18 15 10
5 12 1 21 15 5
5 12 1 21 9 15
5 12 11 21 5 10
5 12 11 21 15 10
5 12 11 21 15 5
5 19 4 18 13 20
5 19 14 18 13 20
5 19 17 4 13 20
5 19 17 8 13 20
5 19 17 4 18 13
5 19 14 8 2 20
5 19 1 17 4 20
5 19 1 17 8 20
5 19 1 4 2 20
5 19 1 8 2 20
5 19 1 14 8 2
5 19 1 17 4 15
5 19 1 17 8 15
5 25 0 15 3 10
5 25 17 0 3 10
5 25 17 0 15 10
5 25 17 0 15 3
5 25 9 15 3 10
5 25 17 13 3 10
5 25 17 13 7 3
5 25 17 18 15 10
5 25 17 8 7 3
5 25 17 8 15 3
5 25 17 18 13 10
5 25 12 9 15 10
5 25 12 18 15 10
5 25 12 18 9 10
5 25 19 12 18 15
5 6 11 4 18 5
5 6 17 18 13 0
5 6 17 4 13 0
5 6 17 4 18 13
5 6 17 18 0 10
5 6 11 0 5 10
5 6 11 18 5 10
5 6 11 0 15 10
5 6 17 0 15 10
5 6 11 18 15 10
5 6 17 18 15 10
5 6 1 11 0 15
5 6 1 17 0 15
5 6 1 17 4 15
5 6 1 17 4 0
5 6 19 11 18 15
5 6 19 11 4 18
5 6 19 17 18 15
5 6 19 17 4 15
5 6 19 17 4 18
5 6 4 23 0 5
5 6 1 4 23 5
5 6 1 4 23 0
5 6 11 23 0 5
5 6 1 11 23 5
5 6 1 11 23 0
5 6 1 11 15 5
5 16 17 0 15 3
5 16 17 8 15 3
5 16 17 8 0 3
5 16 0 15 3 10
5 16 1 0 15 10
5 16 25 8 15 3
5 16 1 17 0 15
5 16 1 17 8 15
5 16 1 17 8 0
5 16 9 15 3 10
5 16 25 9 15 3
5 16 25 8 7 3
5 16 1 23 2 0
5 16 1 8 2 0
5 16 21 9 3 10
5 16 21 9 15 10
5 16 1 21 15 10
5 16 1 21 9 15
5 16 21 0 3 10
5 16 21 23 0 3
5 16 1 21 0 10
5 16 1 21 23 0
5 16 25 9 7 3
5 16 12 1 9 15
5 16 25 12 9 15
5 16 19 1 8 15
5 16 19 1 14 8
5 16 1 14 8 2
5 16 14 9 7 3
5 16 25 12 14 9
5 16 8 2 7 3
5 16 14 2 7 3
5 16 14 8 2 7
5 16 25 14 9 7
5 16 25 14 8 7
5 16 19 12 1 15
5 16 19 12 1 14
5 16 14 2 9 3
5 16 1 21 23 2
5 16 12 14 2 9
5 16 12 1 14 2
5 16 12 21 2 9
5 16 12 1 21 9
5 16 12 1 21 2
5 24 19 14 2 20
5 24 19 4 2 20
5 24 12 1 14 2
5 24 19 1 14 2
5 24 19 12 1 14
5 24 19 4 18 20
5 24 19 1 4 2
5 24 12 1 21 5
5 24 12 1 21 2
5 24 12 1 15 5
5 24 19 12 1 15
5 24 11 4 18 5
5 24 19 11 4 18
5 24 12 11 18 5
5 24 4 23 2 5
5 24 1 4 23 5
5 24 1 4 23 2
5 24 19 1 4 15
5 24 21 23 2 5
5 24 1 21 23 5
5 24 1 21 23 2
5 24 12 11 15 5
5 24 12 11 18 15
5 24 19 11 18 15
5 24 19 12 18 15
5 24 6 1 15 5
5 24 6 1 4 5
5 24 6 1 4 15
5 24 6 11 15 5
5 24 6 11 4 5
5 24 6 19 4 15
5 24 6 19 11 15
5 24 6 19 11 4
5 22 19 17 18 15
5 22 25 17 18 15
5 22 25 19 18 15
5 22 19 17 8 15
5 22 25 17 8 15
5 22 19 17 18 13
5 22 25 17 18 13
5 22 16 19 8 15
5 22 16 25 8 15
5 22 19 17 8 13
5 22 19 14 18 13
5 22 25 19 12 15
5 22 16 19 12 15
5 22 16 25 12 15
5 22 16 19 14 8
5 22 16 25 14 8
5 22 17 8 13 7
5 22 25 17 13 7
5 22 25 17 8 7
5 22 25 18 13 7
5 22 19 12 14 18
5 22 25 19 12 18
5 22 16 19 12 14
5 22 16 25 12 14
5 22 14 8 13 7
5 22 25 14 8 7
5 22 14 8 13 20
5 22 19 8 13 20
5 22 19 14 13 20
5 22 19 14 8 20
5 22 25 14 9 7
5 22 25 12 18 9
5 22 25 12 14 9
