302
5 29 18 19 17 1
5 23 11 4 19 8
5 23 11 4 8 24
5 23 11 4 19 24
5 15 29 18 19 1
5 15 11 18 19 1
5 15 29 18 1 22
5 15 23 11 19 1
5 15 23 11 19 8
5 20 29 18 19 17
5 20 15 29 18 19
5 12 15 29 1 22
5 12 15 23 19 1
5 12 15 23 19 8
5 12 15 29 19 1
5 12 7 29 19 10
5 12 23 4 19 8
5 12 7 4 19 8
5 12 7 23 4 8
5 12 7 23 4 19
5 26 29 0 10 22
5 26 12 7 29 10
5 26 14 0 10 22
5 26 12 15 8 22
5 26 12 15 29 22
5 25 20 11 18 19
5 25 15 11 19 8
5 25 15 11 18 8
5 25 15 11 18 19
5 25 20 15 19 8
5 25 20 15 18 19
5 25 20 11 19 24
5 25 11 4 8 24
5 25 11 4 19 24
5 25 11 4 19 8
5 25 4 19 17 24
5 25 20 19 17 24
5 30 23 4 8 24
5 30 2 23 4 24
5 30 21 23 0 10
5 30 21 14 0 10
5 30 21 14 23 10
5 30 21 14 23 0
5 30 7 29 0 10
5 30 7 29 0 17
5 32 7 29 0 17
5 32 26 29 0 17
5 32 26 7 29 17
5 32 7 29 0 10
5 32 26 29 0 10
5 32 26 7 29 10
5 32 30 7 0 17
5 32 30 2 0 17
5 32 30 2 7 17
5 32 30 7 0 10
5 32 30 2 7 4
5 32 26 14 0 10
5 32 30 14 0 10
5 32 30 7 23 10
5 32 30 14 23 10
5 32 7 23 4 8
5 32 30 23 4 8
5 32 30 7 23 4
5 32 2 4 8 24
5 32 30 4 8 24
5 32 30 2 8 24
5 32 30 2 4 24
5 32 26 12 7 10
5 32 26 12 7 8
5 32 26 14 12 10
5 32 26 14 12 8
5 32 12 7 23 10
5 32 14 12 23 10
5 32 12 7 23 8
5 32 14 12 23 8
5 3 32 2 0 17
5 3 32 26 0 17
5 3 32 30 2 0
5 3 30 14 23 0
5 9 14 0 10 22
5 9 21 14 0 22
5 9 21 14 0 10
5 9 29 0 10 22
5 9 26 14 10 22
5 9 26 14 12 10
5 9 14 12 23 10
5 9 21 14 23 10
5 9 26 29 10 22
5 9 26 12 29 22
5 9 26 12 29 10
5 9 12 29 1 22
5 9 26 12 8 22
5 9 26 14 12 8
5 9 12 15 8 22
5 9 12 15 1 22
5 9 12 15 23 8
5 9 14 12 23 8
5 9 12 15 23 1
5 5 2 7 4 17
5 5 32 2 7 17
5 5 32 2 7 4
5 5 7 4 19 17
5 5 25 4 19 17
5 5 32 7 4 8
5 5 2 4 17 24
5 5 25 4 17 24
5 5 3 32 2 17
5 5 32 2 4 8
5 5 25 20 19 17
5 5 7 4 19 8
5 5 25 4 19 8
5 5 25 20 17 24
5 5 2 4 8 24
5 5 25 4 8 24
5 5 3 32 2 8
5 5 3 20 17 24
5 5 3 2 17 24
5 5 3 2 8 24
5 5 25 11 8 24
5 31 26 29 0 17
5 31 3 29 0 17
5 31 3 26 0 17
5 31 3 26 29 17
5 31 26 29 0 22
5 31 3 26 29 22
5 31 26 14 0 22
5 31 21 14 0 22
5 31 32 26 14 0
5 31 3 32 26 0
5 31 32 30 14 0
5 31 3 30 14 0
5 31 3 32 30 0
5 31 3 32 30 14
5 13 3 29 17 22
5 13 3 26 29 22
5 13 3 26 29 17
5 13 15 29 18 22
5 13 26 15 29 22
5 13 20 29 18 17
5 13 31 3 26 22
5 13 5 3 20 17
5 13 20 15 29 18
5 13 15 11 18 8
5 13 25 15 18 8
5 13 25 20 15 8
5 13 25 20 15 18
5 13 25 11 18 8
5 13 25 20 11 18
5 13 3 20 11 24
5 13 5 3 20 24
5 13 25 20 11 24
5 13 5 25 11 24
5 13 5 25 20 24
5 28 31 21 14 0
5 28 31 3 14 0
5 28 21 14 23 0
5 28 3 14 23 0
5 28 13 31 3 22
5 28 13 31 26 22
5 28 3 2 23 24
5 28 15 23 11 1
5 28 15 18 1 22
5 28 13 15 18 22
5 28 13 3 17 22
5 28 15 11 18 1
5 28 9 21 1 22
5 6 13 20 29 17
5 6 13 26 29 17
5 6 13 5 20 17
5 6 13 20 15 29
5 6 13 26 15 29
5 6 20 29 19 17
5 6 5 20 19 17
5 6 26 7 29 17
5 6 13 3 26 17
5 6 13 5 3 17
5 6 26 12 15 29
5 6 7 29 19 17
5 6 5 7 19 17
5 6 32 26 7 17
5 6 5 32 7 17
5 6 3 32 26 17
5 6 5 3 32 17
5 6 13 25 20 8
5 6 13 5 25 8
5 6 13 5 25 20
5 6 20 15 29 19
5 6 12 15 29 19
5 6 13 20 15 8
5 6 26 12 15 8
5 6 32 26 7 8
5 6 5 32 7 8
5 6 12 7 29 19
5 6 26 12 7 29
5 6 5 7 19 8
5 6 25 20 19 8
5 6 5 25 19 8
5 6 5 25 20 19
5 6 5 3 32 8
5 6 20 15 19 8
5 6 12 15 19 8
5 6 12 7 19 8
5 6 26 12 7 8
5 27 28 31 3 14
5 27 28 3 14 23
5 27 32 26 14 8
5 27 31 32 26 14
5 27 31 3 32 14
5 27 31 3 32 26
5 27 3 30 14 23
5 27 9 14 23 8
5 27 28 3 23 24
5 27 31 26 14 22
5 27 28 31 26 22
5 27 3 32 30 14
5 27 6 32 26 8
5 27 6 3 32 8
5 27 6 3 32 26
5 27 32 14 23 8
5 27 32 30 23 8
5 27 32 30 14 23
5 27 3 30 2 23
5 27 9 15 23 8
5 27 9 21 14 23
5 27 28 21 14 23
5 27 3 2 8 24
5 27 3 2 23 24
5 27 23 11 8 24
5 27 28 23 11 24
5 27 28 3 11 24
5 27 9 26 8 22
5 27 9 26 14 22
5 27 9 26 14 8
5 27 26 15 8 22
5 27 31 21 14 22
5 27 28 31 21 22
5 27 28 31 21 14
5 27 32 30 2 8
5 27 3 32 2 8
5 27 3 32 30 2
5 27 30 23 8 24
5 27 30 2 8 24
5 27 30 2 23 24
5 27 15 23 11 8
5 27 28 15 23 11
5 27 9 15 8 22
5 27 9 15 23 1
5 27 28 15 23 1
5 27 9 21 14 22
5 27 28 9 21 22
5 27 9 21 23 1
5 27 28 21 23 1
5 27 28 9 21 1
5 27 9 15 1 22
5 27 28 15 1 22
5 27 28 9 1 22
5 27 28 15 11 18
5 16 28 13 26 22
5 16 27 28 26 22
5 16 13 26 15 22
5 16 27 26 15 22
5 16 28 13 15 22
5 16 27 28 15 22
5 16 27 26 15 8
5 16 28 13 15 18
5 16 27 28 15 18
5 16 13 31 3 26
5 16 28 13 31 26
5 16 28 13 31 3
5 16 6 13 3 26
5 16 27 6 3 26
5 16 27 31 3 26
5 16 27 28 31 26
5 16 27 28 31 3
5 16 28 13 3 11
5 16 27 28 3 11
5 16 6 26 15 8
5 16 6 13 15 8
5 16 6 13 26 15
5 16 13 15 11 8
5 16 27 15 11 8
5 16 27 6 26 8
5 16 13 15 11 18
5 16 27 15 11 18
5 16 28 13 11 18
5 16 27 28 11 18
5 16 6 13 5 3
5 16 13 3 11 24
5 16 27 3 11 24
5 16 27 11 8 24
5 16 6 13 5 8
5 16 13 5 3 24
5 16 6 5 3 8
5 16 27 6 3 8
5 16 5 11 8 24
5 16 13 5 11 24
5 16 5 3 8 24
5 16 27 3 8 24
5 16 5 25 11 8
5 16 13 25 11 8
5 16 13 5 25 8
5 16 13 5 25 11
