212
5 17 13 2 21 20
5 19 10 14 2 20
5 19 10 4 14 2
5 19 17 4 14 2
5 6 10 4 14 2
5 6 17 4 14 2
5 6 17 10 4 2
5 11 6 17 10 2
5 22 16 13 7 1
5 22 19 17 13 7
5 22 16 4 7 1
5 22 19 17 4 7
5 22 19 17 4 14
5 0 19 4 14 7
5 0 16 18 13 7
5 0 22 16 13 7
5 0 22 4 14 7
5 12 0 22 16 14
5 12 0 16 18 13
5 12 0 22 16 13
5 12 17 2 21 20
5 12 17 13 21 20
5 12 19 14 2 20
5 12 19 17 2 20
5 12 19 17 14 2
5 12 19 17 13 20
5 12 18 19 13 20
5 12 22 19 17 14
5 12 0 19 14 7
5 12 0 22 14 7
5 12 0 18 19 7
5 12 0 18 13 7
5 12 0 22 13 7
5 12 22 17 14 21
5 12 22 17 13 21
5 12 22 19 17 13
5 12 19 4 14 7
5 12 22 4 14 7
5 12 22 19 4 7
5 12 22 19 4 14
5 12 18 19 13 7
5 12 22 19 13 7
5 15 22 16 4 1
5 15 16 4 7 1
5 15 0 16 7 1
5 15 0 16 4 7
5 5 18 13 7 1
5 5 16 13 7 1
5 5 16 18 13 7
5 5 12 0 16 18
5 5 0 16 7 1
5 5 0 16 18 7
5 5 15 0 16 1
5 5 12 0 16 14
5 5 15 0 16 14
5 9 6 17 4 14
5 9 22 17 4 14
5 9 22 6 17 4
5 9 0 22 4 14
5 9 15 0 4 14
5 9 0 22 16 14
5 9 6 10 4 14
5 9 15 10 4 14
5 9 15 6 10 14
5 9 15 6 10 4
5 9 15 6 16 14
5 9 15 0 16 14
5 9 22 6 4 1
5 9 15 6 4 1
5 9 15 22 4 1
5 9 15 22 16 4
5 9 15 0 16 4
5 9 22 16 4 7
5 9 0 16 4 7
5 9 0 22 4 7
5 9 0 22 16 7
5 24 12 13 21 20
5 24 12 18 13 20
5 24 12 18 13 21
5 24 12 2 21 20
5 24 12 14 2 20
5 24 12 17 2 21
5 24 12 17 14 21
5 24 12 17 14 2
5 24 6 17 14 21
5 24 6 17 14 2
5 24 6 10 14 2
5 24 11 6 10 2
5 24 11 17 2 21
5 24 11 6 17 21
5 24 11 6 17 2
5 8 22 11 13 21
5 8 24 5 13 21
5 8 12 22 13 21
5 8 12 22 16 13
5 8 24 18 13 21
5 8 5 16 18 13
5 8 24 5 18 13
5 8 12 18 13 21
5 8 12 16 18 13
5 8 12 22 14 21
5 8 12 22 16 14
5 8 9 22 16 14
5 8 24 12 18 21
5 8 5 12 16 18
5 8 24 5 12 18
5 8 24 12 14 21
5 8 24 6 14 21
5 8 24 11 6 21
5 8 6 17 14 21
5 8 22 17 14 21
5 8 11 6 17 21
5 8 22 11 17 21
5 8 22 11 6 17
5 8 9 6 16 14
5 8 9 22 6 16
5 8 5 12 16 14
5 8 24 5 12 14
5 8 15 6 16 14
5 8 9 6 17 14
5 8 9 22 17 14
5 8 9 22 6 17
5 3 8 24 11 21
5 3 8 24 5 21
5 3 24 11 10 2
5 3 5 15 16 1
5 3 24 11 6 10
5 3 8 24 11 6
5 3 8 24 5 14
5 3 22 11 16 1
5 3 15 22 16 1
5 3 8 15 6 16
5 3 5 15 16 14
5 3 8 15 16 14
5 3 8 5 16 14
5 3 15 10 4 1
5 3 15 6 4 1
5 3 15 6 10 4
5 3 15 6 10 14
5 3 8 15 6 14
5 3 8 24 6 14
5 3 8 22 6 16
5 3 8 22 11 16
5 3 8 22 11 6
5 3 22 6 4 1
5 3 22 11 6 4
5 3 9 22 6 1
5 3 9 15 6 1
5 3 9 15 22 1
5 3 9 22 6 16
5 3 9 15 6 16
5 3 9 15 22 16
5 23 19 10 2 20
5 23 5 15 0 1
5 23 3 15 10 1
5 23 3 5 15 1
5 23 19 10 14 20
5 23 15 10 4 1
5 23 5 15 0 14
5 23 19 10 4 14
5 23 15 10 4 14
5 23 18 19 1 20
5 23 5 18 1 20
5 23 5 0 7 1
5 23 5 12 0 14
5 23 12 19 14 20
5 23 12 0 19 14
5 23 0 19 4 14
5 23 15 0 4 14
5 23 19 4 7 1
5 23 0 19 4 7
5 23 15 4 7 1
5 23 15 0 7 1
5 23 15 0 4 7
5 23 18 19 7 1
5 23 5 18 7 1
5 23 12 18 19 20
5 23 12 0 18 19
5 23 5 12 18 20
5 23 5 12 0 18
5 23 0 18 19 7
5 23 5 0 18 7
5 25 5 18 13 20
5 25 24 18 13 20
5 25 24 5 18 13
5 25 5 12 18 20
5 25 24 12 18 20
5 25 24 5 12 18
5 25 23 5 12 20
5 25 23 10 2 20
5 25 24 12 14 20
5 25 23 12 14 20
5 25 24 5 12 14
5 25 23 5 12 14
5 25 10 14 2 20
5 25 24 14 2 20
5 25 24 10 14 2
5 25 23 10 14 20
5 25 3 24 10 2
5 25 23 5 15 14
5 25 23 3 10 1
5 25 23 3 5 1
5 25 23 15 10 14
5 25 23 3 15 10
5 25 23 3 5 15
5 25 3 5 15 14
5 25 3 24 5 14
5 25 3 15 10 14
5 25 24 6 10 14
5 25 3 6 10 14
5 25 3 24 6 14
5 25 3 24 6 10
