299
5 1 25 13 20 23
5 1 4 18 23 3
5 7 25 2 23 19
5 7 25 13 20 23
5 28 1 4 18 10
5 28 1 26 18 10
5 28 1 4 18 23
5 28 25 2 23 19
5 28 1 25 2 23
5 28 1 2 20 10
5 28 1 25 2 20
5 6 7 25 9 19
5 6 7 9 17 19
5 6 7 9 32 17
5 6 7 25 9 20
5 6 7 25 13 20
5 29 28 31 4 10
5 29 31 4 32 17
5 29 7 2 32 17
5 29 28 31 10 17
5 29 28 4 2 17
5 29 28 31 4 17
5 29 7 9 32 17
5 29 7 2 17 19
5 29 6 7 9 32
5 27 6 25 9 20
5 27 6 13 9 20
5 27 6 25 13 20
5 27 1 26 20 10
5 27 6 13 9 5
5 27 1 26 18 10
5 15 1 13 18 3
5 15 27 13 18 3
5 15 27 26 18 3
5 15 27 26 25 20
5 15 27 1 13 18
5 15 27 1 26 18
5 15 27 1 13 20
5 15 27 1 26 20
5 12 6 13 32 5
5 12 1 13 20 23
5 12 7 13 20 23
5 21 28 2 23 19
5 21 7 2 23 19
5 21 7 2 17 19
5 21 7 2 32 17
5 21 28 4 2 17
5 21 6 32 17 19
5 21 6 7 17 19
5 21 6 7 32 19
5 21 6 7 32 17
5 21 29 2 32 17
5 21 29 4 32 17
5 21 29 4 2 17
5 11 4 18 10 3
5 11 27 26 18 3
5 11 27 26 18 10
5 14 27 26 20 10
5 14 27 26 25 20
5 14 15 26 18 3
5 14 29 7 9 10
5 14 27 9 20 10
5 14 27 25 9 20
5 14 11 27 26 10
5 14 29 28 10 17
5 14 29 28 2 17
5 14 29 28 2 10
5 14 28 31 10 17
5 14 11 26 18 10
5 14 29 7 2 10
5 14 7 9 20 10
5 14 7 25 9 20
5 14 29 31 10 17
5 14 11 29 31 10
5 14 28 31 4 10
5 14 11 31 4 10
5 14 28 4 18 10
5 14 11 4 18 10
5 14 28 31 4 17
5 14 11 26 18 3
5 14 11 4 18 3
5 14 11 31 4 3
5 8 28 1 26 18
5 8 15 1 26 18
5 8 14 15 26 18
5 8 15 1 25 18
5 8 15 1 26 20
5 8 28 26 18 10
5 8 14 26 18 10
5 8 14 28 18 10
5 8 28 1 25 20
5 8 15 1 25 20
5 8 1 26 20 10
5 8 28 1 20 10
5 8 28 1 26 10
5 8 15 26 25 20
5 8 14 26 20 10
5 8 14 26 25 20
5 8 15 27 26 25
5 8 14 27 26 25
5 8 14 15 27 26
5 8 28 2 20 10
5 8 28 25 2 20
5 8 14 7 20 10
5 8 14 7 25 20
5 8 28 25 2 19
5 8 14 28 2 10
5 8 14 27 25 9
5 8 7 2 20 10
5 8 7 25 2 20
5 8 6 25 9 19
5 8 14 28 2 17
5 8 7 25 2 19
5 8 14 7 2 10
5 8 7 25 9 19
5 8 14 7 25 9
5 8 6 9 17 19
5 8 21 2 17 19
5 8 21 28 2 19
5 8 21 28 2 17
5 8 29 2 17 19
5 8 14 29 2 17
5 8 29 7 2 19
5 8 14 29 7 2
5 8 7 9 17 19
5 8 29 7 17 19
5 8 29 7 9 17
5 8 14 29 9 17
5 8 14 29 7 9
5 24 12 4 32 23
5 24 21 12 32 23
5 24 21 28 2 23
5 24 21 28 4 23
5 24 21 28 4 2
5 24 21 29 2 32
5 24 21 29 4 32
5 24 21 29 4 2
5 24 21 7 2 23
5 24 28 1 2 23
5 24 28 1 4 23
5 24 28 1 2 10
5 24 28 1 4 10
5 24 29 28 2 10
5 24 29 28 4 10
5 24 29 28 4 2
5 24 1 25 2 23
5 24 7 25 2 23
5 24 1 2 20 10
5 24 7 2 20 10
5 24 12 1 20 23
5 24 12 7 20 23
5 24 1 25 20 23
5 24 7 25 20 23
5 24 1 25 2 20
5 24 7 25 2 20
5 22 14 29 9 10
5 22 14 11 29 10
5 22 14 27 9 10
5 22 14 11 29 31
5 22 29 9 32 5
5 22 14 29 9 17
5 22 14 29 31 17
5 22 29 9 32 17
5 22 29 31 32 17
5 0 29 31 4 32
5 0 29 31 4 10
5 0 11 31 4 10
5 0 11 29 31 10
5 0 11 31 4 3
5 0 31 4 32 3
5 0 24 29 4 32
5 0 24 12 4 32
5 0 11 4 10 3
5 0 24 29 4 10
5 0 22 11 29 31
5 0 31 32 3 5
5 0 12 32 3 5
5 0 22 31 32 5
5 0 22 29 32 5
5 0 22 29 31 32
5 0 22 31 3 5
5 0 22 11 31 3
5 0 24 1 4 10
5 0 4 18 10 3
5 0 1 4 18 3
5 0 1 4 18 10
5 0 12 13 3 5
5 0 24 1 4 23
5 0 24 12 4 23
5 0 24 12 1 23
5 0 27 1 18 10
5 0 1 13 23 3
5 0 1 4 23 3
5 0 12 13 23 3
5 0 12 4 23 3
5 0 12 1 13 23
5 0 11 18 10 3
5 0 11 27 18 3
5 0 11 27 18 10
5 0 27 1 20 10
5 0 1 13 18 3
5 0 27 13 18 3
5 0 27 1 13 18
5 0 27 1 13 20
5 0 12 1 13 20
5 0 12 27 13 20
5 16 21 12 7 23
5 16 24 12 7 23
5 16 24 21 7 23
5 16 24 21 12 23
5 16 24 21 7 2
5 16 21 7 2 32
5 16 21 12 7 32
5 16 24 21 2 32
5 16 24 21 12 32
5 16 29 7 2 32
5 16 24 29 2 32
5 16 29 7 2 10
5 16 24 7 2 10
5 16 24 29 2 10
5 16 29 6 7 32
5 16 12 6 7 32
5 16 0 24 29 32
5 16 0 24 12 32
5 16 0 24 29 10
5 16 12 6 32 5
5 16 29 6 7 9
5 16 0 29 32 5
5 16 0 12 32 5
5 16 24 12 7 20
5 16 29 7 9 10
5 16 24 7 20 10
5 16 6 9 32 5
5 16 29 9 32 5
5 16 29 6 9 32
5 16 6 7 9 20
5 16 24 12 1 20
5 16 0 12 1 20
5 16 0 24 12 1
5 16 7 9 20 10
5 16 22 29 9 10
5 16 24 1 20 10
5 16 0 1 20 10
5 16 0 24 1 10
5 16 6 13 9 5
5 16 12 6 13 5
5 16 6 13 9 20
5 16 6 7 13 20
5 16 12 7 13 20
5 16 12 6 7 13
5 16 22 29 9 5
5 16 0 22 29 5
5 16 0 12 27 20
5 16 0 27 20 10
5 16 22 11 29 10
5 16 0 11 29 10
5 16 0 22 11 29
5 16 12 27 13 20
5 30 22 27 9 10
5 30 16 22 9 10
5 30 27 9 20 10
5 30 16 9 20 10
5 30 16 27 20 10
5 30 16 22 11 10
5 30 16 22 9 5
5 30 27 13 9 20
5 30 16 13 9 20
5 30 16 27 13 20
5 30 14 11 27 10
5 30 22 14 27 10
5 30 22 14 11 10
5 30 0 11 27 10
5 30 16 0 27 10
5 30 16 0 11 10
5 30 16 0 22 11
5 30 27 13 9 5
5 30 16 13 9 5
5 30 16 0 22 5
5 30 0 11 27 3
5 30 0 22 11 3
5 30 27 6 9 5
5 30 0 22 3 5
5 30 22 14 27 9
5 30 16 12 13 5
5 30 16 12 27 13
5 30 16 0 12 5
5 30 16 0 12 27
5 30 11 27 26 3
5 30 14 27 26 3
5 30 14 11 26 3
5 30 14 11 27 26
5 30 14 11 31 3
5 30 22 11 31 3
5 30 22 14 31 3
5 30 22 14 11 31
5 30 0 13 3 5
5 30 0 27 13 3
5 30 0 12 13 5
5 30 0 12 27 13
