334
5 21 11 23 3 0
5 31 21 23 28 0
5 19 31 21 0 7
5 19 21 11 3 0
5 19 30 11 29 1
5 19 30 21 11 1
5 19 17 11 0 7
5 19 10 17 11 7
5 19 10 17 11 0
5 9 30 11 29 1
5 9 10 11 29 1
5 9 10 30 29 1
5 9 10 11 16 1
5 9 30 21 11 1
5 9 30 21 11 23
5 9 21 11 3 1
5 9 21 11 23 3
5 18 10 4 16 7
5 18 10 17 16 7
5 18 10 17 29 7
5 18 10 17 29 16
5 18 9 10 29 16
5 18 9 10 30 29
5 18 9 10 16 1
5 18 9 5 16 1
5 18 9 10 30 1
5 15 5 31 17 28
5 15 5 17 4 16
5 2 31 17 23 0
5 2 31 17 23 28
5 2 31 17 0 7
5 2 19 17 0 7
5 2 19 31 0 7
5 2 19 17 29 7
5 2 19 31 29 7
5 24 18 10 4 7
5 24 18 10 30 29
5 24 10 30 29 1
5 24 18 10 30 1
5 24 18 10 16 1
5 24 18 10 4 16
5 24 15 31 21 28
5 24 5 21 4 1
5 24 15 5 21 4
5 24 18 5 16 1
5 24 18 5 4 16
5 24 18 9 30 1
5 24 18 9 5 1
5 24 18 9 5 30
5 24 5 30 21 28
5 24 15 5 21 28
5 32 15 21 4 3
5 32 24 15 21 4
5 13 9 30 11 23
5 13 9 30 11 29
5 13 19 30 11 29
5 13 9 11 23 16
5 13 30 21 11 23
5 13 19 30 21 11
5 13 18 9 29 16
5 13 9 10 29 16
5 13 9 10 11 16
5 13 9 10 11 29
5 13 21 11 23 0
5 13 19 21 11 0
5 13 2 19 31 29
5 13 2 19 17 29
5 13 10 17 29 16
5 13 19 31 21 0
5 13 2 19 31 0
5 6 9 30 21 1
5 6 5 30 21 28
5 6 18 9 5 16
5 6 24 30 21 1
5 6 24 5 21 1
5 6 24 5 30 21
5 6 24 9 30 1
5 6 24 9 5 1
5 6 24 9 5 30
5 6 18 9 5 30
5 12 15 31 17 7
5 12 15 5 31 17
5 12 2 17 29 7
5 12 2 31 29 7
5 12 2 31 17 7
5 12 24 18 4 7
5 12 24 15 4 7
5 12 24 15 31 7
5 12 18 10 29 7
5 12 24 10 29 7
5 12 24 18 10 7
5 12 24 18 10 29
5 12 5 31 17 28
5 12 15 5 31 28
5 8 13 10 11 29
5 8 13 19 11 29
5 8 13 19 10 11
5 8 10 11 29 1
5 8 19 11 29 1
5 8 13 10 17 29
5 8 13 19 17 29
5 8 13 19 10 17
5 8 24 10 29 1
5 8 32 24 10 1
5 8 10 17 29 7
5 8 19 17 29 7
5 8 19 10 17 7
5 8 24 10 29 7
5 8 24 30 29 1
5 26 32 11 3 1
5 26 10 11 16 1
5 26 8 10 11 1
5 26 8 32 11 1
5 26 8 32 10 1
5 26 24 10 16 1
5 26 32 24 10 1
5 26 8 19 10 11
5 26 8 32 19 11
5 26 8 32 19 10
5 26 24 10 4 16
5 26 19 10 11 7
5 26 32 19 10 7
5 26 32 19 3 7
5 26 32 19 11 3
5 26 10 4 16 7
5 26 24 5 16 1
5 26 24 5 4 1
5 26 24 5 4 16
5 26 32 21 3 1
5 26 24 21 4 1
5 26 32 24 21 1
5 26 32 24 21 4
5 26 24 10 4 7
5 26 32 24 4 7
5 26 32 24 10 7
5 14 19 10 17 0
5 14 13 19 10 17
5 14 10 17 11 0
5 14 2 19 17 0
5 14 13 2 19 0
5 14 13 2 19 17
5 14 19 10 11 0
5 14 13 19 11 0
5 14 13 19 10 11
5 14 17 11 16 0
5 14 10 17 11 16
5 14 13 10 11 16
5 14 13 10 17 16
5 14 2 17 23 0
5 14 13 2 17 23
5 14 13 11 23 0
5 14 13 11 23 16
5 14 13 17 23 16
5 14 2 31 23 0
5 14 13 2 31 0
5 14 13 2 31 23
5 14 31 21 23 0
5 14 13 21 23 0
5 14 13 31 21 0
5 14 13 31 21 23
5 22 15 17 4 7
5 22 12 15 4 7
5 22 12 15 17 7
5 22 12 18 4 7
5 22 17 4 16 7
5 22 18 4 16 7
5 22 18 17 16 7
5 22 18 17 29 7
5 22 12 17 29 7
5 22 12 18 29 7
5 22 15 5 17 4
5 22 12 18 5 4
5 22 12 15 5 4
5 22 12 15 5 17
5 22 5 17 4 16
5 22 18 5 4 16
5 22 12 2 17 29
5 22 6 18 5 16
5 22 13 2 17 29
5 22 12 13 2 29
5 22 5 17 23 16
5 22 6 5 23 16
5 22 18 17 29 16
5 22 13 17 29 16
5 22 13 18 29 16
5 22 13 17 23 16
5 22 13 18 9 16
5 22 6 18 9 16
5 22 13 2 17 23
5 22 13 9 23 16
5 22 6 9 23 16
5 22 6 13 9 23
5 20 24 18 5 4
5 20 12 18 5 4
5 20 12 24 18 4
5 20 24 15 5 4
5 20 12 15 5 4
5 20 12 24 15 4
5 20 24 18 5 30
5 20 24 15 5 28
5 20 12 15 5 28
5 20 22 12 18 5
5 20 24 5 30 28
5 20 24 18 30 29
5 20 12 24 18 29
5 20 24 15 31 28
5 20 12 15 31 28
5 20 12 24 15 31
5 20 6 18 5 30
5 20 22 6 18 5
5 20 22 12 18 29
5 20 6 18 9 30
5 20 22 6 18 9
5 20 12 5 17 28
5 20 22 12 5 17
5 20 22 13 18 29
5 20 22 12 13 29
5 20 24 30 21 28
5 20 24 31 21 28
5 20 22 13 18 9
5 20 22 12 2 17
5 20 22 12 13 2
5 20 18 9 30 29
5 20 13 9 30 29
5 20 13 18 9 29
5 20 12 31 17 28
5 20 12 2 31 17
5 20 13 2 31 29
5 20 12 2 31 29
5 20 12 13 2 29
5 25 19 30 29 1
5 25 8 30 29 1
5 25 8 19 29 1
5 25 19 30 21 1
5 25 24 30 21 1
5 25 8 24 30 1
5 25 8 24 30 29
5 25 32 24 21 1
5 25 8 32 24 1
5 25 32 21 3 1
5 25 20 24 30 29
5 25 20 24 30 21
5 25 8 19 29 7
5 25 8 24 29 7
5 25 21 11 3 1
5 25 19 21 11 1
5 25 19 21 11 3
5 25 32 15 21 3
5 25 8 19 11 1
5 25 32 11 3 1
5 25 8 32 11 1
5 25 32 19 11 3
5 25 8 32 19 11
5 25 32 24 15 21
5 25 20 24 31 21
5 25 24 15 31 21
5 25 12 24 29 7
5 25 19 21 3 7
5 25 15 21 3 7
5 25 32 19 3 7
5 25 32 19 10 7
5 25 8 19 10 7
5 25 8 32 19 10
5 25 32 24 10 7
5 25 8 24 10 7
5 25 8 32 24 10
5 25 20 12 31 29
5 25 20 12 24 29
5 25 20 12 24 31
5 25 19 31 29 7
5 25 12 31 29 7
5 25 12 24 31 7
5 25 19 31 21 7
5 25 15 31 21 7
5 25 24 15 31 7
5 25 15 4 3 7
5 25 32 4 3 7
5 25 32 15 4 3
5 25 24 15 4 7
5 25 32 24 4 7
5 25 32 24 15 4
5 27 2 31 17 28
5 27 20 31 17 28
5 27 20 2 31 17
5 27 2 17 23 28
5 27 20 13 2 31
5 27 22 2 17 23
5 27 20 22 2 17
5 27 2 31 23 28
5 27 13 2 31 23
5 27 5 17 23 28
5 27 22 5 17 23
5 27 20 5 17 28
5 27 20 22 5 17
5 27 22 13 2 23
5 27 20 22 13 2
5 27 31 21 23 28
5 27 13 31 21 23
5 27 20 30 21 28
5 27 20 31 21 28
5 27 6 5 23 28
5 27 22 6 5 23
5 27 20 22 6 5
5 27 13 30 21 23
5 27 22 6 13 23
5 27 13 19 30 21
5 27 13 19 31 21
5 27 25 20 30 21
5 27 25 20 31 21
5 27 13 19 30 29
5 27 20 13 30 29
5 27 13 19 31 29
5 27 20 13 31 29
5 27 6 5 30 28
5 27 20 5 30 28
5 27 20 6 5 30
5 27 9 30 21 23
5 27 13 9 30 23
5 27 6 13 9 23
5 27 20 13 9 30
5 27 20 6 9 30
5 27 22 6 13 9
5 27 20 22 13 9
5 27 20 22 6 9
5 27 25 19 30 21
5 27 25 19 31 21
5 27 25 19 30 29
5 27 25 20 30 29
5 27 25 19 31 29
5 27 25 20 31 29
5 27 6 21 23 28
5 27 6 9 21 23
5 27 6 30 21 28
5 27 6 9 30 21
