4
33
4.08262 -9.58987 8.18862 -1.69297
-8.39921 -0.0376952 -4.64087 -1.73362
4.2632 -1.50969 6.06347 0.365476
-8.03017 -8.27275 -7.96609 -7.49577
5.2611 8.10735 -6.00486 -1.14223
-1.17784 7.18191 -0 7.73
-5.82818 2.82047 -0 7.19813
8.51348 5.4051 -0 -4.87428
-3.29988 -0.0190383 -0 -5.05124
-7.18814 1.9983 -0 5.47054
-5.68835 3.12745 -0 -5.69795
-6.37595 -8.29963 -0 -7.28912
3.48439 2.88204 1.84142 -0
-0.507675 -4.60415 6.62522 -0
1.92374 -7.25115 8.65175 -0
6.00398 7.40763 -6.00545 -0
-5.19829 9.66285 7.05288 -0
4.37292 4.03514 8.65389 -0
-2.76734 6.96078 3.23025 -0
-0 -5.53179 0.0357299 -6.37304
-0 2.33015 0.713244 2.96608
-0 -5.81744 -8.04334 4.9186
-0 6.42586 5.40593 1.20508
-0 -7.97562 8.67606 5.90894
-0 4.81758 -5.88734 -2.80346
-0 -1.67105 -4.03795 -5.76499
-8.24965 -0 -6.83617 -9.37356
-0.364395 -0 0.436535 5.18435
1.44655 -0 -1.89607 7.85842
-2.63947 -0 0.640838 -4.06984
-4.20251 -0 -2.00314 3.1292
5.85055 -0 2.21754 0.226348
-6.10591 -0 -7.0024 -8.44232
