4
33
-5.11062 -4.34624 6.98256 2.33194
-8.76025 -2.63691 -9.29917 -7.12978
-3.79286 -9.71411 -3.20641 6.6687
7.0117 -9.0818 -6.1476 0.747211
-3.98927 -1.89495 -4.25886 -7.1309
-0 7.03987 8.57338 -0.595187
-0 8.36259 -2.75245 -8.11647
-0 -4.12774 8.27543 -2.5792
-0 -5.75112 6.76009 -9.71232
-0 -0.252107 -5.04457 -8.76122
-0 2.84745 -3.68593 -5.48422
-0 7.36884 -5.95872 -3.35884
-0.547602 -0 -8.42694 3.72934
5.11056 -0 -6.4432 -8.34342
-3.64167 -0 1.50614 -6.3272
-3.34987 -0 5.67958 -2.46503
8.50003 -0 0.803194 -5.30742
6.09534 -0 -3.18906 -8.27144
3.33418 -0 4.61451 1.70033
-4.23838 3.44825 -0 6.2776
-0.393097 1.65331 -0 4.39423
-3.4619 9.47038 -0 -1.00627
-4.13736 -1.72081 -0 0.482714
4.03106 1.39203 -0 -9.84943
-0.284401 9.66463 -0 -3.87212
-7.5042 -6.57861 -0 5.12446
-8.95408 -6.88874 -0.297188 -0
-4.12814 -9.03981 -5.14131 -0
5.32999 -6.00193 -3.30959 -0
5.85018 7.07933 -7.9345 -0
-4.95725 -6.12471 -5.39985 -0
-1.00887 4.97661 3.15066 -0
-3.72087 5.02703 2.45048 -0
