4
26
-0.131598 -5.18034 9.69904 6.91833
2.7535 9.51862 -4.83651 -1.47915
-8.90859 9.15401 1.02144 1.2114
5.63912 -6.86714 7.65172 -9.41282
-3.61113 -7.4249 -3.83498 -5.90397
9.68879 -0 -7.04293 -1.63992
4.24372 -0 -0.00807554 8.89613
8.64614 -0 -2.13623 -6.58972
-7.83336 -0 -1.54871 -1.1491
9.3863 -0 9.95564 1.22669
5.72996 -0 7.18912 -1.65761
7.72891 -0 -4.99286 7.79876
6.46777 0.992124 -5.67322 -0
-7.34691 6.70221 -6.76042 -0
4.12073 -3.28971 -5.51266 -0
1.40302 0.647426 5.12784 -0
-3.09506 -8.5328 7.59751 -0
6.72819 8.69786 2.61533 -0
7.19182 -4.40414 -3.25347 -0
2.96184 -4.84119 -0 -6.95037
6.06767 -3.18521 -0 -5.19167
-1.98401 -8.98167 -0 0.271756
5.7406 -0.108456 -0 -8.36474
-2.65106 -5.13634 -0 8.26894
3.41056 -6.73007 -0 -0.596461
-5.20477 6.38515 -0 6.58781
