4
33
-2.54516 -0.185544 8.23723 -0.25305
5.88586 3.1909 6.71961 5.8439
7.87703 -0.0387051 -1.18042 -5.36458
-8.81577 9.53894 9.59209 7.25963
2.5521 5.78922 9.15636 -2.47042
-8.95408 -6.88874 -0.297188 -0
-4.12814 -9.03981 -5.14131 -0
5.32999 -6.00193 -3.30959 -0
5.85018 7.07933 -7.9345 -0
-4.95725 -6.12471 -5.39985 -0
-1.00887 4.97661 3.15066 -0
-3.72087 5.02703 2.45048 -0
-0 -8.30522 8.20702 2.17096
-0 -7.89665 8.4334 9.79008
-0 8.99997 -5.35207 -1.09394
-0 7.41727 0.435763 9.25652
-0 -5.67015 3.55233 -1.7614
-0 2.88472 -5.74603 -9.5307
-0 9.67851 5.1778 6.17105
9.68879 -0 -7.04293 -1.63992
4.24372 -0 -0.00807554 8.89613
8.64614 -0 -2.13623 -6.58972
-7.83336 -0 -1.54871 -1.1491
9.3863 -0 9.95564 1.22669
5.72996 -0 7.18912 -1.65761
7.72891 -0 -4.99286 7.79876
-1.17784 7.18191 -0 7.73
-5.82818 2.82047 -0 7.19813
8.51348 5.4051 -0 -4.87428
-3.29988 -0.0190383 -0 -5.05124
-7.18814 1.9983 -0 5.47054
-5.68835 3.12745 -0 -5.69795
-6.37595 -8.29963 -0 -7.28912
