4
19
6.02334 -7.77837 -3.93934 -8.58642
-0.72597 3.81278 2.13757 -8.98928
3.0534 0.796355 -0.874233 0.928195
8.92532 -3.69464 8.92355 -4.22715
2.22562 4.76042 -6.97471 9.7047
-0 -6.01064 -8.55226 -0.208031
-0 6.24278 -7.56228 2.13735
-0 3.70781 5.90445 -8.16806
-0 8.32054 1.23563 6.39498
-0 6.19605 -0.855653 3.60981
-0 1.36235 -5.82128 9.23358
-0 -4.55609 2.28432 9.39571
-5.65784 -0 1.5741 -3.96067
5.42337 -0 -3.0273 -2.67498
-7.22963 -0 -9.142 4.02215
0.502865 -0 -8.81344 -0.0832059
7.10131 -0 9.15208 -0.099096
-3.44024 -0 -8.16007 -6.99964
5.57137 -0 4.84568 -9.64802
