4
26
0.962909 6.41513 8.835 4.18956
0.414191 9.95335 -5.36704 3.69608
-0.922179 -9.51445 -3.05312 -8.70704
8.52723 2.27858 1.21766 -8.14977
-6.15376 4.15256 -7.29651 8.22202
-8.24965 -0 -6.83617 -9.37356
-0.364395 -0 0.436535 5.18435
1.44655 -0 -1.89607 7.85842
-2.63947 -0 0.640838 -4.06984
-4.20251 -0 -2.00314 3.1292
5.85055 -0 2.21754 0.226348
-6.10591 -0 -7.0024 -8.44232
2.96184 -4.84119 -0 -6.95037
6.06767 -3.18521 -0 -5.19167
-1.98401 -8.98167 -0 0.271756
5.7406 -0.108456 -0 -8.36474
-2.65106 -5.13634 -0 8.26894
3.41056 -6.73007 -0 -0.596461
-5.20477 6.38515 -0 6.58781
0.767292 -6.93892 -2.61364 -0
9.5196 -7.53713 -5.48442 -0
-6.11345 5.35335 -8.98596 -0
-0.529849 -5.49839 3.35471 -0
-3.52258 6.14642 -8.28885 -0
-2.21068 -5.79901 -7.28742 -0
-3.37271 -3.94204 4.81113 -0
