4
26
-2.80132 -1.83542 -9.19497 2.93424
-0.695839 -5.04313 -4.39654 -1.15321
9.03769 9.57292 4.42143 4.74915
0.483801 -3.29871 -2.49428 -8.47519
-6.49101 2.53385 4.11328 3.28679
-0 -8.30522 8.20702 2.17096
-0 -7.89665 8.4334 9.79008
-0 8.99997 -5.35207 -1.09394
-0 7.41727 0.435763 9.25652
-0 -5.67015 3.55233 -1.7614
-0 2.88472 -5.74603 -9.5307
-0 9.67851 5.1778 6.17105
3.0619 1.77801 2.44206 -0
-3.68 -0.421719 1.21819 -0
-4.11231 -4.93414 2.10849 -0
-2.6627 5.00855 0.908986 -0
-2.72638 6.8133 -3.578 -0
6.07633 -9.78335 8.46821 -0
2.08838 -5.09106 8.48596 -0
-7.49927 3.62179 -0 -2.2462
1.86029 -7.45579 -0 1.55166
5.67829 5.59208 -0 2.86792
-5.4703 -4.81107 -0 -1.23035
-2.59168 -2.78714 -0 5.66022
8.20494 -6.29441 -0 -0.980843
-7.78552 -9.50197 -0 0.835638
