4
33
9.13322 -1.43547 9.91426 0.672685
2.86455 3.59985 -6.41304 -6.37919
6.80185 -3.9484 8.97118 2.39743
7.70765 -6.14946 5.55053 1.20347
-7.10424 -8.95405 -7.47626 6.55102
-0 7.03987 8.57338 -0.595187
-0 8.36259 -2.75245 -8.11647
-0 -4.12774 8.27543 -2.5792
-0 -5.75112 6.76009 -9.71232
-0 -0.252107 -5.04457 -8.76122
-0 2.84745 -3.68593 -5.48422
-0 7.36884 -5.95872 -3.35884
-5.65784 -0 1.5741 -3.96067
5.42337 -0 -3.0273 -2.67498
-7.22963 -0 -9.142 4.02215
0.502865 -0 -8.81344 -0.0832059
7.10131 -0 9.15208 -0.099096
-3.44024 -0 -8.16007 -6.99964
5.57137 -0 4.84568 -9.64802
-7.12327 1.51979 -0 -2.4546
-7.68102 -3.82921 -0 -9.19987
-2.39194 0.48006 -0 2.68873
3.50684 1.8987 -0 1.35188
2.10251 -3.6963 -0 -4.30204
-7.23932 -9.13222 -0 5.48898
-6.8218 0.28383 -0 -7.5154
3.0619 1.77801 2.44206 -0
-3.68 -0.421719 1.21819 -0
-4.11231 -4.93414 2.10849 -0
-2.6627 5.00855 0.908986 -0
-2.72638 6.8133 -3.578 -0
6.07633 -9.78335 8.46821 -0
2.08838 -5.09106 8.48596 -0
