4
26
-1.24035 6.23624 -3.42733 8.45901
-2.08437 5.04973 -6.17628 -0.41237
4.93289 -1.63648 -8.28812 -8.55332
1.68989 9.21177 9.6136 -8.06052
1.51829 -5.07049 -8.04267 4.93061
-5.33094 -0 -9.13248 3.47134
-2.52171 -0 -5.64374 7.56919
4.35878 -0 8.46437 -9.15734
7.79372 -0 2.504 -6.01403
-8.76019 -0 6.95147 -9.04419
-9.9993 -0 2.23898 7.84
-5.90131 -0 -3.88153 6.51318
-9.43327 -4.18315 -0 -4.675
8.7608 -7.77614 -0 6.79364
3.50084 -4.32845 -0 -8.82882
-4.27206 -0.310174 -0 3.59775
0.40979 6.59112 -0 -6.12621
6.03692 -3.26553 -0 7.53008
-6.2501 -9.06226 -0 9.12756
0.767292 -6.93892 -2.61364 -0
9.5196 -7.53713 -5.48442 -0
-6.11345 5.35335 -8.98596 -0
-0.529849 -5.49839 3.35471 -0
-3.52258 6.14642 -8.28885 -0
-2.21068 -5.79901 -7.28742 -0
-3.37271 -3.94204 4.81113 -0
