4
26
3.75564 7.93892 -6.28214 3.87318
7.13147 8.29805 -3.39484 -8.92907
7.59935 0.682332 8.63168 -7.94469
5.97645 3.99709 -0.782897 6.38022
-8.22233 -1.88435 -7.70796 2.16915
-0 -5.53179 0.0357299 -6.37304
-0 2.33015 0.713244 2.96608
-0 -5.81744 -8.04334 4.9186
-0 6.42586 5.40593 1.20508
-0 -7.97562 8.67606 5.90894
-0 4.81758 -5.88734 -2.80346
-0 -1.67105 -4.03795 -5.76499
-7.49927 3.62179 -0 -2.2462
1.86029 -7.45579 -0 1.55166
5.67829 5.59208 -0 2.86792
-5.4703 -4.81107 -0 -1.23035
-2.59168 -2.78714 -0 5.66022
8.20494 -6.29441 -0 -0.980843
-7.78552 -9.50197 -0 0.835638
-8.59775 7.97753 5.15013 -0
-9.5622 8.36177 -1.9999 -0
-6.85557 -9.14679 -6.63457 -0
-1.05517 -8.91547 3.52344 -0
0.0986449 9.21276 0.00512486 -0
-4.28299 -1.26732 -9.12715 -0
-2.63579 3.89564 -8.73266 -0
