100
979.832 621.959
260.878 986.11
137.911 907.642
487.283 613.175
148.158 558.269
32.6647 665.726
562.737 11.3945
183.083 343.096
334.569 811.909
126.203 29.1519
258.996 434.135
623.853 192.579
797.892 164.313
556.688 62.5187
345.521 659.302
806.303 869.548
208.958 307.24
426.332 815.117
545.178 292.877
204.648 605.543
263.699 521.138
276.892 232.253
73.3283 801.206
544.966 479.32
797.844 359.317
350.031 686.139
260.824 105.878
570.589 921.845
888.631 863.729
333.976 619.811
965.988 214.545
344.647 202.701
831.634 149.961
144.154 459.146
668.17 608.221
403.32 423.156
164.116 979.567
334.718 961.245
165.82 181.218
173.582 30.3243
384.753 594.292
195.327 660.858
875.737 4.40474
114.607 716.026
968.467 278.743
979.267 946.11
166.554 964.903
68.2533 717.78
819.044 971.538
426.941 239.535
12.7825 659.563
531.371 932.587
677.41 898.734
97.5975 357.05
10.3327 329.447
867.023 265.901
380.459 640.649
631.003 70.7703
194.393 311.887
559.349 823.152
741.46 906.774
118.275 984.045
342.325 487.764
928.248 759.347
470.175 109.72
100.366 693.034
532.807 144.047
703.72 269.868
600.683 368.741
876.681 147.109
745.145 362.704
301.705 790.724
441.144 778.116
853.513 177.348
940.995 240.267
220.834 571.223
102.481 477.321
912.132 252.902
676.508 892.577
720.604 985.55
793.929 843.367
558.786 793.391
267.483 270.477
118.765 392.436
579.99 15.749
598.557 745.489
751.854 678.726
603.358 635.997
526.143 826.105
639.071 872.384
680.408 281.137
212.069 116.988
779.925 652.764
737.423 144.197
997.359 770.182
163.858 914.512
254.615 645.206
530.065 976.702
612.688 242.38
573.012 175.866
