100
635.655 327.863
385.344 333.548
165.958 592.6
57.367 353.139
872.676 768.32
338.762 43.1789
666.542 780.345
938.316 154.123
34.9806 935.197
803.532 140.538
810.488 441.857
428.967 236.259
891.903 696.042
643.562 56.148
914.135 358.929
906.737 707.383
21.6492 261.74
171.081 630.307
62.683 827.545
718.817 902.341
474.366 898.592
470.512 394.635
868.717 947.351
919.104 126.42
993.723 166.265
464.341 783.896
484.89 668.851
819.955 25.0764
976.631 299.832
946.72 739.269
253.977 262.01
475.086 907.604
583.969 499.181
837.387 790.574
660.021 800.194
528.419 309.148
10.8613 610.429
362.598 238.285
656.418 372.522
14.0397 889.4
620.998 256.428
947.459 567.475
621.077 477.606
108.809 458.182
558.277 686.401
250.232 367.502
336.045 130.547
867.825 426.721
791.93 650.093
233.453 542.903
60.0345 623.745
794.578 110.36
390.324 980.339
847.916 868.952
945.736 244.015
647.051 112.097
73.2544 383.371
341.74 30.3433
925.031 186.719
998.662 372.27
880.201 624.913
337.145 653.671
878.677 21.0976
24.4812 33.9089
94.0138 670.678
740.633 429.747
268.288 773.999
927.617 340.757
889.173 663.459
504.613 355.752
1.61125 44.9242
264.887 347.403
16.1047 851.295
338.813 301.673
947.119 161.812
20.373 622.964
600.12 264.432
402.016 894.871
744.124 274.355
363.745 190.332
294.885 727.391
946.728 386.966
968.957 719.981
658.14 296.061
115.234 462.715
457.805 516.214
215.357 433.283
700.316 954.335
75.2893 918.558
767.766 97.7167
804.875 614.165
935.942 676.912
248.177 818.951
162.965 720.228
952.516 595.125
10.1104 928.992
228.031 359.769
52.4597 552.983
791.978 611.305
120.843 717.947
