341
5 17 2 24 9 20
5 31 1 17 24 20
5 11 31 24 16 20
5 11 17 24 9 20
5 11 31 17 24 20
5 11 13 26 9 20
5 11 31 13 26 20
5 11 17 26 9 20
5 11 31 17 26 20
5 11 17 26 9 27
5 11 31 17 26 27
5 5 1 17 2 24
5 5 2 24 9 20
5 5 11 24 9 20
5 5 17 2 24 9
5 22 5 1 17 24
5 22 1 17 2 3
5 22 5 1 2 3
5 22 5 1 17 2
5 22 5 17 24 9
5 28 31 17 26 20
5 28 31 1 17 20
5 32 31 1 30 16
5 32 28 31 1 30
5 32 6 1 30 3
5 32 6 1 17 30
5 32 28 1 17 30
5 32 28 31 26 20
5 32 4 6 26 0
5 14 11 31 26 27
5 14 11 31 13 26
5 14 11 26 9 27
5 14 11 13 26 9
5 14 11 31 16 27
5 14 11 31 13 16
5 14 26 0 9 27
5 14 13 26 0 9
5 14 28 31 26 0
5 21 31 1 24 16
5 21 31 1 30 16
5 21 22 1 17 24
5 21 31 1 17 24
5 21 32 1 30 3
5 21 32 1 30 16
5 21 22 1 17 3
5 21 28 1 17 30
5 21 28 31 1 30
5 21 28 31 1 17
5 21 6 30 8 27
5 21 22 6 8 27
5 21 6 17 30 27
5 21 22 6 17 27
5 21 6 30 8 3
5 21 22 6 8 3
5 21 6 1 30 3
5 21 6 1 17 3
5 21 6 1 17 30
5 21 22 6 17 3
5 25 5 1 24 16
5 25 22 5 1 24
5 25 22 5 1 3
5 25 21 22 8 3
5 25 21 22 1 3
5 25 21 1 24 16
5 25 21 22 1 24
5 25 21 30 8 3
5 25 32 1 16 3
5 25 21 32 1 3
5 25 21 32 1 16
5 25 21 32 30 3
5 25 21 32 30 16
5 25 21 14 16 27
5 25 21 22 8 27
5 7 4 5 2 9
5 7 22 6 8 3
5 7 4 6 8 3
5 7 22 5 2 3
5 7 4 5 2 3
5 7 25 22 8 3
5 7 25 22 5 3
5 7 25 4 8 3
5 7 25 4 5 3
5 23 11 24 16 20
5 23 5 11 24 20
5 23 5 11 9 20
5 23 5 1 24 16
5 23 11 31 16 20
5 23 11 31 13 20
5 23 11 13 9 20
5 23 4 13 9 20
5 23 25 5 1 16
5 23 5 2 9 20
5 23 4 2 9 20
5 23 4 5 2 9
5 23 7 5 11 9
5 23 7 4 5 9
5 23 25 5 11 16
5 23 7 25 5 11
5 23 7 25 4 5
5 23 31 24 16 20
5 23 31 1 24 16
5 23 31 13 26 20
5 23 4 13 26 20
5 23 32 1 16 3
5 23 25 1 16 3
5 23 25 5 1 3
5 23 25 4 5 3
5 23 32 31 1 16
5 23 32 31 26 20
5 23 32 4 26 20
5 23 32 4 31 26
5 23 25 8 16 3
5 23 25 4 8 3
5 23 25 4 8 16
5 10 31 17 26 27
5 10 28 31 17 26
5 10 21 17 30 27
5 10 21 28 17 30
5 10 32 28 17 26
5 10 32 28 17 30
5 10 6 30 0 27
5 10 14 26 0 27
5 10 14 28 26 0
5 10 32 28 26 0
5 10 14 31 26 27
5 10 14 28 31 26
5 10 21 31 17 27
5 10 21 28 31 17
5 10 32 6 26 0
5 10 14 31 16 27
5 10 21 31 16 27
5 10 21 14 16 27
5 10 28 31 30 16
5 10 21 31 30 16
5 10 21 28 31 30
5 19 4 6 8 0
5 19 4 6 8 3
5 19 32 4 6 3
5 19 32 4 6 0
5 19 6 30 8 3
5 19 32 6 30 3
5 19 23 4 8 3
5 19 23 32 4 3
5 19 10 32 6 30
5 19 10 32 28 30
5 19 23 32 4 31
5 19 32 4 31 26
5 19 32 28 31 26
5 19 10 32 6 0
5 19 10 32 28 0
5 19 32 4 26 0
5 19 32 28 26 0
5 19 10 6 30 0
5 19 28 31 26 0
5 19 25 30 8 3
5 19 25 32 30 3
5 19 23 8 16 3
5 19 23 32 16 3
5 19 10 28 30 16
5 19 25 32 30 16
5 19 28 31 30 16
5 19 32 31 30 16
5 19 32 28 31 30
5 19 23 4 8 16
5 19 23 32 31 16
5 19 6 8 0 27
5 19 6 30 0 27
5 19 6 30 8 27
5 19 10 30 0 27
5 19 25 8 16 3
5 19 25 32 16 3
5 19 10 28 31 16
5 19 10 21 30 27
5 19 10 21 14 27
5 19 25 21 30 16
5 19 25 21 14 16
5 19 10 21 30 16
5 19 10 21 14 16
5 19 21 30 8 27
5 19 25 21 8 27
5 19 25 21 30 8
5 19 25 21 14 27
5 15 31 13 26 0
5 15 14 13 26 0
5 15 14 31 26 0
5 15 14 31 13 26
5 15 14 28 31 0
5 15 19 28 31 0
5 15 19 8 0 27
5 15 10 14 28 0
5 15 19 10 28 0
5 15 10 14 28 31
5 15 19 10 28 31
5 15 10 14 31 16
5 15 19 10 31 16
5 15 19 10 14 16
5 15 7 4 8 0
5 15 7 4 13 0
5 15 7 8 0 27
5 15 7 14 0 27
5 15 10 14 0 27
5 15 19 10 0 27
5 15 19 10 14 27
5 15 19 25 8 27
5 15 19 25 14 27
5 15 19 25 14 16
5 15 7 22 8 27
5 15 7 14 22 27
5 15 25 22 8 27
5 15 25 14 22 27
5 15 7 25 22 8
5 15 14 11 13 9
5 15 7 11 13 9
5 15 7 14 11 9
5 29 25 5 24 16
5 29 25 5 11 16
5 29 23 11 24 16
5 29 23 5 24 16
5 29 23 5 11 16
5 29 23 5 11 24
5 29 25 22 5 24
5 29 25 21 24 16
5 29 25 21 22 24
5 29 5 11 24 9
5 29 22 5 24 9
5 29 7 25 5 11
5 29 7 25 22 5
5 29 25 21 16 27
5 29 25 21 22 27
5 29 14 11 16 27
5 29 15 14 11 16
5 29 15 25 11 16
5 29 15 25 14 16
5 29 25 14 16 27
5 29 25 14 22 27
5 29 11 17 24 9
5 29 22 17 24 9
5 29 7 5 11 9
5 29 7 22 5 9
5 29 11 31 24 16
5 29 11 31 17 24
5 29 21 31 24 16
5 29 21 31 17 24
5 29 21 22 17 27
5 29 21 22 17 24
5 29 14 11 9 27
5 29 14 22 9 27
5 29 15 7 14 11
5 29 15 7 25 11
5 29 7 14 11 9
5 29 7 14 22 9
5 29 15 25 14 22
5 29 15 7 14 22
5 29 15 7 25 22
5 29 11 17 9 27
5 29 22 17 9 27
5 29 11 31 16 27
5 29 11 31 17 27
5 29 21 31 16 27
5 29 21 31 17 27
5 18 31 1 24 20
5 18 23 31 24 20
5 18 23 31 1 24
5 18 23 5 24 20
5 18 23 5 1 24
5 18 23 32 31 20
5 18 23 32 31 1
5 18 5 2 24 20
5 18 5 1 2 24
5 18 23 5 2 20
5 18 28 31 1 20
5 18 32 28 31 20
5 18 32 28 31 1
5 18 17 2 24 20
5 18 1 17 24 20
5 18 1 17 2 24
5 18 5 1 2 3
5 18 23 5 1 3
5 18 28 1 17 20
5 18 32 28 1 17
5 18 32 1 2 3
5 18 23 32 1 3
5 18 4 5 2 3
5 18 23 4 5 3
5 18 23 4 5 2
5 18 28 17 26 20
5 18 32 28 26 20
5 18 32 28 17 26
5 18 23 4 2 20
5 18 23 32 4 20
5 18 23 32 4 3
5 18 32 4 26 20
5 12 14 11 13 16
5 12 15 14 11 16
5 12 15 14 11 13
5 12 15 25 11 16
5 12 14 31 13 16
5 12 15 14 31 16
5 12 15 14 31 13
5 12 15 7 11 13
5 12 15 7 25 11
5 12 15 19 31 16
5 12 23 25 11 16
5 12 23 7 25 11
5 12 25 4 8 16
5 12 15 7 4 13
5 12 15 31 13 0
5 12 15 19 31 0
5 12 11 31 13 16
5 12 23 11 31 16
5 12 23 11 31 13
5 12 7 11 13 9
5 12 23 11 13 9
5 12 23 7 11 9
5 12 23 25 4 16
5 12 23 7 25 4
5 12 19 4 8 16
5 12 15 4 13 0
5 12 19 25 8 16
5 12 15 19 25 16
5 12 15 19 25 8
5 12 7 25 4 8
5 12 15 7 4 8
5 12 15 7 25 8
5 12 19 23 31 16
5 12 19 23 4 16
5 12 19 23 4 31
5 12 19 4 31 26
5 12 31 13 26 0
5 12 19 31 26 0
5 12 7 4 13 9
5 12 23 4 13 9
5 12 23 7 4 9
5 12 19 4 8 0
5 12 15 4 8 0
5 12 15 19 8 0
5 12 4 13 26 0
5 12 19 4 26 0
5 12 23 31 13 26
5 12 23 4 13 26
5 12 23 4 31 26
