211
5 23 21 0 20 7
5 9 19 1 25 12
5 16 23 0 20 13
5 11 9 19 1 12
5 11 17 19 1 12
5 11 17 19 18 12
5 11 9 19 25 12
5 11 17 9 19 1
5 11 21 1 20 13
5 11 17 9 1 8
5 3 17 19 18 8
5 3 0 8 22 7
5 3 17 19 22 12
5 3 17 19 18 12
5 3 19 22 7 25
5 5 11 9 19 25
5 5 9 19 8 25
5 5 11 9 21 25
5 5 3 19 18 8
5 5 17 19 18 8
5 5 11 17 18 8
5 5 11 17 19 18
5 5 17 9 19 8
5 5 11 17 9 8
5 5 11 17 9 19
5 5 19 8 7 25
5 5 3 19 7 25
5 5 3 19 8 7
5 5 15 9 21 25
5 5 15 9 21 8
5 5 11 9 20 8
5 5 11 9 21 20
5 5 15 23 21 25
5 5 15 23 21 8
5 5 11 16 18 20
5 5 23 8 7 25
5 5 23 21 7 25
5 5 3 0 8 7
5 5 3 18 0 7
5 5 3 18 0 8
5 5 21 0 20 7
5 5 21 0 20 8
5 5 18 0 20 7
5 5 16 0 20 8
5 5 16 18 0 8
5 5 16 18 0 20
5 5 23 0 8 7
5 5 23 21 0 7
5 5 23 21 0 8
5 14 11 17 1 12
5 14 11 16 18 12
5 14 11 17 18 12
5 10 17 9 1 8
5 10 17 9 19 8
5 10 17 9 19 1
5 10 9 19 8 25
5 10 9 19 1 25
5 10 15 9 1 25
5 10 3 17 19 8
5 10 5 9 8 25
5 10 5 15 9 25
5 10 5 15 9 8
5 10 15 1 22 25
5 10 3 17 19 22
5 10 17 19 22 12
5 10 17 19 1 12
5 10 19 22 7 25
5 10 19 8 7 25
5 10 5 23 8 25
5 10 5 15 23 25
5 10 5 15 23 8
5 10 1 22 25 12
5 10 19 22 25 12
5 10 19 1 25 12
5 10 3 8 22 7
5 10 3 19 22 7
5 10 3 19 8 7
5 10 3 0 8 22
5 10 3 17 0 22
5 10 3 17 0 8
5 10 23 22 7 25
5 10 15 23 22 25
5 10 23 8 7 25
5 10 15 23 0 22
5 10 15 23 0 8
5 10 0 8 22 7
5 10 23 0 22 7
5 10 23 0 8 7
5 6 15 23 0 22
5 6 10 17 0 22
5 6 10 15 0 22
5 6 16 23 0 13
5 6 15 23 22 13
5 6 10 17 22 12
5 6 14 16 18 12
5 6 3 17 0 22
5 6 3 17 18 0
5 6 14 17 18 12
5 6 10 1 22 12
5 6 10 15 1 22
5 6 10 17 1 12
5 6 10 15 17 1
5 6 15 1 22 13
5 6 3 17 22 12
5 6 3 17 18 12
5 6 14 17 1 12
5 4 11 16 20 13
5 4 6 15 1 13
5 4 6 15 17 1
5 4 6 14 17 1
5 4 11 1 12 13
5 4 6 1 12 13
5 4 14 11 1 12
5 4 6 14 1 12
5 4 14 11 16 12
5 4 6 14 16 12
5 2 16 23 20 13
5 2 23 21 20 13
5 2 15 23 21 13
5 2 4 16 20 13
5 2 16 23 0 20
5 2 21 1 20 13
5 2 23 21 0 20
5 2 4 15 1 13
5 2 6 15 23 13
5 2 4 6 15 13
5 2 16 0 20 8
5 2 9 21 1 13
5 2 15 9 1 13
5 2 15 9 21 13
5 2 21 0 20 8
5 2 23 21 0 8
5 2 15 23 0 8
5 2 15 23 21 8
5 2 11 1 20 13
5 2 4 11 20 13
5 2 4 11 1 13
5 2 4 11 16 20
5 2 11 21 1 20
5 2 11 9 21 20
5 2 11 9 21 1
5 2 15 9 21 8
5 2 11 9 20 8
5 2 5 21 20 8
5 2 5 9 20 8
5 2 5 9 21 8
5 2 5 9 21 20
5 2 10 9 1 8
5 2 10 15 9 8
5 2 10 15 9 1
5 24 2 4 15 1
5 24 4 15 17 1
5 24 2 4 11 1
5 24 2 4 11 16
5 24 2 4 6 15
5 24 4 14 17 1
5 24 4 6 15 17
5 24 10 15 17 1
5 24 2 10 15 1
5 24 4 14 11 1
5 24 4 14 11 16
5 24 2 6 15 23
5 24 4 6 16 13
5 24 2 4 16 13
5 24 2 4 6 13
5 24 14 11 17 1
5 24 4 6 14 16
5 24 4 6 14 17
5 24 6 10 15 17
5 24 11 17 1 8
5 24 10 17 1 8
5 24 2 10 1 8
5 24 2 10 15 8
5 24 11 9 1 8
5 24 2 9 1 8
5 24 2 11 9 8
5 24 2 11 9 1
5 24 2 16 20 8
5 24 2 11 20 8
5 24 2 11 16 20
5 24 6 16 23 0
5 24 6 15 23 0
5 24 2 16 23 0
5 24 2 15 23 0
5 24 6 16 23 13
5 24 2 16 23 13
5 24 2 6 23 13
5 24 14 11 16 18
5 24 14 11 17 18
5 24 6 14 16 18
5 24 6 14 17 18
5 24 6 10 17 0
5 24 6 10 15 0
5 24 11 17 18 8
5 24 10 17 0 8
5 24 10 15 0 8
5 24 2 16 0 8
5 24 2 15 0 8
5 24 5 16 20 8
5 24 5 11 20 8
5 24 5 11 16 20
5 24 6 16 18 0
5 24 6 17 18 0
5 24 16 18 0 8
5 24 5 16 18 8
5 24 5 11 18 8
5 24 5 11 16 18
5 24 3 18 0 8
5 24 3 17 0 8
5 24 3 17 18 8
5 24 3 17 18 0
