203
5 2 21 19 3 13
5 2 7 21 3 13
5 25 7 6 18 20
5 25 7 21 3 20
5 25 7 21 6 20
5 25 7 1 6 18
5 9 2 21 19 13
5 9 2 7 21 13
5 9 7 21 6 20
5 14 2 4 11 13
5 14 2 7 3 13
5 14 2 7 1 13
5 14 2 7 4 3
5 14 2 7 4 1
5 14 7 21 3 13
5 14 7 21 1 13
5 14 7 21 1 3
5 14 21 19 3 13
5 12 2 7 3 20
5 12 2 7 4 20
5 12 2 7 4 3
5 12 7 4 18 20
5 12 2 3 11 20
5 12 2 4 11 20
5 12 2 4 3 11
5 12 25 7 18 20
5 12 25 7 3 20
5 12 7 4 1 18
5 10 25 7 1 18
5 10 12 7 1 18
5 10 12 25 7 18
5 10 12 25 7 3
5 10 25 7 1 6
5 10 12 4 1 18
5 10 12 7 4 3
5 10 12 7 4 1
5 10 12 25 15 18
5 10 15 1 6 18
5 10 25 1 6 18
5 10 25 15 6 18
5 10 25 15 6 3
5 10 7 21 1 3
5 10 7 21 1 6
5 10 25 21 6 3
5 10 25 7 21 3
5 10 25 7 21 6
5 10 4 1 24 18
5 10 14 7 1 3
5 10 14 7 4 3
5 10 14 7 4 1
5 10 14 4 3 24
5 10 14 4 1 24
5 16 9 21 19 13
5 16 14 19 24 13
5 16 14 21 1 13
5 16 14 21 19 13
5 16 10 15 1 6
5 16 10 21 1 6
5 16 10 15 6 3
5 16 10 21 6 3
5 16 10 14 1 24
5 16 14 19 3 24
5 16 10 14 3 24
5 16 14 21 19 3
5 16 10 1 24 18
5 16 10 15 24 18
5 16 10 15 1 18
5 16 14 21 1 3
5 16 10 21 1 3
5 16 10 14 1 3
5 22 12 3 11 20
5 22 12 25 3 20
5 22 2 3 11 20
5 22 12 4 3 11
5 8 16 15 6 3
5 8 16 9 21 19
5 8 16 9 19 24
5 8 25 15 6 3
5 8 16 21 6 3
5 8 16 9 21 6
5 8 22 25 3 20
5 8 25 21 6 3
5 8 25 15 6 20
5 8 25 21 3 20
5 8 25 21 6 20
5 8 9 21 6 20
5 0 12 25 15 20
5 0 22 12 25 20
5 0 8 25 15 20
5 0 8 22 15 20
5 0 8 22 25 20
5 0 10 12 25 15
5 0 8 25 15 3
5 0 8 22 25 3
5 0 10 25 15 3
5 0 10 12 25 3
5 0 22 12 25 3
5 0 10 15 24 18
5 0 10 12 15 18
5 0 10 12 4 3
5 0 22 12 4 3
5 0 10 4 24 18
5 0 10 12 4 18
5 0 16 10 3 24
5 0 16 10 15 24
5 0 16 10 15 3
5 0 10 4 3 24
5 17 8 16 15 3
5 17 16 21 19 3
5 17 8 16 21 3
5 17 8 16 21 19
5 17 8 9 21 19
5 17 8 21 3 20
5 17 8 9 21 20
5 17 8 22 3 20
5 17 8 22 9 20
5 17 22 2 3 11
5 17 2 21 19 3
5 17 9 2 21 19
5 17 22 2 3 20
5 17 22 9 11 20
5 17 22 9 19 11
5 17 22 2 11 20
5 17 7 21 3 20
5 17 2 7 3 20
5 17 2 7 21 3
5 17 9 2 11 20
5 17 9 2 19 11
5 17 9 7 21 20
5 17 9 2 7 20
5 17 9 2 7 21
5 5 0 12 15 20
5 5 0 12 15 18
5 5 0 22 15 20
5 5 0 22 12 20
5 5 0 15 24 18
5 5 0 12 4 18
5 5 0 22 12 4
5 5 0 4 24 18
5 5 0 22 4 11
5 5 0 16 15 24
5 5 8 22 15 20
5 5 22 9 19 11
5 5 8 16 15 24
5 5 8 16 19 24
5 5 8 9 19 24
5 5 0 16 3 24
5 5 0 8 22 15
5 5 0 16 15 3
5 23 17 22 9 19
5 23 17 8 9 19
5 23 17 8 22 9
5 23 5 22 9 19
5 23 5 8 9 19
5 23 5 8 22 9
5 23 17 22 19 11
5 23 5 22 19 11
5 23 17 8 16 19
5 23 5 8 16 19
5 23 5 0 8 22
5 23 5 0 22 11
5 23 17 16 19 3
5 23 17 8 16 15
5 23 5 8 16 15
5 23 0 8 22 3
5 23 17 8 22 3
5 23 5 0 8 15
5 23 17 2 3 11
5 23 17 2 19 11
5 23 17 2 19 3
5 23 5 19 24 11
5 23 17 22 3 11
5 23 16 19 3 24
5 23 5 16 3 24
5 23 5 16 19 24
5 23 17 16 15 3
5 23 5 16 15 3
5 23 0 8 15 3
5 23 17 8 15 3
5 23 5 0 15 3
5 23 2 19 11 13
5 23 2 19 3 13
5 23 19 24 11 13
5 23 5 4 24 11
5 23 5 0 4 11
5 23 22 4 3 11
5 23 0 22 4 11
5 23 0 22 4 3
5 23 14 2 11 13
5 23 14 2 3 13
5 23 4 24 11 13
5 23 14 19 24 13
5 23 14 19 3 13
5 23 14 19 3 24
5 23 0 4 3 24
5 23 5 0 3 24
5 23 5 0 4 24
5 23 14 4 11 13
5 23 2 4 3 11
5 23 14 2 4 11
5 23 14 2 4 3
5 23 14 4 24 13
5 23 14 4 3 24
