332
5 8 20 18 9 2
5 8 4 17 9 1
5 8 18 4 17 9
5 13 18 4 17 9
5 13 8 18 4 21
5 13 8 18 4 17
5 27 13 26 17 21
5 6 20 18 17 9
5 6 13 18 17 9
5 6 20 18 9 2
5 6 13 20 17 21
5 6 13 20 18 21
5 6 13 20 18 17
5 6 13 4 17 9
5 6 13 18 4 9
5 6 13 18 4 21
5 6 7 9 2 3
5 6 7 4 9 2
5 5 27 26 10 0
5 22 8 17 9 1
5 22 20 18 17 9
5 22 8 18 17 9
5 22 8 20 18 9
5 22 13 26 17 11
5 22 13 20 26 11
5 22 13 20 26 17
5 22 13 8 18 11
5 22 13 20 18 17
5 22 13 8 18 17
5 16 13 8 4 21
5 16 7 10 0 1
5 12 6 7 4 2
5 12 6 7 18 4
5 12 8 18 9 2
5 12 8 18 4 9
5 12 6 4 9 2
5 12 6 18 9 2
5 12 6 18 4 9
5 12 16 7 4 21
5 12 8 18 4 21
5 12 16 8 4 21
5 12 7 4 9 2
5 14 5 27 31 11
5 14 5 27 10 31
5 14 27 26 17 11
5 14 22 26 17 11
5 14 22 20 26 11
5 14 22 20 26 17
5 14 6 17 9 3
5 14 6 20 17 9
5 14 6 9 2 3
5 14 6 20 9 2
5 14 6 29 2 3
5 32 16 7 4 1
5 32 6 17 9 3
5 32 6 7 9 3
5 32 6 13 4 17
5 32 27 13 17 21
5 32 6 13 17 21
5 32 6 7 4 21
5 32 6 13 4 21
5 32 6 4 17 9
5 32 6 7 4 9
5 25 12 6 7 2
5 25 12 29 7 2
5 25 12 6 18 2
5 25 29 7 2 3
5 25 6 7 2 3
5 25 6 29 2 3
5 25 12 29 31 2
5 25 12 16 7 21
5 25 12 29 7 0
5 25 29 7 10 3
5 25 12 29 31 0
5 25 7 26 10 0
5 25 29 7 10 0
5 25 12 8 18 21
5 28 14 26 31 11
5 28 14 27 31 11
5 28 14 27 26 11
5 28 5 26 31 11
5 28 5 27 31 11
5 28 5 27 26 11
5 28 5 26 31 0
5 28 5 27 26 0
5 28 14 27 10 31
5 28 27 26 10 0
5 28 5 10 31 0
5 28 5 27 10 0
5 28 5 27 10 31
5 28 29 10 31 0
5 28 25 26 31 0
5 28 25 29 31 0
5 28 25 26 10 0
5 28 25 29 10 0
5 28 25 29 10 3
5 28 14 6 29 3
5 28 25 6 29 3
5 28 7 26 10 3
5 28 25 7 10 3
5 28 25 7 26 3
5 28 25 7 26 10
5 15 16 13 7 21
5 15 13 7 26 21
5 15 32 7 26 21
5 15 32 13 26 21
5 15 16 7 4 21
5 15 32 7 4 21
5 15 32 16 7 4
5 15 16 13 4 21
5 15 32 13 4 21
5 15 32 16 4 1
5 15 16 8 4 1
5 15 16 13 8 4
5 15 32 13 4 17
5 15 7 26 10 0
5 15 16 7 10 0
5 15 16 7 10 1
5 15 32 7 10 1
5 15 32 16 7 1
5 15 8 4 17 1
5 15 13 8 4 17
5 15 4 17 9 1
5 15 32 17 9 1
5 15 32 4 9 1
5 15 32 4 17 9
5 15 32 27 13 17
5 15 16 10 0 1
5 15 32 27 10 1
5 15 22 8 17 1
5 15 22 13 8 17
5 15 5 10 0 1
5 15 27 13 26 17
5 15 22 13 17 11
5 15 22 5 17 11
5 23 14 6 20 2
5 23 6 20 18 2
5 23 25 6 18 2
5 23 14 6 29 2
5 23 25 6 29 2
5 23 25 14 6 29
5 23 28 14 26 31
5 23 28 25 26 31
5 23 8 20 18 2
5 23 14 29 31 2
5 23 25 29 31 2
5 23 13 20 26 11
5 23 22 13 18 11
5 23 22 13 20 11
5 23 22 13 20 18
5 23 14 26 31 11
5 23 14 20 26 11
5 23 28 14 29 31
5 23 28 25 29 31
5 23 28 25 14 29
5 23 14 8 31 2
5 23 25 12 18 2
5 23 25 12 31 2
5 23 14 22 31 11
5 23 14 22 20 11
5 23 12 8 18 2
5 23 12 8 31 2
5 23 22 8 20 18
5 23 14 22 8 31
5 23 14 22 8 20
5 23 22 8 18 11
5 23 22 8 31 11
5 19 25 14 6 29
5 19 28 14 6 29
5 19 28 25 6 29
5 19 28 25 14 29
5 19 23 25 14 6
5 19 23 28 25 14
5 19 23 14 6 20
5 19 23 28 14 26
5 19 28 25 6 3
5 19 23 25 6 18
5 19 23 28 25 26
5 19 6 20 17 21
5 19 6 20 18 21
5 19 23 6 20 18
5 19 23 14 20 26
5 19 6 7 21 3
5 19 25 6 7 3
5 19 25 13 26 21
5 19 23 25 13 26
5 19 14 20 26 17
5 19 13 20 18 21
5 19 23 13 20 18
5 19 23 13 20 26
5 19 6 18 4 21
5 19 6 7 4 21
5 19 6 7 18 4
5 19 25 12 18 21
5 19 25 12 7 21
5 19 12 6 7 18
5 19 25 12 6 18
5 19 25 12 6 7
5 19 13 26 17 21
5 19 13 20 17 21
5 19 13 20 26 17
5 19 12 18 4 21
5 19 12 7 4 21
5 19 12 7 18 4
5 24 23 12 8 31
5 24 23 25 12 31
5 24 12 5 8 31
5 24 23 8 31 11
5 24 25 12 8 18
5 24 23 12 8 18
5 24 23 25 12 18
5 24 5 8 31 11
5 24 12 5 31 0
5 24 25 12 31 0
5 24 23 26 31 11
5 24 23 25 26 31
5 24 23 8 18 11
5 24 5 26 31 11
5 24 5 26 31 0
5 24 25 26 31 0
5 24 12 16 5 0
5 24 12 16 5 8
5 24 23 13 26 11
5 24 23 25 13 26
5 24 13 8 18 11
5 24 23 13 18 11
5 24 12 16 7 0
5 24 25 12 7 0
5 24 25 12 16 7
5 24 12 16 8 21
5 24 25 12 8 21
5 24 25 12 16 21
5 24 13 8 18 21
5 24 25 8 18 21
5 24 19 23 13 18
5 24 19 23 25 18
5 24 19 23 25 13
5 24 22 13 8 11
5 24 15 22 13 11
5 24 15 22 13 8
5 24 22 5 8 11
5 24 15 22 5 11
5 24 15 16 13 8
5 24 16 13 8 21
5 24 25 7 26 0
5 24 19 13 18 21
5 24 19 25 18 21
5 24 19 25 13 21
5 24 13 26 17 11
5 24 15 13 17 11
5 24 15 13 26 17
5 24 15 5 17 11
5 24 22 5 8 1
5 24 15 22 8 1
5 24 15 22 5 1
5 24 16 5 8 1
5 24 15 16 8 1
5 24 16 13 7 21
5 24 25 16 7 21
5 24 5 26 10 0
5 24 15 26 10 0
5 24 15 5 10 0
5 24 16 5 0 1
5 24 15 5 0 1
5 24 15 16 0 1
5 24 15 7 26 0
5 24 15 16 7 0
5 24 27 26 17 11
5 24 5 27 17 11
5 24 5 27 26 11
5 24 15 27 26 17
5 24 15 5 27 17
5 24 13 7 26 21
5 24 25 7 26 21
5 24 25 13 26 21
5 24 15 13 7 26
5 24 15 16 13 7
5 24 5 27 26 10
5 24 15 27 26 10
5 24 15 5 27 10
5 30 28 14 27 26
5 30 19 28 14 26
5 30 14 27 26 17
5 30 19 14 26 17
5 30 19 28 14 6
5 30 27 26 17 21
5 30 19 26 17 21
5 30 28 14 27 3
5 30 28 14 6 3
5 30 19 28 6 3
5 30 19 6 17 21
5 30 14 27 17 3
5 30 14 6 17 3
5 30 14 6 20 17
5 30 19 6 20 17
5 30 19 14 20 17
5 30 19 14 6 20
5 30 28 26 10 3
5 30 28 27 10 3
5 30 28 27 26 10
5 30 19 25 26 21
5 30 28 25 26 3
5 30 19 28 25 3
5 30 19 28 25 26
5 30 19 6 21 3
5 30 32 27 17 21
5 30 32 6 17 21
5 30 32 27 17 3
5 30 32 6 17 3
5 30 32 7 26 21
5 30 27 13 26 21
5 30 32 13 26 21
5 30 32 27 13 21
5 30 7 26 10 3
5 30 25 7 26 3
5 30 25 7 26 21
5 30 19 7 21 3
5 30 19 25 7 3
5 30 19 25 7 21
5 30 6 7 21 3
5 30 32 6 7 3
5 30 32 6 7 21
5 30 32 7 10 3
5 30 32 27 10 3
5 30 15 32 7 26
5 30 15 27 13 26
5 30 15 32 13 26
5 30 15 32 27 13
5 30 15 7 26 10
5 30 15 27 26 10
5 30 15 32 7 10
5 30 15 32 27 10
