114
5 1 11 16 7 0
5 12 18 16 7 0
5 12 10 18 7 0
5 12 11 16 7 0
5 12 11 10 7 0
5 12 9 16 14 8
5 4 10 18 7 17
5 4 1 11 16 7
5 4 11 10 14 7
5 4 1 18 7 17
5 4 10 14 8 17
5 4 9 14 8 17
5 4 9 16 14 8
5 13 12 9 14 8
5 13 12 10 18 0
5 13 12 10 18 8
5 13 12 9 18 8
5 13 12 9 16 14
5 15 12 16 14 8
5 15 13 10 14 8
5 15 13 12 14 8
5 15 13 12 10 8
5 15 12 11 10 0
5 15 13 12 10 0
5 15 11 10 7 0
5 15 11 10 14 7
5 5 1 11 16 0
5 5 12 11 16 0
5 5 15 12 11 0
5 5 15 13 12 0
5 5 4 11 16 14
5 5 4 1 11 16
5 5 15 11 16 14
5 5 15 12 16 14
5 5 15 12 11 16
5 5 13 12 16 14
5 5 1 11 7 0
5 5 15 13 14 0
5 5 15 13 12 14
5 5 4 9 16 14
5 5 4 9 1 16
5 5 13 9 16 14
5 5 13 12 9 16
5 5 15 14 7 0
5 5 15 11 7 0
5 5 15 11 14 7
5 5 4 9 14 17
5 5 4 9 1 17
5 5 4 1 7 17
5 5 4 1 11 7
5 2 12 18 16 0
5 2 5 9 1 16
5 2 5 12 9 16
5 2 13 12 9 18
5 2 18 16 7 0
5 2 1 16 7 0
5 2 1 18 16 7
5 2 5 1 16 0
5 2 5 12 16 0
5 2 13 12 18 0
5 2 5 13 12 9
5 2 5 13 12 0
5 6 4 11 16 7
5 6 4 11 10 7
5 6 12 11 16 7
5 6 12 11 10 7
5 6 4 18 16 7
5 6 4 10 18 7
5 6 12 18 16 7
5 6 12 10 18 7
5 6 15 12 11 16
5 6 15 12 11 10
5 6 4 11 16 14
5 6 15 11 16 14
5 6 4 11 10 14
5 6 15 11 10 14
5 6 12 18 16 8
5 6 12 10 18 8
5 6 15 12 16 8
5 6 15 12 10 8
5 6 4 16 14 8
5 6 4 10 14 8
5 6 10 18 8 17
5 6 4 18 8 17
5 6 4 10 8 17
5 6 4 10 18 17
5 6 15 16 14 8
5 6 15 10 14 8
5 3 2 1 18 16
5 3 12 18 16 8
5 3 2 12 18 16
5 3 2 9 1 16
5 3 2 1 18 17
5 3 6 18 16 8
5 3 6 4 16 8
5 3 6 4 18 8
5 3 6 4 18 16
5 3 4 9 16 8
5 3 4 9 1 16
5 3 4 18 8 17
5 3 4 1 18 17
5 3 1 18 16 7
5 3 4 18 16 7
5 3 4 1 16 7
5 3 4 1 18 7
5 3 12 9 16 8
5 3 2 12 9 16
5 3 12 9 18 8
5 3 2 12 9 18
5 3 2 9 1 17
5 3 9 18 8 17
5 3 2 9 18 17
5 3 4 9 8 17
5 3 4 9 1 17
