315
5 31 0 1 22 11
5 27 0 1 17 11
5 24 27 9 17 15
5 23 0 1 22 11
5 23 31 0 22 11
5 30 26 4 18 8
5 30 26 4 18 21
5 30 26 24 11 8
5 30 24 9 18 21
5 30 26 9 18 21
5 30 26 24 9 18
5 30 24 17 11 8
5 30 24 31 0 21
5 30 24 31 0 17
5 30 31 0 21 11
5 30 31 0 17 11
5 30 24 0 21 11
5 30 24 0 17 11
5 20 30 4 18 21
5 20 30 24 18 21
5 20 30 24 31 21
5 20 24 9 18 21
5 7 30 4 18 8
5 7 20 4 18 22
5 7 20 31 4 22
5 7 23 31 4 22
5 7 20 30 4 18
5 7 20 30 31 4
5 13 26 24 9 18
5 3 24 27 9 15
5 3 24 27 17 15
5 32 26 24 9 11
5 32 24 0 21 11
5 32 30 24 21 11
5 32 30 26 24 11
5 32 30 24 9 21
5 32 30 26 9 21
5 32 30 26 24 9
5 32 30 4 21 11
5 32 30 26 4 11
5 32 30 26 4 21
5 32 23 4 21 11
5 25 24 17 11 8
5 25 26 24 11 8
5 25 26 24 17 8
5 25 26 24 9 11
5 25 26 24 9 17
5 25 24 27 9 17
5 25 27 0 17 11
5 25 24 0 17 11
5 25 3 24 27 9
5 25 3 27 9 15
5 25 32 26 9 11
5 25 3 27 0 17
5 25 3 24 0 17
5 25 3 24 27 17
5 25 27 0 1 11
5 25 32 24 9 11
5 25 32 24 0 11
5 25 32 24 0 9
5 28 23 31 4 22
5 28 20 31 4 22
5 28 20 23 4 22
5 28 23 4 21 11
5 28 23 31 4 11
5 28 20 30 4 21
5 28 20 30 31 21
5 28 20 30 31 4
5 28 32 23 4 21
5 28 30 4 21 11
5 28 30 31 21 11
5 28 30 31 4 11
5 28 32 23 21 11
5 28 23 31 0 22
5 28 31 0 21 11
5 28 32 0 21 11
5 28 23 31 0 11
5 28 32 23 0 11
5 6 30 26 11 8
5 6 30 26 4 8
5 6 30 26 4 11
5 6 25 26 11 8
5 6 7 30 4 8
5 6 30 31 4 11
5 6 7 30 31 4
5 6 23 31 4 11
5 6 7 23 31 4
5 6 23 1 4 11
5 6 7 23 1 11
5 6 7 23 1 4
5 29 31 1 22 11
5 29 23 1 22 11
5 29 7 23 1 11
5 29 7 23 1 22
5 29 6 7 23 11
5 29 23 31 22 11
5 29 6 23 31 11
5 29 7 23 31 22
5 29 6 7 23 31
5 29 0 1 17 11
5 29 31 0 17 11
5 29 31 0 1 11
5 29 27 1 17 11
5 29 30 31 17 11
5 29 6 30 31 11
5 29 6 7 30 31
5 29 6 7 1 11
5 29 30 17 11 8
5 29 6 30 11 8
5 29 6 7 30 8
5 29 25 27 1 11
5 29 30 24 31 17
5 10 28 20 31 0
5 10 24 31 0 21
5 10 28 31 0 21
5 10 20 24 31 21
5 10 28 20 31 21
5 10 24 31 0 17
5 10 3 24 0 17
5 10 32 24 0 21
5 10 28 32 0 21
5 10 28 32 20 21
5 10 20 24 9 21
5 10 32 24 9 21
5 10 32 20 9 21
5 10 3 24 9 15
5 10 20 24 9 18
5 10 13 24 9 18
5 10 13 20 24 18
5 2 28 23 0 22
5 2 23 0 1 22
5 2 28 31 0 22
5 2 28 20 31 22
5 2 28 20 31 0
5 2 25 1 11 15
5 2 25 0 1 11
5 2 25 3 27 15
5 2 25 3 27 0
5 2 25 32 11 15
5 2 25 32 0 11
5 2 10 3 20 15
5 2 10 32 20 15
5 2 25 3 9 15
5 2 25 32 9 15
5 2 25 32 0 9
5 2 10 28 20 0
5 2 10 28 32 0
5 2 10 28 32 20
5 2 10 3 9 15
5 2 10 32 9 15
5 2 25 24 0 9
5 2 25 3 24 9
5 2 25 3 24 0
5 2 10 3 24 9
5 2 10 3 24 0
5 2 32 24 0 9
5 2 10 32 24 9
5 2 10 32 24 0
5 16 25 17 11 8
5 16 6 25 11 8
5 16 29 17 11 8
5 16 29 6 11 8
5 16 25 27 17 11
5 16 29 27 17 11
5 16 29 25 27 11
5 16 6 25 1 11
5 16 29 25 1 11
5 16 29 6 1 11
5 16 29 6 7 8
5 16 29 25 27 1
5 16 29 6 7 1
5 16 29 30 17 8
5 16 13 26 18 8
5 16 7 30 18 8
5 16 29 7 30 8
5 19 3 27 17 15
5 19 3 27 0 17
5 19 27 0 1 17
5 19 29 0 1 17
5 19 29 27 1 17
5 19 16 29 27 1
5 19 16 29 7 1
5 19 2 3 27 0
5 19 2 3 27 15
5 19 25 27 0 1
5 19 2 25 0 1
5 19 2 25 27 0
5 19 2 25 1 15
5 19 2 25 27 15
5 5 10 13 24 17
5 5 10 3 0 17
5 5 19 3 0 17
5 5 19 29 0 17
5 5 29 24 31 17
5 5 10 24 31 17
5 5 10 13 20 24
5 5 29 31 0 17
5 5 10 31 0 17
5 5 19 2 3 0
5 5 19 2 3 15
5 5 10 20 24 31
5 5 13 20 24 18
5 5 10 20 31 0
5 5 19 29 0 1
5 5 19 2 0 1
5 5 29 13 7 18
5 5 19 2 1 15
5 5 20 30 24 31
5 5 29 30 24 31
5 5 20 30 24 18
5 5 13 30 24 18
5 5 29 13 30 18
5 5 29 13 30 24
5 5 2 20 31 0
5 5 2 31 0 22
5 5 2 10 20 0
5 5 2 10 3 0
5 5 2 10 3 20
5 5 2 3 20 15
5 5 2 20 31 22
5 5 2 0 1 22
5 5 7 20 30 31
5 5 29 7 30 31
5 5 7 20 30 18
5 5 29 7 30 18
5 5 31 0 1 22
5 5 29 31 1 22
5 5 29 31 0 1
5 5 7 20 18 22
5 5 7 20 31 22
5 5 29 7 31 22
5 5 29 7 1 22
5 5 19 29 7 1
5 14 16 30 17 8
5 14 30 24 17 8
5 14 16 30 18 8
5 14 16 13 18 8
5 14 16 29 30 17
5 14 30 26 24 8
5 14 29 30 24 17
5 14 29 13 30 24
5 14 16 13 26 8
5 14 30 26 18 8
5 14 13 26 18 8
5 14 29 13 30 18
5 14 26 24 17 8
5 14 26 24 9 17
5 14 13 26 24 9
5 14 30 26 24 18
5 14 13 26 24 18
5 14 13 30 24 18
5 14 5 13 24 17
5 14 5 29 24 17
5 14 5 29 13 24
5 14 16 25 17 8
5 14 16 25 27 8
5 14 16 25 27 17
5 14 16 26 27 8
5 14 13 26 27 9
5 14 16 13 26 27
5 14 29 7 30 18
5 14 16 7 30 18
5 14 16 29 7 30
5 14 29 13 7 18
5 14 16 13 7 18
5 14 5 19 29 17
5 14 16 29 27 17
5 14 19 29 27 17
5 14 19 16 29 27
5 14 19 16 13 7
5 14 19 16 29 7
5 14 25 26 17 8
5 14 25 26 27 8
5 14 25 27 9 17
5 14 25 26 9 17
5 14 25 26 27 9
5 14 5 29 13 7
5 14 5 19 13 7
5 14 5 19 29 7
5 12 5 19 3 17
5 12 19 3 17 15
5 12 5 10 13 17
5 12 5 10 3 17
5 12 14 5 13 17
5 12 14 5 19 17
5 12 14 5 19 13
5 12 5 19 3 15
5 12 19 27 17 15
5 12 5 10 13 20
5 12 5 10 3 20
5 12 14 19 27 17
5 12 5 3 20 15
5 12 10 13 24 17
5 12 3 24 17 15
5 12 10 3 24 15
5 12 10 3 24 17
5 12 10 3 20 15
5 12 27 9 17 15
5 12 14 27 9 17
5 12 14 13 27 9
5 12 14 16 13 27
5 12 14 19 16 27
5 12 14 19 16 13
5 12 5 13 20 18
5 12 5 19 13 7
5 12 24 9 17 15
5 12 10 24 9 15
5 12 10 13 24 9
5 12 10 13 20 18
5 12 13 26 27 9
5 12 14 24 9 17
5 12 14 13 24 17
5 12 14 13 24 9
5 12 10 13 9 18
5 12 16 13 26 27
