299
5 3 4 26 14 19
5 3 4 26 7 19
5 3 4 26 7 14
5 21 4 26 7 14
5 21 13 26 7 19
5 21 13 4 2 19
5 21 13 4 26 19
5 9 13 26 32 19
5 9 13 4 32 19
5 9 13 4 26 19
5 31 3 26 7 14
5 31 3 30 7 14
5 31 3 25 30 7
5 31 21 26 7 14
5 31 16 25 20 7
5 31 16 25 30 7
5 31 16 25 30 20
5 31 30 22 7 14
5 31 21 22 7 14
5 31 21 30 22 14
5 6 31 25 20 7
5 6 31 3 25 7
5 5 21 22 7 2
5 15 4 26 14 19
5 15 3 26 14 19
5 15 31 3 26 14
5 15 31 25 30 20
5 15 16 25 30 20
5 28 21 13 4 26
5 28 9 13 4 26
5 28 5 21 13 26
5 28 21 13 4 2
5 28 9 13 4 2
5 28 5 21 26 22
5 28 5 21 13 2
5 28 13 26 20 32
5 28 9 13 26 32
5 28 5 21 22 2
5 27 9 13 32 2
5 27 28 9 13 32
5 27 28 9 13 2
5 27 28 5 13 2
5 27 28 9 20 32
5 27 28 5 22 2
5 12 3 25 30 7
5 12 31 3 30 14
5 12 15 31 30 14
5 12 15 31 3 14
5 12 31 3 25 30
5 12 15 31 25 30
5 12 15 31 3 25
5 12 9 4 14 19
5 12 15 4 14 19
5 17 31 16 20 7
5 17 5 16 22 7
5 17 5 16 22 20
5 17 31 21 22 7
5 17 31 21 26 7
5 17 5 21 22 7
5 17 5 21 26 7
5 17 5 21 26 22
5 17 15 31 26 20
5 17 28 5 22 20
5 17 28 5 26 20
5 17 28 5 26 22
5 17 16 30 22 7
5 17 31 30 22 7
5 17 31 16 30 7
5 17 31 16 30 20
5 17 31 21 30 22
5 17 28 15 26 20
5 17 15 31 30 20
5 17 15 16 30 20
5 17 28 21 26 22
5 17 31 21 26 14
5 17 31 21 30 14
5 17 15 31 26 14
5 17 15 31 30 14
5 11 6 18 32 7
5 11 6 25 20 7
5 11 6 25 18 7
5 11 25 18 20 32
5 11 6 25 20 32
5 11 6 25 18 32
5 11 16 25 20 7
5 11 16 25 18 7
5 11 16 25 18 20
5 11 17 5 26 20
5 11 28 13 20 32
5 11 27 28 20 32
5 11 27 28 13 32
5 11 28 13 26 20
5 11 28 5 26 20
5 11 28 5 13 26
5 0 3 26 7 19
5 0 13 26 7 19
5 0 6 3 7 19
5 0 6 13 7 19
5 0 31 3 26 7
5 0 17 31 26 7
5 0 17 31 20 7
5 0 17 31 26 20
5 0 6 31 20 7
5 0 6 31 3 7
5 0 11 6 20 7
5 0 11 6 13 7
5 0 11 6 13 20
5 0 11 13 26 20
5 0 11 17 26 20
5 0 15 31 26 20
5 0 15 31 3 20
5 0 15 31 3 26
5 8 9 4 26 19
5 8 15 4 26 19
5 8 15 9 4 26
5 8 9 26 32 19
5 8 12 9 4 19
5 8 12 15 4 19
5 8 12 15 9 4
5 8 12 9 32 19
5 8 15 9 20 32
5 8 13 26 32 19
5 8 6 13 32 19
5 8 28 26 20 32
5 8 28 9 20 32
5 8 28 9 26 32
5 8 28 15 26 20
5 8 28 15 9 20
5 8 28 15 9 26
5 8 0 13 26 19
5 8 0 6 13 19
5 8 13 26 20 32
5 8 6 25 20 32
5 8 15 3 26 19
5 8 12 15 3 25
5 8 0 13 26 20
5 8 0 6 13 20
5 8 11 13 20 32
5 8 11 6 20 32
5 8 11 6 13 32
5 8 11 6 13 20
5 8 0 3 26 19
5 8 0 6 3 19
5 8 0 15 26 20
5 8 0 15 3 20
5 8 0 15 3 26
5 8 15 3 14 19
5 8 12 3 14 19
5 8 12 15 14 19
5 8 12 15 3 14
5 8 6 31 25 20
5 8 6 31 3 25
5 8 15 31 25 20
5 8 15 31 3 20
5 8 15 31 3 25
5 8 0 31 3 20
5 8 0 6 31 20
5 8 0 6 31 3
5 1 27 13 32 2
5 1 27 5 13 2
5 1 11 13 18 32
5 1 11 27 13 32
5 1 27 5 22 2
5 1 11 18 20 32
5 1 11 27 20 32
5 1 27 28 5 13
5 1 11 28 5 13
5 1 11 27 28 13
5 1 5 16 22 20
5 1 5 16 18 22
5 1 11 16 18 20
5 1 11 5 16 20
5 1 11 27 28 20
5 24 12 15 30 14
5 24 17 15 30 14
5 24 12 9 4 14
5 24 12 15 4 14
5 24 12 15 9 4
5 24 28 9 4 2
5 24 17 21 30 22
5 24 17 28 21 22
5 24 28 15 9 20
5 24 17 21 30 14
5 24 17 15 26 14
5 24 17 28 15 26
5 24 15 4 26 14
5 24 15 9 4 26
5 24 28 9 4 26
5 24 28 15 9 26
5 24 21 4 22 14
5 24 21 30 22 14
5 24 28 21 22 2
5 24 28 21 4 2
5 24 17 21 26 14
5 24 17 28 21 26
5 24 21 4 26 14
5 24 28 21 4 26
5 10 11 16 18 7
5 10 0 11 13 7
5 10 1 11 13 18
5 10 1 11 5 13
5 10 21 13 7 2
5 10 5 21 7 2
5 10 5 21 13 2
5 10 1 5 13 2
5 10 17 5 16 7
5 10 1 5 16 18
5 10 1 11 16 18
5 10 1 11 5 16
5 10 0 13 26 7
5 10 11 5 13 26
5 10 0 11 13 26
5 10 21 13 26 7
5 10 5 21 26 7
5 10 5 21 13 26
5 10 17 16 20 7
5 10 11 16 20 7
5 10 17 5 16 20
5 10 11 5 16 20
5 10 11 17 5 20
5 10 17 5 26 7
5 10 0 17 26 7
5 10 0 17 20 7
5 10 0 11 20 7
5 10 0 11 17 20
5 10 11 17 5 26
5 10 0 11 17 26
5 23 24 12 15 9
5 23 12 25 18 32
5 23 8 12 25 32
5 23 8 12 15 25
5 23 8 15 9 32
5 23 8 12 9 32
5 23 8 12 15 9
5 23 24 15 9 20
5 23 12 16 25 18
5 23 15 16 25 30
5 23 12 16 25 30
5 23 12 15 25 30
5 23 24 12 15 30
5 23 27 9 18 32
5 23 15 9 20 32
5 23 27 9 20 32
5 23 8 25 20 32
5 23 8 15 20 32
5 23 8 15 25 20
5 23 15 16 25 20
5 23 17 15 16 30
5 23 24 17 16 30
5 23 24 17 15 30
5 23 1 27 18 32
5 23 1 27 20 32
5 23 16 25 18 20
5 23 1 16 18 20
5 23 1 16 22 20
5 23 25 18 20 32
5 23 1 18 20 32
5 23 17 16 22 20
5 23 17 15 16 20
5 29 27 28 22 2
5 29 24 28 22 2
5 29 27 28 9 2
5 29 24 28 9 2
5 29 17 16 30 22
5 29 24 17 30 22
5 29 24 17 16 30
5 29 1 16 18 22
5 29 27 28 9 20
5 29 24 28 9 20
5 29 1 27 28 20
5 29 17 28 22 20
5 29 24 17 28 22
5 29 23 17 16 22
5 29 23 24 17 16
5 29 23 1 16 22
5 29 23 27 9 20
5 29 23 24 9 20
5 29 23 1 16 18
5 29 23 1 27 18
5 29 28 5 22 20
5 29 1 5 22 20
5 29 23 1 22 20
5 29 23 1 27 20
5 29 27 28 5 22
5 29 1 27 5 22
5 29 1 27 28 5
5 29 23 17 22 20
5 29 17 28 15 20
5 29 24 28 15 20
5 29 24 17 28 15
5 29 23 24 16 30
5 29 23 24 12 30
5 29 11 28 5 20
5 29 1 11 5 20
5 29 1 11 28 20
5 29 1 11 28 5
5 29 23 17 15 20
5 29 23 24 15 20
5 29 23 24 17 15
