232
5 14 5 7 13 17
5 21 9 4 17 3
5 21 14 9 4 17
5 16 14 5 4 13
5 16 14 9 4 13
5 16 19 5 4 24
5 12 16 14 9 13
5 12 14 5 7 13
5 12 16 14 5 13
5 12 21 14 9 17
5 8 21 7 6 17
5 8 21 9 6 3
5 8 21 1 6 3
5 8 20 9 6 3
5 15 12 21 14 17
5 15 12 21 14 6
5 15 21 14 4 17
5 15 19 14 5 17
5 15 19 21 1 4
5 15 16 14 5 4
5 15 16 19 5 4
5 15 16 19 14 5
5 11 20 9 6 3
5 11 16 14 9 4
5 11 20 9 4 13
5 11 16 9 4 13
5 11 21 9 4 3
5 11 21 9 6 3
5 11 12 16 14 6
5 11 12 16 14 9
5 11 12 16 9 13
5 11 21 14 9 4
5 11 15 21 14 4
5 11 15 21 14 6
5 11 12 21 9 6
5 11 12 21 14 6
5 11 12 21 14 9
5 10 12 14 9 17
5 10 14 7 13 17
5 10 12 14 7 17
5 10 12 14 7 13
5 10 8 7 17 3
5 10 12 7 6 17
5 10 8 7 6 17
5 10 8 12 7 6
5 10 5 7 13 17
5 10 21 9 17 3
5 10 8 21 17 3
5 10 8 21 9 3
5 10 12 21 6 17
5 10 12 21 9 17
5 10 12 21 9 6
5 10 8 21 6 17
5 10 8 21 9 6
5 10 8 20 9 3
5 10 8 0 7 3
5 10 8 20 0 3
5 23 8 21 1 6
5 23 8 19 21 1
5 23 15 21 1 6
5 23 15 19 1 6
5 23 15 19 21 1
5 23 8 19 1 7
5 23 8 21 7 6
5 23 8 19 21 7
5 23 8 0 7 6
5 23 8 0 1 6
5 23 8 0 1 7
5 23 21 7 6 17
5 23 19 21 7 17
5 23 15 19 21 17
5 23 19 0 7 24
5 23 19 0 1 24
5 23 19 0 1 7
5 23 12 7 6 17
5 23 12 21 6 17
5 23 15 12 21 17
5 23 15 12 21 6
5 23 15 12 14 6
5 23 12 0 7 6
5 23 19 5 7 24
5 23 12 16 14 6
5 23 15 16 14 6
5 23 15 16 19 14
5 23 15 19 14 17
5 23 15 12 14 17
5 23 12 14 7 17
5 23 0 5 7 24
5 23 12 14 5 7
5 23 14 5 7 17
5 23 19 5 7 17
5 23 19 14 5 17
5 23 16 19 5 24
5 23 16 19 14 5
5 23 12 16 5 24
5 23 12 16 14 5
5 22 20 9 4 3
5 22 11 9 4 3
5 22 11 20 9 3
5 22 11 20 9 4
5 22 20 1 4 3
5 22 11 20 6 3
5 22 21 1 4 3
5 22 21 1 6 3
5 22 11 21 4 3
5 22 11 21 6 3
5 22 11 20 4 13
5 22 11 16 4 13
5 22 15 21 1 4
5 22 15 21 1 6
5 22 11 15 21 4
5 22 11 15 21 6
5 22 16 5 4 24
5 22 16 5 4 13
5 22 15 19 1 4
5 22 15 19 1 6
5 22 19 1 4 24
5 22 16 19 4 24
5 22 15 16 19 4
5 22 15 16 14 4
5 22 11 16 14 4
5 22 11 15 14 4
5 22 11 15 16 14
5 2 12 14 9 13
5 2 10 14 9 13
5 2 10 12 14 13
5 2 10 12 14 9
5 2 11 20 9 13
5 2 11 12 9 13
5 2 10 12 9 6
5 2 11 20 9 6
5 2 11 12 9 6
5 2 10 12 7 13
5 2 10 8 20 0
5 2 8 20 9 6
5 2 10 8 9 6
5 2 10 8 20 9
5 2 10 8 12 6
5 2 11 12 16 13
5 2 8 20 0 6
5 2 0 5 7 13
5 2 12 5 7 13
5 2 10 8 0 7
5 2 10 8 12 7
5 2 12 0 7 6
5 2 8 0 7 6
5 2 8 12 7 6
5 2 23 0 5 7
5 2 23 12 5 7
5 2 23 12 0 7
5 2 12 16 5 13
5 2 23 0 5 24
5 2 23 12 5 24
5 18 22 16 5 24
5 18 2 20 0 6
5 18 22 1 6 3
5 18 22 20 6 3
5 18 22 20 1 3
5 18 22 16 5 13
5 18 2 23 0 24
5 18 2 0 5 24
5 18 2 23 12 24
5 18 12 16 5 24
5 18 2 12 5 24
5 18 2 12 16 5
5 18 2 16 5 13
5 18 23 1 6 24
5 18 23 0 1 24
5 18 23 0 1 6
5 18 8 0 1 6
5 18 8 20 0 6
5 18 1 5 4 24
5 18 22 5 4 24
5 18 22 1 4 24
5 18 22 20 1 4
5 18 8 1 6 3
5 18 8 20 6 3
5 18 22 5 4 13
5 18 22 20 4 13
5 18 23 12 0 6
5 18 2 12 0 6
5 18 2 23 12 0
5 18 20 0 5 13
5 18 2 0 5 13
5 18 2 20 0 13
5 18 8 0 1 3
5 18 8 20 0 3
5 25 22 11 20 13
5 25 22 11 16 13
5 25 18 22 20 13
5 25 18 22 16 13
5 25 22 11 20 6
5 25 18 22 20 6
5 25 2 11 20 13
5 25 18 2 20 13
5 25 2 11 16 13
5 25 18 2 16 13
5 25 2 11 20 6
5 25 18 2 20 6
5 25 22 11 15 6
5 25 22 11 15 16
5 25 18 22 16 24
5 25 15 16 14 6
5 25 11 16 14 6
5 25 11 15 14 6
5 25 11 15 16 14
5 25 22 15 19 6
5 25 22 15 16 19
5 25 11 12 16 6
5 25 2 11 12 6
5 25 2 11 12 16
5 25 18 2 12 6
5 25 18 2 12 16
5 25 18 23 6 24
5 25 18 1 6 24
5 25 18 22 1 24
5 25 18 22 1 6
5 25 23 15 19 6
5 25 23 15 16 6
5 25 23 15 16 19
5 25 23 12 16 6
5 25 18 23 12 6
5 25 23 16 19 24
5 25 22 16 19 24
5 25 23 12 16 24
5 25 18 12 16 24
5 25 18 23 12 24
5 25 22 19 1 24
5 25 22 19 1 6
5 25 23 1 6 24
5 25 23 19 1 24
5 25 23 19 1 6
