349
5 4 29 24 16 0
5 3 29 32 2 16
5 21 3 17 29 25
5 21 3 17 29 2
5 21 31 3 17 23
5 21 3 17 32 2
5 26 21 3 29 16
5 26 21 31 29 16
5 26 21 31 3 29
5 26 21 31 23 16
5 26 11 22 16 0
5 15 31 4 24 0
5 15 10 4 24 0
5 19 15 31 4 24
5 19 15 10 4 24
5 19 21 31 29 25
5 19 21 31 29 16
5 19 21 29 2 25
5 19 21 31 23 16
5 19 21 29 2 16
5 14 19 24 2 16
5 14 10 21 23 2
5 14 19 10 21 2
5 14 19 10 21 23
5 14 22 32 23 2
5 14 21 23 2 16
5 14 19 21 2 16
5 14 19 21 23 16
5 14 19 31 24 16
5 14 19 31 23 16
5 20 11 3 17 32
5 20 21 3 17 25
5 20 21 31 3 17
5 30 15 31 4 0
5 30 20 15 4 0
5 30 22 31 24 0
5 30 14 22 24 0
5 30 14 22 31 24
5 1 21 17 32 23
5 1 21 3 17 23
5 1 21 3 17 32
5 1 21 31 3 23
5 1 26 21 31 23
5 1 26 21 31 3
5 1 26 21 3 16
5 1 31 3 17 23
5 1 21 23 2 16
5 1 21 32 23 2
5 1 3 32 2 16
5 1 21 3 32 2
5 1 11 3 17 32
5 1 14 23 2 16
5 1 14 32 2 16
5 1 14 32 23 2
5 1 3 29 2 16
5 1 21 29 2 16
5 1 21 3 29 16
5 1 21 3 29 2
5 1 20 31 3 17
5 1 20 11 3 17
5 6 19 21 2 25
5 6 19 10 2 25
5 6 19 10 21 2
5 6 20 15 4 25
5 6 19 15 31 4
5 6 19 15 10 4
5 6 19 21 31 25
5 6 19 21 31 23
5 6 19 10 21 23
5 18 30 20 11 0
5 18 30 20 4 0
5 18 26 11 22 0
5 18 1 20 11 3
5 18 30 31 4 0
5 18 26 31 3 29
5 18 20 3 4 25
5 18 30 15 31 4
5 18 3 4 29 25
5 18 26 31 29 16
5 18 6 20 4 25
5 18 6 20 31 25
5 18 20 21 3 25
5 18 20 21 31 25
5 18 20 21 31 3
5 18 26 22 16 0
5 18 4 24 16 0
5 18 31 4 24 0
5 18 6 15 31 4
5 18 6 20 15 4
5 18 19 4 29 25
5 18 19 31 29 25
5 18 21 3 29 25
5 18 21 31 29 25
5 18 21 31 3 29
5 18 4 29 24 16
5 18 6 19 4 25
5 18 6 19 31 25
5 18 6 19 31 4
5 18 22 24 16 0
5 18 19 4 29 24
5 18 19 31 4 24
5 18 19 29 24 16
5 18 19 31 24 16
5 18 19 31 29 16
5 12 11 17 32 0
5 12 21 32 23 2
5 12 21 17 32 2
5 12 21 17 32 23
5 12 20 11 17 0
5 12 30 20 11 0
5 12 30 20 15 0
5 12 6 10 21 2
5 12 6 20 15 25
5 12 21 17 2 25
5 12 6 21 2 25
5 12 21 31 17 23
5 12 20 31 17 23
5 12 20 21 31 17
5 12 20 21 17 25
5 12 20 17 4 25
5 12 20 15 4 25
5 12 6 15 4 25
5 5 14 22 23 2
5 5 22 32 23 2
5 5 12 30 15 0
5 5 12 11 32 0
5 5 12 30 11 0
5 5 11 22 32 0
5 5 30 11 22 0
5 8 6 19 31 23
5 8 6 19 10 23
5 8 6 19 15 31
5 8 6 19 15 10
5 8 12 20 31 23
5 8 12 30 20 15
5 8 5 30 15 0
5 8 19 15 31 24
5 8 19 15 10 24
5 8 15 31 24 0
5 8 30 31 24 0
5 8 30 15 31 0
5 8 15 10 24 0
5 8 14 19 31 23
5 8 14 19 10 23
5 8 6 21 31 23
5 8 6 10 21 23
5 8 18 6 15 31
5 8 14 19 31 24
5 8 14 19 10 24
5 8 12 20 17 23
5 27 1 14 23 16
5 27 14 22 32 16
5 27 1 14 32 16
5 27 1 14 22 32
5 27 26 31 23 16
5 27 1 26 31 23
5 27 11 22 32 16
5 27 26 21 23 16
5 27 1 21 23 16
5 27 1 26 21 16
5 27 1 26 21 23
5 27 26 11 22 16
5 27 1 3 32 16
5 27 1 26 3 16
5 27 1 11 3 32
5 27 1 26 31 3
5 27 18 26 31 3
5 27 18 1 31 3
5 27 18 26 11 3
5 27 18 1 11 3
5 28 18 30 20 11
5 28 18 1 20 11
5 28 8 18 20 31
5 28 27 18 1 31
5 28 27 18 1 11
5 28 1 20 31 3
5 28 18 20 31 3
5 28 18 1 31 3
5 28 18 1 20 3
5 28 18 30 15 31
5 28 8 30 15 31
5 28 8 18 15 31
5 28 8 30 20 15
5 28 8 18 20 15
5 28 8 20 31 23
5 28 27 1 31 23
5 28 30 22 31 0
5 28 18 30 31 0
5 28 27 18 26 31
5 28 30 11 22 0
5 28 18 11 22 0
5 28 18 30 11 0
5 28 18 26 11 22
5 28 27 26 11 22
5 28 27 18 26 11
5 28 30 20 15 4
5 28 18 20 15 4
5 28 18 30 15 4
5 28 18 30 20 4
5 28 20 31 17 23
5 28 1 31 17 23
5 28 1 20 31 17
5 28 30 14 22 23
5 28 30 14 22 31
5 28 27 14 22 23
5 28 22 31 24 0
5 28 18 31 24 0
5 28 18 22 24 0
5 28 18 26 31 16
5 28 18 26 22 16
5 28 27 26 31 16
5 28 27 26 22 16
5 28 14 31 23 16
5 28 27 31 23 16
5 28 27 14 23 16
5 28 27 14 22 16
5 28 18 31 24 16
5 28 18 22 24 16
5 28 14 31 24 16
5 28 14 22 24 16
5 28 14 22 31 24
5 7 14 10 23 2
5 7 5 14 23 2
5 7 5 14 10 2
5 7 10 21 23 2
5 7 8 14 10 23
5 7 8 14 10 24
5 7 30 14 22 23
5 7 5 14 22 23
5 7 8 14 31 23
5 7 8 5 30 0
5 7 14 10 24 0
5 7 5 14 10 0
5 7 8 10 24 0
5 7 12 32 23 2
5 7 5 32 23 2
5 7 5 12 32 2
5 7 30 14 22 0
5 7 5 14 22 0
5 7 5 30 22 0
5 7 28 14 31 23
5 7 28 30 14 23
5 7 28 30 14 31
5 7 28 8 31 23
5 7 28 8 30 23
5 7 28 8 30 31
5 7 30 14 31 24
5 7 8 14 31 24
5 7 8 30 31 24
5 7 8 5 12 30
5 7 30 14 24 0
5 7 8 30 24 0
5 7 5 15 10 0
5 7 8 15 10 0
5 7 8 5 15 0
5 7 8 5 15 10
5 7 5 22 32 23
5 13 12 21 23 2
5 13 7 21 23 2
5 13 7 12 23 2
5 13 12 10 21 2
5 13 7 10 21 2
5 13 7 8 12 23
5 13 5 12 10 2
5 13 7 5 10 2
5 13 7 5 12 2
5 13 12 21 31 23
5 13 8 21 31 23
5 13 8 12 31 23
5 13 8 10 21 23
5 13 7 10 21 23
5 13 7 8 10 23
5 13 7 8 5 10
5 13 7 8 5 12
5 13 12 6 10 21
5 13 8 6 10 21
5 13 8 6 21 31
5 13 5 12 15 10
5 13 8 5 15 10
5 13 12 6 15 10
5 13 8 6 15 10
5 13 6 21 31 25
5 13 12 6 21 25
5 13 8 12 20 31
5 13 5 12 30 15
5 13 8 12 30 15
5 13 8 5 30 15
5 13 8 5 12 30
5 13 12 6 20 15
5 13 8 12 20 15
5 13 20 21 31 25
5 13 12 20 21 25
5 13 12 20 21 31
5 13 6 20 31 25
5 13 12 6 20 25
5 13 18 6 20 31
5 13 8 18 20 31
5 13 8 18 6 31
5 13 18 6 20 15
5 13 8 18 20 15
5 13 8 18 6 15
5 9 5 30 11 22
5 9 7 5 30 22
5 9 7 30 22 23
5 9 5 11 22 32
5 9 7 5 22 32
5 9 5 12 30 11
5 9 7 5 12 30
5 9 28 30 22 23
5 9 28 30 11 22
5 9 7 22 32 23
5 9 7 8 30 23
5 9 5 12 11 32
5 9 7 5 12 32
5 9 7 8 12 30
5 9 28 8 30 23
5 9 7 12 32 23
5 9 7 8 12 23
5 9 12 30 20 11
5 9 8 12 30 20
5 9 28 27 22 23
5 9 28 27 1 23
5 9 28 27 11 22
5 9 28 27 1 11
5 9 28 30 20 11
5 9 28 8 30 20
5 9 14 22 32 23
5 9 1 14 32 23
5 9 1 14 22 32
5 9 1 17 32 23
5 9 1 11 17 32
5 9 27 11 22 32
5 9 27 1 22 32
5 9 27 1 11 32
5 9 12 17 32 23
5 9 12 11 17 32
5 9 8 12 17 23
5 9 12 20 11 17
5 9 8 12 20 17
5 9 27 14 22 23
5 9 27 1 14 23
5 9 27 1 14 22
5 9 28 1 17 23
5 9 28 1 20 11
5 9 1 20 11 17
5 9 8 20 17 23
5 9 28 20 17 23
5 9 28 8 20 23
5 9 28 1 20 17
