319
5 5 8 4 7 18
5 5 8 6 7 18
5 5 6 4 17 18
5 5 8 6 4 18
5 5 8 6 4 17
5 2 8 30 6 18
5 23 5 4 7 18
5 23 8 4 7 18
5 23 2 8 4 7
5 12 30 6 17 18
5 12 5 4 17 18
5 12 23 5 4 18
5 28 14 5 17 9
5 22 2 8 30 18
5 22 12 23 4 18
5 22 23 8 4 18
5 22 23 2 8 18
5 22 23 2 8 4
5 22 8 6 4 18
5 22 8 30 6 18
5 11 23 2 4 7
5 11 2 7 9 16
5 11 23 5 4 7
5 11 28 7 9 16
5 11 28 5 7 9
5 11 28 5 4 7
5 11 28 14 5 9
5 11 28 14 5 4
5 11 14 5 17 9
5 11 12 5 17 9
5 11 12 23 5 9
5 25 12 23 5 9
5 25 11 5 7 9
5 25 11 23 5 9
5 25 11 23 5 7
5 25 23 5 7 18
5 25 12 23 5 18
5 25 11 2 7 9
5 25 11 23 2 7
5 25 2 8 7 18
5 25 23 8 7 18
5 25 23 2 8 18
5 25 23 2 8 7
5 1 12 30 17 18
5 1 6 4 17 18
5 1 30 6 17 18
5 1 22 6 4 18
5 1 22 30 6 18
5 15 22 2 30 18
5 15 22 23 2 18
5 15 25 2 30 18
5 15 25 12 30 18
5 15 25 12 2 30
5 15 25 23 2 18
5 15 25 12 23 18
5 15 25 11 23 2
5 15 22 23 2 4
5 15 11 23 2 4
5 15 25 11 2 9
5 15 22 2 8 4
5 10 2 8 30 6
5 10 22 8 30 6
5 10 22 2 8 30
5 10 15 22 2 30
5 10 15 22 2 8
5 10 22 20 8 6
5 10 2 8 6 16
5 10 20 8 6 16
5 3 22 12 30 18
5 3 1 12 30 18
5 3 1 22 30 18
5 3 22 12 4 18
5 3 1 22 4 18
5 3 12 4 17 18
5 3 1 4 17 18
5 3 1 12 17 18
5 3 22 12 23 4
5 3 12 5 4 17
5 3 12 23 5 4
5 3 27 22 14 4
5 3 11 23 5 4
5 3 11 12 5 17
5 3 11 12 23 5
5 3 11 12 17 9
5 3 14 5 4 17
5 3 11 14 5 17
5 3 11 14 5 4
5 3 11 14 17 9
5 29 1 22 20 6
5 29 27 22 20 4
5 29 1 22 6 4
5 29 22 8 6 4
5 29 22 20 8 6
5 29 1 6 4 17
5 29 3 1 22 4
5 29 3 27 22 4
5 29 8 6 4 17
5 29 27 20 6 16
5 29 3 1 4 17
5 29 5 8 4 17
5 29 5 8 6 17
5 29 3 14 4 17
5 29 3 27 14 17
5 29 3 27 14 4
5 29 14 5 4 17
5 29 5 8 4 7
5 29 5 6 7 17
5 29 5 8 6 7
5 29 28 14 5 17
5 21 15 22 23 18
5 21 22 12 30 18
5 21 22 12 23 18
5 21 15 12 23 18
5 21 3 22 12 23
5 21 3 22 12 30
5 21 3 1 12 30
5 21 3 1 22 30
5 21 3 22 23 4
5 21 1 22 30 6
5 13 10 20 8 16
5 13 15 22 8 4
5 13 10 22 20 8
5 13 10 15 22 8
5 13 29 22 8 4
5 13 29 22 20 4
5 13 29 22 20 8
5 13 10 2 8 16
5 13 10 15 2 16
5 13 10 15 2 8
5 13 15 2 8 4
5 13 29 27 20 16
5 13 29 27 20 4
5 13 2 8 7 16
5 13 2 8 4 7
5 13 15 11 2 4
5 13 27 22 20 4
5 13 29 8 4 7
5 13 20 8 6 16
5 13 29 20 6 16
5 13 29 20 8 6
5 13 11 2 4 7
5 13 8 6 7 16
5 13 29 6 7 16
5 13 29 8 6 7
5 13 29 28 7 16
5 13 29 27 28 16
5 13 11 28 4 7
5 13 28 5 4 7
5 13 29 5 4 7
5 13 29 28 5 7
5 13 29 27 14 4
5 13 29 27 28 14
5 13 28 14 5 4
5 13 29 14 5 4
5 13 29 28 14 5
5 24 1 22 20 6
5 24 10 22 20 6
5 24 21 1 22 6
5 24 29 1 6 17
5 24 29 1 20 6
5 24 21 3 1 22
5 24 29 1 22 20
5 24 29 3 1 22
5 24 29 27 22 20
5 24 29 3 27 22
5 24 29 3 1 17
5 24 29 3 27 17
5 24 3 27 14 17
5 19 15 12 30 18
5 19 21 12 30 18
5 19 21 15 12 18
5 19 15 22 30 18
5 19 21 22 30 18
5 19 21 15 22 18
5 19 10 15 22 30
5 19 10 22 30 6
5 19 21 22 30 6
5 19 21 1 12 30
5 19 24 10 22 6
5 19 24 21 22 6
5 19 24 21 10 22
5 19 3 1 12 17
5 19 21 3 1 12
5 19 21 1 30 6
5 19 24 21 1 6
5 19 10 15 2 30
5 19 24 3 1 17
5 19 24 21 3 1
5 19 24 3 14 17
5 32 24 21 10 22
5 32 13 15 22 4
5 32 13 10 15 22
5 32 3 22 14 4
5 32 21 3 22 4
5 32 24 21 3 22
5 32 19 24 21 10
5 32 27 22 14 4
5 32 13 27 22 4
5 32 13 10 15 16
5 32 3 27 22 14
5 32 24 3 27 14
5 32 24 3 27 22
5 32 24 27 22 20
5 32 24 10 22 20
5 32 19 24 3 14
5 32 19 24 21 3
5 32 13 27 22 20
5 32 13 10 22 20
5 32 24 10 20 16
5 31 32 10 15 16
5 31 32 19 3 14
5 31 32 19 21 3
5 31 11 28 14 9
5 31 11 28 9 16
5 31 32 24 10 16
5 31 32 19 24 10
5 31 11 2 9 16
5 31 15 11 2 9
5 31 19 3 14 17
5 31 32 19 24 14
5 26 19 15 12 30
5 26 15 25 2 9
5 26 31 15 2 9
5 26 31 2 9 16
5 26 25 12 23 9
5 26 15 25 12 23
5 26 31 15 11 9
5 26 19 21 15 12
5 26 11 12 23 9
5 26 25 11 23 9
5 26 15 25 11 9
5 26 15 25 11 23
5 26 10 15 2 16
5 26 31 15 2 16
5 26 31 10 15 16
5 26 3 11 12 9
5 26 3 12 17 9
5 26 19 3 12 17
5 26 31 19 3 17
5 26 19 21 3 12
5 26 31 19 21 3
5 26 21 15 12 23
5 26 19 10 15 22
5 26 19 21 15 22
5 26 19 21 10 22
5 26 32 19 21 10
5 26 31 32 19 10
5 26 31 32 19 21
5 26 3 11 14 9
5 26 31 11 14 9
5 26 15 11 23 4
5 26 31 15 11 4
5 26 3 14 17 9
5 26 31 14 17 9
5 26 31 3 14 17
5 26 21 15 22 23
5 26 32 10 15 22
5 26 31 32 10 15
5 26 32 21 10 22
5 26 3 11 14 4
5 26 31 11 14 4
5 26 3 11 12 23
5 26 21 3 12 23
5 26 3 11 23 4
5 26 15 22 23 4
5 26 21 22 23 4
5 26 32 15 22 4
5 26 31 32 15 4
5 26 32 21 22 4
5 26 32 3 14 4
5 26 31 32 14 4
5 26 31 32 3 14
5 26 21 3 23 4
5 26 32 21 3 4
5 26 31 32 21 3
5 0 32 13 15 4
5 0 31 32 15 4
5 0 13 15 11 4
5 0 31 15 11 4
5 0 31 32 14 4
5 0 32 13 15 16
5 0 31 32 15 16
5 0 31 11 14 4
5 0 13 27 14 4
5 0 32 27 14 4
5 0 32 13 27 4
5 0 31 32 14 16
5 0 11 28 14 4
5 0 13 28 14 4
5 0 13 11 28 4
5 0 31 11 28 14
5 0 13 15 2 16
5 0 13 15 11 2
5 0 31 11 2 16
5 0 31 15 2 16
5 0 31 15 11 2
5 0 31 11 28 16
5 0 31 28 14 16
5 0 11 2 7 16
5 0 13 2 7 16
5 0 13 11 2 7
5 0 11 28 7 16
5 0 13 28 7 16
5 0 13 11 28 7
5 0 27 28 14 16
5 0 13 27 28 16
5 0 13 27 28 14
5 0 24 27 14 16
5 0 32 24 14 16
5 0 32 24 27 14
5 0 13 27 20 16
5 0 32 13 27 20
5 0 24 27 20 16
5 0 32 24 20 16
5 0 32 24 27 20
5 0 13 10 20 16
5 0 32 10 20 16
5 0 32 13 10 16
5 0 32 13 10 20
