212
5 17 15 3 24 8
5 17 0 3 24 8
5 17 4 9 0 8
5 17 4 21 9 8
5 17 4 21 9 0
5 22 17 15 24 8
5 22 17 0 24 8
5 22 17 9 0 8
5 22 4 9 0 8
5 22 10 4 9 8
5 22 10 4 9 0
5 1 17 15 21 8
5 2 22 23 15 24
5 5 22 10 9 0
5 5 22 10 23 0
5 5 22 23 0 24
5 7 4 21 9 0
5 7 10 4 9 0
5 7 10 4 21 0
5 7 10 4 21 9
5 7 5 10 9 0
5 7 17 21 9 0
5 7 5 23 0 24
5 7 5 22 0 24
5 7 5 22 9 0
5 7 5 22 23 24
5 7 2 23 3 11
5 7 2 23 3 24
5 7 2 22 23 11
5 7 2 22 23 24
5 6 2 22 23 15
5 25 22 23 15 24
5 25 2 23 15 24
5 25 4 15 24 8
5 25 22 15 24 8
5 25 4 23 0 24
5 25 22 23 0 24
5 25 6 22 23 15
5 25 4 0 24 8
5 25 22 0 24 8
5 25 22 4 0 8
5 25 10 4 23 0
5 25 22 10 23 0
5 25 22 10 4 0
5 25 6 2 23 11
5 25 6 2 23 15
5 25 22 17 15 8
5 25 22 10 4 8
5 25 1 17 15 8
5 25 1 16 17 15
5 25 22 17 9 8
5 25 10 4 9 8
5 25 22 10 9 8
5 25 5 10 23 11
5 25 5 16 23 11
5 25 1 17 21 8
5 19 17 15 21 3
5 19 17 15 3 24
5 19 22 17 15 24
5 19 1 15 21 3
5 19 7 17 21 9
5 19 6 1 15 3
5 19 6 2 15 3
5 19 22 17 0 24
5 19 22 17 9 0
5 19 2 15 3 24
5 19 7 1 21 3
5 19 7 17 21 0
5 19 17 0 3 24
5 19 7 0 3 24
5 19 7 17 9 0
5 19 7 2 3 24
5 19 7 2 22 24
5 19 7 22 0 24
5 19 7 22 9 0
5 14 25 22 17 15
5 14 25 6 22 15
5 14 19 17 15 9
5 14 19 22 17 9
5 14 19 22 17 15
5 14 19 7 22 9
5 14 6 2 22 15
5 14 19 6 2 15
5 14 2 22 15 24
5 14 19 22 15 24
5 14 19 2 15 24
5 14 19 2 22 24
5 14 7 2 22 11
5 14 19 7 2 22
5 14 2 22 23 11
5 14 6 2 23 11
5 14 6 2 22 23
5 14 19 6 2 3
5 14 7 22 23 11
5 14 19 6 1 3
5 14 7 2 3 11
5 14 19 7 2 3
5 13 25 16 23 11
5 13 25 6 23 11
5 13 25 6 16 15
5 13 6 1 16 15
5 13 2 1 3 11
5 20 17 21 9 8
5 20 25 17 9 8
5 20 25 17 21 8
5 20 4 21 9 8
5 20 25 4 9 8
5 20 25 4 21 8
5 20 25 10 4 9
5 20 25 1 17 21
5 20 25 1 16 21
5 20 25 1 16 17
5 20 19 17 21 9
5 20 25 22 17 9
5 20 14 22 17 9
5 20 14 25 22 17
5 20 19 17 15 9
5 20 1 17 15 21
5 20 19 17 15 21
5 20 19 1 15 21
5 20 1 16 17 15
5 20 6 1 16 15
5 20 25 22 10 9
5 20 14 17 15 9
5 20 25 16 17 15
5 20 25 6 16 15
5 20 14 25 17 15
5 20 14 25 6 15
5 20 19 7 21 9
5 20 14 19 7 9
5 20 14 19 15 9
5 20 19 6 1 15
5 20 14 19 6 15
5 20 14 19 6 1
5 18 25 5 16 23
5 18 25 5 10 23
5 18 20 25 16 21
5 18 20 14 7 9
5 18 20 25 22 10
5 18 5 16 23 11
5 18 7 5 23 11
5 18 7 5 22 23
5 18 14 7 22 23
5 18 5 22 10 23
5 18 25 22 10 23
5 18 7 5 10 21
5 18 20 25 4 21
5 18 20 25 10 4
5 18 20 1 16 21
5 18 20 7 1 21
5 18 7 5 22 9
5 18 14 7 22 9
5 18 7 5 10 9
5 18 20 14 22 9
5 18 5 22 10 9
5 18 20 22 10 9
5 18 7 10 21 9
5 18 20 7 21 9
5 18 10 4 21 9
5 18 20 4 21 9
5 18 20 10 4 9
5 12 18 20 7 1
5 12 18 20 14 7
5 12 20 7 1 21
5 12 18 7 1 11
5 12 18 20 1 16
5 12 19 7 1 21
5 12 20 19 1 21
5 12 20 14 19 1
5 12 20 19 7 21
5 12 20 14 19 7
5 12 7 1 3 11
5 12 14 7 3 11
5 12 14 7 23 11
5 12 18 7 23 11
5 12 18 14 7 23
5 12 18 20 25 16
5 12 19 7 1 3
5 12 14 19 1 3
5 12 14 19 7 3
5 12 13 1 3 11
5 12 13 1 16 11
5 12 18 1 16 11
5 12 18 16 23 11
5 12 13 6 1 16
5 12 20 6 1 16
5 12 20 14 6 1
5 12 20 25 6 16
5 12 20 14 25 6
5 12 18 25 16 23
5 12 20 14 25 22
5 12 18 20 25 22
5 12 18 20 14 22
5 12 14 2 3 11
5 12 13 2 3 11
5 12 14 6 1 3
5 12 13 6 1 3
5 12 13 16 23 11
5 12 13 25 6 16
5 12 13 25 16 23
5 12 18 25 22 23
5 12 18 14 22 23
5 12 14 6 2 11
5 12 13 6 2 11
5 12 14 6 2 3
5 12 13 6 2 3
5 12 14 6 23 11
5 12 13 6 23 11
5 12 13 25 6 23
5 12 25 6 22 23
5 12 14 6 22 23
5 12 14 25 6 22
