4
33
-5.85285 -0.233065 -2.91015 3.59178
3.64838 7.87118 -3.97121 -4.1523
9.99322 4.23839 -5.73926 7.19811
-8.44563 -5.3428 4.84943 4.96145
6.16959 -2.91661 9.30597 9.65109
3.70704 2.0902 -8.87539 -0
-7.55851 2.79061 -0.0888929 -0
-8.31988 -7.3028 -9.87439 -0
-6.6087 1.75636 2.6255 -0
8.68006 5.39539 4.2599 -0
-0.0690013 2.61884 -9.47455 -0
-2.07309 4.85901 -5.98655 -0
-0 -3.8871 5.45812 -6.04262
-0 6.22343 -5.65186 6.4382
-0 -9.31933 9.67134 3.03718
-0 -2.8454 3.73745 -2.59312
-0 -3.51349 -2.90863 -8.07266
-0 -5.00078 -2.49799 -0.0288864
-0 8.75538 -3.47145 -6.86228
-9.31638 -0 6.87214 8.27648
-3.30624 -0 -0.977211 -1.64972
7.7554 -0 -2.6999 7.63378
7.75174 -0 -6.99061 -1.01218
1.28857 -0 2.97443 -6.56857
8.11234 -0 4.11728 -2.12719
-3.85105 -0 1.04436 -4.64302
2.28142 -2.60377 -0 6.71149
8.30819 6.81716 -0 -1.86008
8.27626 2.1325 -0 4.09432
8.90632 2.78101 -0 -3.15171
0.38872 -7.08915 -0 -6.53526
-2.57792 -7.75007 -0 -1.10091
-2.72278 9.78946 -0 -1.58462
