4
26
-1.16773 5.39366 -7.15764 -8.03209
1.96751 -5.20372 8.68656 6.1693
-6.43773 5.69665 -0.914363 9.75863
-3.096 8.43903 9.96085 6.17041
6.65257 -0.196488 -9.53479 -7.87706
-6.06976 -0 -8.07332 -6.96598
0.597326 -0 -0.117072 9.12472
-5.27357 -0 4.68024 -2.59614
9.064 -0 -4.82439 -3.86632
1.37771 -0 0.91566 -2.66739
-3.53446 -0 -9.33862 -7.9175
-9.62806 -0 -1.75231 9.08991
-2.54691 -0.32127 -0 4.36568
-0.418293 -2.49 -0 9.17429
-2.49574 0.986121 -0 3.98355
6.48034 3.33816 -0 8.56267
0.263578 -6.06583 -0 5.89752
6.56536 1.23023 -0 -2.41945
-2.227 -5.59796 -0 0.876158
-1.55758 5.16762 4.12945 -0
1.57091 -2.96585 0.915463 -0
2.62709 -4.72142 9.51653 -0
-2.62328 5.01917 -2.57431 -0
-8.86015 3.51907 -7.19335 -0
-3.50516 8.72856 -2.98119 -0
8.37706 -3.74232 -8.90441 -0
