4
33
-6.36987 -0.344725 1.21817 3.0212
-3.04911 8.23026 -3.26722 5.90355
-8.70269 -4.7003 -1.94474 2.36709
-6.96651 -5.97489 -3.33478 1.7685
6.87456 7.09641 9.93791 2.15798
2.28142 -2.60377 -0 6.71149
8.30819 6.81716 -0 -1.86008
8.27626 2.1325 -0 4.09432
8.90632 2.78101 -0 -3.15171
0.38872 -7.08915 -0 -6.53526
-2.57792 -7.75007 -0 -1.10091
-2.72278 9.78946 -0 -1.58462
0.538892 -8.70968 -5.76525 -0
4.37723 -7.84784 -1.95776 -0
3.66265 -3.08824 -3.74919 -0
-9.31497 -8.31499 -7.14516 -0
7.73858 2.11055 -3.12354 -0
0.943945 -3.22266 -4.18331 -0
8.66494 -7.20389 3.67603 -0
-0 -1.51218 -8.5794 2.16309
-0 -5.4046 8.91493 3.41485
-0 -1.393 9.94598 -4.42005
-0 5.02997 7.39689 8.08119
-0 7.23501 7.99492 7.44026
-0 -6.39211 -0.582292 -3.04897
-0 8.51871 -5.93887 -4.19958
8.0829 -0 3.40141 -8.07425
1.34313 -0 -8.14589 -0.389542
-2.7269 -0 8.93232 3.44337
3.66905 -0 -0.826627 4.92958
5.79447 -0 6.57843 -2.36486
-1.11836 -0 5.70103 5.04048
-4.57898 -0 8.99812 -7.90846
