4
26
-5.20741 -3.13905 -0.389113 8.54364
-8.94283 9.01708 7.98882 -7.48605
-0.390107 0.00302264 -5.81793 -6.9314
5.4618 -5.43436 7.34549 7.93621
-5.82807 9.5846 -0.866007 6.07101
-0 3.54311 4.24352 5.04
-0 5.29405 2.18243 2.95014
-0 1.80797 -4.4344 -9.91977
-0 6.36044 -2.35738 6.53453
-0 -9.36397 -7.5154 -2.85554
-0 -2.84245 5.20506 8.17937
-0 -4.66645 -5.60923 3.34048
2.00849 5.4015 -0 4.97404
9.95046 1.02905 -0 -3.87122
-5.70313 3.31042 -0 -0.965202
-8.41261 -4.4511 -0 2.71156
8.4552 -0.510361 -0 -0.532155
-2.80023 -5.05233 -0 -5.10311
-1.52405 -2.19062 -0 4.45662
-6.23362 6.25752 -0.7608 -0
8.6527 4.86983 5.99345 -0
-1.0112 -0.707716 9.14041 -0
3.73254 5.81851 -3.13015 -0
-0.721111 3.87532 -3.46287 -0
-7.8897 -5.29084 -9.53276 -0
4.78926 -4.33256 2.95707 -0
