4
26
2.4926 -2.69883 -4.7014 0.0663288
-5.35458 -8.58703 5.64551 -8.68061
-6.68058 6.82678 1.05395 -8.53336
0.263196 -0.56733 0.615046 -1.61079
0.857807 -4.79868 -5.6351 -9.12405
-0 -1.51218 -8.5794 2.16309
-0 -5.4046 8.91493 3.41485
-0 -1.393 9.94598 -4.42005
-0 5.02997 7.39689 8.08119
-0 7.23501 7.99492 7.44026
-0 -6.39211 -0.582292 -3.04897
-0 8.51871 -5.93887 -4.19958
6.22633 -4.99684 -0 -4.06146
-9.80829 4.41013 -0 -7.76428
-8.19912 -2.19438 -0 -9.96733
-1.28819 -8.9189 -0 7.66581
-7.45627 -7.76157 -0 5.15094
-2.01524 5.80861 -0 0.201123
4.22936 -9.92722 -0 -6.7015
-6.23362 6.25752 -0.7608 -0
8.6527 4.86983 5.99345 -0
-1.0112 -0.707716 9.14041 -0
3.73254 5.81851 -3.13015 -0
-0.721111 3.87532 -3.46287 -0
-7.8897 -5.29084 -9.53276 -0
4.78926 -4.33256 2.95707 -0
