4
26
4.66458 8.37753 -7.09774 8.25821
-9.73081 -1.29652 -6.99824 1.15929
0.249027 4.85869 6.48725 -0.956312
9.11695 2.41068 -7.08916 -6.73166
-8.02244 -4.60512 2.04916 -8.11011
-9.31638 -0 6.87214 8.27648
-3.30624 -0 -0.977211 -1.64972
7.7554 -0 -2.6999 7.63378
7.75174 -0 -6.99061 -1.01218
1.28857 -0 2.97443 -6.56857
8.11234 -0 4.11728 -2.12719
-3.85105 -0 1.04436 -4.64302
-0.617975 0.689032 5.33116 -0
-3.31158 3.21055 9.10826 -0
-2.56185 -2.94649 7.27667 -0
-3.23041 -8.52868 2.08664 -0
-5.15131 0.336872 6.7954 -0
4.73753 -8.8971 3.39048 -0
-7.71913 6.84625 -3.86915 -0
-7.03601 -7.38623 -0 6.75806
-1.4012 9.65129 -0 -7.18992
-0.0494824 -8.7919 -0 -2.46194
-7.22519 -0.302108 -0 -4.95143
-4.70572 -3.12907 -0 7.1946
-9.93141 -0.748014 -0 7.76845
-5.07652 1.05955 -0 -2.24173
