4
19
9.96278 -6.056 -4.41511 6.87177
-0.776966 -5.58416 -2.61698 -5.27714
4.97554 -4.1711 -3.25094 -6.20919
2.7048 -1.18878 -0.972984 -6.03232
-5.08795 -0.188999 0.298791 0.423662
-0 -6.25485 -7.38778 1.42587
-0 3.34326 0.470941 3.54796
-0 -7.11282 6.20852 8.66656
-0 7.82081 -2.93928 -1.52859
-0 4.60259 -7.96734 -4.05862
-0 7.29619 2.81412 8.78859
-0 -2.78273 -3.70361 6.19693
6.83636 -0 -4.05012 5.09313
8.41773 -0 -7.55691 6.02221
1.04785 -0 -9.84947 6.46635
1.82292 -0 -8.63343 7.39801
1.04559 -0 -2.48711 1.92812
-9.03241 -0 -0.634414 -9.35557
8.52168 -0 4.08823 -4.83471
