4
26
8.71283 4.15764 -0.65747 -8.54604
4.86714 8.63859 8.69267 -5.41543
1.15543 1.95335 0.356599 3.90528
-8.88619 -3.22114 1.77609 1.60104
4.97339 1.98569 -7.30202 3.65903
8.0829 -0 3.40141 -8.07425
1.34313 -0 -8.14589 -0.389542
-2.7269 -0 8.93232 3.44337
3.66905 -0 -0.826627 4.92958
5.79447 -0 6.57843 -2.36486
-1.11836 -0 5.70103 5.04048
-4.57898 -0 8.99812 -7.90846
-7.03601 -7.38623 -0 6.75806
-1.4012 9.65129 -0 -7.18992
-0.0494824 -8.7919 -0 -2.46194
-7.22519 -0.302108 -0 -4.95143
-4.70572 -3.12907 -0 7.1946
-9.93141 -0.748014 -0 7.76845
-5.07652 1.05955 -0 -2.24173
-1.55758 5.16762 4.12945 -0
1.57091 -2.96585 0.915463 -0
2.62709 -4.72142 9.51653 -0
-2.62328 5.01917 -2.57431 -0
-8.86015 3.51907 -7.19335 -0
-3.50516 8.72856 -2.98119 -0
8.37706 -3.74232 -8.90441 -0
