4
33
4.82494 9.1908 -9.74538 9.72895
0.12478 -1.96273 6.20662 -5.8226
1.96045 -9.10797 8.04673 -6.772
0.842163 1.81227 9.30171 5.63928
9.22625 -1.39284 2.55818 8.51371
-0 -9.58142 3.86974 -3.11067
-0 6.24517 8.51393 7.17442
-0 -9.62514 1.92767 9.21282
-0 0.427115 3.38103 8.97439
-0 -9.70956 -8.57499 -0.681759
-0 8.93579 -2.99496 0.643757
-0 -7.02159 -7.16217 -0.49266
6.83636 -0 -4.05012 5.09313
8.41773 -0 -7.55691 6.02221
1.04785 -0 -9.84947 6.46635
1.82292 -0 -8.63343 7.39801
1.04559 -0 -2.48711 1.92812
-9.03241 -0 -0.634414 -9.35557
8.52168 -0 4.08823 -4.83471
2.00849 5.4015 -0 4.97404
9.95046 1.02905 -0 -3.87122
-5.70313 3.31042 -0 -0.965202
-8.41261 -4.4511 -0 2.71156
8.4552 -0.510361 -0 -0.532155
-2.80023 -5.05233 -0 -5.10311
-1.52405 -2.19062 -0 4.45662
9.37147 8.66567 -6.34807 -0
-9.91505 6.31116 -8.79973 -0
3.34432 7.52917 -2.12471 -0
-2.99357 -4.64785 -3.55074 -0
-3.19225 7.32438 0.427364 -0
4.83774 4.1178 -2.46716 -0
4.17729 6.77868 5.90291 -0
