4
33
-6.90327 0.182559 -6.27763 4.1045
1.75433 4.61084 5.30027 -5.35679
6.26027 -2.50601 -7.11361 6.73222
1.39545 3.05873 3.56765 -5.55079
-0.63071 -1.52287 0.162968 1.13635
-0 -9.58142 3.86974 -3.11067
-0 6.24517 8.51393 7.17442
-0 -9.62514 1.92767 9.21282
-0 0.427115 3.38103 8.97439
-0 -9.70956 -8.57499 -0.681759
-0 8.93579 -2.99496 0.643757
-0 -7.02159 -7.16217 -0.49266
9.2704 -0 2.91617 -2.99519
-5.42859 -0 -1.16688 5.84105
-7.00305 -0 -3.54686 -3.07978
5.29756 -0 -7.43836 3.21554
-9.46099 -0 -9.98705 8.84755
-1.35088 -0 7.46011 -8.01977
9.44202 -0 2.94484 2.38601
5.65046 7.56789 -0 -2.92407
-5.00695 7.77304 -0 2.5305
4.3281 5.77803 -0 -2.59883
2.00697 3.82265 -0 1.15625
7.00025 -2.9535 -0 -0.238204
-3.90854 9.30944 -0 -0.775746
9.25223 -4.11951 -0 0.725601
3.70704 2.0902 -8.87539 -0
-7.55851 2.79061 -0.0888929 -0
-8.31988 -7.3028 -9.87439 -0
-6.6087 1.75636 2.6255 -0
8.68006 5.39539 4.2599 -0
-0.0690013 2.61884 -9.47455 -0
-2.07309 4.85901 -5.98655 -0
