206
5 16 9 22 2 11
5 3 14 22 20 18
5 3 1 14 20 18
5 21 22 17 11 0
5 21 3 22 17 18
5 6 21 17 0 18
5 6 3 14 20 17
5 6 3 1 14 20
5 6 3 1 14 18
5 6 21 3 17 18
5 4 21 9 15 12
5 4 9 15 22 2
5 4 6 21 12 20
5 4 22 20 2 18
5 4 6 1 12 20
5 4 6 1 14 20
5 4 1 14 20 18
5 4 1 15 12 18
5 4 6 1 12 18
5 4 6 1 14 18
5 24 3 14 20 17
5 24 21 3 22 17
5 24 21 9 22 11
5 24 6 14 20 17
5 24 6 3 14 17
5 24 6 21 3 17
5 24 3 14 22 20
5 24 16 22 17 11
5 24 21 22 17 11
5 24 4 9 22 2
5 24 21 9 15 22
5 24 4 9 15 22
5 24 4 21 9 15
5 24 4 6 14 20
5 24 4 6 21 20
5 24 6 3 14 18
5 24 6 21 3 18
5 24 3 14 22 18
5 24 21 3 22 18
5 24 14 22 20 18
5 24 4 22 20 18
5 24 4 14 20 18
5 24 4 6 14 18
5 24 21 15 12 18
5 24 4 15 12 18
5 24 4 21 15 12
5 24 6 21 12 18
5 24 4 6 12 18
5 24 4 6 21 12
5 19 21 17 11 0
5 19 10 16 17 0
5 19 21 9 15 12
5 19 24 16 17 11
5 19 24 21 17 11
5 19 24 16 9 11
5 19 24 21 9 11
5 19 16 17 11 0
5 19 16 9 11 0
5 5 4 1 12 20
5 5 4 1 15 12
5 5 4 9 15 2
5 5 4 20 2 18
5 5 4 1 20 18
5 5 4 15 2 18
5 5 4 1 15 18
5 25 6 3 20 17
5 25 6 3 1 20
5 25 6 10 3 17
5 25 6 10 3 1
5 25 6 10 17 0
5 25 19 10 17 0
5 25 19 10 16 17
5 25 19 16 9 0
5 25 19 10 16 0
5 25 16 9 2 0
5 25 9 12 2 0
5 8 10 3 17 18
5 8 6 3 17 18
5 8 6 10 3 17
5 8 6 1 12 18
5 8 25 6 12 0
5 8 25 6 10 0
5 8 6 3 1 18
5 8 6 10 3 1
5 8 25 6 10 1
5 8 25 10 3 1
5 8 1 15 12 18
5 8 3 1 20 18
5 8 25 3 1 20
5 8 5 1 15 18
5 8 5 1 15 12
5 8 5 20 2 18
5 8 5 1 20 18
5 23 24 3 22 20
5 23 24 3 20 17
5 23 24 16 22 17
5 23 24 3 22 17
5 23 25 3 20 17
5 23 10 16 22 17
5 23 10 3 22 17
5 23 8 25 3 20
5 23 25 10 16 2
5 23 19 24 16 9
5 23 25 19 16 9
5 23 25 10 16 17
5 23 25 10 3 17
5 23 19 24 16 17
5 23 25 19 16 17
5 23 3 20 2 18
5 23 8 20 2 18
5 23 8 3 20 18
5 23 8 25 10 2
5 23 8 25 10 3
5 23 8 10 2 18
5 23 8 10 3 18
5 23 19 24 21 9
5 23 19 24 21 17
5 13 23 3 20 2
5 13 23 3 22 20
5 13 22 20 2 18
5 13 3 20 2 18
5 13 3 22 20 18
5 13 23 24 22 20
5 13 23 22 2 18
5 13 23 3 2 18
5 13 23 3 22 18
5 13 4 22 20 2
5 13 24 4 22 2
5 13 24 4 22 20
5 13 24 9 22 2
5 13 24 4 9 2
5 13 16 9 22 2
5 13 23 24 16 22
5 13 23 24 16 9
5 13 16 9 22 11
5 13 24 9 22 11
5 13 24 16 22 11
5 13 24 16 9 11
5 7 23 24 20 17
5 7 23 25 20 17
5 7 23 24 21 17
5 7 24 6 20 17
5 7 24 6 21 17
5 7 24 6 21 20
5 7 25 6 20 17
5 7 23 19 21 17
5 7 23 25 19 17
5 7 23 24 21 9
5 7 13 23 24 20
5 7 13 23 24 9
5 7 6 21 12 20
5 7 24 4 21 20
5 7 24 4 21 9
5 7 23 19 21 9
5 7 23 25 19 9
5 7 13 24 4 20
5 7 13 24 4 9
5 7 6 21 17 0
5 7 19 21 17 0
5 7 25 6 17 0
5 7 25 19 17 0
5 7 4 21 12 20
5 7 6 1 12 20
5 7 25 6 1 20
5 7 4 21 9 12
5 7 19 21 9 12
5 7 5 4 12 20
5 7 6 21 12 0
5 7 19 21 12 0
5 7 25 6 12 0
5 7 5 1 12 20
5 7 8 6 1 12
5 7 8 25 6 12
5 7 8 25 6 1
5 7 19 9 12 0
5 7 25 9 12 0
5 7 25 19 9 0
5 7 5 4 20 2
5 7 13 4 20 2
5 7 13 23 20 2
5 7 5 4 9 2
5 7 13 4 9 2
5 7 8 5 20 2
5 7 8 25 5 2
5 7 23 8 20 2
5 7 23 8 25 2
5 7 23 8 25 20
5 7 4 9 15 12
5 7 5 4 15 12
5 7 5 4 9 15
5 7 25 5 15 12
5 7 5 9 15 2
5 7 25 5 15 2
5 7 8 5 1 20
5 7 8 25 1 20
5 7 8 5 1 12
5 7 8 25 5 12
5 7 9 15 12 2
5 7 25 15 12 2
5 7 25 9 12 2
5 7 25 16 9 2
5 7 13 16 9 2
5 7 23 25 16 2
5 7 13 23 16 2
5 7 23 25 16 9
5 7 13 23 16 9
