198
5 20 24 18 7 25
5 5 20 22 18 2
5 6 5 20 18 2
5 6 20 22 2 7
5 6 20 22 18 7
5 6 20 22 18 2
5 6 5 22 2 3
5 6 5 22 18 2
5 10 5 2 16 3
5 17 24 18 7 25
5 0 20 24 18 7
5 0 17 24 18 7
5 0 17 11 18 7
5 12 5 20 22 2
5 1 8 10 5 3
5 1 8 10 24 3
5 15 6 22 18 7
5 15 17 11 6 3
5 15 6 22 7 3
5 15 17 6 7 3
5 15 17 11 24 3
5 15 0 17 11 24
5 15 0 17 24 18
5 15 8 17 24 18
5 15 8 0 24 18
5 15 1 8 5 3
5 15 1 17 24 3
5 15 1 8 24 3
5 15 1 8 17 24
5 23 0 20 24 7
5 23 0 17 24 7
5 23 0 17 11 7
5 23 0 17 11 24
5 23 0 20 18 7
5 23 0 11 18 7
5 23 0 20 24 16
5 23 0 11 24 16
5 23 17 11 6 7
5 23 17 11 6 3
5 14 0 11 24 16
5 14 11 24 16 3
5 14 23 0 20 16
5 14 23 0 11 16
5 14 15 11 24 3
5 14 15 0 11 24
5 14 10 24 16 3
5 14 8 10 24 3
5 14 8 10 24 16
5 14 10 5 16 3
5 14 8 10 5 3
5 14 5 2 16 3
5 14 6 2 16 3
5 14 6 5 2 3
5 14 23 6 16 3
5 14 23 11 16 3
5 14 23 11 6 3
5 14 15 11 6 3
5 14 6 20 2 16
5 14 6 5 20 2
5 14 23 6 20 16
5 14 6 5 20 18
5 14 15 8 24 3
5 14 15 8 0 24
5 14 15 8 5 3
5 14 6 5 22 3
5 14 15 6 22 3
5 14 15 8 5 18
5 14 15 8 0 18
5 14 6 5 22 18
5 14 15 5 22 18
5 14 15 6 22 18
5 13 10 5 2 16
5 13 12 5 22 2
5 13 1 8 10 5
5 4 14 10 5 16
5 4 14 8 10 16
5 4 14 8 10 5
5 4 13 10 5 16
5 4 8 10 24 16
5 4 13 8 10 5
5 4 13 12 8 10
5 4 13 5 2 16
5 4 13 12 2 16
5 4 13 12 5 2
5 4 14 8 24 16
5 4 8 10 24 25
5 4 12 8 10 25
5 4 12 20 2 16
5 4 12 5 20 2
5 4 14 20 2 16
5 4 14 5 2 16
5 4 14 5 20 2
5 4 14 0 20 16
5 4 14 5 20 18
5 4 14 0 24 16
5 4 20 24 16 25
5 4 0 20 24 16
5 4 14 0 20 18
5 19 5 22 2 3
5 19 15 1 5 3
5 19 14 5 22 3
5 19 14 15 22 3
5 19 14 15 5 3
5 19 14 15 5 22
5 19 15 1 8 5
5 19 15 22 7 3
5 19 15 17 7 3
5 19 15 1 8 17
5 19 13 1 5 22
5 19 15 5 22 18
5 19 1 8 17 25
5 19 15 22 18 7
5 19 15 17 18 7
5 9 17 11 6 7
5 9 15 17 6 7
5 9 15 17 11 6
5 9 14 15 11 6
5 9 17 11 18 7
5 9 15 17 18 7
5 9 15 6 18 7
5 9 14 15 6 18
5 9 0 17 11 18
5 9 15 0 17 18
5 9 15 0 17 11
5 9 23 11 18 7
5 9 23 11 6 7
5 9 14 23 11 6
5 9 14 15 0 18
5 9 14 15 0 11
5 9 6 20 18 7
5 9 23 20 18 7
5 9 23 6 20 7
5 9 14 6 20 18
5 9 14 23 6 20
5 9 23 0 11 18
5 9 14 23 0 11
5 9 23 0 20 18
5 9 14 0 20 18
5 9 14 23 0 20
5 21 13 12 5 22
5 21 4 13 8 5
5 21 4 13 12 5
5 21 4 13 12 8
5 21 14 8 5 18
5 21 4 14 5 18
5 21 4 14 8 5
5 21 4 5 20 18
5 21 4 12 5 20
5 21 15 8 5 18
5 21 19 15 5 18
5 21 19 15 8 5
5 21 19 5 22 18
5 21 19 13 5 22
5 21 13 1 8 5
5 21 19 1 8 5
5 21 19 13 1 5
5 21 5 20 22 18
5 21 12 5 20 22
5 21 13 12 22 25
5 21 12 8 10 25
5 21 13 12 10 25
5 21 13 12 8 10
5 21 14 8 0 18
5 21 4 14 0 18
5 21 4 12 20 25
5 21 8 0 24 18
5 21 4 8 24 25
5 21 4 12 8 25
5 21 15 8 17 18
5 21 19 15 17 18
5 21 19 15 8 17
5 21 19 13 22 25
5 21 19 8 17 25
5 21 19 1 8 25
5 21 19 13 1 25
5 21 20 22 18 7
5 21 17 24 18 25
5 21 8 17 24 25
5 21 8 17 24 18
5 21 1 8 10 25
5 21 13 1 10 25
5 21 13 1 8 10
5 21 14 8 0 24
5 21 4 14 0 24
5 21 4 14 8 24
5 21 20 18 7 25
5 21 20 24 18 25
5 21 4 20 24 25
5 21 0 20 24 18
5 21 4 0 20 18
5 21 4 0 20 24
5 21 19 22 7 25
5 21 19 22 18 7
5 21 17 18 7 25
5 21 19 17 7 25
5 21 19 17 18 7
5 21 20 22 7 25
5 21 12 20 22 25
