327
5 5 25 10 0 15
5 5 30 10 0 15
5 5 30 25 0 15
5 8 11 2 20 1
5 8 26 11 30 2
5 8 11 5 20 1
5 8 26 11 30 22
5 17 26 30 22 15
5 17 26 6 22 15
5 17 8 26 30 22
5 17 8 26 11 22
5 31 5 25 10 0
5 31 8 25 0 1
5 31 8 5 25 1
5 31 5 30 0 1
5 31 8 30 0 1
5 31 8 5 30 1
5 31 5 30 25 0
5 31 8 30 25 0
5 31 8 5 30 25
5 3 8 5 25 1
5 3 31 5 25 1
5 14 31 10 0 1
5 14 31 29 0 1
5 14 23 10 9 15
5 14 6 10 9 15
5 14 25 10 0 15
5 19 26 6 22 9
5 19 5 10 20 1
5 7 14 8 2 0
5 7 30 25 0 15
5 7 14 23 9 15
5 7 14 10 0 15
5 7 14 6 9 15
5 7 14 25 0 15
5 7 14 6 25 15
5 18 19 5 10 20
5 18 19 5 22 20
5 18 17 6 22 15
5 18 6 10 9 15
5 18 17 6 25 15
5 18 19 6 22 9
5 18 26 6 9 15
5 18 26 6 22 15
5 18 26 6 22 9
5 18 19 26 22 9
5 18 6 23 10 9
5 18 19 23 10 9
5 18 19 6 23 9
5 18 19 6 23 10
5 21 8 2 20 1
5 21 8 11 2 20
5 21 8 5 20 1
5 21 3 8 5 1
5 21 3 31 29 1
5 21 3 31 5 1
5 21 3 31 5 29
5 27 19 26 6 9
5 27 19 6 23 9
5 27 19 14 23 2
5 27 7 14 23 2
5 27 26 6 9 15
5 27 7 6 9 15
5 27 7 26 9 15
5 27 14 6 23 9
5 27 7 14 23 9
5 27 7 14 6 9
5 27 19 14 6 23
5 27 8 26 11 2
5 27 19 26 11 22
5 27 19 26 6 22
5 27 17 8 26 11
5 27 17 26 11 22
5 27 17 26 6 22
5 27 17 26 6 15
5 27 7 26 30 15
5 4 18 5 22 20
5 4 11 5 22 20
5 4 3 8 5 25
5 4 17 8 11 22
5 4 21 3 8 5
5 4 8 5 30 25
5 4 17 8 30 25
5 4 5 30 25 15
5 4 17 30 25 15
5 4 5 25 10 15
5 4 18 25 10 15
5 4 31 5 25 10
5 4 8 11 5 20
5 4 21 8 5 20
5 4 21 8 11 20
5 4 8 11 30 22
5 4 17 8 30 22
5 16 18 19 10 20
5 16 18 19 6 10
5 16 21 3 5 29
5 16 3 31 5 29
5 16 19 10 20 1
5 16 19 6 23 10
5 16 21 5 20 1
5 16 18 5 10 20
5 16 18 31 5 10
5 16 19 23 10 1
5 16 21 31 29 1
5 16 21 31 5 1
5 16 21 31 5 29
5 16 5 10 20 1
5 16 31 5 10 1
5 28 21 8 11 2
5 28 27 8 11 2
5 28 4 17 8 25
5 28 4 3 8 25
5 28 4 21 3 8
5 28 27 17 8 11
5 28 27 7 8 2
5 28 7 14 6 25
5 28 17 6 25 15
5 28 27 17 6 15
5 28 17 8 30 25
5 28 7 6 25 15
5 28 27 7 6 15
5 28 27 7 8 30
5 28 7 14 25 0
5 28 8 30 25 0
5 28 7 30 25 0
5 28 7 8 30 0
5 28 8 25 0 1
5 28 3 8 25 1
5 28 17 30 25 15
5 28 17 8 26 30
5 28 27 8 26 30
5 28 27 17 8 26
5 28 7 30 25 15
5 28 27 7 30 15
5 28 21 29 0 1
5 28 21 8 0 1
5 28 21 3 29 1
5 28 21 3 8 1
5 28 17 26 30 15
5 28 27 26 30 15
5 28 27 17 26 15
5 28 31 25 0 1
5 28 31 29 0 1
5 28 31 29 25 0
5 28 3 31 25 1
5 28 3 31 29 1
5 28 3 31 29 25
5 32 4 18 17 22
5 32 28 4 17 25
5 32 28 4 3 25
5 32 18 17 25 15
5 32 4 17 25 15
5 32 4 18 25 15
5 32 4 18 17 15
5 32 28 16 3 25
5 32 18 17 6 25
5 32 16 18 31 10
5 32 16 3 31 5
5 32 16 18 31 5
5 32 16 4 18 5
5 32 3 31 5 25
5 32 4 31 5 25
5 32 4 3 5 25
5 32 4 31 25 10
5 32 4 18 25 10
5 32 28 17 6 25
5 32 28 16 6 25
5 32 16 31 29 10
5 32 16 3 31 29
5 32 18 31 5 10
5 32 4 31 5 10
5 32 4 18 5 10
5 32 31 29 25 10
5 32 3 31 29 25
5 12 16 19 6 23
5 12 28 14 6 25
5 12 28 16 6 25
5 12 14 23 10 1
5 12 16 23 10 1
5 12 16 6 23 10
5 12 14 31 10 1
5 12 14 31 29 1
5 12 16 31 10 1
5 12 16 31 29 1
5 12 16 31 29 10
5 12 28 29 25 0
5 12 28 14 25 0
5 12 28 3 29 25
5 12 28 16 3 25
5 12 28 16 3 29
5 12 6 23 10 9
5 12 14 23 10 9
5 12 14 6 10 9
5 12 14 6 23 9
5 12 31 29 25 10
5 12 32 29 25 10
5 12 32 16 29 10
5 12 31 29 25 0
5 12 14 31 29 0
5 12 32 3 29 25
5 12 32 16 3 25
5 12 32 16 3 29
5 12 16 18 6 10
5 12 31 25 10 0
5 12 14 25 10 0
5 12 14 31 10 0
5 12 32 18 25 10
5 12 32 16 18 10
5 12 14 25 10 15
5 12 18 25 10 15
5 12 14 6 10 15
5 12 18 6 10 15
5 12 14 6 25 15
5 12 18 6 25 15
5 12 32 18 6 25
5 12 32 16 6 25
5 12 32 16 18 6
5 24 18 17 6 22
5 24 32 18 17 22
5 24 32 18 17 6
5 24 32 16 18 6
5 24 32 28 17 6
5 24 32 28 16 6
5 24 18 19 6 22
5 24 16 18 19 6
5 24 4 17 11 22
5 24 32 4 17 22
5 24 18 19 22 20
5 24 16 18 19 20
5 24 4 18 22 20
5 24 32 4 18 22
5 24 32 16 4 18
5 24 27 17 11 22
5 24 27 17 6 22
5 24 28 27 17 11
5 24 28 27 17 6
5 24 4 11 22 20
5 24 32 28 4 17
5 24 19 11 22 20
5 24 27 19 11 22
5 24 27 19 6 22
5 24 4 18 5 20
5 24 16 18 5 20
5 24 16 4 18 5
5 24 28 27 11 2
5 24 28 27 6 2
5 24 28 21 11 2
5 24 4 21 11 20
5 24 4 17 8 11
5 24 28 17 8 11
5 24 28 4 17 8
5 24 19 11 2 20
5 24 21 11 2 20
5 24 28 16 21 3
5 24 32 28 16 3
5 24 27 19 11 2
5 24 27 19 6 2
5 24 4 21 5 20
5 24 16 21 5 20
5 24 32 16 4 5
5 24 4 21 8 11
5 24 28 21 8 11
5 24 28 4 21 8
5 24 28 4 21 3
5 24 32 28 4 3
5 24 16 21 3 5
5 24 32 16 3 5
5 24 4 21 3 5
5 24 32 4 3 5
5 13 12 28 16 29
5 13 16 21 3 29
5 13 28 21 3 29
5 13 28 16 3 29
5 13 28 16 21 3
5 13 16 21 20 1
5 13 16 21 29 1
5 13 12 16 29 1
5 13 28 21 29 0
5 13 12 14 29 1
5 13 12 14 29 0
5 13 12 28 29 0
5 13 12 28 14 0
5 13 24 28 21 2
5 13 24 28 16 21
5 13 12 28 16 6
5 13 12 16 23 1
5 13 24 21 2 20
5 13 24 16 21 20
5 13 14 29 0 1
5 13 21 29 0 1
5 13 28 21 8 0
5 13 28 21 8 2
5 13 12 28 14 6
5 13 24 28 6 2
5 13 24 28 16 6
5 13 12 16 19 6
5 13 21 2 20 1
5 13 12 14 23 1
5 13 19 23 20 1
5 13 16 19 20 1
5 13 16 19 23 1
5 13 12 16 19 23
5 13 24 19 2 20
5 13 24 16 19 20
5 13 14 8 2 0
5 13 7 14 8 0
5 13 28 7 8 0
5 13 28 7 14 0
5 13 7 14 8 2
5 13 28 7 8 2
5 13 28 27 6 2
5 13 24 19 6 2
5 13 24 16 19 6
5 13 19 14 23 2
5 13 21 8 0 1
5 13 21 8 2 1
5 13 27 7 14 2
5 13 28 27 7 2
5 13 27 19 6 2
5 13 27 19 14 2
5 13 27 19 14 6
5 13 27 7 14 6
5 13 28 7 14 6
5 13 28 27 7 6
5 13 19 14 6 23
5 13 12 14 6 23
5 13 12 19 6 23
