108
5 9 17 18 5 15
5 7 6 17 5 15
5 7 9 17 5 15
5 7 6 4 14 5
5 7 9 2 14 15
5 1 6 4 0 3
5 1 7 2 14 15
5 1 7 6 17 15
5 1 7 6 4 14
5 1 7 9 2 15
5 1 7 9 2 14
5 1 7 9 17 15
5 1 9 2 18 15
5 1 17 0 18 15
5 1 9 17 18 15
5 11 17 18 5 3
5 8 1 0 18 15
5 8 1 2 18 15
5 8 1 2 0 15
5 8 2 4 0 3
5 8 11 4 0 3
5 8 1 17 0 18
5 8 11 1 17 0
5 8 1 9 2 18
5 8 1 2 4 0
5 8 1 9 17 18
5 8 11 9 17 18
5 8 11 1 9 17
5 13 1 7 6 4
5 13 7 6 4 5
5 13 1 7 4 14
5 13 7 4 14 5
5 13 7 9 14 5
5 10 7 6 17 5
5 10 7 9 17 5
5 10 11 17 5 3
5 10 13 7 6 5
5 10 1 7 6 17
5 10 1 7 9 17
5 10 6 17 0 3
5 10 11 17 0 3
5 10 1 6 17 0
5 10 11 1 17 0
5 10 6 4 5 3
5 10 13 4 5 3
5 10 13 6 4 5
5 10 6 4 0 3
5 10 11 4 0 3
5 12 8 1 9 2
5 12 1 9 2 14
5 12 8 9 2 18
5 12 8 1 2 4
5 12 1 7 9 14
5 12 13 7 9 14
5 12 13 1 7 14
5 12 1 2 4 14
5 12 13 2 4 14
5 12 13 1 4 14
5 12 13 9 14 5
5 16 8 2 18 3
5 16 8 11 18 3
5 16 12 13 2 3
5 16 11 18 5 3
5 16 12 8 2 18
5 16 10 11 5 3
5 16 10 13 5 3
5 16 8 2 4 3
5 16 13 2 4 3
5 16 8 11 4 3
5 16 8 11 9 18
5 16 12 8 9 18
5 16 12 13 9 5
5 16 10 11 4 3
5 16 10 13 4 3
5 16 9 17 18 5
5 16 11 17 18 5
5 16 11 9 17 18
5 16 12 8 2 4
5 16 12 13 2 4
5 16 8 11 4 0
5 16 8 11 1 9
5 16 12 8 1 9
5 16 10 11 4 0
5 16 10 9 17 5
5 16 10 11 17 5
5 16 13 7 9 5
5 16 10 7 9 5
5 16 10 13 7 5
5 16 12 8 1 4
5 16 12 13 1 4
5 16 8 1 4 0
5 16 8 11 1 0
5 16 12 13 7 9
5 16 10 11 1 0
5 16 11 1 9 17
5 16 10 1 9 17
5 16 10 11 1 17
5 16 12 13 1 7
5 16 10 1 7 9
5 16 12 1 7 9
5 16 1 6 4 0
5 16 10 6 4 0
5 16 10 1 6 0
5 16 13 1 6 4
5 16 10 13 6 4
5 16 13 1 7 6
5 16 10 1 7 6
5 16 10 13 7 6
