214
5 5 13 1 2 17
5 5 13 1 7 17
5 5 13 1 7 14
5 22 13 21 6 14
5 22 13 21 2 6
5 22 13 3 2 6
5 22 5 21 7 14
5 22 5 13 7 14
5 22 5 13 21 14
5 22 5 13 21 2
5 22 5 13 2 17
5 0 5 1 2 17
5 0 5 3 2 17
5 25 22 5 21 7
5 25 22 5 3 7
5 25 22 5 21 2
5 25 22 21 2 6
5 25 22 3 2 6
5 25 22 3 21 6
5 25 22 5 2 17
5 11 25 5 3 7
5 11 0 5 3 2
5 11 25 5 3 2
5 11 25 0 3 2
5 11 19 0 3 10
5 11 19 4 0 10
5 15 5 21 7 14
5 8 22 21 6 14
5 8 11 19 3 10
5 8 11 19 3 7
5 23 11 25 0 2
5 23 0 3 2 10
5 23 25 0 3 2
5 23 11 4 0 10
5 23 11 0 3 10
5 23 11 25 3 10
5 23 11 25 0 3
5 23 3 2 6 10
5 23 25 3 6 10
5 23 25 3 2 6
5 23 11 0 5 2
5 23 11 4 0 5
5 23 25 5 21 2
5 23 11 25 5 2
5 23 11 25 5 21
5 23 15 11 4 5
5 23 15 11 5 21
5 9 4 0 5 1
5 9 5 1 7 14
5 9 15 5 7 14
5 9 15 5 1 14
5 9 5 1 7 17
5 9 0 5 7 17
5 9 0 5 1 17
5 9 19 4 0 1
5 9 11 0 5 7
5 9 11 4 5 7
5 9 11 4 0 5
5 9 8 1 7 14
5 9 8 15 7 14
5 9 15 19 4 14
5 9 19 0 1 17
5 9 11 19 0 7
5 9 11 19 4 7
5 9 11 19 4 0
5 9 8 19 1 14
5 9 8 15 19 14
5 18 8 19 6 10
5 18 8 19 6 14
5 18 11 19 4 10
5 18 8 11 19 10
5 18 15 19 4 14
5 18 23 11 4 10
5 18 23 15 11 4
5 18 8 3 6 10
5 18 8 11 3 10
5 18 23 15 11 21
5 18 23 25 6 10
5 18 23 25 21 6
5 18 25 3 6 10
5 18 11 25 3 10
5 18 23 11 25 10
5 18 23 11 25 21
5 18 25 3 21 6
5 18 8 22 3 6
5 24 22 13 3 6
5 24 8 3 6 10
5 24 8 19 6 10
5 24 8 19 3 10
5 24 13 3 2 17
5 24 13 3 2 6
5 24 0 3 2 17
5 24 19 0 3 10
5 16 9 19 4 7
5 16 9 15 19 4
5 16 9 8 19 7
5 16 9 8 15 7
5 16 9 8 15 19
5 16 18 15 19 4
5 16 9 4 5 7
5 16 9 15 5 7
5 16 9 15 4 5
5 16 11 19 4 7
5 16 18 11 19 4
5 16 8 11 19 7
5 16 18 8 11 19
5 16 18 15 11 4
5 16 8 15 19 14
5 16 18 15 19 14
5 16 18 8 19 14
5 16 11 4 5 7
5 16 15 11 4 5
5 16 18 15 11 21
5 16 15 21 7 14
5 16 8 15 7 14
5 16 18 15 21 14
5 16 15 5 21 7
5 16 15 11 5 21
5 16 22 21 7 14
5 16 8 22 7 14
5 16 8 22 21 14
5 16 8 21 6 14
5 16 18 21 6 14
5 16 18 8 6 14
5 16 25 5 21 7
5 16 11 25 5 7
5 16 11 25 5 21
5 16 25 22 21 7
5 16 8 22 3 7
5 16 8 11 3 7
5 16 18 11 25 21
5 16 8 22 21 6
5 16 18 8 22 6
5 16 18 8 22 3
5 16 18 8 11 3
5 16 25 22 3 7
5 16 11 25 3 7
5 16 25 22 3 21
5 16 18 25 3 21
5 16 18 11 25 3
5 16 22 3 21 6
5 16 18 3 21 6
5 16 18 22 3 6
5 20 24 19 13 6
5 20 24 8 19 6
5 20 19 13 6 14
5 20 8 19 6 14
5 20 24 22 13 6
5 20 22 13 6 14
5 20 8 22 6 14
5 20 19 13 1 14
5 20 8 19 1 14
5 20 8 22 3 6
5 20 24 22 3 6
5 20 24 8 3 6
5 20 22 13 7 14
5 20 8 22 7 14
5 20 13 1 7 14
5 20 8 1 7 14
5 20 8 22 3 7
5 20 9 8 1 7
5 20 9 8 19 1
5 12 20 22 13 7
5 12 20 24 22 13
5 12 20 13 1 7
5 12 20 22 3 7
5 12 20 24 22 3
5 12 5 13 7 17
5 12 22 5 13 17
5 12 22 5 13 7
5 12 13 1 7 17
5 12 24 13 3 17
5 12 24 22 13 3
5 12 20 19 13 1
5 12 20 24 19 13
5 12 20 8 3 7
5 12 20 24 8 3
5 12 22 5 3 7
5 12 19 13 1 17
5 12 24 19 13 17
5 12 24 0 3 17
5 12 13 3 2 17
5 12 22 13 2 17
5 12 22 13 3 2
5 12 20 9 1 7
5 12 20 9 19 1
5 12 20 24 8 19
5 12 8 19 3 7
5 12 24 8 19 3
5 12 11 5 3 7
5 12 25 22 5 17
5 12 25 22 5 3
5 12 9 1 7 17
5 12 9 19 1 17
5 12 24 19 0 17
5 12 25 22 2 17
5 12 25 22 3 2
5 12 9 8 19 7
5 12 20 9 8 7
5 12 20 9 8 19
5 12 11 19 3 7
5 12 0 5 7 17
5 12 11 0 5 7
5 12 0 5 3 17
5 12 11 0 5 3
5 12 5 3 2 17
5 12 25 5 2 17
5 12 25 5 3 2
5 12 9 0 7 17
5 12 9 19 0 17
5 12 9 19 0 7
5 12 11 19 0 7
5 12 11 19 0 3
5 12 24 19 0 3
