321
5 1 11 10 24 25
5 29 1 11 24 25
5 14 11 10 24 25
5 21 19 10 12 18
5 13 14 15 10 18
5 13 14 15 10 25
5 7 20 22 6 5
5 7 19 22 5 26
5 7 29 1 5 26
5 7 29 1 11 26
5 7 29 1 11 5
5 7 20 29 22 5
5 7 29 22 5 26
5 3 7 20 6 5
5 3 7 19 5 26
5 3 19 22 5 26
5 3 7 22 6 5
5 3 7 19 22 5
5 3 7 19 22 6
5 23 14 15 10 25
5 23 14 11 10 25
5 23 13 14 15 25
5 23 13 14 11 25
5 23 13 14 11 15
5 23 1 11 10 25
5 23 14 15 10 18
5 23 13 15 10 25
5 23 13 1 11 25
5 23 7 13 1 11
5 23 7 13 1 26
5 17 14 11 10 24
5 17 1 11 10 24
5 17 14 10 24 18
5 17 23 14 11 10
5 17 23 21 14 11
5 17 10 24 12 18
5 17 21 10 12 18
5 17 23 14 10 18
5 17 23 21 10 18
5 17 23 21 14 18
5 17 31 14 11 18
5 17 21 29 11 24
5 17 7 21 29 11
5 30 21 19 22 12
5 30 7 19 22 26
5 30 7 21 19 26
5 30 7 21 19 22
5 30 7 29 22 26
5 30 7 21 29 22
5 30 29 22 24 12
5 30 29 1 11 26
5 30 29 1 11 24
5 30 21 29 11 24
5 30 17 22 24 12
5 30 17 21 22 12
5 30 17 1 11 24
5 30 17 21 11 24
5 30 7 29 11 26
5 30 7 21 29 11
5 30 17 29 22 24
5 30 17 21 29 24
5 30 17 21 29 22
5 9 17 31 14 18
5 16 3 7 19 6
5 16 19 6 12 18
5 2 7 1 11 26
5 2 23 7 1 26
5 2 23 7 1 11
5 2 23 7 21 11
5 2 30 1 11 26
5 2 23 1 10 26
5 2 23 1 11 10
5 2 30 7 11 26
5 2 30 7 21 26
5 2 30 7 21 11
5 2 7 21 19 26
5 2 30 17 1 11
5 2 30 17 21 11
5 2 23 19 10 26
5 2 17 1 11 10
5 2 17 23 11 10
5 2 17 23 21 10
5 2 17 23 21 11
5 2 30 21 19 26
5 2 21 19 10 18
5 2 21 19 10 12
5 2 30 21 19 12
5 2 17 1 10 24
5 2 30 17 1 24
5 2 17 21 10 12
5 2 30 17 21 12
5 2 17 10 24 12
5 2 30 10 24 12
5 2 30 17 24 12
5 0 31 14 11 18
5 0 23 21 14 18
5 0 23 21 14 11
5 0 23 7 21 11
5 0 23 14 15 18
5 0 31 14 15 18
5 0 17 14 11 18
5 0 17 21 14 18
5 0 17 21 14 11
5 0 17 31 11 18
5 0 2 21 19 18
5 0 2 7 21 19
5 0 2 23 7 21
5 0 23 15 10 18
5 0 16 31 15 18
5 0 2 19 10 18
5 0 2 23 19 10
5 0 23 21 10 18
5 0 2 21 10 18
5 0 2 23 21 10
5 0 2 7 19 26
5 0 2 23 19 26
5 0 2 23 7 26
5 0 16 15 10 18
5 0 16 19 10 18
5 0 23 3 15 10
5 0 23 3 19 10
5 0 16 3 7 19
5 0 3 7 19 26
5 0 23 3 19 26
5 0 16 31 3 15
5 0 16 3 15 10
5 0 16 3 19 10
5 0 3 7 13 26
5 0 23 7 13 26
5 0 23 7 13 15
5 0 23 3 13 26
5 0 23 3 13 15
5 27 17 22 24 12
5 27 17 29 22 24
5 27 17 24 12 18
5 27 17 29 11 24
5 27 17 21 29 22
5 27 17 14 24 18
5 27 9 17 14 18
5 27 17 21 22 12
5 27 9 29 24 5
5 27 17 14 11 24
5 27 17 7 29 11
5 27 17 7 21 29
5 27 9 17 31 14
5 27 7 20 29 22
5 27 7 21 29 22
5 27 9 20 29 5
5 4 16 31 3 15
5 4 31 13 14 15
5 4 16 3 15 18
5 4 16 31 15 18
5 4 13 15 10 18
5 4 13 14 15 18
5 4 31 14 15 18
5 4 9 31 14 18
5 4 13 14 24 25
5 4 27 9 31 14
5 4 13 14 10 18
5 4 13 14 10 25
5 4 27 14 24 18
5 4 27 9 14 18
5 8 27 7 20 22
5 8 27 7 21 22
5 8 0 16 31 18
5 8 9 17 31 18
5 8 7 20 22 6
5 8 9 20 22 6
5 8 27 9 20 22
5 8 27 9 17 18
5 8 0 7 21 19
5 8 0 16 7 19
5 8 4 31 3 20
5 8 4 16 31 3
5 8 4 9 20 6
5 8 4 9 31 18
5 8 4 16 31 18
5 8 7 19 22 6
5 8 7 21 19 22
5 8 17 21 12 18
5 8 27 17 12 18
5 8 27 17 21 12
5 8 3 7 20 6
5 8 16 3 7 6
5 8 16 7 19 6
5 8 0 21 19 18
5 8 0 16 19 18
5 8 4 3 20 6
5 8 4 16 3 6
5 8 4 9 6 18
5 8 4 16 6 18
5 8 19 22 6 12
5 8 21 19 22 12
5 8 27 21 22 12
5 8 16 6 12 18
5 8 9 6 12 18
5 8 9 22 6 12
5 8 27 9 12 18
5 8 27 9 22 12
5 8 16 19 6 12
5 8 21 19 12 18
5 8 16 19 12 18
5 32 27 29 24 5
5 32 27 29 11 24
5 32 13 29 24 5
5 32 7 29 11 5
5 32 13 29 5 25
5 32 29 11 24 25
5 32 13 29 24 25
5 32 27 9 24 5
5 32 4 9 24 5
5 32 4 27 9 24
5 32 27 14 11 24
5 32 4 27 14 24
5 32 4 13 14 24
5 32 29 1 5 25
5 32 29 1 11 25
5 32 29 1 11 5
5 32 13 1 5 25
5 32 13 1 11 25
5 32 14 11 24 25
5 32 13 14 24 25
5 32 13 14 11 25
5 32 4 27 9 31
5 32 4 27 31 14
5 32 4 31 13 15
5 32 4 31 13 14
5 32 7 1 11 5
5 32 4 9 20 5
5 32 27 9 20 5
5 32 4 3 13 5
5 32 4 3 13 15
5 32 4 31 3 15
5 32 13 1 5 26
5 32 7 1 5 26
5 32 7 13 1 26
5 32 4 3 20 5
5 32 4 31 3 20
5 32 8 4 31 20
5 32 8 4 9 20
5 32 8 4 9 31
5 32 3 13 5 26
5 32 3 7 5 26
5 32 3 7 13 26
5 32 8 31 3 20
5 28 17 31 14 11
5 28 27 17 14 11
5 28 27 17 31 14
5 28 32 27 14 11
5 28 32 27 31 14
5 28 32 13 14 11
5 28 32 31 13 14
5 28 27 17 7 11
5 28 13 14 11 15
5 28 31 13 14 15
5 28 32 31 13 15
5 28 0 17 31 11
5 28 27 7 29 11
5 28 32 7 29 11
5 28 32 27 29 11
5 28 27 9 17 31
5 28 8 9 17 31
5 28 8 27 9 17
5 28 32 27 9 31
5 28 32 8 9 31
5 28 0 31 14 15
5 28 0 31 14 11
5 28 17 7 21 11
5 28 0 7 21 11
5 28 0 17 21 11
5 28 32 7 29 5
5 28 32 27 29 5
5 28 27 17 7 21
5 28 8 27 7 21
5 28 8 27 17 21
5 28 8 27 7 20
5 28 8 27 9 20
5 28 32 27 9 20
5 28 32 8 9 20
5 28 23 14 11 15
5 28 0 23 14 15
5 28 0 23 14 11
5 28 23 13 11 15
5 28 23 7 13 15
5 28 23 7 13 11
5 28 0 7 13 15
5 28 7 13 1 11
5 28 32 13 1 11
5 28 32 7 1 11
5 28 32 7 13 1
5 28 0 23 7 15
5 28 0 23 7 11
5 28 8 0 7 21
5 28 0 17 31 18
5 28 8 17 31 18
5 28 8 0 31 18
5 28 0 31 3 15
5 28 32 31 3 15
5 28 32 8 31 3
5 28 7 20 29 5
5 28 27 20 29 5
5 28 27 7 20 29
5 28 32 27 20 5
5 28 8 3 7 20
5 28 32 8 3 20
5 28 0 3 13 15
5 28 32 3 13 15
5 28 0 3 7 13
5 28 32 3 7 13
5 28 0 17 21 18
5 28 8 17 21 18
5 28 8 0 21 18
5 28 0 16 3 7
5 28 8 16 3 7
5 28 8 0 16 7
5 28 0 16 31 3
5 28 8 16 31 3
5 28 8 0 16 31
5 28 3 7 20 5
5 28 32 3 20 5
5 28 32 3 7 5
