310
5 32 3 7 20 1
5 19 3 20 24 1
5 19 32 20 24 1
5 19 32 3 20 1
5 18 3 7 20 1
5 18 32 7 20 1
5 18 3 20 24 1
5 18 32 20 24 1
5 18 19 32 24 1
5 18 19 32 20 24
5 2 18 19 24 1
5 11 10 27 8 28
5 23 4 25 7 0
5 23 25 32 7 0
5 23 18 32 7 20
5 23 19 32 20 0
5 23 25 19 32 0
5 23 32 3 7 20
5 23 25 3 7 20
5 23 25 32 3 7
5 23 19 32 3 20
5 23 25 19 32 3
5 23 19 3 20 24
5 16 10 27 8 22
5 16 23 4 25 7
5 5 16 18 7 20
5 15 18 32 7 1
5 15 2 18 1 28
5 15 18 19 32 1
5 15 2 19 32 1
5 15 2 18 19 1
5 15 7 1 22 28
5 15 3 7 1 22
5 15 18 3 7 22
5 15 18 3 7 1
5 15 5 16 18 7
5 15 10 7 22 28
5 15 5 10 22 28
5 15 16 10 7 22
5 15 5 16 7 22
5 15 5 16 10 22
5 15 16 18 7 20
5 9 10 27 22 28
5 9 5 10 22 28
5 9 5 10 27 22
5 9 11 10 27 28
5 9 5 11 10 28
5 9 5 11 10 27
5 9 15 1 22 28
5 9 15 18 1 28
5 9 18 3 24 1
5 9 15 3 1 22
5 9 15 18 3 22
5 9 15 18 3 1
5 9 15 5 22 28
5 9 15 5 18 28
5 9 15 5 18 22
5 9 2 18 1 28
5 9 2 18 24 1
5 13 9 11 2 28
5 13 9 11 2 24
5 12 23 3 20 24
5 12 23 25 3 24
5 12 23 25 3 20
5 12 23 25 19 0
5 12 23 19 20 0
5 12 23 19 20 24
5 21 15 16 10 7
5 21 16 23 4 7
5 21 15 5 16 10
5 21 23 4 7 0
5 21 4 32 7 0
5 21 23 32 7 0
5 30 23 18 7 20
5 30 15 18 7 20
5 30 16 23 7 20
5 30 15 16 7 20
5 30 23 18 32 20
5 30 23 18 32 7
5 30 15 18 32 7
5 30 21 16 23 7
5 30 21 15 16 7
5 30 21 23 32 7
5 30 21 15 32 7
5 30 21 15 5 16
5 30 23 32 20 0
5 30 21 23 32 0
5 30 5 16 18 20
5 30 15 16 18 20
5 30 15 5 16 18
5 30 19 32 20 0
5 30 18 19 32 20
5 30 13 23 20 0
5 30 21 19 32 0
5 30 15 18 19 32
5 30 15 2 18 19
5 30 15 2 18 28
5 30 15 5 18 28
5 30 15 5 10 28
5 30 21 15 5 10
5 30 2 18 19 24
5 30 9 2 18 28
5 30 9 5 18 28
5 30 9 2 18 24
5 30 9 5 11 28
5 30 13 5 11 28
5 26 9 27 3 22
5 26 9 11 27 3
5 26 9 5 27 22
5 26 9 5 11 27
5 26 12 11 3 20
5 26 12 25 3 20
5 26 12 5 11 20
5 26 9 18 3 22
5 26 9 5 18 22
5 26 9 18 3 20
5 26 9 5 18 20
5 26 25 3 7 22
5 26 25 3 7 20
5 26 16 10 27 22
5 26 5 10 27 22
5 26 5 16 10 22
5 26 18 3 7 22
5 26 18 3 7 20
5 26 5 18 7 20
5 26 23 25 7 20
5 26 12 23 25 20
5 26 12 16 23 20
5 26 12 16 23 25
5 26 5 16 7 22
5 26 5 16 7 20
5 26 15 18 7 22
5 26 15 5 7 22
5 26 15 5 18 22
5 26 15 5 18 7
5 26 16 23 7 20
5 26 16 25 7 22
5 26 16 23 25 7
5 29 30 13 19 0
5 29 30 21 19 0
5 29 13 2 19 24
5 29 30 2 19 24
5 29 30 13 19 24
5 29 30 13 2 24
5 29 30 21 19 32
5 29 15 2 19 32
5 29 30 15 19 32
5 29 30 15 2 19
5 29 21 15 2 32
5 29 30 21 15 32
5 29 30 13 2 28
5 29 21 2 8 28
5 29 21 15 2 28
5 29 30 15 2 28
5 29 13 11 2 28
5 29 30 13 5 28
5 29 21 10 8 28
5 29 21 15 10 28
5 29 30 15 10 28
5 29 30 21 15 10
5 29 13 5 11 28
5 29 30 5 10 28
5 17 13 9 11 24
5 17 30 9 5 18
5 17 30 9 5 11
5 17 30 13 5 11
5 17 30 9 18 24
5 17 13 9 11 28
5 17 30 9 11 28
5 17 30 13 11 28
5 17 9 5 18 20
5 17 30 5 18 20
5 17 30 18 19 24
5 17 30 13 19 24
5 17 13 9 2 24
5 17 30 9 2 24
5 17 30 13 2 24
5 17 13 9 2 28
5 17 30 9 2 28
5 17 30 13 2 28
5 17 18 3 20 24
5 17 9 18 3 24
5 17 9 18 3 20
5 17 9 11 3 24
5 17 18 19 20 24
5 17 12 13 11 24
5 17 26 5 11 20
5 17 26 9 5 20
5 17 26 9 5 11
5 17 12 5 11 20
5 17 30 18 19 20
5 17 12 3 20 24
5 17 12 11 3 24
5 17 12 11 3 20
5 17 26 11 3 20
5 17 26 9 3 20
5 17 26 9 11 3
5 17 12 19 20 24
5 17 12 13 19 24
5 17 30 19 20 0
5 17 30 13 20 0
5 17 30 13 19 0
5 17 12 19 20 0
5 17 12 13 19 0
5 17 13 23 20 0
5 17 12 23 20 0
5 17 12 13 23 0
5 14 21 16 10 8
5 14 12 13 23 0
5 14 16 4 25 8
5 14 21 16 4 8
5 14 29 21 8 0
5 14 30 13 23 0
5 14 30 13 23 20
5 14 17 13 23 20
5 14 17 12 23 20
5 14 17 12 13 23
5 14 16 23 4 25
5 14 12 16 23 25
5 14 21 23 4 0
5 14 21 16 23 4
5 14 29 30 13 0
5 14 29 30 21 0
5 14 30 21 23 0
5 14 30 21 16 23
5 14 23 4 25 0
5 14 12 23 25 0
5 6 14 26 12 16
5 6 26 5 16 20
5 6 26 12 16 20
5 6 26 12 5 20
5 6 26 5 16 10
5 6 30 5 16 20
5 6 12 16 23 20
5 6 14 12 23 20
5 6 14 12 16 23
5 6 17 12 5 20
5 6 14 17 12 20
5 6 21 5 16 10
5 6 14 21 16 10
5 6 14 16 10 8
5 6 26 5 10 27
5 6 30 16 23 20
5 6 14 30 23 20
5 6 14 30 16 23
5 6 17 30 5 20
5 6 30 21 5 16
5 6 14 30 21 16
5 6 14 17 12 13
5 6 14 12 11 8
5 6 14 12 13 11
5 6 17 30 13 20
5 6 14 30 13 20
5 6 14 17 13 20
5 6 17 30 13 5
5 6 14 29 30 21
5 6 17 13 5 11
5 6 17 12 5 11
5 6 17 12 13 11
5 6 30 21 5 10
5 6 29 30 5 10
5 6 29 30 21 10
5 6 29 21 10 8
5 6 14 21 10 8
5 6 14 29 21 8
5 6 11 10 27 8
5 6 5 11 10 27
5 6 14 13 11 8
5 6 29 30 13 5
5 6 14 29 30 13
5 6 14 29 13 8
5 6 29 13 11 8
5 6 29 13 5 11
5 6 11 10 8 28
5 6 29 10 8 28
5 6 29 11 8 28
5 6 5 11 10 28
5 6 29 5 10 28
5 6 29 5 11 28
5 31 6 14 16 8
5 31 6 14 26 16
5 31 6 16 10 8
5 31 6 26 16 10
5 31 16 10 27 8
5 31 26 16 10 27
5 31 14 16 25 8
5 31 6 10 27 8
5 31 6 26 10 27
5 31 6 14 12 8
5 31 6 14 26 12
5 31 16 27 8 22
5 31 16 25 8 22
5 31 26 16 27 22
5 31 26 16 25 22
5 31 26 12 16 25
5 31 14 12 16 25
5 31 14 26 12 16
5 31 6 11 27 8
5 31 6 12 11 8
5 31 6 26 5 27
5 31 6 26 12 5
5 31 6 5 11 27
5 31 6 12 5 11
5 31 26 5 11 27
5 31 26 12 5 11
5 31 26 27 3 22
5 31 26 25 3 22
5 31 26 12 25 3
5 31 26 11 27 3
5 31 26 12 11 3
