334
5 25 31 12 20 11
5 25 31 12 20 26
5 25 31 0 26 11
5 25 31 0 12 26
5 25 0 8 26 11
5 25 0 8 12 26
5 32 25 31 26 11
5 32 25 31 20 11
5 32 25 31 20 26
5 32 31 0 20 26
5 10 6 31 0 19
5 10 0 8 12 19
5 10 6 8 12 19
5 10 6 0 12 19
5 10 6 31 0 12
5 10 6 8 4 19
5 7 32 25 20 26
5 7 32 25 20 11
5 30 14 7 32 1
5 30 14 7 32 20
5 30 7 32 20 26
5 30 14 7 13 1
5 30 7 13 26 1
5 28 14 32 29 20
5 28 31 12 20 11
5 28 21 32 29 11
5 28 21 27 29 11
5 3 10 8 4 19
5 3 10 6 4 19
5 3 10 6 8 4
5 3 6 13 4 19
5 3 21 27 13 4
5 22 7 32 1 11
5 22 21 32 1 11
5 22 28 21 27 11
5 22 28 21 32 11
5 22 14 7 32 1
5 22 14 21 32 1
5 22 14 7 13 1
5 22 14 21 13 1
5 22 7 32 20 11
5 22 28 32 20 11
5 22 14 7 32 20
5 22 25 12 20 11
5 22 7 25 20 11
5 22 28 21 32 29
5 22 14 32 29 20
5 22 14 21 32 29
5 24 10 31 0 19
5 24 31 0 20 26
5 24 10 6 31 19
5 24 30 0 26 19
5 24 30 0 20 26
5 24 3 10 6 19
5 24 0 12 26 19
5 24 31 0 12 26
5 24 30 14 13 19
5 24 3 6 13 19
5 24 3 14 13 19
5 24 6 12 26 19
5 24 31 12 20 26
5 24 6 0 12 19
5 24 6 31 0 19
5 24 6 31 0 12
5 24 30 13 26 19
5 24 30 7 20 26
5 24 30 14 7 20
5 24 30 14 7 13
5 24 3 6 13 4
5 24 30 7 13 26
5 24 7 6 13 4
5 24 22 14 7 20
5 24 25 12 20 26
5 24 7 25 20 26
5 24 7 25 12 26
5 24 7 25 12 20
5 24 22 14 7 13
5 23 21 27 29 8
5 23 10 0 8 19
5 23 3 27 8 19
5 23 3 21 27 19
5 23 3 21 27 29
5 23 3 14 21 29
5 23 28 27 29 8
5 23 3 10 8 19
5 23 24 30 0 20
5 23 3 10 27 8
5 23 14 21 13 1
5 23 30 13 1 19
5 23 30 14 13 19
5 23 30 14 13 1
5 23 3 21 13 19
5 23 3 14 13 19
5 23 3 14 21 13
5 23 24 10 0 19
5 23 24 30 0 19
5 23 24 30 14 19
5 23 24 3 10 19
5 23 24 3 14 19
5 23 24 3 14 29
5 23 24 3 28 29
5 23 24 3 28 10
5 23 24 31 0 20
5 23 24 10 31 0
5 18 28 31 12 11
5 18 25 8 12 11
5 18 25 0 8 11
5 18 25 0 8 12
5 18 25 31 12 11
5 18 25 31 0 11
5 18 25 31 0 12
5 18 10 0 8 12
5 18 10 31 0 12
5 18 23 10 0 8
5 18 23 28 10 8
5 18 6 8 12 4
5 18 10 6 8 12
5 18 10 6 31 12
5 18 24 10 6 31
5 16 3 21 27 4
5 16 3 21 27 29
5 16 28 21 27 29
5 16 22 28 21 29
5 16 22 28 21 27
5 16 3 21 13 4
5 16 22 14 21 13
5 16 22 14 21 29
5 16 3 14 21 13
5 16 3 14 21 29
5 16 24 22 14 13
5 16 24 3 14 29
5 16 22 28 27 11
5 16 24 3 13 4
5 16 24 3 14 13
5 16 18 28 27 8
5 9 23 21 29 8
5 9 21 27 8 11
5 9 21 27 29 11
5 9 21 27 29 8
5 9 23 28 29 8
5 9 21 32 29 11
5 9 28 27 8 11
5 9 28 27 29 11
5 9 28 27 29 8
5 9 18 28 8 11
5 9 18 23 28 8
5 9 28 32 29 11
5 9 14 21 32 29
5 9 23 14 21 29
5 9 18 0 8 11
5 9 18 23 0 8
5 9 28 14 32 29
5 9 18 28 31 11
5 9 24 28 14 29
5 9 23 24 14 29
5 9 23 24 28 29
5 9 28 14 32 20
5 9 23 14 21 1
5 9 23 30 14 1
5 9 30 14 32 20
5 9 18 31 0 11
5 9 32 31 20 11
5 9 28 31 20 11
5 9 28 32 20 11
5 9 24 28 14 20
5 9 31 0 26 11
5 9 32 31 26 11
5 9 32 31 0 26
5 9 23 30 0 20
5 9 24 30 14 20
5 9 23 24 30 20
5 9 23 24 30 14
5 9 32 31 0 20
5 9 23 31 0 20
5 9 23 10 31 0
5 9 18 10 31 0
5 9 18 23 10 0
5 9 18 23 28 10
5 9 24 28 31 20
5 9 23 24 31 20
5 9 23 24 10 31
5 9 23 24 28 10
5 9 18 24 10 31
5 9 18 24 28 31
5 9 18 24 28 10
5 2 28 12 20 11
5 2 22 12 20 11
5 2 22 28 20 11
5 2 28 31 12 20
5 2 24 31 12 20
5 2 24 28 31 20
5 2 24 22 7 20
5 2 16 22 28 29
5 2 18 28 31 12
5 2 18 24 28 31
5 2 28 32 29 20
5 2 22 32 29 20
5 2 22 28 32 20
5 2 22 28 32 29
5 2 28 14 29 20
5 2 24 28 14 20
5 2 24 28 14 29
5 2 22 14 29 20
5 2 24 22 14 20
5 2 24 3 28 29
5 2 16 24 3 29
5 2 16 22 14 29
5 2 16 24 14 29
5 2 16 24 22 14
5 2 24 6 31 12
5 2 18 6 31 12
5 2 18 24 6 31
5 2 24 3 6 4
5 2 16 24 3 4
5 2 16 3 27 29
5 2 24 3 10 6
5 2 18 24 10 6
5 2 18 24 28 10
5 15 22 25 12 11
5 15 18 28 12 11
5 15 16 22 28 11
5 15 18 6 12 4
5 15 2 28 12 11
5 15 2 22 12 11
5 15 2 22 28 11
5 15 2 16 22 28
5 15 7 25 12 20
5 15 22 25 12 20
5 15 22 7 25 20
5 15 2 24 6 4
5 15 2 24 6 12
5 15 2 16 24 4
5 15 2 22 12 20
5 15 2 22 7 20
5 15 2 24 22 7
5 15 2 16 24 22
5 15 7 6 12 4
5 15 24 7 6 4
5 15 24 7 6 12
5 15 24 7 12 20
5 15 2 24 12 20
5 15 2 24 7 20
5 15 24 7 13 4
5 15 16 24 13 4
5 15 24 22 7 13
5 15 16 22 7 13
5 15 16 24 22 13
5 5 9 21 8 11
5 5 9 0 8 11
5 5 21 32 1 11
5 5 9 21 32 11
5 5 23 21 8 1
5 5 9 23 21 1
5 5 9 23 21 8
5 5 9 0 26 11
5 5 9 23 0 8
5 5 9 32 26 11
5 5 14 21 32 1
5 5 9 14 21 1
5 5 9 14 21 32
5 5 9 23 30 1
5 5 9 23 30 0
5 5 32 25 26 11
5 5 30 14 32 1
5 5 9 30 14 1
5 5 9 30 14 32
5 5 30 26 1 19
5 5 30 0 26 19
5 5 30 0 20 26
5 5 9 30 0 20
5 5 23 30 1 19
5 5 23 30 0 19
5 5 7 25 1 11
5 5 7 32 1 11
5 5 7 32 25 11
5 5 7 25 26 1
5 5 7 32 25 26
5 5 30 7 26 1
5 5 30 7 32 1
5 5 30 7 32 26
5 5 30 32 20 26
5 5 9 30 32 20
5 5 32 0 20 26
5 5 9 32 0 26
5 5 9 32 0 20
5 17 2 18 28 12
5 17 15 18 28 12
5 17 15 2 28 12
5 17 2 18 6 12
5 17 15 18 6 12
5 17 15 2 6 12
5 17 15 18 6 4
5 17 15 2 6 4
5 17 2 3 6 4
5 17 16 18 28 27
5 17 15 16 18 28
5 17 15 2 16 4
5 17 15 2 16 28
5 17 3 6 8 4
5 17 18 6 8 4
5 17 2 3 10 6
5 17 2 18 10 6
5 17 3 27 8 4
5 17 16 3 27 4
5 17 2 16 3 4
5 17 2 16 3 27
5 17 2 3 27 29
5 17 2 3 28 29
5 17 2 18 28 10
5 17 16 27 8 4
5 17 16 18 27 8
5 17 15 18 8 4
5 17 15 16 8 4
5 17 15 16 18 8
5 17 16 28 27 29
5 17 2 16 27 29
5 17 2 16 28 29
5 17 3 10 6 8
5 17 18 10 6 8
5 17 3 10 27 8
5 17 23 3 10 27
5 17 23 3 28 10
5 17 18 28 27 8
5 17 18 28 10 8
5 17 23 28 27 29
5 17 23 3 27 29
5 17 23 3 28 29
5 17 24 3 28 10
5 17 2 24 28 10
5 17 2 24 3 10
5 17 2 24 3 28
5 17 23 10 27 8
5 17 23 28 27 8
5 17 23 28 10 8
