197
5 16 4 0 1 5
5 16 4 7 1 5
5 16 4 7 0 5
5 17 23 2 12 20
5 3 4 12 7 5
5 3 4 2 0 25
5 3 16 8 7 0
5 14 3 4 0 25
5 14 3 4 7 0
5 22 17 23 12 20
5 22 23 2 12 20
5 22 23 2 20 25
5 11 16 4 7 1
5 11 16 4 0 1
5 11 16 4 7 0
5 11 14 4 7 0
5 11 16 8 7 0
5 11 14 16 8 0
5 11 3 16 8 7
5 11 3 8 7 0
5 11 14 3 7 0
5 11 14 3 8 0
5 24 22 2 12 20
5 24 22 17 12 20
5 24 22 3 17 7
5 13 22 23 2 12
5 13 22 3 2 12
5 13 23 2 12 25
5 13 22 17 23 12
5 13 22 3 17 23
5 13 22 23 2 25
5 13 22 3 2 25
5 13 4 2 12 25
5 13 3 4 2 25
5 13 3 4 2 12
5 13 22 17 12 7
5 13 22 3 12 7
5 13 22 3 17 7
5 10 11 4 7 1
5 10 11 14 4 7
5 10 13 3 4 25
5 10 4 12 7 1
5 10 14 3 4 25
5 10 14 3 4 7
5 10 4 12 1 25
5 10 13 23 12 25
5 10 13 4 12 25
5 10 3 4 12 7
5 10 13 3 12 7
5 10 13 3 4 12
5 10 17 12 7 1
5 10 13 17 12 7
5 10 11 14 3 7
5 10 17 23 12 1
5 10 13 17 23 12
5 10 13 3 17 7
5 10 13 3 17 23
5 18 10 11 17 1
5 18 10 11 14 3
5 18 24 22 3 17
5 18 24 3 17 7
5 18 10 3 17 7
5 18 10 11 17 7
5 18 10 11 3 7
5 21 24 12 20 5
5 21 24 17 12 20
5 21 17 12 7 1
5 21 16 7 1 5
5 21 18 24 17 20
5 21 4 7 1 5
5 21 4 12 1 5
5 21 4 12 7 5
5 21 4 12 7 1
5 21 22 17 12 7
5 21 24 22 12 7
5 21 24 22 17 7
5 21 24 22 17 12
5 21 18 24 8 20
5 21 18 24 16 8
5 21 18 24 17 7
5 21 11 16 7 1
5 21 18 11 16 1
5 21 18 11 16 7
5 21 18 11 17 1
5 21 18 11 17 7
5 21 10 17 7 1
5 21 10 11 7 1
5 21 10 11 17 1
5 21 10 11 17 7
5 19 22 3 2 12
5 19 24 22 2 12
5 19 22 3 12 7
5 19 24 22 12 7
5 19 24 22 3 7
5 19 24 22 2 20
5 19 21 12 7 5
5 19 21 24 12 5
5 19 21 24 12 7
5 19 18 24 16 8
5 19 18 3 16 7
5 19 18 24 3 7
5 19 21 24 16 8
5 19 21 18 16 7
5 19 21 18 24 7
5 19 21 18 24 16
5 15 10 13 23 25
5 15 13 22 23 25
5 15 10 14 3 25
5 15 10 13 3 25
5 15 22 23 20 25
5 15 13 22 3 25
5 15 13 22 3 23
5 15 18 10 14 3
5 15 10 13 3 23
5 15 18 10 17 1
5 15 10 3 17 23
5 15 18 10 3 17
5 15 22 17 23 20
5 15 22 3 17 23
5 9 19 3 2 12
5 9 4 2 12 5
5 9 3 4 12 5
5 9 3 4 2 12
5 9 19 24 12 5
5 9 19 24 2 12
5 9 3 12 7 5
5 9 19 12 7 5
5 9 19 3 12 7
5 9 4 2 0 5
5 9 3 4 2 0
5 9 2 12 20 5
5 9 24 12 20 5
5 9 24 2 12 20
5 9 4 7 0 5
5 9 3 4 7 5
5 9 3 4 7 0
5 9 16 7 0 5
5 9 3 16 7 0
5 9 19 3 16 7
5 9 16 8 0 5
5 9 19 21 24 5
5 9 19 21 24 8
5 9 19 24 2 20
5 9 21 16 7 5
5 9 19 21 7 5
5 9 19 21 16 7
5 9 3 16 8 0
5 9 19 3 16 8
5 9 21 16 8 5
5 9 19 21 16 8
5 6 18 24 8 20
5 6 15 22 17 20
5 6 15 18 17 20
5 6 19 24 8 20
5 6 19 24 22 20
5 6 24 22 17 20
5 6 18 24 17 20
5 6 18 24 22 17
5 6 19 18 24 8
5 6 15 22 20 25
5 6 15 18 14 3
5 6 18 22 3 17
5 6 15 22 3 17
5 6 15 18 3 17
5 6 19 2 8 20
5 6 19 22 2 20
5 6 18 24 22 3
5 6 19 24 22 3
5 6 19 18 24 3
5 6 22 2 20 25
5 6 15 14 3 25
5 6 15 22 3 25
5 6 11 14 3 8
5 6 18 11 14 8
5 6 18 11 14 3
5 6 19 3 16 8
5 6 19 18 16 8
5 6 19 18 3 16
5 6 14 8 0 25
5 6 14 3 0 25
5 6 14 3 8 0
5 6 11 3 16 8
5 6 18 11 16 8
5 6 22 3 2 25
5 6 19 22 3 2
5 6 2 8 0 25
5 6 11 3 16 7
5 6 18 3 16 7
5 6 18 11 16 7
5 6 18 11 3 7
5 6 3 2 0 25
5 6 9 3 8 0
5 6 9 19 3 8
5 6 9 2 8 0
5 6 9 19 2 8
5 6 9 3 2 0
5 6 9 19 3 2
