4
33
-5.0597 -6.43622 -4.69479 -5.26753
-8.6304 -5.83668 7.55436 1.07402
1.69466 -5.07765 -1.70659 6.93119
-1.55685 -1.57453 -9.05836 -0.097357
0.395822 -0.190132 0.503829 -4.3827
-0 -7.84849 -8.68938 2.72593
-0 5.01014 0.0662101 -4.7961
-0 -1.85942 9.86313 -9.82184
-0 -4.90903 9.71043 4.92395
-0 9.3543 0.432933 -8.52191
-0 -2.04929 -9.95876 -6.26338
-0 2.74305 4.23582 7.0188
4.96641 -0 2.93811 -2.61341
3.32186 -0 5.90493 -4.4667
-3.86508 -0 -7.62195 -2.86462
6.62977 -0 7.82662 -9.99568
9.5949 -0 -0.40054 5.32836
8.03921 -0 3.96772 -7.06926
3.84106 -0 7.20894 4.80387
7.16873 4.45508 -0 -3.56651
-8.64619 -7.89644 -0 2.9539
6.29031 4.45567 -0 9.10197
-2.27515 -9.53755 -0 -9.40636
4.17599 0.115706 -0 -4.87194
-5.64954 -6.15535 -0 -5.32238
9.69133 -1.21768 -0 -0.794254
-9.99011 3.44717 -1.34082 -0
9.048 -6.04726 9.717 -0
-1.10517 7.42331 4.16172 -0
7.4492 -2.74036 -8.55619 -0
-3.49684 5.6079 -8.26571 -0
2.84143 -9.29015 0.100039 -0
-7.82054 1.23819 -4.31823 -0
