4
33
-9.92981 2.62831 1.44785 -4.3142
3.01698 3.68945 -9.18768 7.53538
7.98931 9.42372 -1.62963 2.26683
4.11456 -7.03299 -3.82484 6.85042
-7.77042 1.2303 -3.25376e-05 -9.03653
4.96641 -0 2.93811 -2.61341
3.32186 -0 5.90493 -4.4667
-3.86508 -0 -7.62195 -2.86462
6.62977 -0 7.82662 -9.99568
9.5949 -0 -0.40054 5.32836
8.03921 -0 3.96772 -7.06926
3.84106 -0 7.20894 4.80387
-0 -6.4358 7.4995 1.82706
-0 3.92098 5.96531 3.8663
-0 -0.896235 7.13634 -7.35606
-0 5.1508 -5.64775 -1.4376
-0 -2.63731 0.82831 -8.06416
-0 1.41499 4.04394 4.98497
-0 2.24522 -4.19117 2.8895
-5.21945 8.45279 -0 5.12683
-1.84541 -3.45696 -0 2.05955
-4.89437 4.50426 -0 -8.53527
8.19353 -9.43435 -0 0.683461
-5.49099 -4.56785 -0 -2.42273
-0.169914 4.35294 -0 8.71292
-6.26571 -7.93186 -0 -5.2436
5.1713 -7.12685 1.97176 -0
9.3342 -7.65255 6.009 -0
9.7452 7.12875 -0.366591 -0
1.66325 8.78277 2.13412 -0
0.313294 5.67462 0.592955 -0
3.82377 -9.34829 7.53243 -0
-5.42247 6.17667 -5.35699 -0
