4
26
-7.96281 8.89771 7.78865 -1.00827
-5.47295 -5.16795 -7.80122 -0.00957282
6.4024 -0.287276 7.21984 -8.67168
3.10987 1.1155 2.6352 1.53014
-0.320482 5.57189 -3.1857 -6.65611
-8.69811 -0 2.63419 -8.51587
2.55603 -0 4.523 6.86068
-2.49118 -0 -3.18535 1.80013
-5.84661 -0 8.07797 8.61244
-3.89004 -0 9.425 -5.28197
1.02467 -0 -4.94644 2.19478
-3.06465 -0 -3.74233 5.708
3.78705 -2.58323 -0 -9.81589
7.50888 -2.1611 -0 -0.420283
4.48364 5.80759 -0 7.54017
7.53022 -0.483668 -0 4.11654
-8.6293 -1.32339 -0 4.84754
5.76932 -8.68748 -0 0.378182
-0.825441 -1.63175 -0 8.85585
-0.169682 -4.57359 8.1537 -0
5.21912 -9.15921 6.82795 -0
-7.22599 -6.22355 -1.71287 -0
5.46651 -4.12974 5.27815 -0
7.84699 -3.41106 -0.00718089 -0
0.874281 -6.01094 7.86927 -0
9.77 9.24328 0.330886 -0
