4
26
8.15085 -9.35302 -3.30265 6.93112
-1.38349 7.73459 4.40608 3.48773
-4.96412 -2.58402 4.4478 -9.95976
-6.94715 0.544057 -0.205266 5.99085
-1.54217 6.39475 -1.04357 -5.30045
-0 6.19867 3.16262 -6.42394
-0 6.99833 0.329447 7.06673
-0 0.330771 5.51941 -3.14857
-0 6.75532 9.19815 4.43538
-0 -6.50112 -4.14078 -6.22097
-0 -6.28351 7.28525 5.95298
-0 -9.3536 -7.61213 -2.0347
7.8886 9.20648 -0 -4.08809
-6.07392 -6.2089 -0 -3.17836
-4.6441 5.81702 -0 3.87866
3.01814 8.06721 -0 -8.88136
-3.79844 -9.24596 -0 -2.0236
-2.24258 -5.30152 -0 8.239
-9.24359 9.88447 -0 6.68883
3.76217 -7.92929 -7.2304 -0
-4.2269 4.60777 1.17693 -0
0.646496 -1.13827 -9.35242 -0
-8.97668 -5.1739 -5.71787 -0
-5.05531 -5.30617 2.66175 -0
-3.21152 0.87596 -7.04367 -0
0.28814 -3.57705 7.52221 -0
