4
26
-7.98063 -8.25997 6.43842 1.64612
6.94411 -2.73002 8.46812 -7.65259
-3.38054 -7.46673 8.66761 9.21463
1.28445 -6.02762 -1.85634 5.00823
-7.26463 5.40941 1.51739 -8.66352
-1.66257 -0 8.30844 3.60642
8.06396 -0 -9.60202 9.41468
3.55517 -0 2.72218 -0.592772
6.28795 -0 -0.669453 -2.19573
3.65828 -0 6.85602 -7.3489
-9.86297 -0 -8.28165 -0.463971
-4.9093 -0 0.893441 3.25007
5.1713 -7.12685 1.97176 -0
9.3342 -7.65255 6.009 -0
9.7452 7.12875 -0.366591 -0
1.66325 8.78277 2.13412 -0
0.313294 5.67462 0.592955 -0
3.82377 -9.34829 7.53243 -0
-5.42247 6.17667 -5.35699 -0
3.78705 -2.58323 -0 -9.81589
7.50888 -2.1611 -0 -0.420283
4.48364 5.80759 -0 7.54017
7.53022 -0.483668 -0 4.11654
-8.6293 -1.32339 -0 4.84754
5.76932 -8.68748 -0 0.378182
-0.825441 -1.63175 -0 8.85585
