4
33
3.0898 -8.72557 8.71917 -7.69091
9.64069 -8.54589 -7.64089 5.01357
1.9278 2.66837 6.80285 7.07837
2.23036 -4.9045 -1.36074 0.911643
-3.72015 -5.02172 -4.82485 2.0934
-0 -7.84849 -8.68938 2.72593
-0 5.01014 0.0662101 -4.7961
-0 -1.85942 9.86313 -9.82184
-0 -4.90903 9.71043 4.92395
-0 9.3543 0.432933 -8.52191
-0 -2.04929 -9.95876 -6.26338
-0 2.74305 4.23582 7.0188
5.37198 -0 -1.24044 -5.99532
7.47262 -0 0.492602 -1.03705
5.72387 -0 3.65525 -9.76606
-9.23107 -0 5.22706 -7.76304
4.37356 -0 -2.67079 -0.529711
-7.60691 -0 0.0302085 1.54304
-3.2755 -0 -6.83091 -2.90712
2.57866 8.88682 -0 1.95707
4.14679 2.5152 -0 7.14729
4.16545 -3.7729 -0 2.89698
-7.68973 1.49893 -0 2.16223
5.64218 8.89427 -0 -9.41777
0.678277 1.40985 -0 4.31606
-0.535121 -5.96558 -0 -1.22965
-8.41032 5.97743 5.39497 -0
-3.53644 7.72903 5.80788 -0
1.35653 -4.85722 1.97236 -0
5.34607 -5.11174 -2.38336 -0
-7.79076 -6.94044 9.49997 -0
3.74992 -7.84849 -6.98081 -0
-1.34718 -4.00533 -3.12451 -0
