4
33
1.41734 -0.920624 7.09049 -5.30419
5.60519 9.32574 -5.43492 -0.287467
-0.286384 -5.25659 -2.95272 3.57737
-6.54097 -4.67117 -5.99575 -0.287511
-7.11264 -9.91297 -8.75263 6.61825
7.16873 4.45508 -0 -3.56651
-8.64619 -7.89644 -0 2.9539
6.29031 4.45567 -0 9.10197
-2.27515 -9.53755 -0 -9.40636
4.17599 0.115706 -0 -4.87194
-5.64954 -6.15535 -0 -5.32238
9.69133 -1.21768 -0 -0.794254
-0 -8.33138 7.12269 5.44824
-0 8.71231 -7.67916 5.35452
-0 4.06291 -5.40094 1.51536
-0 -7.864 -4.9143 8.08051
-0 -6.8219 -9.18329 5.89801
-0 -7.2562 -4.64464 0.616144
-0 -8.66377 1.14646 -3.25346
-9.85239 -0 0.926345 -8.31755
2.6053 -0 2.32115 2.78336
3.16278 -0 -9.57954 0.40695
7.36275 -0 -5.3744 6.75047
-4.09938 -0 -1.54544 -7.87701
-3.22373 -0 -0.860645 3.88649
8.18635 -0 8.02086 5.45631
5.91922 2.70557 9.89577 -0
-0.177662 -6.27104 -9.51719 -0
2.27276 -6.02516 -3.84545 -0
1.48989 -2.29758 -8.20706 -0
1.40731 7.81747 -2.3567 -0
2.248 -2.87682 5.30998 -0
6.68642 1.70133 -0.199915 -0
