4
33
-0.440648 3.19529 -3.56507 -2.0903
-8.3106 -8.05756 1.31309 -8.30128
-0.941369 -2.93477 4.63389 -9.33469
-1.17314 9.09134 -4.59167 0.827405
3.07549 0.096803 -5.08355 5.78711
-6.23022 4.42703 -0 9.35575
1.24247 9.8641 -0 3.52321
-4.79053 0.704278 -0 -2.77172
2.40036 5.55817 -0 2.54585
3.16818 2.15421 -0 7.1935
5.83039 -6.77076 -0 -9.31863
-3.33899 -4.62223 -0 -1.11563
5.91922 2.70557 9.89577 -0
-0.177662 -6.27104 -9.51719 -0
2.27276 -6.02516 -3.84545 -0
1.48989 -2.29758 -8.20706 -0
1.40731 7.81747 -2.3567 -0
2.248 -2.87682 5.30998 -0
6.68642 1.70133 -0.199915 -0
-0 6.19867 3.16262 -6.42394
-0 6.99833 0.329447 7.06673
-0 0.330771 5.51941 -3.14857
-0 6.75532 9.19815 4.43538
-0 -6.50112 -4.14078 -6.22097
-0 -6.28351 7.28525 5.95298
-0 -9.3536 -7.61213 -2.0347
-8.69811 -0 2.63419 -8.51587
2.55603 -0 4.523 6.86068
-2.49118 -0 -3.18535 1.80013
-5.84661 -0 8.07797 8.61244
-3.89004 -0 9.425 -5.28197
1.02467 -0 -4.94644 2.19478
-3.06465 -0 -3.74233 5.708
