4
26
-1.3286 -6.14821 -1.29044 4.20709
4.36254 8.81065 6.11382 7.28599
-1.65375 -1.06386 5.99046 -9.90131
9.53369 -4.4983 6.83334 -2.57527
-8.69899 -1.33991 7.88129 1.71203
-0 4.67386 6.09469 -1.75917
-0 -5.11758 1.24849 -8.37546
-0 -6.57773 -7.38192 -4.29198
-0 4.48564 3.11926 7.79165
-0 -6.59592 -0.820001 -0.229679
-0 7.2261 7.93014 8.6041
-0 -8.85219 -0.0113656 1.06879
-8.41032 5.97743 5.39497 -0
-3.53644 7.72903 5.80788 -0
1.35653 -4.85722 1.97236 -0
5.34607 -5.11174 -2.38336 -0
-7.79076 -6.94044 9.49997 -0
3.74992 -7.84849 -6.98081 -0
-1.34718 -4.00533 -3.12451 -0
7.8886 9.20648 -0 -4.08809
-6.07392 -6.2089 -0 -3.17836
-4.6441 5.81702 -0 3.87866
3.01814 8.06721 -0 -8.88136
-3.79844 -9.24596 -0 -2.0236
-2.24258 -5.30152 -0 8.239
-9.24359 9.88447 -0 6.68883
