4
33
-5.12239 -2.02251 -1.17802 -9.55795
-2.06675 -8.80566 -7.59642 -0.734006
-9.45954 -0.838321 -9.15007 -8.38973
8.65206 0.48994 8.10897 -9.99491
6.51515 9.79787 7.58724 9.29529
-9.99011 3.44717 -1.34082 -0
9.048 -6.04726 9.717 -0
-1.10517 7.42331 4.16172 -0
7.4492 -2.74036 -8.55619 -0
-3.49684 5.6079 -8.26571 -0
2.84143 -9.29015 0.100039 -0
-7.82054 1.23819 -4.31823 -0
-0 4.67386 6.09469 -1.75917
-0 -5.11758 1.24849 -8.37546
-0 -6.57773 -7.38192 -4.29198
-0 4.48564 3.11926 7.79165
-0 -6.59592 -0.820001 -0.229679
-0 7.2261 7.93014 8.6041
-0 -8.85219 -0.0113656 1.06879
-1.66257 -0 8.30844 3.60642
8.06396 -0 -9.60202 9.41468
3.55517 -0 2.72218 -0.592772
6.28795 -0 -0.669453 -2.19573
3.65828 -0 6.85602 -7.3489
-9.86297 -0 -8.28165 -0.463971
-4.9093 -0 0.893441 3.25007
-6.23022 4.42703 -0 9.35575
1.24247 9.8641 -0 3.52321
-4.79053 0.704278 -0 -2.77172
2.40036 5.55817 -0 2.54585
3.16818 2.15421 -0 7.1935
5.83039 -6.77076 -0 -9.31863
-3.33899 -4.62223 -0 -1.11563
