4
26
-8.12956 2.31846 -6.61012 6.56911
4.03783 -7.85666 -4.72585 -8.41226
5.8774 -8.4085 7.16909 5.53231
6.59342 -3.21287 5.21195 -1.2963
7.66147 -2.04625 0.284358 2.70089
-0 -8.33138 7.12269 5.44824
-0 8.71231 -7.67916 5.35452
-0 4.06291 -5.40094 1.51536
-0 -7.864 -4.9143 8.08051
-0 -6.8219 -9.18329 5.89801
-0 -7.2562 -4.64464 0.616144
-0 -8.66377 1.14646 -3.25346
2.57866 8.88682 -0 1.95707
4.14679 2.5152 -0 7.14729
4.16545 -3.7729 -0 2.89698
-7.68973 1.49893 -0 2.16223
5.64218 8.89427 -0 -9.41777
0.678277 1.40985 -0 4.31606
-0.535121 -5.96558 -0 -1.22965
3.76217 -7.92929 -7.2304 -0
-4.2269 4.60777 1.17693 -0
0.646496 -1.13827 -9.35242 -0
-8.97668 -5.1739 -5.71787 -0
-5.05531 -5.30617 2.66175 -0
-3.21152 0.87596 -7.04367 -0
0.28814 -3.57705 7.52221 -0
