4
26
-3.38128 0.234141 -7.35362 6.42423
-7.50136 0.624153 -8.84169 9.11209
-6.46755 4.34627 -0.149761 -2.87081
-8.38951 5.29736 6.5998 -4.11727
8.55887 0.926042 -5.97084 8.67811
-9.85239 -0 0.926345 -8.31755
2.6053 -0 2.32115 2.78336
3.16278 -0 -9.57954 0.40695
7.36275 -0 -5.3744 6.75047
-4.09938 -0 -1.54544 -7.87701
-3.22373 -0 -0.860645 3.88649
8.18635 -0 8.02086 5.45631
-5.21945 8.45279 -0 5.12683
-1.84541 -3.45696 -0 2.05955
-4.89437 4.50426 -0 -8.53527
8.19353 -9.43435 -0 0.683461
-5.49099 -4.56785 -0 -2.42273
-0.169914 4.35294 -0 8.71292
-6.26571 -7.93186 -0 -5.2436
-0.169682 -4.57359 8.1537 -0
5.21912 -9.15921 6.82795 -0
-7.22599 -6.22355 -1.71287 -0
5.46651 -4.12974 5.27815 -0
7.84699 -3.41106 -0.00718089 -0
0.874281 -6.01094 7.86927 -0
9.77 9.24328 0.330886 -0
