40
5 10 1 11 9 4
5 10 11 12 2 4
5 10 11 12 9 4
5 10 3 1 11 4
5 10 3 11 2 4
5 10 3 1 2 4
5 10 12 2 4 0
5 10 12 9 4 0
5 10 1 9 4 0
5 10 1 2 4 0
5 10 8 12 2 0
5 10 8 12 9 0
5 14 11 12 2 4
5 14 6 11 12 4
5 14 3 6 11 4
5 14 3 11 2 4
5 14 3 6 2 4
5 14 10 11 12 2
5 5 1 2 4 0
5 5 3 1 2 4
5 5 3 6 2 4
5 5 6 2 4 0
5 5 6 4 0 7
5 5 6 2 0 7
5 5 3 1 2 0
5 5 3 1 0 7
5 5 3 2 0 7
5 5 3 6 2 7
5 5 6 11 12 4
5 5 14 13 11 12
5 5 14 6 11 12
5 5 3 6 11 4
5 5 3 6 11 7
5 5 6 11 15 7
5 5 14 13 11 15
5 5 14 6 11 15
5 5 3 1 11 4
5 5 1 11 9 4
5 5 11 12 9 4
5 5 13 11 12 9
