358
5 26 27 11 7 25
5 26 3 27 11 25
5 26 3 8 27 25
5 26 8 27 4 25
5 9 16 12 4 7
5 9 12 4 7 25
5 9 16 27 4 7
5 9 26 16 27 7
5 9 27 4 7 25
5 9 26 27 7 25
5 9 26 27 4 25
5 9 26 8 4 25
5 17 9 16 27 4
5 17 9 26 27 4
5 17 9 26 16 27
5 15 9 12 7 25
5 15 26 11 7 25
5 10 15 12 11 21
5 10 15 30 11 21
5 10 15 30 12 21
5 5 10 30 11 21
5 13 15 9 12 7
5 13 15 9 12 25
5 32 10 15 30 12
5 32 13 15 12 7
5 32 10 16 12 7
5 32 13 16 12 7
5 32 5 15 30 11
5 32 13 15 9 7
5 32 13 9 16 7
5 32 15 26 11 7
5 32 26 27 11 7
5 32 17 9 16 14
5 32 9 26 16 7
5 32 17 9 26 16
5 32 26 3 27 11
5 32 26 16 27 7
5 32 17 26 16 27
5 29 2 3 0 14
5 29 13 2 8 14
5 29 32 26 3 14
5 29 26 3 14 25
5 29 26 3 8 25
5 29 26 3 8 27
5 29 17 3 8 27
5 29 32 9 26 14
5 29 32 17 9 14
5 29 32 17 9 26
5 29 9 8 14 25
5 29 9 26 14 25
5 29 9 26 8 25
5 29 9 26 8 4
5 29 17 9 26 4
5 29 26 8 27 4
5 29 17 8 27 4
5 29 17 26 27 4
5 29 13 9 8 14
5 23 5 3 0 11
5 23 17 2 16 8
5 23 10 2 16 8
5 23 29 2 3 0
5 23 29 32 17 30
5 23 32 5 3 11
5 23 29 2 3 8
5 23 29 17 3 8
5 23 29 17 2 8
5 23 17 16 8 4
5 23 5 30 3 14
5 23 29 30 3 14
5 23 32 5 30 14
5 23 29 32 30 14
5 23 32 3 27 11
5 23 32 5 3 14
5 23 29 32 3 14
5 23 29 32 26 3
5 23 29 32 17 26
5 23 17 8 27 4
5 23 17 3 8 27
5 23 32 26 3 27
5 23 32 17 26 27
5 23 29 26 3 27
5 23 29 17 3 27
5 23 29 17 26 27
5 31 23 5 3 0
5 31 23 5 30 3
5 31 23 29 3 0
5 31 23 29 30 3
5 31 5 0 11 21
5 31 5 10 0 21
5 31 5 10 30 21
5 31 15 30 11 21
5 31 5 30 11 21
5 31 5 15 30 11
5 31 29 3 0 14
5 31 29 30 3 14
5 31 23 29 2 0
5 31 23 29 2 30
5 31 29 2 0 14
5 18 9 16 12 7
5 18 13 16 12 7
5 18 13 9 12 7
5 18 13 9 16 7
5 18 9 16 12 4
5 18 10 16 12 4
5 18 9 12 4 25
5 18 13 9 12 25
5 18 8 12 4 25
5 18 9 8 4 25
5 18 13 9 8 25
5 18 8 12 21 25
5 18 10 2 8 21
5 18 2 8 21 25
5 18 13 2 8 25
5 20 32 13 30 14
5 20 32 13 10 16
5 20 31 29 30 14
5 20 23 29 17 30
5 20 31 29 2 14
5 20 31 10 30 21
5 20 31 29 2 30
5 20 23 10 2 16
5 20 23 10 17 16
5 20 23 29 2 30
5 20 18 10 2 21
5 20 31 23 2 30
5 20 10 2 0 21
5 20 31 10 0 21
5 20 23 10 2 0
5 20 31 23 2 0
5 20 31 5 10 0
5 20 31 23 5 0
5 19 31 13 30 14
5 19 31 30 3 14
5 19 5 30 3 14
5 19 32 5 3 14
5 19 32 5 30 14
5 19 32 5 15 30
5 19 31 5 30 3
5 19 31 5 15 30
5 19 31 3 0 14
5 19 32 5 3 11
5 19 32 5 15 11
5 19 31 5 15 11
5 19 2 3 0 14
5 19 31 2 0 14
5 19 5 3 0 11
5 19 31 5 0 11
5 19 31 5 3 0
5 19 2 3 0 25
5 19 31 0 11 21
5 19 31 15 11 21
5 1 32 5 30 11
5 1 10 15 30 11
5 1 32 15 30 11
5 1 32 10 15 30
5 1 32 10 16 7
5 1 23 32 27 11
5 1 23 32 17 27
5 1 10 15 12 11
5 1 32 10 15 12
5 1 32 27 11 7
5 1 32 16 27 7
5 1 32 17 16 27
5 1 32 10 12 7
5 1 15 12 11 7
5 1 32 15 11 7
5 1 32 15 12 7
5 1 17 16 27 4
5 1 16 27 4 7
5 1 10 16 12 7
5 6 18 9 16 4
5 6 17 9 16 4
5 6 29 17 9 4
5 6 29 9 8 4
5 6 18 9 8 4
5 6 18 13 9 16
5 6 17 16 8 4
5 6 29 17 8 4
5 6 17 9 16 14
5 6 29 17 9 14
5 6 10 16 8 4
5 6 18 10 8 4
5 6 18 10 16 4
5 6 29 13 9 8
5 6 18 13 9 8
5 6 29 13 9 14
5 6 17 2 16 8
5 6 29 17 2 8
5 6 29 13 2 8
5 6 18 13 2 8
5 6 32 9 16 14
5 6 32 13 9 14
5 6 32 13 9 16
5 6 18 13 10 16
5 6 20 13 10 16
5 6 20 18 13 10
5 6 32 17 16 14
5 6 20 32 17 16
5 6 29 32 17 14
5 6 10 2 16 8
5 6 20 10 2 16
5 6 18 10 2 8
5 6 20 18 10 2
5 6 20 32 13 14
5 6 20 32 13 16
5 6 29 13 2 14
5 6 20 13 2 14
5 6 20 29 2 14
5 6 23 17 2 16
5 6 20 23 2 16
5 6 20 23 17 16
5 6 23 29 17 2
5 6 20 23 29 2
5 6 20 23 29 17
5 6 29 32 30 14
5 6 20 32 30 14
5 6 20 29 30 14
5 6 29 32 17 30
5 6 20 32 17 30
5 6 20 29 17 30
5 24 31 13 30 14
5 24 20 13 30 14
5 24 20 31 30 14
5 24 20 13 2 14
5 24 20 31 2 14
5 24 20 31 30 21
5 24 19 13 2 14
5 24 19 31 2 14
5 24 19 31 13 14
5 24 20 31 2 0
5 24 31 15 30 21
5 24 20 31 0 21
5 24 19 31 2 0
5 24 20 2 0 21
5 24 19 31 15 21
5 24 19 31 15 30
5 24 19 31 13 30
5 24 15 30 12 21
5 24 19 31 0 21
5 24 2 0 21 25
5 24 20 18 2 21
5 24 10 30 12 21
5 24 20 10 30 21
5 24 15 12 21 25
5 24 32 15 30 12
5 24 32 13 15 12
5 24 32 13 15 30
5 24 20 32 13 30
5 24 18 2 21 25
5 24 18 13 2 25
5 24 6 18 13 2
5 24 6 20 13 2
5 24 6 20 18 2
5 24 6 20 18 13
5 24 18 10 12 21
5 24 20 18 10 21
5 24 32 10 30 12
5 24 20 32 10 30
5 24 18 12 21 25
5 24 18 13 12 25
5 24 20 18 13 10
5 24 20 32 13 10
5 24 18 10 16 12
5 24 18 13 16 12
5 24 18 13 10 16
5 24 32 10 16 12
5 24 32 13 16 12
5 24 32 13 10 16
5 22 32 13 15 30
5 22 19 32 15 30
5 22 24 13 15 30
5 22 24 19 15 30
5 22 24 19 13 30
5 22 32 13 30 14
5 22 19 13 30 14
5 22 19 32 30 14
5 22 32 13 9 14
5 22 32 13 15 9
5 22 13 15 12 25
5 22 24 15 12 25
5 22 24 13 12 25
5 22 24 13 15 12
5 22 19 15 21 25
5 22 24 15 21 25
5 22 24 19 15 21
5 22 24 13 2 25
5 22 24 19 13 2
5 22 13 15 9 25
5 22 19 13 2 14
5 22 19 32 3 14
5 22 19 0 21 25
5 22 24 0 21 25
5 22 24 19 0 21
5 22 19 2 0 25
5 22 24 2 0 25
5 22 24 19 2 0
5 22 9 8 14 25
5 22 13 9 8 25
5 22 13 9 8 14
5 22 9 26 14 25
5 22 32 9 26 14
5 22 13 2 8 25
5 22 13 2 8 14
5 22 19 2 3 25
5 22 19 2 3 14
5 22 26 3 14 25
5 22 32 26 3 14
5 22 9 26 7 25
5 22 15 26 7 25
5 22 15 9 7 25
5 22 32 9 26 7
5 22 32 15 26 7
5 22 32 15 9 7
5 22 2 3 8 25
5 22 26 3 11 25
5 22 15 26 11 25
5 22 19 3 11 25
5 22 19 15 11 25
5 22 32 26 3 11
5 22 32 15 26 11
5 22 19 32 3 11
5 22 19 32 15 11
5 22 29 8 14 25
5 22 29 3 14 25
5 22 29 3 8 25
5 22 29 2 8 14
5 22 29 2 3 14
5 22 29 2 3 8
5 28 23 32 5 30
5 28 1 32 5 30
5 28 23 32 17 30
5 28 1 23 32 17
5 28 23 32 5 11
5 28 1 32 5 11
5 28 1 23 32 11
5 28 5 10 30 11
5 28 1 10 30 11
5 28 1 5 30 11
5 28 1 32 17 16
5 28 20 23 17 30
5 28 31 5 10 30
5 28 20 31 10 30
5 28 20 31 5 10
5 28 31 23 5 30
5 28 20 31 23 30
5 28 20 31 23 5
5 28 20 5 10 0
5 28 20 23 10 0
5 28 20 23 5 0
5 28 20 32 10 30
5 28 1 32 10 30
5 28 20 23 10 17
5 28 20 32 17 16
5 28 20 32 17 30
5 28 20 32 10 16
5 28 1 32 10 16
5 28 23 10 17 16
5 28 20 10 17 16
