187
5 16 21 2 11 15
5 16 17 2 11 15
5 0 17 2 11 15
5 0 16 17 11 15
5 18 21 2 12 11
5 18 16 21 2 11
5 18 16 21 2 15
5 22 21 12 11 20
5 22 0 17 11 20
5 22 0 21 11 20
5 6 21 2 11 15
5 6 0 2 11 15
5 6 0 21 11 15
5 6 21 2 11 20
5 6 0 21 11 20
5 4 18 16 21 11
5 4 18 21 12 11
5 4 22 21 12 11
5 4 18 16 5 11
5 4 18 16 21 15
5 4 0 16 17 11
5 4 18 5 12 11
5 4 22 5 12 11
5 4 22 18 5 12
5 4 16 21 11 15
5 4 0 21 11 15
5 4 0 16 11 15
5 4 0 16 17 15
5 3 6 13 2 20
5 3 18 21 2 12
5 3 6 21 2 20
5 23 22 17 11 20
5 23 22 0 17 20
5 23 10 3 13 12
5 1 4 18 16 15
5 1 16 17 5 15
5 1 19 17 5 15
5 14 6 0 21 15
5 14 4 0 21 15
5 14 4 18 21 15
5 14 18 21 2 15
5 14 6 21 2 15
5 14 3 18 21 2
5 14 3 6 21 2
5 14 4 18 21 12
5 14 3 18 21 12
5 14 10 6 2 15
5 14 22 0 21 20
5 14 6 0 21 20
5 14 4 22 21 12
5 14 3 6 13 2
5 14 10 6 13 2
5 14 10 3 13 2
5 14 3 6 21 20
5 14 3 6 13 20
5 14 22 21 12 20
5 14 3 21 12 20
5 14 23 10 3 13
5 14 23 10 3 12
5 14 23 22 12 20
5 14 23 3 12 20
5 14 23 3 13 20
5 7 1 18 16 5
5 7 23 22 5 12
5 7 23 10 22 5
5 24 1 16 17 5
5 24 16 17 5 11
5 24 4 16 5 11
5 24 4 16 17 11
5 24 4 16 17 15
5 24 1 16 17 15
5 24 1 4 16 15
5 24 22 17 5 11
5 24 4 22 5 11
5 24 1 19 17 5
5 24 4 0 17 15
5 24 22 0 17 11
5 24 4 0 17 11
5 24 23 22 17 5
5 24 23 19 17 5
5 24 1 10 19 5
5 24 7 10 22 5
5 24 7 1 10 5
5 24 19 0 17 15
5 24 1 19 17 15
5 24 14 4 0 15
5 24 22 0 21 11
5 24 4 0 21 11
5 24 4 22 21 11
5 24 23 10 22 5
5 24 23 10 19 5
5 24 23 10 19 22
5 24 23 22 0 17
5 24 23 19 0 17
5 24 23 19 22 0
5 24 14 22 0 21
5 24 14 4 0 21
5 24 14 4 22 21
5 24 10 19 0 15
5 24 1 10 19 15
5 24 14 10 0 15
5 24 14 1 10 15
5 24 14 10 19 22
5 8 1 4 18 15
5 8 14 4 18 15
5 8 24 1 4 15
5 8 24 14 4 15
5 8 24 14 1 15
5 8 24 14 4 22
5 8 4 18 16 5
5 8 1 18 16 5
5 8 1 4 18 16
5 8 7 1 18 5
5 8 24 7 1 5
5 8 24 4 16 5
5 8 24 1 16 5
5 8 24 1 4 16
5 8 4 22 18 12
5 8 14 4 18 12
5 8 14 4 22 12
5 8 4 22 18 5
5 8 24 4 22 5
5 8 24 7 22 5
5 8 22 18 5 12
5 8 7 18 5 12
5 8 7 22 5 12
5 9 14 18 2 15
5 9 14 10 2 15
5 9 14 1 10 15
5 9 14 3 18 2
5 9 14 10 3 2
5 9 8 1 18 15
5 9 8 14 18 15
5 9 8 14 1 15
5 9 3 18 2 12
5 9 14 3 18 12
5 9 14 10 3 12
5 9 8 7 1 18
5 9 8 14 18 12
5 9 24 14 1 10
5 9 8 24 14 1
5 9 8 7 18 12
5 9 24 7 1 10
5 9 8 24 7 1
5 9 24 14 10 22
5 9 8 24 14 22
5 9 24 7 10 22
5 9 8 24 7 22
5 9 8 14 22 12
5 9 8 7 22 12
5 9 14 23 22 12
5 9 14 23 10 12
5 9 14 23 10 22
5 9 7 23 22 12
5 9 7 23 10 12
5 9 7 23 10 22
5 25 14 6 0 20
5 25 14 6 0 15
5 25 14 10 0 15
5 25 14 10 6 15
5 25 24 10 19 0
5 25 24 14 10 0
5 25 24 14 10 19
5 25 14 10 6 13
5 25 6 0 2 15
5 25 10 6 2 15
5 25 19 0 2 15
5 25 10 19 2 15
5 25 10 19 0 15
5 25 10 6 13 2
5 25 10 19 13 2
5 25 14 6 13 20
5 25 24 19 22 0
5 25 24 14 22 0
5 25 24 14 19 22
5 25 23 10 19 13
5 25 14 23 10 13
5 25 23 0 17 20
5 25 23 19 0 17
5 25 23 22 0 20
5 25 14 22 0 20
5 25 14 23 22 20
5 25 14 23 13 20
5 25 23 19 22 0
5 25 23 10 19 22
5 25 14 10 19 22
5 25 14 23 10 22
