295
5 29 28 3 12 2
5 0 28 12 2 21
5 0 29 28 12 2
5 18 8 29 3 22
5 18 8 29 3 2
5 18 8 3 19 22
5 18 8 13 19 22
5 24 27 6 13 9
5 31 8 19 26 22
5 31 8 13 19 22
5 31 6 19 26 22
5 31 6 13 9 22
5 31 24 13 19 22
5 31 24 6 19 22
5 31 24 6 13 22
5 31 27 6 13 9
5 31 24 27 13 19
5 31 24 27 6 13
5 31 27 6 0 26
5 7 28 3 12 2
5 11 24 6 19 22
5 11 6 9 26 22
5 11 24 3 19 22
5 11 6 13 9 22
5 11 24 6 13 22
5 11 24 6 13 9
5 1 27 6 0 26
5 1 31 8 19 26
5 1 31 6 19 26
5 1 31 27 6 26
5 1 27 8 13 19
5 1 31 8 13 19
5 1 31 27 13 19
5 1 31 27 8 13
5 1 31 24 6 19
5 1 31 24 27 19
5 1 31 24 27 6
5 32 18 3 19 22
5 32 24 3 19 22
5 32 18 13 19 22
5 32 24 13 19 22
5 32 24 27 13 19
5 32 18 8 13 19
5 32 27 8 13 19
5 32 27 18 8 13
5 32 1 24 27 19
5 32 1 27 8 19
5 5 11 24 3 22
5 5 11 7 3 22
5 17 11 29 9 26
5 17 6 0 9 26
5 17 11 6 9 26
5 17 1 6 0 26
5 17 27 0 9 21
5 17 27 6 0 9
5 17 1 27 6 0
5 10 32 1 8 19
5 10 1 27 8 2
5 10 32 1 27 8
5 10 18 8 3 2
5 10 18 8 3 19
5 10 32 18 3 19
5 10 32 18 8 19
5 10 32 1 24 19
5 10 32 27 18 8
5 10 7 28 3 2
5 10 7 18 3 2
5 10 32 7 18 3
5 10 32 1 24 27
5 10 5 32 7 3
5 10 28 12 2 21
5 10 7 12 2 21
5 10 7 28 12 21
5 10 7 28 12 2
5 23 5 11 7 9
5 23 11 24 13 9
5 23 5 11 24 9
5 23 5 11 7 22
5 23 24 27 13 9
5 23 11 24 13 22
5 23 5 11 24 22
5 23 10 5 7 21
5 23 10 5 32 7
5 23 32 24 13 22
5 23 32 18 13 22
5 23 5 7 3 22
5 23 5 32 7 3
5 23 10 32 7 18
5 23 32 24 27 13
5 23 10 5 32 24
5 23 32 24 3 22
5 23 5 24 3 22
5 23 5 32 24 3
5 23 7 18 3 22
5 23 32 18 3 22
5 23 32 7 18 3
5 23 32 27 18 13
5 23 10 32 27 18
5 23 10 32 24 27
5 14 7 29 3 12
5 14 11 7 29 12
5 14 11 7 29 3
5 25 0 29 28 12
5 25 17 0 29 12
5 25 14 17 29 12
5 25 0 28 12 21
5 25 17 0 12 21
5 25 14 28 12 21
5 25 14 17 12 21
5 25 0 29 28 2
5 25 17 0 29 26
5 25 17 1 0 26
5 25 0 28 2 21
5 25 0 29 2 26
5 25 10 28 2 21
5 25 10 1 8 2
5 25 8 29 2 26
5 25 1 8 29 26
5 25 8 0 2 26
5 25 1 8 0 26
5 25 1 8 0 2
5 25 10 1 8 19
5 25 27 0 2 21
5 25 10 27 2 21
5 25 1 27 0 2
5 25 10 1 27 2
5 16 14 17 11 9
5 16 5 7 9 21
5 16 5 11 7 9
5 16 14 5 7 21
5 16 14 17 11 29
5 4 16 14 17 29
5 4 16 25 14 17
5 4 16 17 11 29
5 4 8 3 19 22
5 4 8 29 3 22
5 4 11 3 19 22
5 4 11 29 3 22
5 4 25 10 8 19
5 4 25 1 8 19
5 4 25 1 8 29
5 4 8 19 26 22
5 4 8 29 26 22
5 4 11 29 26 22
5 4 1 8 19 26
5 4 1 8 29 26
5 4 6 19 26 22
5 4 11 6 26 22
5 4 11 6 19 22
5 4 25 1 29 26
5 4 25 17 29 26
5 4 25 17 1 26
5 4 17 11 29 26
5 4 11 24 6 19
5 4 1 6 19 26
5 4 17 11 6 26
5 4 17 1 6 26
5 15 14 28 12 21
5 15 7 28 12 21
5 15 14 7 12 21
5 15 14 5 7 21
5 15 10 7 28 21
5 15 10 5 7 21
5 15 7 28 3 12
5 15 14 7 3 12
5 15 10 7 28 3
5 15 10 5 7 3
5 15 16 14 5 7
5 15 10 5 32 3
5 15 14 29 3 12
5 15 5 11 7 3
5 15 16 5 11 7
5 15 14 11 7 3
5 15 16 14 11 7
5 15 5 11 24 3
5 15 14 11 29 3
5 15 4 11 29 3
5 15 16 14 11 29
5 15 4 16 11 29
5 15 4 16 14 29
5 15 5 32 24 3
5 15 10 32 3 19
5 15 4 10 3 19
5 15 11 24 3 19
5 15 4 11 3 19
5 15 4 11 24 19
5 15 32 24 3 19
5 20 25 14 17 21
5 20 16 14 17 21
5 20 16 25 14 17
5 20 15 16 25 14
5 20 4 16 25 17
5 20 25 14 28 21
5 20 15 14 28 21
5 20 15 25 14 28
5 20 16 14 5 21
5 20 15 14 5 21
5 20 15 16 14 5
5 20 25 10 27 21
5 20 17 27 0 21
5 20 25 27 0 21
5 20 25 17 0 21
5 20 16 5 9 21
5 20 16 17 9 21
5 20 4 25 17 1
5 20 4 16 17 11
5 20 15 4 16 25
5 20 25 10 28 21
5 20 15 10 28 21
5 20 15 25 10 28
5 20 15 10 5 21
5 20 23 10 27 21
5 20 23 10 24 27
5 20 17 27 9 21
5 20 23 27 9 21
5 20 23 24 27 9
5 20 10 1 24 27
5 20 25 10 1 27
5 20 17 1 27 0
5 20 25 1 27 0
5 20 25 17 1 0
5 20 1 24 27 6
5 20 17 1 27 6
5 20 23 10 5 21
5 20 23 10 5 24
5 20 23 5 9 21
5 20 23 5 24 9
5 20 5 11 24 9
5 20 16 5 11 9
5 20 16 17 11 9
5 20 15 5 11 24
5 20 15 16 5 11
5 20 4 17 1 6
5 20 4 25 1 19
5 20 4 11 24 6
5 20 4 17 11 6
5 20 15 4 11 24
5 20 15 4 16 11
5 20 15 4 25 10
5 20 24 27 6 9
5 20 17 27 6 9
5 20 10 1 24 19
5 20 25 10 1 19
5 20 11 24 6 9
5 20 17 11 6 9
5 20 10 5 32 24
5 20 15 5 32 24
5 20 15 10 5 32
5 20 1 24 6 19
5 20 4 24 6 19
5 20 4 1 6 19
5 20 4 25 10 19
5 20 15 4 24 19
5 20 15 4 10 19
5 20 10 32 24 19
5 20 15 32 24 19
5 20 15 10 32 19
5 30 25 14 29 12
5 30 15 14 29 12
5 30 15 4 14 29
5 30 25 29 28 12
5 30 25 14 28 12
5 30 25 14 17 29
5 30 4 14 17 29
5 30 4 25 17 29
5 30 4 25 14 17
5 30 15 14 28 12
5 30 25 29 28 2
5 30 15 25 14 28
5 30 29 28 3 12
5 30 15 28 3 12
5 30 15 29 3 12
5 30 15 4 29 3
5 30 25 10 28 2
5 30 25 8 29 2
5 30 4 25 8 29
5 30 15 25 10 28
5 30 15 4 25 10
5 30 4 16 25 14
5 30 15 16 25 14
5 30 15 4 16 14
5 30 15 4 16 25
5 30 4 8 29 3
5 30 15 10 28 3
5 30 15 4 10 3
5 30 29 28 3 2
5 30 8 29 3 2
5 30 25 10 8 2
5 30 4 25 10 8
5 30 10 28 3 2
5 30 10 8 3 2
5 30 10 8 3 19
5 30 4 8 3 19
5 30 4 10 3 19
5 30 4 10 8 19
