332
5 31 20 2 21 22
5 31 20 10 2 22
5 4 16 20 24 22
5 4 16 20 10 22
5 4 16 20 10 24
5 29 20 10 21 24
5 29 16 10 21 24
5 29 4 20 10 24
5 29 31 20 2 21
5 29 31 20 10 21
5 29 31 20 10 2
5 29 4 16 10 24
5 29 4 20 24 22
5 29 20 10 2 22
5 29 4 10 2 22
5 29 4 20 10 22
5 29 25 19 21 24
5 29 16 19 21 24
5 29 3 25 19 21
5 29 3 16 19 21
5 29 4 16 19 14
5 29 4 16 14 17
5 13 31 10 2 22
5 13 4 10 2 22
5 13 29 31 10 2
5 13 29 4 10 2
5 13 29 4 16 17
5 13 29 16 31 10
5 13 29 4 16 10
5 13 29 4 14 2
5 13 29 4 14 17
5 11 25 19 32 24
5 11 3 25 19 32
5 11 16 19 21 24
5 11 3 16 19 21
5 11 3 25 28 32
5 11 25 19 21 24
5 11 3 25 19 21
5 11 3 25 28 21
5 11 20 10 21 24
5 11 16 10 21 24
5 11 16 20 10 24
5 11 30 20 24 22
5 11 30 20 32 24
5 11 26 30 28 22
5 11 26 30 28 32
5 11 26 30 20 22
5 12 26 31 28 22
5 12 31 28 2 21
5 12 13 31 2 22
5 12 13 14 17 2
5 8 13 4 10 22
5 8 13 16 10 17
5 8 13 4 16 17
5 8 13 4 16 10
5 15 11 3 19 32
5 15 11 3 16 19
5 15 11 19 32 24
5 15 11 16 19 24
5 15 11 20 32 24
5 15 11 16 20 24
5 15 30 20 32 24
5 15 11 16 20 10
5 15 11 3 28 32
5 15 11 26 28 32
5 15 11 26 3 28
5 15 8 16 10 17
5 15 11 26 20 10
5 15 11 30 20 32
5 15 11 26 30 32
5 15 11 26 30 20
5 5 11 3 16 21
5 5 15 11 3 16
5 5 29 3 16 21
5 5 11 3 28 21
5 5 11 26 28 21
5 5 11 26 3 28
5 5 15 26 3 9
5 5 15 11 26 3
5 5 29 16 31 21
5 5 29 3 16 19
5 5 9 19 14 17
5 5 3 9 19 14
5 5 15 16 10 17
5 5 26 31 28 21
5 5 29 31 2 21
5 5 13 29 16 17
5 5 13 29 16 31
5 5 16 19 14 17
5 5 29 16 14 17
5 5 29 16 19 14
5 5 15 26 9 17
5 5 13 16 10 17
5 5 12 26 31 9
5 5 29 25 2 21
5 5 29 3 25 21
5 5 13 29 31 2
5 5 3 9 25 14
5 5 12 13 17 2
5 5 12 13 31 2
5 5 12 31 9 17
5 5 12 13 31 17
5 5 12 14 17 2
5 5 12 9 14 17
5 5 3 25 19 14
5 5 29 25 19 14
5 5 29 3 25 19
5 5 29 25 14 2
5 5 13 14 17 2
5 5 13 29 14 2
5 5 13 29 14 17
5 23 11 26 20 22
5 23 31 20 10 22
5 23 31 20 21 22
5 23 11 20 21 22
5 23 11 26 20 10
5 23 31 20 10 21
5 23 11 20 10 21
5 23 31 28 21 22
5 23 26 31 28 22
5 23 26 31 28 21
5 23 11 28 21 22
5 23 11 26 28 22
5 23 11 26 28 21
5 23 5 26 31 21
5 23 5 11 26 21
5 23 13 31 10 22
5 23 12 26 31 22
5 23 15 11 26 10
5 23 5 15 11 26
5 23 5 16 31 21
5 23 11 16 10 21
5 23 5 11 16 21
5 23 5 13 10 17
5 23 5 13 31 17
5 23 5 15 10 17
5 23 5 15 26 17
5 23 5 31 9 17
5 23 5 26 9 17
5 23 5 26 31 9
5 23 15 11 16 10
5 23 5 15 16 10
5 23 5 15 11 16
5 23 29 31 10 21
5 23 29 16 10 21
5 23 29 16 31 21
5 23 29 16 31 10
5 23 13 16 31 10
5 23 5 13 16 10
5 23 5 13 16 31
5 6 3 25 28 32
5 6 5 25 2 21
5 6 12 31 28 2
5 6 5 12 31 2
5 6 5 25 14 2
5 6 5 12 14 2
5 6 31 28 2 21
5 6 5 31 2 21
5 6 5 31 28 21
5 6 3 25 28 21
5 6 5 3 28 21
5 6 5 3 25 21
5 6 12 26 31 28
5 6 5 26 31 28
5 6 5 12 26 31
5 6 5 9 25 14
5 6 5 12 9 14
5 6 5 3 9 25
5 6 5 12 26 9
5 6 15 3 28 32
5 6 12 26 28 32
5 6 3 9 25 14
5 6 5 26 3 28
5 6 5 26 3 9
5 6 15 26 28 32
5 6 15 26 3 28
5 6 15 12 26 32
5 7 26 30 20 22
5 7 8 30 20 22
5 7 15 26 30 20
5 7 15 8 30 20
5 7 26 30 28 22
5 7 26 30 28 32
5 7 12 26 28 32
5 7 15 26 30 32
5 7 15 12 26 32
5 7 6 15 12 32
5 0 12 13 4 22
5 0 8 13 4 22
5 0 13 4 14 2
5 0 12 13 14 2
5 0 12 13 4 2
5 0 13 4 14 17
5 0 8 13 4 17
5 0 12 13 14 17
5 0 4 16 14 17
5 0 8 4 16 17
5 0 12 9 14 17
5 0 6 12 9 14
5 1 23 26 20 10
5 1 15 26 20 10
5 1 15 8 20 10
5 1 8 20 10 22
5 1 23 20 10 22
5 1 23 15 26 10
5 1 23 26 20 22
5 1 7 15 26 20
5 1 7 15 8 20
5 1 8 13 10 22
5 1 23 13 10 22
5 1 15 8 10 17
5 1 23 15 10 17
5 1 23 15 26 17
5 1 7 26 20 22
5 1 7 8 20 22
5 1 23 12 26 22
5 1 8 13 10 17
5 1 23 13 10 17
5 1 15 26 9 17
5 1 7 12 26 22
5 1 7 15 12 26
5 1 0 12 13 22
5 1 0 8 13 22
5 1 12 13 31 22
5 1 23 13 31 22
5 1 23 12 31 22
5 1 23 26 9 17
5 1 0 7 12 22
5 1 0 7 8 22
5 1 0 12 13 17
5 1 0 8 13 17
5 1 12 13 31 17
5 1 23 13 31 17
5 1 0 12 9 17
5 1 12 31 9 17
5 1 23 31 9 17
5 1 12 26 31 9
5 1 23 26 31 9
5 1 23 12 26 31
5 27 4 16 19 14
5 27 0 4 16 14
5 27 0 8 4 16
5 27 29 16 19 24
5 27 29 4 19 24
5 27 29 4 16 24
5 27 29 4 16 19
5 27 15 16 19 24
5 27 4 16 24 22
5 27 0 8 4 22
5 27 30 19 32 24
5 27 15 19 32 24
5 27 15 30 32 24
5 27 15 16 20 24
5 27 15 30 20 24
5 27 16 20 24 22
5 27 30 20 24 22
5 27 15 8 30 20
5 27 7 15 8 30
5 27 4 16 10 22
5 27 8 4 10 22
5 27 8 4 16 10
5 27 8 30 20 22
5 27 7 8 30 22
5 27 0 7 8 22
5 27 15 16 20 10
5 27 15 8 20 10
5 27 15 8 16 10
5 27 16 20 10 22
5 27 8 20 10 22
5 18 5 3 9 19
5 18 5 15 3 9
5 18 3 9 19 14
5 18 15 3 19 32
5 18 15 3 16 19
5 18 5 3 16 19
5 18 5 15 3 16
5 18 9 19 14 17
5 18 0 9 14 17
5 18 3 25 19 14
5 18 6 3 9 14
5 18 0 6 9 14
5 18 27 15 19 32
5 18 6 15 3 32
5 18 5 9 19 17
5 18 5 16 19 17
5 18 5 15 9 17
5 18 5 15 16 17
5 18 16 19 14 17
5 18 0 16 14 17
5 18 6 3 25 14
5 18 15 8 16 17
5 18 1 15 9 17
5 18 1 15 8 17
5 18 0 8 16 17
5 18 1 0 9 17
5 18 1 0 8 17
5 18 27 15 16 19
5 18 27 15 8 16
5 18 27 0 8 16
5 18 27 7 15 8
5 18 27 0 7 8
5 18 1 7 15 8
5 18 1 0 7 8
5 18 3 25 19 32
5 18 6 3 25 32
5 18 27 30 19 32
5 18 27 15 30 32
5 18 7 6 15 32
5 18 15 26 3 9
5 18 6 26 3 9
5 18 6 15 26 3
5 18 7 15 30 32
5 18 27 16 19 14
5 18 27 0 16 14
5 18 30 25 19 32
5 18 30 25 19 14
5 18 27 7 15 30
5 18 27 0 7 30
5 18 1 7 15 12
5 18 1 0 12 9
5 18 1 0 7 12
5 18 27 30 19 14
5 18 27 0 30 14
5 18 7 6 15 12
5 18 6 12 26 9
5 18 6 15 12 26
5 18 7 6 30 32
5 18 0 6 12 9
5 18 0 7 6 12
5 18 1 12 26 9
5 18 1 15 26 9
5 18 1 15 12 26
