201
5 22 11 14 0 21
5 23 22 14 0 21
5 23 22 20 14 21
5 23 22 14 0 25
5 10 22 7 11 0
5 10 22 7 0 25
5 17 10 13 7 12
5 2 15 20 14 21
5 2 22 20 14 21
5 2 22 11 14 21
5 2 22 11 20 21
5 2 17 11 20 21
5 2 17 15 20 12
5 9 1 23 14 25
5 9 15 20 14 21
5 9 23 20 14 21
5 3 23 22 0 21
5 3 23 22 20 21
5 3 9 23 20 21
5 3 22 11 0 21
5 3 22 11 20 21
5 3 17 10 13 7
5 3 10 22 11 0
5 8 2 22 11 20
5 8 2 15 20 12
5 8 2 15 11 12
5 8 2 17 20 12
5 8 2 17 11 12
5 8 2 17 11 20
5 8 17 10 11 12
5 8 3 22 11 20
5 8 3 10 22 20
5 8 3 10 22 11
5 4 23 22 20 14
5 4 23 22 0 25
5 4 10 22 0 25
5 4 10 22 7 25
5 4 9 1 23 14
5 4 3 23 22 0
5 4 3 10 22 0
5 4 3 23 22 20
5 4 3 10 22 20
5 4 8 10 22 20
5 19 17 10 11 12
5 19 17 10 7 12
5 19 17 10 7 11
5 19 8 10 11 12
5 19 10 22 7 11
5 19 8 10 22 11
5 19 10 13 7 12
5 19 4 10 22 7
5 19 4 22 7 25
5 6 3 23 0 21
5 6 3 9 13 21
5 6 3 9 23 21
5 6 3 10 7 0
5 6 3 10 13 7
5 6 4 3 23 0
5 6 4 3 10 0
5 6 10 7 0 25
5 6 4 23 0 25
5 6 4 10 0 25
5 6 4 10 7 25
5 6 19 10 13 7
5 6 19 4 10 7
5 6 19 4 10 13
5 6 19 4 7 25
5 16 3 17 13 21
5 16 3 9 20 21
5 16 3 9 13 21
5 16 17 11 20 21
5 16 3 11 20 21
5 16 3 17 11 21
5 16 3 17 10 13
5 16 17 13 12 21
5 16 9 13 12 21
5 16 6 3 9 13
5 16 3 17 10 11
5 16 17 15 12 21
5 16 17 15 20 12
5 16 9 15 12 21
5 16 9 15 20 21
5 16 8 17 20 12
5 16 8 17 11 20
5 16 8 17 10 11
5 16 8 3 11 20
5 16 8 3 10 20
5 16 8 3 10 11
5 16 17 10 13 12
5 16 8 17 10 12
5 16 2 15 20 21
5 16 2 17 20 21
5 16 2 17 15 21
5 16 2 17 15 20
5 16 19 8 10 12
5 5 2 1 15 14
5 5 2 1 15 11
5 5 8 2 15 11
5 5 8 2 22 11
5 5 2 22 11 14
5 5 2 15 20 14
5 5 8 2 15 20
5 5 2 22 20 14
5 5 8 2 22 20
5 5 1 15 11 12
5 5 8 15 11 12
5 5 19 8 22 11
5 5 8 15 20 12
5 5 4 22 20 14
5 5 4 8 22 20
5 5 19 1 11 12
5 5 19 8 11 12
5 5 19 4 22 25
5 5 19 4 1 25
5 5 4 8 10 22
5 5 19 8 10 22
5 5 19 4 10 22
5 5 19 4 8 10
5 5 23 22 14 25
5 5 4 23 22 25
5 5 4 23 22 14
5 5 1 23 14 25
5 5 4 1 23 25
5 5 4 1 23 14
5 24 3 9 23 20
5 24 16 3 9 20
5 24 6 3 9 23
5 24 16 6 3 9
5 24 9 23 20 14
5 24 4 23 20 14
5 24 4 9 23 14
5 24 4 3 23 20
5 24 6 4 3 23
5 24 16 6 3 13
5 24 5 4 20 14
5 24 6 9 23 25
5 24 6 4 23 25
5 24 16 6 9 13
5 24 16 3 10 20
5 24 16 3 10 13
5 24 9 15 20 14
5 24 5 15 20 14
5 24 4 9 1 14
5 24 5 4 1 14
5 24 16 15 20 12
5 24 16 9 15 20
5 24 6 9 1 13
5 24 9 1 23 25
5 24 4 1 23 25
5 24 4 9 1 23
5 24 6 9 1 25
5 24 4 3 10 20
5 24 6 3 10 13
5 24 6 4 10 13
5 24 6 4 3 10
5 24 9 1 15 14
5 24 5 1 15 14
5 24 4 8 10 20
5 24 16 8 10 20
5 24 19 4 10 13
5 24 5 4 8 20
5 24 6 19 1 13
5 24 6 19 4 13
5 24 19 4 1 25
5 24 6 19 1 25
5 24 6 19 4 25
5 24 19 4 8 10
5 24 5 19 4 1
5 24 5 19 4 8
5 18 9 1 15 12
5 18 24 9 1 15
5 18 5 1 15 12
5 18 24 5 1 15
5 18 16 9 15 12
5 18 24 16 15 12
5 18 24 16 9 15
5 18 24 9 1 13
5 18 5 15 20 12
5 18 24 15 20 12
5 18 24 5 15 20
5 18 5 19 1 12
5 18 24 5 19 1
5 18 16 9 13 12
5 18 24 16 9 13
5 18 24 19 1 13
5 18 5 8 20 12
5 18 24 5 8 20
5 18 5 19 8 12
5 18 24 5 19 8
5 18 16 8 20 12
5 18 24 16 20 12
5 18 24 16 8 20
5 18 16 19 8 12
5 18 19 10 13 12
5 18 16 10 13 12
5 18 16 19 10 12
5 18 24 19 10 13
5 18 24 16 10 13
5 18 16 19 8 10
5 18 24 19 8 10
5 18 24 16 8 10
