327
5 21 22 8 5 17
5 21 22 8 5 27
5 21 0 22 32 27
5 7 21 22 8 27
5 6 10 32 5 27
5 2 26 8 5 17
5 2 21 8 5 17
5 2 21 8 5 27
5 2 7 21 8 27
5 2 6 23 5 27
5 2 6 21 5 27
5 2 6 21 19 27
5 4 21 0 22 27
5 4 7 21 22 27
5 4 21 0 19 27
5 4 2 21 19 27
5 4 2 7 21 27
5 9 7 21 22 8
5 9 21 22 8 17
5 9 2 7 21 8
5 9 4 7 21 19
5 30 1 26 23 5
5 30 2 26 23 5
5 30 2 26 8 5
5 30 9 2 26 8
5 29 1 26 5 17
5 29 2 19 5 17
5 29 2 26 5 17
5 29 2 26 19 17
5 29 1 10 5 17
5 29 1 26 23 5
5 15 6 10 23 5
5 15 29 19 5 17
5 15 1 10 23 5
5 15 29 1 23 5
5 15 29 1 10 5
5 15 2 21 19 5
5 15 2 6 21 5
5 15 2 6 21 19
5 15 2 6 23 5
5 15 29 2 19 5
5 15 21 0 32 27
5 15 6 0 32 27
5 15 6 21 32 27
5 15 21 0 19 27
5 15 6 21 19 27
5 15 2 26 23 5
5 15 29 26 23 5
5 15 29 2 26 5
5 15 29 2 26 23
5 15 4 6 19 27
5 20 9 4 7 19
5 20 9 2 26 19
5 20 30 9 2 26
5 20 9 2 7 8
5 20 30 2 7 8
5 20 30 9 2 8
5 20 4 2 21 19
5 20 9 2 21 19
5 20 9 4 21 19
5 20 4 2 7 21
5 20 9 2 7 21
5 20 9 4 7 21
5 20 29 2 26 19
5 20 30 2 26 23
5 20 29 2 26 23
5 20 15 2 6 23
5 20 15 2 6 19
5 20 15 4 6 19
5 20 2 6 23 27
5 20 4 6 23 27
5 20 2 6 19 27
5 20 4 6 19 27
5 20 4 2 19 27
5 20 15 29 2 23
5 20 15 29 2 19
5 16 29 26 19 17
5 16 2 26 19 17
5 16 9 2 26 19
5 16 2 21 19 17
5 16 9 2 21 19
5 16 2 26 8 17
5 16 9 2 26 8
5 16 29 1 26 17
5 16 2 21 8 17
5 16 9 21 8 17
5 16 9 2 21 8
5 16 9 21 22 17
5 16 3 22 8 17
5 16 9 22 8 17
5 16 29 1 3 17
5 28 15 29 1 23
5 28 15 1 10 23
5 28 15 6 10 23
5 28 29 1 26 23
5 28 15 29 1 10
5 28 20 30 26 23
5 28 20 29 26 23
5 28 20 15 6 23
5 28 20 15 29 23
5 28 20 15 29 19
5 31 6 10 32 5
5 31 15 6 10 5
5 31 15 6 10 32
5 31 15 6 21 5
5 31 15 6 21 32
5 31 3 10 5 17
5 31 3 10 32 5
5 31 29 10 5 17
5 31 15 29 5 17
5 31 15 29 10 5
5 31 6 32 5 27
5 31 6 21 5 27
5 31 6 21 32 27
5 31 3 22 5 17
5 31 3 22 32 5
5 31 21 22 5 17
5 31 15 19 5 17
5 31 15 21 19 5
5 31 22 32 5 27
5 31 21 22 5 27
5 31 21 22 32 27
5 31 2 19 5 17
5 31 2 21 5 17
5 31 2 21 19 17
5 31 2 21 19 5
5 31 16 21 19 17
5 31 1 3 10 17
5 31 29 1 10 17
5 31 29 1 3 17
5 31 29 1 3 10
5 31 16 29 3 17
5 31 16 21 22 17
5 31 16 3 22 17
5 31 15 29 19 17
5 31 16 29 19 17
5 31 15 21 0 32
5 31 15 21 0 19
5 31 21 0 22 32
5 31 3 22 32 25
5 31 16 9 21 19
5 31 16 9 21 22
5 12 28 15 29 19
5 12 4 7 21 22
5 12 20 15 4 19
5 12 28 20 15 19
5 12 4 0 19 27
5 12 15 0 19 27
5 12 15 4 19 27
5 12 4 0 22 27
5 12 4 21 0 19
5 12 4 21 0 22
5 12 20 4 6 23
5 12 28 20 6 23
5 12 20 15 4 6
5 12 28 20 15 6
5 12 15 6 0 27
5 12 15 4 6 27
5 18 31 22 32 25
5 18 31 0 22 32
5 18 31 21 0 22
5 18 12 21 0 22
5 18 31 21 0 19
5 18 12 21 0 19
5 18 31 15 29 19
5 18 12 15 29 19
5 18 31 3 22 25
5 18 31 16 3 22
5 18 31 16 9 19
5 18 31 16 9 22
5 18 31 16 29 19
5 18 31 9 21 19
5 18 31 9 21 22
5 18 31 16 29 3
5 18 16 9 22 8
5 18 9 7 22 8
5 18 9 7 21 22
5 18 12 7 21 22
5 18 9 7 21 19
5 18 12 9 7 19
5 18 12 28 29 19
5 18 4 7 21 19
5 18 12 4 21 19
5 18 12 4 7 19
5 18 12 4 7 21
5 11 18 31 15 19
5 11 18 12 15 19
5 11 31 15 0 19
5 11 12 15 0 19
5 11 18 31 0 19
5 11 18 12 0 19
5 11 31 15 0 32
5 11 18 31 0 32
5 11 18 31 15 29
5 11 15 6 0 32
5 11 12 15 6 0
5 11 31 15 10 32
5 11 31 15 29 10
5 11 18 31 32 25
5 11 18 12 15 29
5 11 12 28 15 6
5 11 0 22 32 25
5 11 18 22 32 25
5 11 18 0 22 32
5 11 12 0 22 25
5 11 18 12 22 25
5 11 18 12 0 22
5 11 15 6 10 32
5 11 31 3 10 32
5 11 31 29 3 10
5 11 31 3 32 25
5 11 18 31 3 25
5 11 18 31 29 3
5 11 12 28 15 29
5 11 18 12 28 29
5 11 28 15 6 10
5 11 28 15 29 10
5 11 3 10 32 25
5 11 1 3 10 25
5 11 29 1 3 10
5 11 28 29 1 10
5 24 20 9 7 19
5 24 28 20 30 23
5 24 20 30 9 26
5 24 20 4 7 19
5 24 30 9 26 8
5 24 20 9 7 8
5 24 20 30 7 8
5 24 20 30 9 8
5 24 30 4 2 7
5 24 20 4 2 7
5 24 20 30 2 7
5 14 11 29 1 3
5 14 11 18 29 3
5 14 16 29 1 3
5 14 18 16 29 3
5 14 11 1 3 25
5 14 11 18 3 25
5 14 11 28 29 1
5 14 11 18 28 29
5 14 11 28 1 25
5 14 18 3 22 25
5 14 18 16 3 22
5 14 16 29 1 26
5 14 28 29 1 26
5 14 3 22 25 8
5 14 16 3 22 8
5 14 18 16 22 8
5 14 16 29 26 19
5 14 18 16 29 19
5 14 16 3 8 17
5 14 16 1 3 17
5 14 7 22 25 8
5 14 18 7 22 8
5 14 18 7 22 25
5 14 24 7 25 8
5 14 24 18 7 25
5 14 16 9 26 19
5 14 18 16 9 19
5 14 28 20 29 26
5 14 18 28 29 19
5 14 24 18 28 19
5 14 24 28 30 23
5 14 16 26 8 17
5 14 16 1 26 17
5 14 24 30 26 8
5 14 18 9 7 8
5 14 24 9 7 8
5 14 24 18 9 7
5 14 16 9 26 8
5 14 18 16 9 8
5 14 24 9 26 8
5 14 30 1 26 23
5 14 28 1 26 23
5 14 28 30 26 23
5 14 28 20 30 26
5 14 24 20 30 26
5 14 24 28 20 30
5 14 20 29 26 19
5 14 20 9 26 19
5 14 28 20 29 19
5 14 24 28 20 19
5 14 24 20 9 26
5 14 24 20 9 19
5 14 24 18 9 19
5 13 18 12 28 19
5 13 24 18 28 19
5 13 12 28 20 19
5 13 24 28 20 19
5 13 18 12 9 19
5 13 24 18 9 19
5 13 14 24 18 28
5 13 12 20 4 19
5 13 24 20 4 19
5 13 12 28 20 23
5 13 24 28 20 23
5 13 12 9 7 19
5 13 24 9 7 19
5 13 18 12 9 7
5 13 24 18 9 7
5 13 11 18 12 28
5 13 14 11 18 28
5 13 14 24 18 25
5 13 12 4 7 19
5 13 24 4 7 19
5 13 12 20 4 23
5 13 24 20 4 23
5 13 24 18 7 25
5 13 14 11 28 25
5 13 11 18 12 25
5 13 14 11 18 25
5 13 12 28 6 23
5 13 11 12 28 6
5 13 18 7 22 25
5 13 18 12 22 25
5 13 18 12 7 22
5 13 12 4 7 22
5 13 4 6 23 27
5 13 12 4 6 27
5 13 12 4 6 23
5 13 11 12 0 25
5 13 12 4 22 27
5 13 12 6 0 27
5 13 11 12 6 0
5 13 0 22 25 27
5 13 12 0 22 27
5 13 12 0 22 25
