217
5 23 18 8 12 16
5 0 23 18 8 16
5 0 9 24 23 18
5 17 19 8 12 16
5 17 25 24 7 3
5 13 0 23 18 8
5 13 23 18 8 12
5 13 23 8 12 16
5 13 0 23 8 16
5 13 17 0 24 7
5 13 17 8 12 16
5 13 17 0 7 16
5 13 0 24 23 16
5 13 17 0 24 16
5 13 17 19 8 16
5 13 17 19 7 16
5 13 17 19 8 12
5 13 17 19 7 12
5 6 0 5 18 8
5 6 13 0 18 8
5 21 17 25 24 3
5 21 17 25 24 7
5 20 17 25 7 3
5 20 17 24 7 3
5 20 17 0 24 7
5 20 17 24 3 16
5 20 17 0 24 16
5 20 9 24 7 3
5 20 11 9 7 3
5 20 11 6 9 7
5 20 11 6 9 18
5 14 6 19 7 8
5 14 6 13 7 8
5 14 5 18 8 12
5 14 13 18 8 12
5 14 6 5 18 8
5 14 6 13 18 8
5 10 21 9 24 3
5 10 21 25 24 3
5 10 21 25 9 3
5 10 9 24 7 3
5 10 25 24 7 3
5 10 25 9 7 3
5 10 21 25 24 7
5 10 14 21 25 7
5 10 21 9 24 23
5 22 20 17 25 7
5 22 17 25 19 12
5 22 20 6 19 7
5 22 17 25 19 3
5 22 20 17 25 3
5 22 14 6 19 7
5 22 20 25 7 3
5 22 20 11 7 3
5 22 20 11 6 7
5 22 11 25 19 3
5 22 20 11 19 3
5 22 20 11 6 19
5 4 17 19 7 16
5 4 17 0 7 16
5 4 20 17 0 16
5 4 20 17 0 7
5 4 20 17 3 16
5 4 22 17 19 7
5 4 22 20 19 7
5 4 22 20 17 7
5 4 22 17 19 3
5 4 22 20 19 3
5 4 22 20 17 3
5 4 13 19 8 16
5 4 13 19 7 16
5 4 13 19 7 8
5 4 13 0 8 16
5 4 13 0 7 16
5 4 0 5 8 16
5 4 6 19 7 8
5 4 20 6 19 7
5 4 20 6 0 7
5 4 6 13 7 8
5 4 6 13 0 8
5 4 6 13 0 7
5 4 6 19 5 8
5 4 6 0 5 8
5 4 11 6 19 5
5 4 20 11 6 19
5 4 6 0 5 18
5 4 20 6 0 18
5 4 11 6 5 18
5 4 20 11 6 18
5 15 11 6 19 5
5 15 11 6 5 18
5 15 14 6 5 18
5 15 22 11 6 19
5 15 14 5 18 12
5 15 22 11 25 19
5 15 22 11 6 7
5 15 22 14 6 7
5 15 9 23 18 12
5 15 14 23 18 12
5 15 14 9 23 12
5 15 14 9 23 18
5 15 11 6 9 7
5 15 14 6 9 7
5 15 22 14 25 7
5 15 21 25 9 3
5 15 25 9 7 3
5 15 11 9 7 3
5 15 10 21 25 9
5 15 10 14 21 9
5 15 10 14 21 25
5 15 10 25 9 7
5 15 10 14 9 7
5 15 10 14 25 7
5 15 22 25 7 3
5 15 22 11 7 3
5 15 22 11 25 3
5 2 14 9 23 18
5 2 10 21 9 23
5 2 10 14 21 9
5 2 13 23 18 12
5 2 14 23 18 12
5 2 14 13 18 12
5 2 14 13 23 12
5 2 9 24 23 18
5 2 10 9 24 23
5 2 13 0 23 18
5 2 0 24 23 18
5 2 13 0 24 23
5 2 10 13 24 23
5 2 0 9 24 18
5 2 10 9 24 7
5 2 10 14 9 7
5 2 10 13 24 7
5 2 10 14 13 7
5 2 20 0 9 18
5 2 20 0 9 24
5 2 20 9 24 7
5 2 6 13 0 18
5 2 14 6 13 18
5 2 13 0 24 7
5 2 20 6 9 18
5 2 20 6 0 18
5 2 20 0 24 7
5 2 20 6 9 7
5 2 14 6 9 7
5 2 6 13 0 7
5 2 14 6 13 7
5 2 15 14 9 18
5 2 15 14 6 18
5 2 15 14 6 9
5 2 20 6 0 7
5 2 11 6 9 18
5 2 15 11 9 18
5 2 15 11 6 18
5 2 15 11 6 9
5 1 22 14 6 19
5 1 15 22 6 19
5 1 15 22 14 6
5 1 15 6 19 5
5 1 15 14 6 5
5 1 6 19 5 8
5 1 14 6 5 8
5 1 14 6 19 8
5 1 15 19 5 12
5 1 15 14 5 12
5 1 22 14 19 7
5 1 22 25 19 12
5 1 15 22 25 19
5 1 15 22 14 25
5 1 19 5 8 12
5 1 14 5 8 12
5 1 14 19 7 8
5 1 17 19 7 12
5 1 22 17 19 12
5 1 22 17 19 7
5 1 22 14 25 7
5 1 15 14 21 25
5 1 13 19 8 12
5 1 13 19 7 12
5 1 13 19 7 8
5 1 14 13 8 12
5 1 14 13 7 8
5 1 22 17 25 12
5 1 22 17 25 7
5 1 14 21 25 7
5 1 15 14 9 12
5 1 15 14 21 9
5 1 21 17 25 12
5 1 21 17 25 7
5 1 21 9 23 12
5 1 14 9 23 12
5 1 13 17 7 12
5 1 14 13 23 12
5 1 10 14 13 7
5 1 10 14 21 7
5 1 2 21 9 23
5 1 2 14 9 23
5 1 2 14 21 9
5 1 2 10 21 23
5 1 2 10 14 21
5 1 13 23 12 16
5 1 13 17 12 16
5 1 21 23 12 16
5 1 21 17 12 16
5 1 13 17 24 7
5 1 10 13 24 7
5 1 21 17 24 7
5 1 10 21 24 7
5 1 10 13 24 23
5 1 10 21 24 23
5 1 2 14 13 23
5 1 2 10 13 23
5 1 2 10 14 13
5 1 13 24 23 16
5 1 13 17 24 16
5 1 21 24 23 16
5 1 21 17 24 16
