240
5 14 15 11 13 23
5 24 13 2 23 4
5 24 14 13 23 4
5 24 15 13 2 23
5 24 14 15 13 23
5 24 16 15 13 2
5 24 15 10 2 23
5 0 14 11 19 4
5 0 14 11 13 4
5 8 7 19 12 1
5 8 16 7 12 1
5 8 0 11 19 1
5 8 7 14 11 19
5 8 15 11 13 1
5 6 8 7 12 4
5 6 9 10 12 2
5 6 16 10 12 2
5 6 8 7 15 10
5 6 8 16 15 10
5 6 8 16 7 15
5 6 16 15 10 2
5 6 24 15 10 2
5 6 24 16 15 2
5 3 24 14 13 4
5 3 0 14 13 4
5 3 9 13 2 4
5 3 24 13 2 4
5 3 24 2 23 4
5 3 24 14 23 4
5 3 0 22 19 4
5 3 0 14 19 4
5 3 0 14 22 19
5 3 10 2 23 4
5 3 9 10 2 4
5 3 14 11 19 4
5 3 14 22 11 19
5 3 14 11 23 4
5 3 6 7 12 4
5 3 6 9 10 12
5 3 8 11 19 4
5 3 8 7 11 19
5 3 6 8 10 4
5 3 6 8 7 4
5 3 8 19 12 4
5 3 8 7 12 4
5 3 8 7 19 12
5 25 24 9 13 2
5 25 3 0 14 13
5 25 3 0 14 22
5 25 3 9 13 4
5 25 3 0 13 4
5 25 3 0 22 4
5 25 0 22 19 4
5 25 0 24 22 13
5 25 0 24 14 13
5 25 0 24 14 22
5 25 3 22 19 4
5 25 3 6 7 12
5 25 7 22 19 12
5 25 3 7 19 12
5 25 3 7 22 19
5 20 14 15 11 13
5 20 0 14 11 13
5 20 8 15 11 13
5 20 24 14 15 13
5 20 0 24 14 13
5 20 8 14 15 11
5 20 0 11 13 1
5 20 8 11 13 1
5 20 8 0 11 1
5 20 8 15 13 1
5 20 24 16 15 13
5 20 0 24 14 22
5 20 0 14 11 19
5 20 8 14 11 19
5 20 8 0 11 19
5 20 16 15 13 1
5 20 8 0 19 1
5 20 0 24 22 13
5 20 8 7 14 19
5 20 8 7 14 15
5 20 0 22 19 1
5 20 8 7 19 1
5 20 24 16 13 2
5 20 0 14 22 19
5 20 25 0 22 13
5 20 8 16 15 1
5 20 8 16 7 1
5 20 8 16 7 15
5 20 25 24 13 2
5 20 25 24 22 13
5 20 16 13 2 1
5 20 16 7 12 1
5 20 7 19 12 1
5 20 7 22 19 12
5 5 25 3 6 7
5 5 3 8 7 11
5 5 25 3 7 22
5 5 8 7 14 15
5 5 6 16 7 15
5 5 6 24 16 15
5 5 8 7 14 11
5 5 3 14 22 11
5 5 25 7 22 12
5 5 25 6 7 12
5 5 6 24 9 2
5 5 25 24 9 2
5 5 25 6 9 2
5 5 20 7 14 15
5 5 20 24 14 22
5 5 20 24 14 15
5 5 20 16 7 22
5 5 20 16 7 15
5 5 16 7 22 12
5 5 6 16 7 12
5 5 20 24 16 15
5 5 14 22 11 19
5 5 7 14 11 19
5 5 3 22 11 19
5 5 3 7 11 19
5 5 3 7 22 19
5 5 20 25 24 22
5 5 6 24 16 2
5 5 20 14 22 19
5 5 20 7 22 19
5 5 20 7 14 19
5 17 6 8 7 10
5 17 3 6 8 10
5 17 3 6 8 7
5 17 5 3 8 7
5 17 5 3 6 7
5 17 8 7 15 10
5 17 5 8 7 15
5 17 6 7 15 10
5 17 5 6 7 15
5 17 8 15 10 23
5 17 8 10 23 4
5 17 3 10 23 4
5 17 3 8 10 4
5 17 5 3 8 11
5 17 6 24 15 10
5 17 5 6 24 10
5 17 5 6 24 15
5 17 24 15 10 23
5 17 5 24 10 23
5 17 8 15 11 23
5 17 8 11 23 4
5 17 3 11 23 4
5 17 3 8 11 4
5 17 3 14 11 23
5 17 5 3 14 23
5 17 5 3 14 11
5 17 24 14 15 23
5 17 5 24 14 23
5 17 5 24 14 15
5 17 14 15 11 23
5 17 8 14 15 11
5 17 5 8 14 11
5 17 5 8 14 15
5 21 3 6 9 12
5 21 25 6 9 12
5 21 25 3 9 12
5 21 25 3 6 12
5 21 5 25 6 9
5 21 5 25 3 6
5 21 5 6 24 9
5 21 5 25 24 9
5 21 3 6 9 10
5 21 5 6 24 10
5 21 6 9 10 2
5 21 6 24 10 2
5 21 6 24 9 2
5 21 3 9 10 2
5 21 5 24 10 23
5 21 17 3 6 10
5 21 17 5 6 10
5 21 17 5 3 6
5 21 3 24 14 13
5 21 25 24 14 13
5 21 25 24 9 13
5 21 25 3 14 13
5 21 25 3 9 13
5 21 3 24 14 23
5 21 5 24 14 23
5 21 5 3 14 23
5 21 25 24 14 22
5 21 5 24 14 22
5 21 5 25 24 22
5 21 25 3 14 22
5 21 5 3 14 22
5 21 5 25 3 22
5 21 24 10 2 23
5 21 3 10 2 23
5 21 3 24 2 23
5 21 24 9 13 2
5 21 3 9 13 2
5 21 3 24 13 2
5 21 17 3 10 23
5 21 17 5 10 23
5 21 17 5 3 23
5 18 20 0 13 1
5 18 20 25 0 13
5 18 20 0 22 1
5 18 20 25 0 22
5 18 9 13 2 1
5 18 20 13 2 1
5 18 25 9 13 2
5 18 20 25 13 2
5 18 0 22 19 1
5 18 25 0 22 19
5 18 9 12 2 1
5 18 25 22 19 12
5 18 20 19 12 1
5 18 20 22 19 1
5 18 20 22 19 12
5 18 16 12 2 1
5 18 20 16 2 1
5 18 20 16 12 1
5 18 6 9 12 2
5 18 25 6 9 2
5 18 25 6 9 12
5 18 5 16 22 12
5 18 5 25 22 12
5 18 16 7 22 12
5 18 20 7 22 12
5 18 20 16 7 12
5 18 20 16 7 22
5 18 5 20 16 22
5 18 5 20 25 22
5 18 6 16 12 2
5 18 20 24 16 2
5 18 20 25 24 2
5 18 5 6 16 12
5 18 5 25 6 12
5 18 5 20 24 16
5 18 5 20 25 24
5 18 5 6 16 2
5 18 5 25 6 2
5 18 5 24 16 2
5 18 5 25 24 2
