320
5 19 4 25 31 23
5 30 21 22 31 29
5 30 21 22 25 31
5 30 21 32 14 29
5 16 21 14 31 29
5 12 10 22 4 27
5 12 10 22 4 25
5 3 21 4 25 31
5 3 21 22 25 31
5 3 21 22 4 25
5 3 16 10 22 27
5 3 21 22 31 29
5 3 16 22 31 29
5 3 16 21 31 29
5 3 16 10 22 14
5 3 21 22 14 29
5 3 16 22 14 29
5 3 16 21 14 29
5 11 21 32 14 29
5 11 21 22 14 29
5 11 7 22 14 29
5 11 30 21 32 29
5 11 30 21 22 29
5 11 30 21 22 25
5 28 11 21 32 14
5 28 11 7 22 14
5 28 11 12 7 22
5 28 7 22 14 27
5 28 12 7 22 27
5 28 10 22 14 27
5 28 12 10 22 27
5 28 10 21 22 14
5 28 11 21 22 14
5 28 12 10 22 25
5 28 11 12 22 25
5 28 10 21 22 25
5 28 11 21 22 25
5 28 10 21 4 25
5 28 12 10 4 25
5 13 3 21 22 4
5 13 3 10 22 4
5 13 21 22 4 25
5 13 10 22 4 25
5 13 10 21 4 25
5 13 10 21 22 25
5 13 28 10 21 4
5 13 10 21 22 14
5 13 3 21 22 14
5 13 3 10 22 14
5 13 3 10 4 27
5 13 3 16 10 14
5 8 28 7 14 27
5 8 7 22 14 27
5 8 10 22 14 27
5 8 16 10 22 27
5 8 28 10 14 27
5 8 3 16 10 27
5 17 16 19 31 29
5 17 1 16 19 29
5 17 1 16 19 31
5 17 16 14 31 29
5 17 16 22 14 29
5 17 8 1 16 7
5 17 7 22 14 29
5 17 8 7 22 14
5 17 16 10 22 14
5 17 8 10 22 14
5 17 8 16 10 14
5 17 8 16 10 22
5 17 16 7 22 27
5 17 8 7 22 27
5 17 8 16 22 27
5 17 8 16 7 27
5 0 13 16 10 14
5 0 13 3 16 10
5 0 8 3 16 10
5 0 8 3 16 27
5 0 8 3 10 27
5 18 30 32 14 29
5 18 1 30 32 29
5 18 30 21 32 14
5 18 17 7 14 29
5 18 1 7 32 29
5 18 17 1 7 29
5 18 11 32 14 29
5 18 11 7 14 29
5 18 11 7 32 29
5 18 17 8 7 14
5 18 17 8 1 7
5 18 28 21 32 14
5 18 28 11 32 14
5 18 28 11 7 14
5 18 8 28 7 14
5 18 1 6 7 32
5 26 18 6 7 32
5 26 18 28 6 32
5 26 28 11 12 7
5 26 18 11 7 32
5 26 18 28 11 32
5 26 18 28 11 7
5 26 28 12 7 27
5 26 11 32 25 23
5 24 17 8 16 14
5 24 8 16 10 14
5 24 0 16 10 14
5 24 0 8 16 10
5 24 18 17 8 14
5 24 17 8 1 16
5 24 8 28 10 14
5 24 0 8 28 10
5 24 18 8 28 14
5 24 18 17 8 1
5 24 8 1 16 7
5 24 18 8 1 7
5 24 1 6 19 23
5 15 0 19 31 23
5 15 0 16 19 31
5 15 0 3 4 31
5 15 0 3 16 31
5 15 0 3 16 27
5 15 24 0 19 23
5 15 28 12 4 23
5 15 12 10 4 27
5 15 13 3 4 27
5 15 0 13 3 4
5 15 26 28 12 23
5 15 28 12 10 27
5 15 28 12 10 4
5 15 13 10 4 27
5 15 13 3 10 27
5 15 0 3 10 27
5 15 0 13 3 10
5 15 24 8 28 27
5 15 24 0 8 27
5 15 24 0 8 28
5 15 8 28 10 27
5 15 0 8 10 27
5 15 0 8 28 10
5 15 13 28 10 4
5 15 0 13 28 4
5 15 0 13 28 10
5 5 18 30 14 29
5 5 18 17 14 29
5 5 30 21 14 29
5 5 18 1 30 29
5 5 18 17 1 29
5 5 21 14 31 29
5 5 17 14 31 29
5 5 30 21 31 29
5 5 1 30 19 29
5 5 17 1 19 29
5 5 30 19 31 29
5 5 17 19 31 29
5 5 17 1 19 31
5 5 17 16 14 31
5 5 17 1 16 31
5 5 1 6 30 19
5 5 24 17 16 14
5 5 24 0 16 14
5 5 24 17 1 16
5 5 24 0 1 16
5 5 16 21 14 31
5 5 1 16 19 31
5 5 0 16 19 31
5 5 0 1 16 19
5 5 1 6 30 32
5 5 18 1 30 32
5 5 18 1 6 32
5 5 24 28 10 14
5 5 24 0 10 14
5 5 24 0 28 10
5 5 0 13 16 14
5 5 0 19 31 23
5 5 0 3 4 31
5 5 0 13 10 14
5 5 0 13 28 10
5 5 3 16 21 31
5 5 0 3 16 31
5 5 0 13 3 16
5 5 3 16 21 14
5 5 13 3 21 14
5 5 13 3 16 14
5 5 15 0 31 23
5 5 15 0 4 31
5 5 0 13 3 4
5 5 28 10 21 14
5 5 13 10 21 14
5 5 13 28 10 21
5 5 0 13 28 4
5 5 15 24 0 28
5 5 15 0 28 4
5 2 15 26 28 23
5 2 15 24 28 23
5 2 15 24 28 27
5 2 15 26 12 23
5 2 26 28 7 27
5 2 26 28 12 27
5 2 15 28 12 27
5 2 15 26 28 12
5 2 24 1 6 7
5 2 26 18 6 7
5 2 26 18 28 7
5 2 15 24 0 27
5 2 8 28 7 27
5 2 24 8 7 27
5 2 24 8 28 27
5 2 18 8 28 7
5 2 24 18 8 7
5 2 24 18 8 28
5 9 24 18 28 14
5 9 5 18 28 14
5 9 5 24 28 14
5 9 24 18 17 14
5 9 5 18 17 14
5 9 5 24 17 14
5 9 24 18 17 1
5 9 5 18 17 1
5 9 5 24 17 1
5 9 2 24 18 28
5 9 18 28 6 32
5 9 5 18 6 32
5 9 5 28 6 23
5 9 5 18 1 6
5 9 26 18 28 6
5 9 2 26 18 6
5 9 2 26 18 28
5 9 2 24 6 23
5 9 2 24 28 23
5 9 2 18 6 7
5 9 2 24 6 7
5 9 2 24 18 7
5 9 15 24 28 23
5 9 5 15 28 23
5 9 5 15 24 28
5 9 18 1 6 7
5 9 24 1 6 7
5 9 24 18 1 7
5 9 24 1 6 19
5 9 5 1 6 19
5 9 26 28 6 23
5 9 2 26 6 23
5 9 2 26 28 23
5 9 24 6 19 23
5 9 24 0 19 23
5 9 5 6 19 23
5 9 5 0 19 23
5 9 15 24 0 23
5 9 5 15 0 23
5 9 5 15 24 0
5 9 24 0 1 19
5 9 5 0 1 19
5 9 5 24 0 1
5 20 6 30 32 19
5 20 5 6 30 19
5 20 5 6 30 32
5 20 6 32 19 23
5 20 5 6 19 23
5 20 32 19 25 23
5 20 30 32 19 25
5 20 5 28 6 23
5 20 19 4 25 23
5 20 30 19 25 31
5 20 5 30 19 31
5 20 26 6 32 23
5 20 26 28 6 23
5 20 26 28 6 32
5 20 9 28 6 32
5 20 9 5 6 32
5 20 9 5 28 6
5 20 19 4 31 23
5 20 5 19 31 23
5 20 19 4 25 31
5 20 30 21 25 31
5 20 5 30 21 31
5 20 11 32 25 23
5 20 11 30 32 25
5 20 11 30 21 25
5 20 11 30 21 32
5 20 18 30 21 32
5 20 5 18 30 32
5 20 26 11 32 23
5 20 26 28 11 32
5 20 9 18 28 32
5 20 9 5 18 32
5 20 9 5 18 28
5 20 12 4 25 23
5 20 28 12 4 23
5 20 28 12 4 25
5 20 15 28 4 23
5 20 5 15 28 23
5 20 5 15 28 4
5 20 28 21 4 25
5 20 15 4 31 23
5 20 5 15 31 23
5 20 5 15 4 31
5 20 21 4 25 31
5 20 26 11 25 23
5 20 28 11 21 25
5 20 28 11 21 32
5 20 18 28 21 32
5 20 18 30 21 14
5 20 5 30 21 14
5 20 5 18 30 14
5 20 26 12 25 23
5 20 26 28 12 23
5 20 13 28 21 4
5 20 5 13 28 4
5 20 5 13 28 21
5 20 3 21 4 31
5 20 5 3 4 31
5 20 5 3 21 31
5 20 28 11 12 25
5 20 26 11 12 25
5 20 26 28 11 12
5 20 18 28 21 14
5 20 5 28 21 14
5 20 5 18 28 14
5 20 13 3 21 4
5 20 5 13 3 4
5 20 5 13 3 21
