309
5 4 22 5 21 10
5 15 27 5 30 1
5 20 27 23 0 30
5 28 27 23 0 30
5 28 4 27 5 1
5 28 4 27 5 10
5 11 15 5 21 30
5 11 31 26 21 29
5 18 11 15 25 26
5 18 15 25 26 19
5 18 22 25 10 19
5 24 15 27 26 30
5 24 20 23 26 30
5 24 20 27 26 30
5 24 20 27 23 30
5 24 20 27 23 0
5 24 28 27 0 1
5 24 28 27 23 0
5 24 4 27 5 1
5 24 27 5 23 10
5 24 4 27 5 10
5 24 28 2 0 1
5 24 28 4 2 1
5 24 28 4 27 1
5 24 18 15 5 19
5 24 22 5 10 19
5 24 4 22 5 10
5 24 28 27 23 10
5 24 18 22 5 19
5 14 24 23 10 19
5 14 24 5 10 19
5 14 24 5 23 10
5 14 24 15 5 19
5 14 27 5 23 10
5 14 25 23 10 19
5 14 18 25 10 19
5 14 18 15 25 19
5 14 22 5 10 19
5 14 24 15 26 19
5 14 24 27 5 23
5 14 24 15 27 5
5 14 15 25 26 19
5 14 18 11 15 25
5 14 24 20 26 19
5 14 24 20 23 19
5 14 24 20 23 26
5 14 24 23 26 30
5 14 24 15 26 30
5 14 24 27 23 30
5 14 24 15 27 30
5 14 20 25 26 19
5 14 20 25 23 19
5 14 20 23 26 30
5 14 11 15 25 26
5 17 24 20 23 0
5 17 24 20 23 19
5 17 20 25 23 19
5 9 28 16 31 0
5 9 28 16 2 0
5 9 17 20 23 0
5 9 28 31 2 10
5 9 28 16 31 2
5 9 17 16 0 29
5 9 17 20 0 29
5 9 17 25 23 10
5 9 17 20 25 23
5 3 28 16 31 0
5 3 16 31 0 29
5 3 16 31 21 29
5 3 16 31 2 21
5 3 28 16 31 2
5 3 31 0 30 1
5 3 16 2 0 1
5 3 28 2 0 1
5 3 28 16 2 0
5 3 31 2 21 10
5 3 27 0 30 1
5 3 28 27 0 1
5 3 28 27 0 30
5 3 28 4 2 1
5 3 4 2 21 10
5 3 28 4 2 10
5 3 4 5 21 1
5 3 28 4 5 1
5 13 14 11 15 30
5 13 14 27 5 10
5 13 14 15 27 5
5 13 14 18 11 15
5 13 11 15 5 21
5 13 18 11 25 10
5 13 14 11 25 10
5 13 14 18 25 10
5 13 14 18 11 25
5 13 14 22 5 10
5 13 18 15 5 19
5 13 14 15 5 19
5 13 14 18 15 19
5 13 22 5 21 10
5 13 11 5 21 10
5 13 18 11 26 21
5 13 18 11 15 26
5 13 18 22 10 19
5 13 14 22 10 19
5 13 14 18 10 19
5 13 18 22 5 19
5 13 14 22 5 19
5 13 4 22 5 21
5 8 3 31 0 30
5 8 3 28 0 30
5 8 3 28 31 0
5 8 9 20 31 0
5 8 28 23 0 30
5 8 9 28 23 0
5 8 20 26 0 30
5 8 20 31 26 0
5 8 20 23 0 30
5 8 9 20 23 0
5 8 9 11 20 31
5 8 11 20 31 26
5 8 9 20 25 23
5 8 9 11 20 25
5 8 11 31 26 21
5 8 3 21 30 1
5 8 3 31 30 1
5 8 3 31 21 1
5 8 11 20 25 26
5 8 14 20 23 30
5 8 14 20 25 23
5 8 9 25 23 10
5 8 9 11 25 10
5 8 14 20 26 30
5 8 14 20 25 26
5 8 14 11 25 26
5 8 14 25 23 10
5 8 14 11 25 10
5 8 11 15 26 30
5 8 14 15 26 30
5 8 14 11 15 30
5 8 14 11 15 26
5 6 9 28 23 10
5 6 9 28 2 10
5 6 24 28 23 10
5 6 9 17 23 10
5 6 9 17 2 10
5 6 9 28 23 0
5 6 9 28 2 0
5 6 28 4 2 10
5 6 24 28 4 2
5 6 24 28 23 0
5 6 24 28 2 0
5 6 9 17 23 0
5 6 24 23 10 19
5 6 17 24 23 19
5 6 17 24 23 0
5 6 4 22 2 10
5 6 24 4 22 10
5 6 28 4 27 10
5 6 24 4 27 10
5 6 24 28 27 10
5 6 24 28 4 27
5 6 9 16 2 0
5 6 9 17 16 0
5 6 9 17 16 2
5 6 25 23 10 19
5 6 17 25 10 19
5 6 17 25 23 19
5 6 17 25 23 10
5 6 24 22 10 19
5 6 17 22 10 19
5 6 17 24 22 19
5 6 17 4 22 2
5 6 17 24 4 2
5 6 17 24 4 22
5 6 24 16 2 0
5 6 17 24 16 0
5 6 17 24 16 2
5 7 4 2 21 10
5 7 4 22 21 10
5 7 4 22 2 10
5 7 6 22 2 10
5 7 6 17 2 10
5 7 6 17 22 10
5 7 6 17 22 2
5 7 17 4 22 2
5 7 22 25 10 19
5 7 17 25 10 19
5 7 17 22 10 19
5 7 11 31 21 29
5 7 11 31 21 10
5 7 9 11 31 10
5 7 9 11 25 10
5 7 9 17 25 10
5 7 13 22 21 10
5 7 13 11 21 10
5 7 18 22 25 10
5 7 18 11 25 10
5 7 11 26 21 29
5 7 13 18 22 10
5 7 13 18 11 10
5 7 13 18 22 21
5 7 13 18 11 21
5 7 18 11 26 21
5 7 18 11 25 26
5 7 18 22 25 19
5 32 16 31 0 29
5 32 9 16 0 29
5 32 9 16 31 0
5 32 20 31 0 29
5 32 9 20 0 29
5 32 9 20 31 0
5 32 20 31 26 29
5 32 16 31 21 29
5 32 7 31 21 29
5 32 7 16 21 29
5 32 7 11 31 29
5 32 7 9 11 31
5 32 9 17 16 29
5 32 7 17 16 29
5 32 7 9 31 10
5 32 11 31 26 29
5 32 20 25 26 29
5 32 11 20 31 26
5 32 9 11 20 31
5 32 16 31 2 21
5 32 7 16 2 21
5 32 7 11 26 29
5 32 7 17 25 29
5 32 7 9 17 25
5 32 9 17 16 2
5 32 7 17 16 2
5 32 9 31 2 10
5 32 9 16 31 2
5 32 7 25 26 29
5 32 17 20 25 29
5 32 9 17 20 29
5 32 9 17 20 25
5 32 11 20 25 26
5 32 9 11 20 25
5 32 31 2 21 10
5 32 7 2 21 10
5 32 7 31 21 10
5 32 7 11 25 26
5 32 7 9 11 25
5 32 9 17 2 10
5 32 7 17 2 10
5 32 7 9 17 10
5 12 9 28 31 0
5 12 8 28 31 0
5 12 8 9 31 0
5 12 8 9 28 0
5 12 9 28 31 10
5 12 9 11 31 10
5 12 8 9 11 10
5 12 8 9 11 31
5 12 9 28 23 10
5 12 8 9 23 10
5 12 8 9 28 23
5 12 8 3 28 31
5 12 8 28 23 30
5 12 28 31 2 10
5 12 3 31 2 10
5 12 3 28 2 10
5 12 3 28 31 2
5 12 11 31 21 10
5 12 3 31 21 10
5 12 8 14 11 30
5 12 8 14 11 10
5 12 8 3 28 30
5 12 8 11 31 21
5 12 8 3 31 21
5 12 28 27 23 30
5 12 28 27 23 10
5 12 8 14 23 30
5 12 8 14 23 10
5 12 11 5 21 10
5 12 3 4 21 10
5 12 3 28 4 10
5 12 3 28 27 30
5 12 28 27 5 10
5 12 13 14 11 30
5 12 13 14 11 10
5 12 8 11 21 30
5 12 8 3 21 30
5 12 14 27 23 30
5 12 14 27 23 10
5 12 4 5 21 10
5 12 28 4 5 10
5 12 3 4 5 21
5 12 3 28 4 5
5 12 3 5 21 1
5 12 13 27 5 10
5 12 13 11 5 10
5 12 13 14 15 30
5 12 3 21 30 1
5 12 14 15 27 30
5 12 5 21 30 1
5 12 11 5 21 30
5 12 28 27 5 1
5 12 3 28 5 1
5 12 3 28 27 1
5 12 15 27 5 30
5 12 13 15 27 5
5 12 11 15 5 30
5 12 13 11 15 30
5 12 13 11 15 5
5 12 27 5 30 1
5 12 3 27 30 1
5 12 13 14 27 10
5 12 13 14 15 27
