214
5 7 14 8 13 18
5 7 0 14 13 21
5 7 0 14 8 13
5 3 7 0 13 21
5 20 7 14 8 18
5 20 7 0 14 8
5 20 14 8 13 18
5 20 0 14 8 13
5 20 11 14 13 18
5 20 11 0 14 13
5 23 3 0 25 21
5 23 3 7 9 21
5 23 9 6 25 21
5 23 3 7 0 21
5 23 3 0 13 25
5 23 2 9 6 25
5 22 23 6 25 21
5 22 23 0 25 21
5 22 23 2 6 25
5 22 11 0 13 25
5 22 23 0 13 25
5 22 20 11 0 13
5 22 23 15 2 25
5 17 7 14 9 18
5 17 7 14 9 21
5 17 2 9 6 21
5 1 23 7 9 21
5 1 23 7 9 8
5 1 23 20 0 8
5 1 23 9 6 21
5 1 20 7 0 8
5 1 17 7 9 21
5 1 17 7 9 8
5 1 23 7 0 21
5 1 23 7 0 8
5 1 17 9 6 21
5 1 23 2 9 6
5 1 20 7 8 18
5 1 17 7 8 18
5 1 17 20 8 18
5 1 22 0 6 21
5 1 22 23 6 21
5 1 22 23 0 21
5 1 22 23 20 0
5 1 17 2 9 6
5 1 22 23 2 6
5 1 17 15 2 9
5 1 22 23 15 2
5 1 7 0 14 21
5 1 17 7 14 21
5 1 20 7 0 14
5 1 20 7 14 18
5 1 17 7 14 18
5 1 22 11 0 6
5 1 22 20 11 0
5 1 22 11 2 6
5 1 22 20 11 2
5 5 23 7 9 8
5 5 23 3 7 8
5 5 23 3 7 9
5 5 1 23 9 8
5 5 23 3 9 25
5 5 17 15 9 18
5 5 1 17 9 8
5 5 1 17 15 9
5 5 1 15 2 9
5 5 1 23 2 9
5 5 1 23 15 2
5 5 15 2 9 25
5 5 23 2 9 25
5 5 23 15 2 25
5 5 17 7 8 18
5 5 17 7 9 18
5 5 17 7 9 8
5 4 1 11 2 6
5 4 19 11 14 18
5 4 1 17 2 6
5 4 1 11 0 6
5 4 1 17 6 21
5 4 1 17 14 21
5 4 1 17 14 18
5 4 11 0 6 21
5 4 1 0 6 21
5 4 1 0 14 21
5 4 20 11 0 14
5 4 1 20 0 14
5 4 1 20 11 0
5 4 20 11 14 18
5 4 1 20 14 18
5 4 1 20 11 2
5 4 17 19 2 18
5 4 1 17 20 18
5 4 1 17 20 2
5 4 0 14 13 21
5 4 11 0 14 13
5 10 22 20 11 2
5 10 19 22 11 2
5 10 4 20 11 2
5 10 4 19 11 2
5 10 22 20 11 13
5 10 4 17 20 2
5 10 4 17 19 2
5 10 4 20 11 18
5 10 4 19 11 18
5 10 1 22 20 2
5 10 1 22 15 2
5 10 17 19 15 2
5 10 22 15 2 25
5 10 19 15 2 25
5 10 19 22 2 25
5 10 20 11 13 18
5 10 4 17 20 18
5 10 4 17 19 18
5 10 1 17 20 2
5 10 1 17 15 2
5 10 1 22 23 20
5 10 1 22 23 15
5 10 22 23 15 25
5 10 5 1 23 15
5 24 5 17 8 18
5 24 5 17 15 18
5 24 17 19 15 18
5 24 10 17 19 18
5 24 10 17 19 15
5 24 5 1 17 8
5 24 5 1 17 15
5 24 20 8 13 18
5 24 10 20 13 18
5 24 10 20 8 13
5 24 17 20 8 18
5 24 10 17 20 18
5 24 10 1 17 15
5 24 10 5 1 8
5 24 10 5 1 15
5 24 1 17 20 8
5 24 10 1 20 8
5 24 10 1 17 20
5 16 4 19 11 14
5 16 11 14 13 18
5 16 19 11 14 18
5 16 10 11 13 18
5 16 10 19 11 18
5 16 22 11 13 25
5 16 19 22 11 25
5 16 7 14 13 18
5 16 24 10 13 18
5 16 24 10 19 18
5 16 10 22 11 13
5 16 10 19 22 11
5 16 7 8 13 18
5 16 3 7 8 13
5 16 24 8 13 18
5 16 24 19 15 18
5 16 24 19 15 3
5 16 5 7 8 18
5 16 5 3 7 8
5 16 5 7 9 18
5 16 5 3 7 9
5 16 24 5 8 18
5 16 24 5 3 8
5 16 24 5 15 18
5 16 24 5 15 3
5 16 24 10 8 13
5 12 16 24 3 8
5 12 5 23 3 8
5 12 24 5 3 8
5 12 16 3 8 13
5 12 24 10 5 8
5 12 24 5 15 3
5 12 3 7 8 13
5 12 23 3 7 8
5 12 16 10 8 13
5 12 23 3 13 25
5 12 16 3 13 25
5 12 16 24 10 8
5 12 16 19 3 25
5 12 16 24 19 3
5 12 5 1 23 8
5 12 10 5 1 8
5 12 10 5 1 23
5 12 10 5 23 15
5 12 24 10 5 15
5 12 5 15 3 25
5 12 5 23 3 25
5 12 5 23 15 25
5 12 7 0 8 13
5 12 23 7 0 8
5 12 3 7 0 13
5 12 23 3 0 13
5 12 23 3 7 0
5 12 10 23 15 25
5 12 16 24 10 19
5 12 19 15 3 25
5 12 24 19 15 3
5 12 1 23 20 8
5 12 10 1 20 8
5 12 10 1 23 20
5 12 22 23 0 13
5 12 22 23 13 25
5 12 10 22 23 25
5 12 10 22 23 20
5 12 16 22 13 25
5 12 16 10 22 13
5 12 10 19 15 25
5 12 24 10 19 15
5 12 10 19 22 25
5 12 16 19 22 25
5 12 16 10 19 22
5 12 23 20 0 8
5 12 22 23 20 0
5 12 20 0 8 13
5 12 10 20 8 13
5 12 22 20 0 13
5 12 10 22 20 13
