217
5 21 23 12 16 25
5 21 23 3 16 25
5 21 23 3 20 25
5 21 23 3 20 16
5 24 12 22 2 25
5 24 3 4 2 25
5 24 21 3 4 25
5 18 23 4 25 15
5 18 24 4 25 15
5 18 23 4 20 15
5 18 24 22 25 15
5 18 12 22 25 15
5 18 23 12 25 15
5 18 14 0 4 15
5 5 3 4 2 25
5 5 23 3 20 25
5 5 21 23 20 25
5 5 21 23 4 25
5 5 21 23 4 20
5 5 18 23 4 25
5 5 18 23 4 20
5 5 21 3 20 25
5 5 21 3 4 25
5 5 21 3 4 20
5 5 24 4 2 25
5 5 18 24 4 25
5 5 18 24 4 2
5 5 24 22 2 25
5 5 18 24 22 25
5 5 18 24 22 2
5 5 12 22 2 25
5 1 0 12 22 16
5 1 12 22 2 16
5 1 24 12 22 2
5 1 24 21 3 7
5 1 3 12 2 16
5 1 3 12 16 25
5 1 21 12 16 25
5 1 21 3 16 25
5 1 24 21 12 25
5 1 24 21 3 25
5 1 3 12 2 25
5 1 24 12 2 25
5 1 24 3 2 25
5 9 21 23 20 16
5 9 21 3 20 16
5 11 18 0 22 2
5 11 18 24 22 2
5 11 18 24 4 2
5 11 18 14 0 4
5 11 18 0 22 15
5 11 18 0 4 15
5 11 24 0 22 7
5 11 24 0 22 15
5 11 18 24 22 15
5 11 18 24 4 15
5 11 14 0 4 7
5 11 1 0 22 7
5 11 1 24 22 7
5 11 1 24 22 2
5 11 24 3 4 2
5 11 0 22 2 16
5 11 1 22 2 16
5 11 1 0 22 16
5 11 24 21 4 7
5 11 24 21 3 4
5 10 5 3 4 2
5 10 5 14 4 2
5 10 5 3 4 20
5 10 5 14 4 20
5 10 9 14 4 20
5 10 9 3 20 16
5 10 21 3 4 20
5 10 9 21 4 20
5 10 9 21 3 20
5 10 9 21 3 4
5 17 5 18 4 2
5 17 11 14 4 2
5 17 11 18 4 2
5 17 11 18 14 4
5 17 11 14 0 2
5 17 11 18 0 2
5 17 11 18 14 0
5 17 14 4 20 15
5 17 18 4 20 15
5 17 18 14 4 15
5 17 18 0 22 2
5 17 18 14 0 15
5 17 0 12 22 16
5 17 0 12 22 15
5 17 18 0 22 15
5 6 1 14 0 16
5 6 11 1 0 16
5 6 14 0 2 16
5 6 11 0 2 16
5 6 11 14 0 2
5 6 1 14 0 7
5 6 11 14 0 7
5 6 11 1 0 7
5 6 10 14 2 16
5 6 11 1 2 16
5 6 11 14 4 2
5 6 10 14 4 2
5 6 1 3 2 16
5 6 10 3 2 16
5 6 11 14 4 7
5 6 11 3 4 2
5 6 10 3 4 2
5 6 9 14 4 7
5 6 10 9 14 4
5 6 1 24 3 2
5 6 11 24 3 2
5 6 11 1 24 2
5 6 1 24 3 7
5 6 11 1 24 7
5 6 10 9 3 4
5 6 11 21 4 7
5 6 11 21 3 4
5 6 24 21 3 7
5 6 11 24 21 7
5 6 11 24 21 3
5 6 9 21 4 7
5 6 9 21 3 7
5 6 9 21 3 4
5 19 5 14 4 2
5 19 17 14 4 2
5 19 17 5 4 2
5 19 10 5 14 2
5 19 5 14 4 20
5 19 17 14 4 20
5 19 10 14 2 16
5 19 10 5 14 20
5 19 5 18 4 20
5 19 17 18 4 20
5 19 17 5 18 4
5 19 14 0 2 16
5 19 17 14 0 16
5 19 17 14 0 2
5 19 10 3 2 16
5 19 10 5 3 2
5 19 0 22 2 16
5 19 17 0 22 16
5 19 17 0 22 2
5 19 12 22 2 16
5 19 17 12 22 16
5 19 17 18 20 15
5 19 5 18 22 2
5 19 17 18 22 2
5 19 17 5 18 2
5 8 10 9 20 16
5 8 10 9 14 16
5 8 10 9 14 20
5 8 19 17 14 16
5 8 19 17 14 20
5 8 19 10 14 16
5 8 19 10 14 20
5 8 19 17 12 16
5 8 19 17 20 15
5 8 23 3 20 16
5 8 10 3 20 16
5 8 19 10 3 16
5 8 18 23 20 15
5 8 19 18 20 15
5 8 5 23 3 20
5 8 10 5 3 20
5 8 19 10 5 20
5 8 19 10 5 3
5 8 19 12 2 16
5 8 18 23 12 15
5 8 19 17 18 15
5 8 5 18 23 20
5 8 19 5 18 20
5 8 19 3 2 16
5 8 19 5 3 2
5 8 3 12 16 25
5 8 23 12 16 25
5 8 23 3 16 25
5 8 3 12 2 16
5 8 5 23 3 25
5 8 5 12 22 2
5 8 19 12 22 2
5 8 19 5 22 2
5 8 18 23 12 25
5 8 5 18 23 25
5 8 19 5 18 22
5 8 18 12 22 15
5 8 17 12 22 15
5 8 17 18 22 15
5 8 19 17 12 22
5 8 19 17 18 22
5 8 3 12 2 25
5 8 5 12 2 25
5 8 5 3 2 25
5 8 18 12 22 25
5 8 5 12 22 25
5 8 5 18 22 25
5 13 8 9 14 16
5 13 6 9 14 7
5 13 1 21 3 7
5 13 9 21 3 7
5 13 1 21 3 16
5 13 9 21 3 16
5 13 8 17 14 16
5 13 6 1 14 7
5 13 6 1 14 16
5 13 10 9 14 16
5 13 6 10 14 16
5 13 6 10 9 14
5 13 1 14 0 7
5 13 1 14 0 16
5 13 6 1 3 7
5 13 6 9 3 7
5 13 6 1 3 16
5 13 17 14 0 16
5 13 10 9 3 16
5 13 6 10 3 16
5 13 6 10 9 3
