4
26
-8.89964 -7.39195 1.11773 -1.97905
6.21478 -3.19558 2.3451 -4.03667
-0.274907 -6.35099 2.69616 3.17712
-0.888754 8.74471 3.90559 2.27416
-7.85969 3.47993 -5.62442 -1.57868
-0 -7.47119 -9.52595 9.31975
-0 0.593076 -5.76003 5.22602
-0 0.923205 -1.37812 -0.227935
-0 -8.27524 -9.8705 2.91544
-0 -2.68841 5.14324 8.46436
-0 -2.34506 6.14828 1.93697
-0 1.31169 -4.90488 9.02265
8.59378 -9.15324 -0 -9.6102
-0.19565 -7.72005 -0 -0.124926
2.224 -3.91469 -0 3.36308
2.28174 -1.10902 -0 9.31227
-9.5136 -7.48299 -0 -9.92324
-0.735573 3.36042 -0 -6.43117
-2.95348 -9.80408 -0 8.86302
0.408418 3.08903 -9.68813 -0
-6.62237 4.32115 -3.50363 -0
2.55148 0.248156 7.83682 -0
1.07461 4.9521 -2.28503 -0
-0.718833 -9.49996 7.00869 -0
-3.64228 -0.747247 6.67713 -0
2.27667 6.34566 2.04737 -0
