4
33
-0.388668 8.86638 -4.86466 9.10704
-9.09397 8.49629 8.16326 -0.47281
-4.72852 4.06017 -5.42903 -4.02825
-3.51437 9.89967 3.39077 -0.922122
-8.39851 1.64255 1.49622 -9.46728
-6.50674 -0 7.00354 -8.2849
-3.9278 -0 -4.54013 -3.50945
3.4226 -0 -4.98668 -9.88688
4.38098 -0 7.04837 -0.174268
3.66657 -0 -4.03445 2.17896
-0.929933 -0 -0.840196 -5.06737
4.52054 -0 4.6974 -5.46035
-0 4.08267 5.33814 -2.31394
-0 -4.31866 4.96044 -8.64578
-0 -7.3377 2.34559 -1.25289
-0 -6.36969 8.25156 -5.85976
-0 7.21937 -9.86406 0.987071
-0 -1.43568 -8.90411 -1.34585
-0 -5.64634 4.69658 -8.61598
-2.67019 -8.84563 -0 -3.13093
6.07778 -5.49151 -0 4.73669
4.05793 7.54029 -0 -9.74574
-3.44072 -3.26912 -0 -9.69983
-2.04282 -4.92169 -0 2.22093
-8.4678 -7.00902 -0 -0.00962637
3.12612 -7.40836 -0 -1.46398
8.93324 -7.68212 6.38646 -0
-5.98987 2.15244 8.5296 -0
-4.48957 6.23936 3.49805 -0
9.94518 7.00749 -7.91481 -0
2.21119 -0.890427 9.04703 -0
7.4598 7.34349 -0.892021 -0
7.75766 5.1343 -6.57924 -0
