4
33
-7.1904 -1.00815 -6.81148 -1.46186
6.88075 3.45689 3.9487 -4.21391
1.73825 0.116007 2.62066 8.96182
7.52759 -2.59551 -4.44547 -3.57615
-4.88672 -4.75972 0.414984 8.27277
5.05185 9.92378 -0 5.26312
-5.04964 7.54745 -0 -1.86238
-0.515761 -7.85141 -0 8.98271
7.59332 -6.18306 -0 9.49284
2.72562 -6.37167 -0 7.01924
3.53475 9.08639 -0 -5.17357
-3.89527 -2.10074 -0 -4.48643
-4.14752 -5.62074 2.49749 -0
-4.18801 -6.17144 3.49894 -0
6.97887 -6.07533 4.97657 -0
-0.188441 1.77832 0.50253 -0
7.9831 -2.49706 -1.09145 -0
8.93474 -1.02221 -2.69022 -0
1.41158 -6.62764 1.04011 -0
-0 -1.68482 0.595103 3.55921
-0 -1.26446 4.13377 8.05881
-0 -1.96013 -3.6252 6.05425
-0 -8.23247 -8.94847 3.38545
-0 6.33138 9.70873 2.27388
-0 -7.79114 8.41905 6.60786
-0 -9.0215 -6.72796 -6.50061
7.07529 -0 5.24872 7.71705
-9.67745 -0 -7.33755 6.05322
-0.783032 -0 6.99051 -2.32794
2.83412 -0 1.88143 -1.31871
6.25771 -0 6.41892 8.61548
2.51231 -0 -4.89128 0.170223
-5.08188 -0 -7.77253 -2.66611
