4
33
-2.02228 1.22703 -6.13405 -6.63637
7.82876 -2.0401 3.6336 -7.52089
-7.02933 6.84317 6.67913 -4.41332
3.73689 -1.34297 -8.68864 4.61036
-4.52392 -5.49135 -8.23636 5.92813
-0 -3.93754 -0.535127 -4.94556
-0 -6.80174 7.14618 -8.64083
-0 7.59938 8.82119 -3.35746
-0 6.68846 2.3787 -2.27337
-0 -1.76755 1.99362 -6.2128
-0 1.41031 -2.66974 4.52081
-0 -6.59654 6.05781 5.12223
-9.26193 -0 6.42819 4.70554
0.58739 -0 -4.78788 4.42706
3.48467 -0 1.11817 1.1383
-8.89889 -0 -7.69309 -7.44932
9.22193 -0 -8.89157 -0.985405
8.79655 -0 2.603 -1.71328
2.8113 -0 4.55789 -3.45277
8.59378 -9.15324 -0 -9.6102
-0.19565 -7.72005 -0 -0.124926
2.224 -3.91469 -0 3.36308
2.28174 -1.10902 -0 9.31227
-9.5136 -7.48299 -0 -9.92324
-0.735573 3.36042 -0 -6.43117
-2.95348 -9.80408 -0 8.86302
-7.22392 -0.844866 9.11702 -0
-4.73911 9.41825 5.3665 -0
-3.22313 -1.0639 3.33121 -0
9.97945 -2.73912 3.07985 -0
8.56475 -8.98725 2.88385 -0
9.10518 -5.74723 -9.29906 -0
1.62648 -7.71359 8.01629 -0
