4
19
-0.639121 -9.4247 3.90216 9.02777
9.34667 -1.52409 2.96336 8.17735
-5.27952 2.15057 3.56032 -5.45144
3.45073 -2.49115 3.42817 -5.88804
4.56032 -3.13521 -6.67752 8.16334
-0 4.08267 5.33814 -2.31394
-0 -4.31866 4.96044 -8.64578
-0 -7.3377 2.34559 -1.25289
-0 -6.36969 8.25156 -5.85976
-0 7.21937 -9.86406 0.987071
-0 -1.43568 -8.90411 -1.34585
-0 -5.64634 4.69658 -8.61598
-9.26193 -0 6.42819 4.70554
0.58739 -0 -4.78788 4.42706
3.48467 -0 1.11817 1.1383
-8.89889 -0 -7.69309 -7.44932
9.22193 -0 -8.89157 -0.985405
8.79655 -0 2.603 -1.71328
2.8113 -0 4.55789 -3.45277
