4
26
-6.24105 4.61138 -3.70853 -6.45537
-9.11959 8.84433 -6.49849 2.60943
-4.4158 2.83634 9.72553 1.97205
8.11554 -5.30883 6.98058 -6.54169
9.49886 -9.11491 6.60926 -9.75105
-0 -1.68482 0.595103 3.55921
-0 -1.26446 4.13377 8.05881
-0 -1.96013 -3.6252 6.05425
-0 -8.23247 -8.94847 3.38545
-0 6.33138 9.70873 2.27388
-0 -7.79114 8.41905 6.60786
-0 -9.0215 -6.72796 -6.50061
0.275885 8.85436 -0 9.19697
-9.01181 4.07418 -0 -7.25723
-3.24667 -3.30895 -0 -7.41728
-6.24892 -3.24071 -0 5.54288
-7.65836 1.21483 -0 7.62406
0.220833 -6.49236 -0 4.34738
-1.76326 9.93582 -0 3.04422
0.408418 3.08903 -9.68813 -0
-6.62237 4.32115 -3.50363 -0
2.55148 0.248156 7.83682 -0
1.07461 4.9521 -2.28503 -0
-0.718833 -9.49996 7.00869 -0
-3.64228 -0.747247 6.67713 -0
2.27667 6.34566 2.04737 -0
