4
33
9.42314 7.0855 -5.24668 1.02934
4.2975 -8.54073 5.57797 0.788366
5.75507 8.53004 -3.55193 3.22654
1.66735 1.94707 -1.86363 -6.86896
-8.89893 1.34073 3.65586 9.91147
8.55546 -4.42415 -0 -3.54273
0.111553 2.06462 -0 8.50417
-3.7035 -9.98135 -0 2.65349
-6.78536 8.51691 -0 7.96471
-5.23227 -4.01599 -0 2.71821
9.08498 -1.53785 -0 9.7512
8.03747 -9.23243 -0 -7.05922
-0 -7.47119 -9.52595 9.31975
-0 0.593076 -5.76003 5.22602
-0 0.923205 -1.37812 -0.227935
-0 -8.27524 -9.8705 2.91544
-0 -2.68841 5.14324 8.46436
-0 -2.34506 6.14828 1.93697
-0 1.31169 -4.90488 9.02265
4.58315 -0 -7.38887 -4.1797
8.80513 -0 -0.926184 7.12161
9.6475 -0 -8.62565 7.75614
-2.1816 -0 -6.86362 -0.376281
5.25301 -0 5.65415 -3.82519
4.59493 -0 -7.33341 6.35843
-9.05463 -0 -7.78073 -0.401929
-4.14752 -5.62074 2.49749 -0
-4.18801 -6.17144 3.49894 -0
6.97887 -6.07533 4.97657 -0
-0.188441 1.77832 0.50253 -0
7.9831 -2.49706 -1.09145 -0
8.93474 -1.02221 -2.69022 -0
1.41158 -6.62764 1.04011 -0
