4
33
0.210893 6.70163 0.60173 -7.63582
-3.26019 3.23604 2.94012 -3.06851
-4.42697 -6.39209 -9.6697 -4.78434
6.32673 -5.72114 1.45237 -4.59021
0.986832 3.37961 -9.54673 -4.94425
-0 -3.93754 -0.535127 -4.94556
-0 -6.80174 7.14618 -8.64083
-0 7.59938 8.82119 -3.35746
-0 6.68846 2.3787 -2.27337
-0 -1.76755 1.99362 -6.2128
-0 1.41031 -2.66974 4.52081
-0 -6.59654 6.05781 5.12223
-6.50674 -0 7.00354 -8.2849
-3.9278 -0 -4.54013 -3.50945
3.4226 -0 -4.98668 -9.88688
4.38098 -0 7.04837 -0.174268
3.66657 -0 -4.03445 2.17896
-0.929933 -0 -0.840196 -5.06737
4.52054 -0 4.6974 -5.46035
8.55546 -4.42415 -0 -3.54273
0.111553 2.06462 -0 8.50417
-3.7035 -9.98135 -0 2.65349
-6.78536 8.51691 -0 7.96471
-5.23227 -4.01599 -0 2.71821
9.08498 -1.53785 -0 9.7512
8.03747 -9.23243 -0 -7.05922
-3.36182 -4.6552 7.34973 -0
4.5106 9.51454 4.31679 -0
-2.43602 -9.03535 8.36533 -0
4.3733 -2.83991 -8.85827 -0
4.524 8.95577 8.87144 -0
-6.73059 -5.2349 -2.69948 -0
6.76357 -0.608063 9.62662 -0
