4
26
7.25571 1.9414 -6.14846 -2.22663
4.10122 -6.38706 5.19433 5.49713
5.7684 8.1915 7.06055 -9.60567
-6.63239 3.22322 8.34331 -2.34164
0.753464 -7.86675 1.64312 -1.22921
-0 -8.14316 4.4117 9.72804
-0 6.63814 1.34015 -8.43287
-0 -6.50693 6.44654 8.62858
-0 -6.6704 4.66532 3.04322
-0 -3.2886 8.30211 5.51221
-0 4.03202 5.29876 7.85325
-0 -9.1817 -3.43776 -8.32199
-7.22392 -0.844866 9.11702 -0
-4.73911 9.41825 5.3665 -0
-3.22313 -1.0639 3.33121 -0
9.97945 -2.73912 3.07985 -0
8.56475 -8.98725 2.88385 -0
9.10518 -5.74723 -9.29906 -0
1.62648 -7.71359 8.01629 -0
0.275885 8.85436 -0 9.19697
-9.01181 4.07418 -0 -7.25723
-3.24667 -3.30895 -0 -7.41728
-6.24892 -3.24071 -0 5.54288
-7.65836 1.21483 -0 7.62406
0.220833 -6.49236 -0 4.34738
-1.76326 9.93582 -0 3.04422
