4
26
3.40216 8.47056 -4.96708 9.18002
7.71793 -2.60457 -3.79138 -8.23967
-8.45044 -0.0996536 -2.75067 -7.68225
0.0105216 5.40499 -2.47157 8.83907
5.24415 0.875356 -5.00124 0.26911
4.58315 -0 -7.38887 -4.1797
8.80513 -0 -0.926184 7.12161
9.6475 -0 -8.62565 7.75614
-2.1816 -0 -6.86362 -0.376281
5.25301 -0 5.65415 -3.82519
4.59493 -0 -7.33341 6.35843
-9.05463 -0 -7.78073 -0.401929
-2.67019 -8.84563 -0 -3.13093
6.07778 -5.49151 -0 4.73669
4.05793 7.54029 -0 -9.74574
-3.44072 -3.26912 -0 -9.69983
-2.04282 -4.92169 -0 2.22093
-8.4678 -7.00902 -0 -0.00962637
3.12612 -7.40836 -0 -1.46398
9.13949 -2.88615 -8.73817 -0
-2.03135 0.062658 -3.8177 -0
-9.73357 3.4025 8.19978 -0
-0.738657 3.3173 -7.91116 -0
6.76248 7.63587 0.884869 -0
4.35203 -1.95753 -0.919216 -0
9.64796 8.70586 -2.86533 -0
