4
33
-1.29322 8.81495 1.11623 7.69683
0.666612 2.77292 -4.47072 1.96944
-3.43001 -9.32293 -5.95927 9.03348
2.62088 -9.88656 1.58607 -2.4037
4.31486 -2.58435 -0.147842 4.49516
-3.36182 -4.6552 7.34973 -0
4.5106 9.51454 4.31679 -0
-2.43602 -9.03535 8.36533 -0
4.3733 -2.83991 -8.85827 -0
4.524 8.95577 8.87144 -0
-6.73059 -5.2349 -2.69948 -0
6.76357 -0.608063 9.62662 -0
-0 -8.14316 4.4117 9.72804
-0 6.63814 1.34015 -8.43287
-0 -6.50693 6.44654 8.62858
-0 -6.6704 4.66532 3.04322
-0 -3.2886 8.30211 5.51221
-0 4.03202 5.29876 7.85325
-0 -9.1817 -3.43776 -8.32199
1.9729 -0 -3.38298 -1.80543
-4.44338 -0 3.94044 2.63145
-9.42465 -0 5.57873 7.80324
8.0188 -0 1.28042 -7.17144
-6.85803 -0 4.14144 -5.23529
-3.44132 -0 2.50144 -3.03301
-1.48532 -0 -1.60799 7.29361
5.05185 9.92378 -0 5.26312
-5.04964 7.54745 -0 -1.86238
-0.515761 -7.85141 -0 8.98271
7.59332 -6.18306 -0 9.49284
2.72562 -6.37167 -0 7.01924
3.53475 9.08639 -0 -5.17357
-3.89527 -2.10074 -0 -4.48643
