4
26
8.19324 6.15865 -1.00112 9.62
1.23067 -4.86862 8.23365 5.61551
1.17297 -0.473573 -1.27703 2.08384
-2.46734 -3.25405 2.53991 -2.58688
-4.06661 0.57457 -6.46834 -0.763699
1.9729 -0 -3.38298 -1.80543
-4.44338 -0 3.94044 2.63145
-9.42465 -0 5.57873 7.80324
8.0188 -0 1.28042 -7.17144
-6.85803 -0 4.14144 -5.23529
-3.44132 -0 2.50144 -3.03301
-1.48532 -0 -1.60799 7.29361
8.93324 -7.68212 6.38646 -0
-5.98987 2.15244 8.5296 -0
-4.48957 6.23936 3.49805 -0
9.94518 7.00749 -7.91481 -0
2.21119 -0.890427 9.04703 -0
7.4598 7.34349 -0.892021 -0
7.75766 5.1343 -6.57924 -0
5.74778 4.46923 -0 -1.59852
-2.08013 -1.73382 -0 -9.70702
-5.0762 -9.2866 -0 -7.47051
7.77325 -2.45441 -0 8.37116
5.78833 -5.16681 -0 -9.5808
2.51172 -7.45936 -0 7.24752
3.24816 -9.74045 -0 -3.79887
