232
5 15 2 13 24 16
5 15 2 13 25 16
5 22 15 13 24 16
5 17 2 25 24 16
5 17 15 2 24 16
5 17 15 2 25 16
5 4 15 13 25 16
5 4 23 5 25 16
5 4 1 23 13 25
5 4 17 5 25 16
5 4 17 15 25 16
5 4 15 2 13 25
5 12 4 22 23 13
5 12 22 15 13 16
5 12 4 15 13 16
5 12 4 22 15 16
5 12 4 22 15 13
5 12 4 23 5 16
5 12 23 3 5 25
5 11 22 3 24 18
5 11 12 22 3 18
5 11 22 15 24 16
5 11 15 2 13 24
5 11 22 2 13 24
5 11 22 15 13 24
5 19 23 3 5 25
5 19 17 3 5 25
5 19 12 23 3 25
5 19 12 23 3 5
5 19 12 22 13 18
5 20 17 3 25 24
5 20 17 2 25 24
5 20 19 17 3 5
5 20 19 3 25 18
5 20 19 17 3 25
5 20 19 1 25 18
5 20 19 17 5 25
5 20 19 23 5 25
5 20 19 1 23 25
5 10 11 12 22 5
5 10 11 12 22 3
5 10 11 22 3 24
5 14 4 23 5 25
5 14 20 23 5 25
5 14 12 4 23 5
5 14 12 4 22 23
5 14 4 17 5 25
5 14 20 17 5 25
5 14 12 4 5 16
5 14 12 4 22 16
5 14 4 22 15 16
5 14 11 22 15 16
5 14 4 22 15 13
5 14 4 17 15 25
5 14 4 2 13 25
5 14 4 15 2 25
5 14 4 17 5 16
5 14 4 17 15 16
5 14 4 15 2 13
5 14 17 15 2 25
5 14 20 17 2 25
5 14 17 15 24 16
5 14 11 15 24 16
5 14 17 15 2 24
5 14 11 15 2 24
5 14 11 17 2 24
5 9 11 22 24 18
5 9 11 22 2 24
5 9 2 3 24 18
5 9 20 2 3 18
5 9 20 2 3 24
5 9 11 3 24 18
5 9 20 1 2 18
5 9 11 17 2 24
5 9 20 17 2 24
5 9 11 22 2 13
5 9 20 19 1 18
5 0 11 22 24 16
5 0 10 11 22 24
5 0 10 11 17 24
5 0 14 11 22 16
5 0 10 12 22 5
5 0 14 17 24 16
5 0 14 11 24 16
5 0 14 11 17 24
5 0 14 10 11 17
5 0 10 11 22 5
5 0 14 11 22 5
5 0 14 10 11 5
5 0 14 12 5 16
5 0 14 12 22 16
5 0 14 12 22 5
5 0 14 17 5 16
5 0 17 5 25 16
5 0 23 5 25 16
5 0 12 23 25 16
5 0 12 23 5 16
5 0 12 23 5 25
5 6 20 17 3 24
5 6 0 14 17 5
5 6 0 14 10 5
5 6 0 14 10 17
5 6 9 20 3 18
5 6 9 20 3 24
5 6 9 20 17 24
5 6 14 11 17 5
5 6 14 10 11 5
5 6 14 10 11 17
5 6 20 19 3 18
5 6 20 19 3 5
5 6 9 11 3 18
5 6 9 20 19 18
5 6 10 11 3 24
5 6 9 11 3 24
5 6 10 11 17 24
5 6 9 11 17 24
5 6 11 12 3 18
5 6 10 11 12 3
5 6 19 12 3 18
5 6 10 11 12 5
5 7 14 20 23 5
5 7 9 20 1 2
5 7 20 1 23 25
5 7 14 20 23 25
5 7 14 11 17 5
5 7 14 20 17 5
5 7 6 9 20 5
5 7 20 1 2 25
5 7 14 20 2 25
5 7 9 1 2 13
5 7 14 20 17 2
5 7 9 20 17 2
5 7 14 11 22 5
5 7 9 11 22 13
5 7 9 19 1 18
5 7 9 11 22 18
5 7 9 11 2 13
5 7 4 1 23 25
5 7 14 4 23 25
5 7 6 11 17 5
5 7 6 20 17 5
5 7 6 9 11 17
5 7 6 9 20 17
5 7 14 11 17 2
5 7 9 11 17 2
5 7 1 2 13 25
5 7 14 2 13 25
5 7 4 1 23 13
5 7 19 22 13 18
5 7 19 1 13 18
5 7 9 22 13 18
5 7 9 1 13 18
5 7 11 15 2 13
5 7 14 15 2 13
5 7 14 11 15 2
5 7 4 1 13 25
5 7 14 4 13 25
5 7 12 22 23 13
5 7 19 12 22 13
5 7 4 22 23 13
5 7 14 4 22 13
5 7 14 4 22 23
5 7 11 22 15 13
5 7 14 22 15 13
5 7 14 11 22 15
5 8 19 12 3 5
5 8 6 19 3 5
5 8 6 19 12 5
5 8 6 19 12 3
5 8 6 10 12 5
5 8 6 10 12 3
5 8 0 10 12 5
5 8 0 10 12 3
5 8 6 0 10 5
5 8 6 0 17 5
5 8 6 0 10 17
5 8 17 3 5 25
5 8 12 3 5 25
5 8 0 17 5 25
5 8 0 12 5 25
5 8 20 17 3 5
5 8 6 20 3 5
5 8 6 20 17 5
5 8 6 20 17 3
5 8 0 10 3 24
5 8 0 10 17 24
5 8 6 17 3 24
5 8 6 10 3 24
5 8 6 10 17 24
5 21 7 6 9 11
5 21 6 9 11 18
5 21 6 9 19 18
5 21 7 9 11 18
5 21 7 9 19 18
5 21 7 6 11 5
5 21 7 6 9 5
5 21 6 11 12 18
5 21 6 19 12 18
5 21 7 11 22 18
5 21 7 19 22 18
5 21 6 11 12 5
5 21 6 19 12 5
5 21 6 20 19 5
5 21 6 9 20 5
5 21 6 9 20 19
5 21 7 9 20 5
5 21 11 12 22 18
5 21 19 12 22 18
5 21 7 19 12 22
5 21 11 12 22 5
5 21 7 11 22 5
5 21 19 12 23 5
5 21 9 20 19 1
5 21 7 9 19 1
5 21 7 9 20 1
5 21 7 12 22 23
5 21 19 12 23 13
5 21 7 12 23 13
5 21 7 19 12 13
5 21 20 19 23 5
5 21 20 19 1 23
5 21 7 20 23 5
5 21 7 20 1 23
5 21 14 12 23 5
5 21 14 12 22 5
5 21 14 12 22 23
5 21 7 14 23 5
5 21 7 14 22 5
5 21 7 14 22 23
5 21 19 1 23 13
5 21 7 1 23 13
5 21 7 19 1 13
