334
5 25 4 24 13 7
5 25 12 24 11 13
5 25 12 24 19 11
5 25 12 3 6 13
5 27 25 12 3 6
5 27 25 4 13 7
5 27 25 3 6 13
5 27 25 12 3 13
5 0 25 4 6 13
5 0 25 4 6 23
5 0 3 6 23 2
5 0 15 3 13 2
5 0 15 12 3 2
5 0 15 12 3 13
5 0 15 14 13 2
5 0 15 14 11 13
5 17 25 24 19 11
5 17 25 12 19 11
5 17 25 12 11 13
5 17 0 25 12 13
5 17 15 1 14 11
5 17 0 1 14 11
5 17 0 15 14 11
5 17 15 12 11 13
5 17 0 15 11 13
5 17 0 15 12 13
5 17 0 15 12 2
5 17 0 1 14 2
5 17 0 15 14 2
5 26 25 4 24 7
5 26 4 22 24 7
5 26 27 25 4 7
5 18 27 3 6 23
5 5 15 12 11 13
5 5 27 12 3 13
5 5 26 1 19 11
5 5 12 24 19 11
5 5 26 24 19 11
5 5 27 25 13 7
5 5 27 25 12 13
5 5 26 25 24 7
5 5 25 12 24 19
5 5 26 25 24 19
5 5 12 24 11 13
5 5 26 22 1 11
5 5 26 22 24 11
5 5 25 24 13 7
5 5 25 12 24 13
5 16 15 1 14 11
5 16 17 15 1 11
5 16 17 15 1 14
5 16 17 15 14 2
5 16 15 3 14 2
5 32 0 25 6 23
5 32 17 0 1 2
5 32 0 25 4 23
5 32 17 0 25 13
5 32 25 4 24 13
5 32 0 25 4 13
5 32 22 24 1 11
5 32 17 0 1 11
5 32 25 24 11 13
5 32 17 25 11 13
5 32 17 25 24 11
5 32 17 0 11 13
5 32 0 1 11 13
5 10 18 22 1 23
5 10 32 22 1 23
5 10 32 17 1 23
5 10 17 1 23 2
5 10 32 25 4 23
5 9 18 27 6 19
5 9 26 27 6 19
5 9 27 4 6 23
5 9 18 27 6 23
5 9 18 27 4 23
5 9 27 25 4 6
5 9 26 27 25 6
5 9 26 27 25 4
5 9 10 18 6 23
5 9 26 27 4 7
5 9 18 27 4 7
5 9 25 4 6 23
5 9 10 25 4 23
5 9 18 4 22 23
5 9 18 4 22 7
5 30 9 18 27 7
5 30 9 18 27 19
5 30 9 26 27 7
5 30 9 26 27 19
5 30 9 18 26 19
5 30 5 26 1 19
5 30 26 27 25 7
5 30 5 27 25 7
5 30 5 26 25 7
5 30 26 27 25 19
5 30 5 26 25 19
5 30 9 18 22 7
5 30 5 22 1 7
5 30 5 26 22 1
5 30 26 22 1 19
5 30 26 22 24 7
5 30 5 22 24 7
5 30 5 26 24 7
5 30 5 26 22 24
5 28 17 1 19 11
5 28 16 17 1 11
5 28 17 12 19 11
5 28 16 12 19 11
5 28 10 17 1 19
5 28 17 15 12 11
5 28 16 15 12 11
5 28 16 17 15 11
5 28 10 18 1 19
5 28 10 17 1 2
5 28 17 1 14 2
5 28 16 17 14 2
5 28 16 17 1 14
5 28 18 1 23 2
5 28 10 1 23 2
5 28 10 18 23 2
5 28 10 18 1 23
5 28 16 18 3 2
5 29 27 12 3 6
5 29 16 12 3 6
5 29 16 27 3 6
5 29 27 12 6 19
5 29 28 12 6 19
5 29 28 16 12 19
5 29 28 16 12 6
5 29 5 27 12 19
5 29 16 15 3 14
5 29 16 15 12 3
5 29 30 5 27 19
5 29 5 15 3 14
5 29 5 27 12 3
5 29 5 15 12 3
5 29 16 3 14 2
5 29 16 18 3 2
5 29 30 18 27 19
5 29 28 18 1 19
5 29 5 12 19 11
5 29 5 15 12 11
5 29 16 12 19 11
5 29 16 15 12 11
5 29 30 5 1 19
5 29 5 15 14 11
5 29 16 15 14 11
5 29 30 18 27 7
5 29 28 16 14 2
5 29 28 16 18 2
5 29 28 1 19 11
5 29 28 16 19 11
5 29 28 16 1 11
5 29 28 16 1 14
5 29 5 1 19 11
5 29 16 1 14 11
5 29 18 22 1 19
5 29 30 22 1 19
5 29 30 18 22 19
5 29 18 22 1 7
5 29 30 22 1 7
5 29 30 18 22 7
5 21 32 0 25 6
5 21 32 17 0 25
5 21 17 0 25 12
5 21 25 12 6 13
5 21 0 25 6 13
5 21 0 25 12 13
5 21 17 25 12 19
5 21 17 0 12 2
5 21 32 25 6 23
5 21 10 32 25 23
5 21 12 3 6 13
5 21 0 3 6 13
5 21 0 12 3 13
5 21 5 25 12 19
5 21 12 3 6 2
5 21 0 3 6 2
5 21 0 12 3 2
5 21 9 10 6 19
5 21 9 10 25 19
5 21 9 25 6 23
5 21 9 10 6 23
5 21 9 10 25 23
5 21 27 12 6 19
5 21 5 27 12 19
5 21 27 25 12 6
5 21 5 27 25 12
5 21 9 26 6 19
5 21 9 26 25 19
5 21 9 26 25 6
5 21 26 27 6 19
5 21 26 27 25 19
5 21 26 27 25 6
5 21 30 27 25 19
5 21 30 5 25 19
5 21 30 5 27 19
5 21 30 5 27 25
5 20 26 25 4 24
5 20 32 25 4 24
5 20 26 4 22 24
5 20 32 4 22 24
5 20 26 25 24 19
5 20 10 32 25 4
5 20 17 25 24 19
5 20 32 17 25 24
5 20 9 26 25 4
5 20 9 10 25 4
5 20 26 22 1 19
5 20 32 4 22 23
5 20 10 32 22 23
5 20 10 32 4 23
5 20 10 17 25 19
5 20 10 32 17 25
5 20 9 26 25 19
5 20 9 10 25 19
5 20 26 1 19 11
5 20 26 24 19 11
5 20 22 24 1 11
5 20 26 22 1 11
5 20 26 22 24 11
5 20 32 22 24 1
5 20 26 4 22 7
5 20 9 4 22 7
5 20 9 26 4 7
5 20 9 4 22 23
5 20 9 10 4 23
5 20 17 1 19 11
5 20 17 24 19 11
5 20 10 17 1 19
5 20 10 32 22 1
5 20 10 32 17 1
5 20 32 24 1 11
5 20 32 17 1 11
5 20 32 17 24 11
5 20 9 18 26 19
5 20 9 10 18 19
5 20 30 26 22 7
5 20 30 9 22 7
5 20 30 9 26 7
5 20 10 18 22 23
5 20 9 18 22 23
5 20 9 10 18 23
5 20 18 22 1 19
5 20 10 18 1 19
5 20 10 18 22 1
5 20 30 26 22 19
5 20 30 18 22 19
5 20 30 18 26 19
5 20 30 9 18 22
5 20 30 9 18 26
5 31 21 10 6 19
5 31 28 10 17 19
5 31 21 17 12 2
5 31 28 10 18 19
5 31 28 12 6 19
5 31 21 12 6 19
5 31 10 17 25 19
5 31 21 17 25 19
5 31 21 10 25 19
5 31 21 10 17 25
5 31 28 17 12 19
5 31 21 17 12 19
5 31 28 18 3 2
5 31 28 16 3 2
5 31 21 12 6 2
5 31 28 16 12 6
5 31 28 16 17 2
5 31 9 18 6 19
5 31 9 10 6 19
5 31 9 10 18 19
5 31 9 10 18 6
5 31 18 27 6 19
5 31 18 27 3 6
5 31 12 3 6 2
5 31 16 12 3 6
5 31 16 27 3 6
5 31 17 15 12 2
5 31 16 17 15 2
5 31 28 17 15 12
5 31 28 16 15 12
5 31 28 16 17 15
5 31 29 27 6 19
5 31 29 28 6 19
5 31 29 18 27 19
5 31 29 28 18 19
5 31 28 16 18 3
5 31 15 12 3 2
5 31 16 15 3 2
5 31 16 15 12 3
5 31 29 16 27 6
5 31 29 28 16 6
5 31 29 28 16 18
5 31 29 18 27 3
5 31 29 16 27 3
5 31 29 16 18 3
5 8 28 10 17 2
5 8 31 28 17 2
5 8 31 28 10 17
5 8 28 10 18 2
5 8 31 28 18 2
5 8 31 28 10 18
5 8 32 17 23 2
5 8 10 17 23 2
5 8 10 32 17 23
5 8 31 21 17 2
5 8 31 21 10 17
5 8 10 18 23 2
5 8 32 17 0 2
5 8 21 17 0 2
5 8 21 32 17 0
5 8 31 21 6 2
5 8 31 21 10 6
5 8 10 32 17 25
5 8 21 32 17 25
5 8 21 10 17 25
5 8 21 10 32 25
5 8 10 18 6 23
5 8 31 10 18 6
5 8 0 6 23 2
5 8 32 0 23 2
5 8 32 0 6 23
5 8 21 32 6 23
5 8 21 10 6 23
5 8 21 10 32 23
5 8 21 0 6 2
5 8 21 32 0 6
5 8 3 6 23 2
5 8 18 3 23 2
5 8 18 3 6 23
5 8 31 3 6 2
5 8 31 18 3 2
5 8 31 18 3 6
