201
5 3 15 20 16 11
5 22 15 13 20 23
5 22 15 20 11 23
5 22 3 15 20 11
5 22 3 15 20 16
5 22 9 15 11 23
5 22 3 0 16 11
5 22 3 15 16 11
5 19 3 0 16 11
5 19 3 18 0 11
5 19 3 18 0 16
5 19 1 9 0 11
5 19 1 18 0 11
5 19 1 3 18 11
5 14 3 18 0 11
5 14 1 18 0 11
5 14 1 3 18 11
5 14 1 9 0 11
5 14 3 18 12 25
5 14 1 18 12 25
5 14 1 7 12 25
5 21 22 12 13 20
5 21 22 3 20 16
5 21 22 3 0 16
5 21 15 13 20 16
5 21 22 15 20 16
5 21 22 15 13 20
5 21 22 15 13 23
5 21 22 12 11 23
5 21 14 18 12 0
5 21 14 3 18 0
5 21 14 3 18 12
5 21 14 12 0 11
5 21 14 22 12 11
5 21 22 3 0 11
5 21 14 3 0 11
5 21 22 9 11 23
5 21 22 9 0 11
5 17 8 12 13 25
5 17 12 13 20 25
5 17 21 13 0 16
5 17 19 18 16 25
5 17 19 18 0 16
5 17 3 18 16 25
5 17 3 18 12 25
5 17 21 18 12 0
5 17 3 20 16 25
5 17 21 3 18 12
5 17 3 18 0 16
5 17 21 3 0 16
5 17 21 3 18 0
5 17 21 13 20 16
5 17 21 3 20 16
5 17 21 12 13 20
5 4 21 22 13 23
5 24 8 12 13 25
5 24 7 12 13 25
5 24 7 8 13 25
5 24 17 8 12 25
5 24 17 8 12 13
5 24 4 17 8 13
5 24 4 17 13 0
5 24 22 12 13 20
5 24 17 21 13 0
5 24 17 21 12 0
5 24 17 21 12 13
5 24 4 21 13 0
5 24 22 13 20 23
5 24 4 22 13 23
5 24 22 12 20 23
5 24 21 22 12 13
5 24 4 21 22 13
5 24 4 21 0 23
5 24 4 9 0 23
5 24 21 22 12 23
5 24 4 21 22 23
5 24 21 9 0 23
5 24 21 9 11 23
5 24 21 9 0 11
5 2 1 18 12 25
5 2 1 7 12 25
5 2 1 7 12 0
5 2 17 18 12 25
5 2 17 18 12 0
5 2 19 1 18 25
5 2 17 19 18 25
5 2 19 1 18 0
5 2 17 19 18 0
5 2 14 18 12 0
5 2 14 1 12 0
5 2 14 1 18 0
5 2 14 1 18 12
5 2 24 7 12 25
5 2 24 17 12 25
5 2 24 7 12 0
5 2 24 17 12 0
5 2 19 1 8 25
5 2 17 19 8 25
5 2 24 7 8 25
5 2 24 17 8 25
5 2 1 7 9 0
5 2 24 7 9 0
5 2 19 1 9 0
5 2 19 1 8 9
5 2 24 4 17 0
5 2 24 4 17 8
5 6 17 19 8 16
5 6 8 15 13 16
5 6 4 8 15 13
5 6 22 15 16 11
5 6 22 9 15 11
5 6 19 0 16 11
5 6 19 9 0 11
5 6 2 19 8 9
5 6 2 17 19 8
5 6 4 15 13 23
5 6 17 8 13 16
5 6 4 17 8 13
5 6 2 4 17 8
5 6 22 0 16 11
5 6 22 9 0 11
5 6 21 22 15 16
5 6 2 19 9 0
5 6 17 19 0 16
5 6 2 17 19 0
5 6 21 13 0 16
5 6 21 15 13 16
5 6 17 13 0 16
5 6 4 17 13 0
5 6 4 9 0 23
5 6 2 4 17 0
5 6 24 4 8 9
5 6 2 24 8 9
5 6 2 24 4 8
5 6 21 22 0 16
5 6 21 22 9 0
5 6 22 9 15 23
5 6 21 22 15 23
5 6 21 22 9 23
5 6 21 15 13 23
5 6 21 9 0 23
5 6 4 21 0 23
5 6 4 21 13 23
5 6 4 21 13 0
5 6 24 4 9 0
5 6 2 24 9 0
5 6 2 24 4 0
5 10 14 1 9 0
5 10 14 1 12 0
5 10 1 7 9 0
5 10 1 7 12 0
5 10 14 9 0 11
5 10 14 12 0 11
5 10 14 1 7 12
5 10 24 7 9 0
5 10 24 7 12 0
5 10 24 9 0 11
5 10 14 1 9 11
5 10 21 12 0 11
5 10 24 21 0 11
5 10 24 21 12 0
5 10 14 1 7 25
5 10 24 9 11 23
5 10 21 12 11 23
5 10 24 21 11 23
5 10 24 21 12 23
5 10 14 7 12 25
5 10 2 1 8 9
5 10 2 1 7 9
5 10 24 12 20 23
5 10 22 20 11 23
5 10 22 12 11 23
5 10 22 12 20 23
5 10 2 7 8 25
5 10 2 1 8 25
5 10 2 1 7 25
5 10 2 24 8 9
5 10 2 24 7 9
5 10 2 24 7 8
5 10 24 4 9 23
5 10 24 4 8 9
5 5 17 21 12 20
5 5 17 21 3 20
5 5 17 21 3 12
5 5 21 14 3 12
5 5 17 12 20 25
5 5 17 3 20 25
5 5 17 3 12 25
5 5 14 3 12 25
5 5 21 22 12 20
5 5 21 14 22 12
5 5 21 22 3 20
5 5 14 22 12 11
5 5 22 3 20 11
5 5 21 22 3 11
5 5 21 14 3 11
5 5 21 14 22 11
5 5 10 22 20 11
5 5 10 22 12 11
5 5 10 22 12 20
5 5 10 14 12 11
