115
5 6 8 10 7 17
5 6 8 10 18 17
5 6 8 10 18 7
5 6 15 8 18 17
5 3 8 10 18 17
5 3 15 8 18 17
5 14 9 11 10 17
5 0 8 10 18 7
5 0 3 8 10 18
5 0 6 8 18 7
5 0 6 15 8 7
5 0 6 15 8 18
5 4 3 15 18 17
5 4 3 15 8 17
5 16 0 15 8 7
5 16 14 9 15 8
5 16 14 9 11 8
5 16 0 11 7 2
5 16 0 11 8 2
5 16 0 18 7 2
5 16 6 18 7 2
5 16 4 9 15 8
5 16 0 6 18 7
5 16 0 6 15 7
5 16 0 6 15 18
5 13 3 15 8 18
5 13 0 15 8 18
5 13 0 3 8 18
5 13 16 0 15 18
5 13 16 0 15 8
5 13 4 3 15 18
5 13 16 4 15 18
5 13 16 0 18 2
5 13 4 3 15 8
5 13 16 4 15 8
5 13 4 3 18 2
5 13 16 4 18 2
5 13 0 3 10 18
5 13 0 3 8 10
5 5 4 3 18 17
5 5 13 3 10 17
5 5 16 4 9 2
5 5 13 4 3 2
5 5 9 10 17 2
5 5 16 4 9 15
5 5 4 3 8 17
5 5 14 15 8 17
5 5 4 15 8 17
5 5 14 9 15 8
5 5 4 9 15 8
5 1 16 6 15 7
5 1 6 15 8 7
5 1 16 15 8 7
5 1 16 14 15 8
5 1 6 8 7 17
5 1 6 15 8 17
5 1 14 15 8 17
5 1 16 14 11 8
5 1 5 14 15 17
5 1 8 10 7 17
5 1 14 8 10 17
5 1 0 14 11 8
5 1 16 0 8 7
5 1 16 0 11 7
5 1 16 0 11 8
5 1 16 14 9 15
5 1 5 14 9 15
5 1 5 16 9 15
5 1 0 8 10 7
5 1 0 14 8 10
5 1 0 11 10 7
5 1 0 14 11 10
5 1 16 9 11 2
5 1 16 14 9 11
5 1 5 16 9 2
5 12 5 9 10 2
5 12 5 13 10 2
5 12 9 11 10 2
5 12 5 4 9 2
5 12 5 13 4 2
5 12 5 9 10 17
5 12 5 13 10 17
5 12 0 11 10 2
5 12 13 0 10 2
5 12 5 4 9 8
5 12 14 9 10 17
5 12 5 14 9 17
5 12 0 11 8 2
5 12 14 9 11 10
5 12 0 14 11 10
5 12 16 4 9 2
5 12 16 4 9 8
5 12 13 16 4 2
5 12 13 16 4 8
5 12 5 14 9 8
5 12 13 4 3 8
5 12 5 4 3 8
5 12 5 13 4 3
5 12 14 8 10 17
5 12 5 13 3 17
5 12 16 11 8 2
5 12 16 9 11 2
5 12 16 9 11 8
5 12 14 9 11 8
5 12 0 14 11 8
5 12 16 0 8 2
5 12 13 16 0 2
5 12 13 16 0 8
5 12 0 14 8 10
5 12 13 0 8 10
5 12 3 8 10 17
5 12 13 3 10 17
5 12 13 3 8 10
5 12 5 3 8 17
5 12 5 14 8 17
