222
5 4 20 14 24 25
5 2 20 14 24 25
5 0 4 14 24 25
5 0 4 20 14 25
5 0 4 20 14 24
5 0 2 20 14 24
5 0 2 4 20 24
5 9 21 7 12 13
5 23 0 11 12 13
5 16 15 11 21 19
5 16 23 11 21 19
5 16 15 9 21 19
5 16 23 21 12 13
5 16 23 11 12 13
5 16 23 11 21 12
5 8 23 21 12 13
5 8 0 20 14 25
5 8 23 11 21 12
5 8 23 11 21 19
5 8 23 0 11 25
5 8 23 0 11 12
5 8 16 11 21 12
5 8 16 15 21 12
5 8 16 15 11 12
5 8 16 15 11 21
5 8 15 11 21 19
5 6 0 2 20 14
5 6 9 21 7 12
5 6 15 9 21 19
5 6 16 9 21 7
5 6 16 15 9 21
5 18 9 7 12 13
5 18 23 0 12 13
5 18 8 23 0 12
5 18 8 0 14 25
5 18 9 21 12 13
5 18 8 0 20 14
5 18 0 4 7 24
5 18 0 7 14 24
5 18 9 7 14 24
5 18 6 9 7 12
5 18 6 0 20 14
5 18 6 0 4 24
5 18 6 0 2 14
5 18 6 9 2 14
5 18 0 2 14 24
5 18 9 2 14 24
5 18 6 9 7 24
5 18 6 0 2 24
5 18 6 9 2 24
5 1 16 15 9 19
5 1 6 9 7 24
5 1 6 16 9 7
5 1 6 16 15 9
5 1 6 9 2 19
5 1 6 15 9 19
5 1 6 9 2 24
5 3 23 0 11 25
5 3 23 0 11 13
5 3 16 23 11 13
5 3 18 23 0 13
5 3 18 0 14 25
5 3 18 0 7 14
5 3 8 23 14 25
5 3 18 8 14 25
5 3 8 23 0 25
5 3 18 8 0 25
5 3 18 8 23 0
5 3 16 23 21 19
5 3 16 21 7 13
5 3 16 23 21 13
5 3 18 9 7 14
5 3 9 21 14 19
5 3 16 9 7 19
5 3 16 9 21 19
5 3 16 9 21 7
5 3 9 21 7 13
5 3 18 9 7 13
5 3 18 9 21 13
5 3 8 23 21 13
5 3 8 21 12 13
5 3 18 21 12 13
5 3 18 8 21 12
5 3 8 23 12 13
5 3 18 23 12 13
5 3 18 8 23 12
5 22 18 0 4 7
5 22 18 7 12 13
5 22 18 0 12 13
5 22 18 0 4 12
5 22 21 7 12 13
5 22 16 21 12 13
5 22 16 21 7 13
5 22 16 11 12 13
5 22 3 16 7 13
5 22 3 18 7 13
5 22 0 11 12 13
5 22 0 11 4 12
5 22 18 6 7 12
5 22 18 6 4 12
5 22 6 21 7 12
5 22 6 16 21 7
5 22 15 11 4 12
5 22 16 15 11 12
5 22 16 15 11 4
5 22 1 6 16 7
5 22 18 4 7 24
5 22 18 6 7 24
5 22 18 6 4 24
5 22 16 15 21 12
5 22 6 15 21 12
5 22 6 16 15 21
5 22 1 4 7 24
5 22 1 6 7 24
5 22 1 6 4 24
5 22 1 6 16 15
5 5 8 15 21 19
5 5 8 23 21 19
5 5 8 15 11 19
5 5 8 23 11 25
5 5 8 23 11 19
5 5 2 20 24 25
5 5 1 2 20 24
5 5 4 20 24 25
5 5 1 4 20 24
5 17 5 8 15 21
5 17 8 15 21 12
5 17 6 15 21 12
5 17 1 6 15 20
5 17 5 1 4 20
5 17 5 1 15 20
5 17 5 1 15 4
5 17 5 4 20 25
5 17 5 8 20 25
5 17 5 15 11 4
5 17 5 8 15 11
5 17 1 6 2 20
5 17 15 11 4 12
5 17 8 15 11 12
5 17 0 4 20 25
5 17 8 0 20 25
5 17 5 11 4 25
5 17 5 8 11 25
5 17 0 2 4 20
5 17 6 0 2 20
5 17 2 4 20 24
5 17 1 4 20 24
5 17 1 2 20 24
5 17 1 6 4 24
5 17 1 6 2 24
5 17 22 15 4 12
5 17 22 1 15 4
5 17 22 6 4 12
5 17 22 1 6 4
5 17 22 6 15 12
5 17 22 1 6 15
5 17 18 8 20 12
5 17 18 8 0 12
5 17 18 8 0 20
5 17 0 11 4 12
5 17 8 0 11 12
5 17 18 6 20 12
5 17 18 6 0 20
5 17 18 0 4 12
5 17 18 6 4 12
5 17 18 6 0 4
5 17 0 11 4 25
5 17 8 0 11 25
5 17 0 2 4 24
5 17 6 0 4 24
5 17 6 0 2 24
5 10 18 8 20 12
5 10 18 8 21 12
5 10 18 6 20 12
5 10 18 8 20 14
5 10 17 8 20 12
5 10 17 6 20 12
5 10 17 8 21 12
5 10 17 6 21 12
5 10 6 9 21 12
5 10 18 9 21 12
5 10 18 6 9 12
5 10 18 6 20 14
5 10 3 18 8 14
5 10 3 18 8 21
5 10 17 5 8 20
5 10 17 5 8 21
5 10 17 6 15 20
5 10 17 6 15 21
5 10 18 6 9 14
5 10 8 20 14 25
5 10 8 23 14 25
5 10 3 8 23 14
5 10 3 8 23 21
5 10 5 8 23 21
5 10 3 9 21 14
5 10 3 18 9 14
5 10 3 18 9 21
5 10 17 5 15 20
5 10 17 5 15 21
5 10 6 15 21 19
5 10 9 21 14 19
5 10 6 9 21 19
5 10 23 14 19 25
5 10 3 21 14 19
5 10 3 23 14 19
5 10 3 23 21 19
5 10 5 23 21 19
5 10 5 8 20 25
5 10 5 8 23 25
5 10 5 15 21 19
5 10 1 6 15 19
5 10 1 6 15 20
5 10 6 2 20 14
5 10 6 9 2 19
5 10 6 9 2 14
5 10 5 23 19 25
5 10 5 1 15 19
5 10 5 1 15 20
5 10 1 6 2 19
5 10 1 6 2 20
5 10 5 1 2 20
