296
5 7 20 23 17 18
5 7 20 23 12 18
5 7 19 23 17 18
5 7 19 23 12 18
5 3 20 23 12 18
5 32 4 15 17 25
5 32 16 23 17 18
5 32 3 16 23 18
5 32 3 20 18 25
5 32 20 23 17 18
5 32 3 20 23 18
5 29 7 20 23 12
5 29 7 19 23 12
5 29 3 20 23 12
5 2 32 4 15 17
5 2 7 19 23 17
5 2 7 19 18 28
5 2 7 19 17 18
5 2 19 23 18 28
5 2 19 23 17 18
5 26 2 32 16 4
5 26 32 16 23 17
5 26 2 32 23 17
5 26 2 32 16 17
5 26 2 1 4 28
5 26 16 23 17 18
5 26 2 23 17 18
5 26 2 16 17 18
5 26 2 23 18 28
5 26 2 1 18 28
5 26 1 16 23 18
5 26 19 23 18 28
5 26 1 19 18 28
5 26 1 19 23 18
5 13 32 3 16 4
5 13 26 1 16 4
5 13 32 3 4 25
5 13 26 1 4 28
5 31 29 7 19 23
5 31 29 7 20 23
5 30 2 7 19 23
5 30 9 4 15 28
5 30 2 4 15 28
5 30 2 9 4 15
5 30 2 19 23 28
5 30 26 2 4 28
5 30 26 2 9 4
5 30 26 2 23 28
5 24 26 32 16 4
5 24 13 32 16 4
5 24 13 26 16 4
5 24 26 32 16 23
5 24 26 2 32 23
5 24 26 2 32 4
5 24 13 26 9 4
5 24 32 3 16 23
5 24 13 32 3 16
5 24 2 32 4 15
5 24 26 2 9 4
5 24 32 3 20 23
5 24 32 4 15 25
5 24 2 9 4 15
5 24 30 26 9 23
5 24 30 26 2 23
5 24 30 26 2 9
5 24 13 32 4 25
5 24 32 3 20 25
5 24 13 32 3 25
5 24 32 20 17 25
5 24 32 20 23 17
5 24 13 6 4 25
5 24 29 3 20 23
5 24 31 29 20 23
5 24 0 3 20 25
5 24 0 6 20 25
5 27 29 19 23 12
5 27 19 23 12 18
5 27 1 19 23 18
5 27 31 29 19 23
5 27 29 3 20 12
5 27 0 3 20 12
5 27 0 29 20 12
5 27 29 3 23 12
5 27 24 29 3 23
5 27 3 23 12 18
5 27 13 1 3 16
5 27 26 1 16 23
5 27 13 26 1 16
5 27 3 16 23 18
5 27 1 16 23 18
5 27 1 3 16 18
5 14 31 7 19 23
5 14 30 7 19 23
5 14 30 31 19 23
5 14 30 31 7 19
5 14 7 20 23 17
5 14 31 7 20 23
5 14 2 7 23 17
5 14 30 2 7 23
5 14 30 31 9 23
5 14 30 31 9 7
5 14 24 20 23 17
5 14 24 31 20 23
5 14 31 29 7 20
5 14 30 2 7 15
5 14 24 31 9 23
5 14 30 9 7 15
5 14 30 2 9 15
5 14 24 30 9 23
5 14 24 30 2 23
5 14 24 30 2 9
5 14 24 20 17 25
5 14 24 2 9 15
5 14 32 15 17 25
5 14 24 32 17 25
5 14 24 32 15 25
5 14 2 32 15 17
5 14 24 2 32 15
5 14 2 32 23 17
5 14 24 32 23 17
5 14 24 2 32 23
5 22 30 31 9 23
5 22 27 26 16 23
5 22 27 13 26 16
5 22 27 13 26 1
5 22 30 31 19 23
5 22 27 31 19 23
5 22 26 19 23 28
5 22 30 19 23 28
5 22 30 26 23 28
5 22 26 1 19 23
5 22 27 1 19 23
5 22 27 26 1 23
5 22 27 31 29 19
5 8 24 13 6 4
5 8 24 13 9 4
5 8 24 13 26 9
5 8 31 0 29 20
5 8 24 31 29 20
5 8 22 31 29 9
5 8 24 31 9 23
5 8 22 31 9 23
5 8 24 26 9 23
5 8 22 27 31 29
5 8 27 0 29 20
5 8 22 27 31 23
5 8 30 26 9 23
5 8 22 30 9 23
5 8 22 30 26 23
5 8 24 26 16 23
5 8 24 13 26 16
5 8 22 26 16 23
5 8 22 13 26 16
5 8 24 0 3 20
5 8 27 0 3 20
5 8 27 24 3 23
5 8 22 27 16 23
5 8 22 27 13 16
5 8 24 29 3 20
5 8 27 29 3 20
5 8 27 24 29 3
5 8 24 31 29 23
5 8 27 31 29 23
5 8 27 24 29 23
5 8 24 3 16 23
5 8 24 13 3 16
5 8 27 3 16 23
5 8 27 13 3 16
5 5 14 24 9 15
5 5 14 24 31 9
5 5 14 9 7 15
5 5 14 31 9 7
5 5 14 24 31 20
5 5 24 9 4 15
5 5 8 24 31 9
5 5 31 29 9 7
5 5 14 31 29 7
5 5 14 31 29 20
5 5 14 24 15 25
5 5 14 24 20 25
5 5 6 4 15 25
5 5 24 4 15 25
5 5 24 6 4 25
5 5 8 24 6 4
5 5 8 24 9 4
5 5 24 6 20 25
5 5 8 24 31 20
5 5 14 29 7 20
5 5 14 15 17 25
5 5 14 20 17 25
5 5 31 0 29 20
5 5 8 0 29 9
5 5 8 31 29 9
5 5 8 31 0 29
5 5 8 31 0 20
5 5 24 0 6 20
5 5 8 24 0 20
5 5 8 24 0 6
5 21 22 31 29 19
5 21 22 30 31 19
5 21 31 29 7 19
5 21 30 31 7 19
5 21 22 31 29 9
5 21 22 30 31 9
5 21 31 29 9 7
5 21 30 31 9 7
5 21 29 7 19 12
5 21 27 29 19 12
5 21 22 27 29 19
5 21 22 27 29 9
5 21 22 30 19 28
5 21 5 29 9 7
5 21 7 19 18 28
5 21 2 7 19 28
5 21 30 2 19 28
5 21 30 2 7 19
5 21 22 27 1 19
5 21 1 19 18 28
5 21 27 19 12 18
5 21 27 1 12 18
5 21 27 1 19 18
5 21 26 1 19 28
5 21 22 26 19 28
5 21 22 26 1 28
5 21 22 26 1 19
5 10 8 22 13 26
5 10 8 22 30 26
5 10 22 30 26 28
5 10 8 13 26 9
5 10 8 30 26 9
5 10 8 22 30 9
5 10 13 26 1 28
5 10 22 26 1 28
5 10 22 13 26 1
5 10 13 26 4 28
5 10 13 26 9 4
5 10 30 9 4 28
5 10 30 26 4 28
5 10 30 26 9 4
5 10 22 27 13 1
5 10 21 22 30 28
5 10 21 22 30 9
5 10 8 13 9 4
5 10 9 4 15 28
5 10 21 22 1 28
5 10 21 22 27 1
5 10 30 9 15 28
5 10 5 8 6 4
5 10 5 8 9 4
5 10 21 22 27 9
5 10 22 27 29 9
5 10 8 22 29 9
5 10 8 22 27 29
5 10 21 27 1 12
5 10 5 6 4 15
5 10 5 9 4 15
5 10 5 8 0 6
5 10 5 8 0 9
5 10 8 0 29 9
5 10 8 27 0 29
5 10 5 0 29 6
5 10 5 0 29 9
5 10 21 27 29 12
5 10 21 27 29 9
5 10 27 0 29 12
5 11 8 27 0 3
5 11 8 27 13 3
5 11 27 0 3 12
5 11 8 24 0 3
5 11 8 24 13 3
5 11 10 8 27 0
5 11 27 13 1 3
5 11 10 27 0 12
5 11 24 0 3 25
5 11 24 13 3 25
5 11 8 24 0 6
5 11 8 24 13 6
5 11 10 8 0 6
5 11 8 22 27 13
5 11 10 22 27 13
5 11 10 8 22 13
5 11 10 8 22 27
5 11 13 1 3 18
5 11 27 3 12 18
5 11 27 1 12 18
5 11 27 1 3 18
5 11 10 27 1 12
5 11 10 27 13 1
5 11 10 0 6 12
5 11 0 3 6 25
5 11 13 3 6 25
5 11 24 0 6 25
5 11 24 13 6 25
5 11 8 13 6 4
5 11 10 8 6 4
5 11 10 8 13 4
