326
5 8 30 27 17 29
5 16 21 27 29 1
5 16 21 30 29 1
5 16 21 30 27 29
5 26 21 13 18 6
5 24 21 27 18 6
5 24 21 13 18 6
5 24 21 13 27 6
5 24 21 13 27 18
5 24 26 13 18 6
5 24 26 8 18 6
5 24 26 13 9 6
5 24 26 8 9 6
5 22 24 8 9 17
5 22 24 8 0 17
5 22 26 0 6 4
5 22 26 8 9 6
5 22 24 26 0 9
5 22 24 26 8 9
5 22 24 26 8 0
5 22 26 8 18 6
5 22 26 8 0 18
5 12 8 30 27 29
5 12 8 13 27 29
5 12 8 30 17 29
5 12 8 13 17 29
5 12 24 8 13 27
5 12 24 8 9 17
5 12 24 8 13 17
5 12 24 13 9 6
5 12 24 13 27 6
5 12 24 8 9 6
5 12 24 8 27 6
5 12 21 27 9 6
5 12 21 13 9 6
5 12 21 13 27 6
5 12 21 13 27 9
5 3 21 27 9 6
5 3 26 21 6 4
5 3 22 9 6 4
5 3 22 26 6 4
5 3 22 26 9 6
5 3 21 13 9 6
5 3 22 26 0 4
5 31 21 30 27 4
5 31 16 21 30 4
5 31 16 21 30 27
5 31 3 16 21 4
5 31 3 16 21 27
5 31 16 30 27 9
5 31 3 16 27 9
5 31 21 27 6 4
5 31 3 21 6 4
5 31 3 21 27 6
5 31 3 27 9 6
5 31 22 8 6 4
5 31 8 30 27 17
5 31 12 27 9 6
5 31 12 8 9 6
5 31 12 8 27 6
5 31 12 30 27 9
5 31 12 8 30 27
5 31 22 8 17 4
5 31 12 8 30 17
5 14 31 16 30 4
5 14 22 9 6 4
5 14 31 22 6 4
5 14 22 0 17 4
5 14 31 22 17 4
5 14 31 30 17 4
5 14 31 3 16 4
5 14 31 3 16 9
5 14 3 9 6 4
5 14 31 3 6 4
5 14 31 3 9 6
5 14 22 8 9 6
5 14 31 8 9 6
5 14 31 22 8 6
5 14 22 8 9 17
5 14 31 22 8 17
5 14 31 12 30 17
5 14 31 12 30 9
5 14 12 8 9 17
5 14 31 12 8 17
5 14 31 12 8 9
5 2 20 30 29 1
5 25 16 30 27 29
5 25 16 27 29 1
5 25 16 30 29 1
5 25 12 13 27 29
5 25 12 13 27 9
5 25 16 21 27 1
5 25 27 18 29 1
5 25 13 27 18 29
5 25 21 13 27 9
5 25 3 16 21 1
5 25 3 21 27 9
5 25 3 16 27 9
5 25 3 16 21 27
5 25 21 27 18 1
5 25 21 13 27 18
5 25 3 21 13 9
5 25 2 18 29 1
5 25 2 20 29 1
5 25 2 20 7 1
5 25 3 21 18 1
5 25 3 21 13 18
5 11 25 3 18 1
5 11 25 3 13 9
5 11 25 3 13 18
5 11 21 7 18 1
5 11 3 21 18 1
5 11 26 13 9 6
5 11 3 13 9 6
5 11 3 26 9 6
5 11 26 21 13 18
5 11 3 21 13 18
5 11 26 21 13 6
5 11 3 21 13 6
5 11 3 26 21 6
5 5 31 16 30 9
5 5 14 31 30 9
5 5 14 31 16 9
5 5 14 31 16 30
5 5 16 30 27 9
5 5 25 16 27 9
5 5 25 16 30 27
5 5 25 16 30 1
5 5 12 30 27 9
5 5 16 7 30 1
5 5 20 30 29 1
5 5 25 30 29 1
5 5 25 20 29 1
5 5 25 16 7 1
5 5 25 20 7 1
5 5 25 20 16 7
5 5 25 30 27 29
5 23 14 30 17 4
5 23 14 0 17 4
5 23 14 16 30 4
5 23 5 14 16 30
5 23 5 14 16 9
5 23 5 16 7 30
5 23 5 20 16 7
5 23 2 20 30 1
5 23 2 20 7 1
5 23 5 7 30 1
5 23 5 20 30 1
5 23 5 20 7 1
5 10 2 20 7 28
5 10 25 2 20 7
5 10 11 7 18 28
5 10 11 25 7 18
5 10 2 7 18 1
5 10 25 7 18 1
5 10 25 2 18 1
5 10 25 2 7 1
5 10 11 25 13 18
5 10 11 26 18 28
5 10 11 26 13 18
5 10 2 13 18 29
5 10 25 2 18 29
5 10 11 25 13 9
5 10 24 26 13 18
5 10 11 26 28 9
5 10 11 26 13 9
5 10 12 24 13 17
5 10 12 24 13 9
5 10 26 0 18 28
5 10 24 26 13 9
5 10 8 0 18 17
5 10 24 8 0 17
5 10 8 13 18 17
5 10 24 8 13 17
5 10 24 8 13 18
5 10 26 0 28 9
5 10 24 26 0 9
5 10 26 8 0 18
5 10 24 26 8 18
5 10 24 26 8 0
5 32 11 3 26 9
5 32 22 26 0 9
5 32 3 22 26 9
5 32 3 22 26 0
5 32 26 0 28 9
5 32 11 26 28 9
5 32 3 26 0 4
5 32 11 3 26 4
5 32 3 22 9 4
5 32 3 22 0 4
5 32 26 0 28 4
5 32 11 26 28 4
5 32 14 22 9 4
5 32 14 22 0 4
5 32 23 14 0 4
5 32 14 22 9 17
5 32 14 22 0 17
5 32 10 0 28 9
5 32 23 14 16 4
5 32 23 14 16 9
5 32 23 14 0 17
5 32 10 2 0 28
5 32 14 3 9 4
5 32 14 3 16 4
5 32 14 3 16 9
5 32 23 16 7 4
5 32 2 20 7 28
5 32 23 2 20 7
5 32 23 2 0 17
5 32 10 2 0 17
5 19 14 12 9 17
5 19 5 25 20 9
5 19 23 5 20 9
5 19 23 5 14 9
5 19 14 12 30 9
5 19 5 12 30 9
5 19 5 14 30 9
5 19 32 14 9 17
5 19 25 12 13 9
5 19 25 12 27 9
5 19 5 12 27 9
5 19 5 25 27 9
5 19 5 25 20 29
5 19 32 23 20 9
5 19 32 23 14 9
5 19 14 12 30 17
5 19 12 24 9 17
5 19 32 23 14 17
5 19 10 12 13 9
5 19 10 25 13 9
5 19 25 12 13 29
5 19 25 12 27 29
5 19 5 25 27 29
5 19 5 20 30 29
5 19 23 5 20 30
5 19 23 14 30 17
5 19 23 5 14 30
5 19 12 30 17 29
5 19 10 12 24 17
5 19 10 12 24 9
5 19 32 10 2 17
5 19 32 20 28 9
5 19 32 10 28 9
5 19 32 23 2 17
5 19 32 23 2 20
5 19 10 11 25 9
5 19 12 13 17 29
5 19 12 30 27 29
5 19 5 30 27 29
5 19 5 12 30 27
5 19 23 2 30 17
5 19 23 2 20 30
5 19 2 30 17 29
5 19 2 20 30 29
5 19 22 24 9 17
5 19 22 24 0 17
5 19 22 24 0 9
5 19 32 22 9 17
5 19 32 22 0 17
5 19 32 22 0 9
5 19 10 24 0 17
5 19 32 10 0 17
5 19 10 24 0 9
5 19 32 10 0 9
5 19 10 12 13 17
5 19 10 2 13 17
5 19 10 2 20 28
5 19 32 2 20 28
5 19 32 10 2 28
5 19 10 11 28 9
5 19 10 2 13 29
5 19 25 13 18 29
5 19 10 13 18 29
5 19 10 25 18 29
5 19 10 25 13 18
5 19 25 2 20 29
5 19 10 25 2 29
5 19 10 25 2 20
5 19 2 13 17 29
5 15 32 3 16 9
5 15 32 11 3 9
5 15 25 3 16 9
5 15 11 25 3 9
5 15 32 11 28 9
5 15 25 3 16 1
5 15 11 25 3 1
5 15 32 3 16 4
5 15 32 11 28 4
5 15 32 11 3 4
5 15 25 20 16 7
5 15 19 11 25 9
5 15 25 16 7 1
5 15 32 20 28 9
5 15 32 20 7 28
5 15 32 7 28 4
5 15 32 16 7 4
5 15 19 25 20 9
5 15 5 25 16 9
5 15 5 25 20 9
5 15 5 25 20 16
5 15 10 11 25 7
5 15 19 10 11 25
5 15 25 7 18 1
5 15 11 7 18 1
5 15 11 25 18 1
5 15 11 25 7 18
5 15 16 21 7 1
5 15 3 16 21 1
5 15 11 21 7 1
5 15 11 3 21 1
5 15 19 20 28 9
5 15 19 11 28 9
5 15 10 20 7 28
5 15 10 11 7 28
5 15 32 23 16 9
5 15 32 23 20 9
5 15 23 20 16 7
5 15 32 23 16 7
5 15 32 23 20 7
5 15 10 25 20 7
5 15 19 10 25 20
5 15 23 5 16 9
5 15 23 5 20 9
5 15 23 5 20 16
5 15 19 10 20 28
5 15 19 10 11 28
