216
5 0 12 11 4 25
5 17 12 11 4 25
5 17 23 12 9 4
5 17 23 12 9 11
5 1 23 0 21 11
5 10 23 0 12 11
5 10 23 12 9 11
5 10 1 23 0 11
5 10 23 21 9 11
5 10 1 0 21 11
5 10 1 23 21 11
5 10 1 23 21 20
5 19 3 12 4 25
5 19 10 21 11 25
5 19 10 0 11 25
5 19 10 0 21 11
5 19 1 0 21 24
5 19 10 1 0 21
5 19 1 0 24 15
5 2 17 23 9 4
5 2 23 21 9 11
5 2 23 12 9 4
5 13 23 0 12 4
5 13 1 23 0 4
5 13 1 0 4 15
5 13 10 1 0 15
5 6 0 12 11 25
5 6 10 0 11 25
5 6 10 0 12 25
5 6 10 0 12 11
5 6 17 12 11 25
5 6 17 21 11 25
5 6 10 21 11 25
5 6 17 12 9 11
5 6 10 12 9 11
5 6 17 21 9 11
5 6 10 21 9 11
5 22 19 12 4 25
5 22 0 12 4 25
5 22 19 3 12 4
5 22 13 0 4 15
5 22 13 0 12 4
5 22 19 0 24 15
5 16 2 17 9 4
5 16 2 3 9 4
5 16 2 3 17 4
5 16 2 17 21 9
5 16 2 19 21 9
5 16 19 3 17 24
5 16 17 12 9 4
5 16 19 3 12 25
5 16 19 17 21 25
5 16 19 17 21 24
5 16 2 17 21 24
5 16 2 19 21 24
5 16 17 12 4 25
5 16 3 12 4 25
5 16 6 17 12 25
5 16 6 17 12 9
5 16 19 17 4 25
5 16 19 3 4 25
5 16 19 3 17 4
5 16 6 17 21 25
5 16 6 17 21 9
5 16 19 10 9 25
5 16 19 10 21 25
5 16 19 10 21 9
5 16 10 12 9 25
5 16 6 10 12 25
5 16 6 10 12 9
5 16 6 10 21 25
5 16 6 10 21 9
5 14 10 12 9 25
5 14 19 10 9 25
5 14 10 23 12 9
5 14 16 12 9 25
5 14 16 19 9 25
5 14 16 19 12 25
5 14 2 23 12 9
5 14 10 23 0 12
5 14 13 23 0 12
5 14 16 19 3 12
5 14 22 19 3 12
5 14 10 0 12 25
5 14 22 19 12 25
5 14 2 23 12 4
5 14 13 23 12 4
5 14 13 2 23 4
5 14 10 1 23 0
5 14 13 1 23 0
5 14 13 10 1 0
5 14 13 10 1 23
5 14 16 12 9 4
5 14 16 3 9 4
5 14 16 3 12 4
5 14 2 12 9 4
5 14 2 3 9 4
5 14 22 3 12 4
5 14 22 13 12 4
5 14 22 13 3 4
5 14 22 0 12 25
5 14 22 13 0 12
5 14 13 10 0 15
5 14 22 13 0 15
5 14 22 19 0 25
5 14 22 19 0 15
5 18 14 19 10 9
5 18 19 10 21 9
5 18 14 10 23 9
5 18 10 23 21 20
5 18 10 23 21 9
5 18 14 2 23 9
5 18 2 23 21 20
5 18 2 23 21 9
5 18 2 21 24 20
5 18 2 19 21 24
5 18 2 19 21 9
5 18 14 13 2 23
5 18 16 2 19 9
5 18 14 16 19 9
5 18 14 16 19 3
5 8 19 10 0 25
5 8 14 10 0 25
5 8 14 19 0 25
5 8 14 19 10 25
5 8 14 10 0 15
5 8 14 19 0 15
5 8 10 1 0 15
5 8 19 1 0 15
5 8 19 10 1 0
5 8 18 14 19 10
5 8 14 13 10 15
5 8 14 22 19 15
5 8 13 10 1 15
5 8 19 1 24 15
5 8 14 22 13 15
5 8 14 13 10 23
5 8 18 14 10 23
5 8 18 14 13 23
5 8 22 19 24 15
5 8 14 22 19 3
5 8 18 14 19 3
5 8 13 1 23 15
5 8 13 10 1 23
5 8 1 24 15 20
5 8 19 1 21 24
5 8 19 10 1 21
5 8 18 19 21 24
5 8 18 19 10 21
5 8 22 24 15 20
5 8 22 19 3 24
5 8 1 23 15 20
5 8 13 23 15 20
5 8 10 1 23 20
5 8 18 10 23 20
5 8 1 21 24 20
5 8 18 21 24 20
5 8 10 1 21 20
5 8 18 10 21 20
5 7 8 14 22 3
5 7 8 14 22 13
5 7 8 18 24 20
5 7 18 2 23 20
5 7 8 18 23 20
5 7 18 13 2 23
5 7 8 18 13 23
5 7 22 13 2 20
5 7 13 2 23 20
5 7 8 13 23 20
5 7 8 22 24 20
5 7 8 22 3 24
5 7 8 19 3 24
5 7 8 18 19 24
5 7 22 13 15 20
5 7 8 13 15 20
5 7 8 22 15 20
5 7 8 22 13 15
5 5 18 16 19 3
5 5 16 19 3 24
5 5 7 19 3 24
5 5 8 18 19 3
5 5 7 8 19 3
5 5 7 8 18 19
5 5 7 18 19 24
5 5 8 18 14 3
5 5 7 8 14 3
5 5 16 2 3 9
5 5 18 16 2 9
5 5 16 2 19 24
5 5 18 2 19 24
5 5 18 16 2 19
5 5 16 3 17 24
5 5 16 2 17 24
5 5 16 2 3 17
5 5 8 18 14 13
5 5 7 8 14 13
5 5 7 8 18 13
5 5 14 16 3 9
5 5 18 14 16 9
5 5 18 14 16 3
5 5 14 2 3 9
5 5 18 14 2 9
5 5 18 2 24 20
5 5 7 18 24 20
5 5 7 18 2 20
5 5 18 14 13 2
5 5 7 18 13 2
5 5 7 22 13 2
5 5 14 2 3 4
5 5 14 13 3 4
5 5 14 13 2 4
5 5 14 22 13 3
5 5 7 14 22 3
5 5 7 14 22 13
5 5 22 13 3 4
5 5 22 13 2 4
