249
5 16 14 21 18 8
5 16 15 14 24 18
5 11 15 14 18 8
5 11 16 14 18 8
5 11 16 15 14 18
5 11 16 0 18 8
5 11 14 21 8 17
5 11 16 14 21 8
5 11 25 16 21 8
5 7 23 15 18 17
5 6 16 0 21 8
5 6 25 16 21 8
5 6 25 12 1 10
5 9 6 16 0 21
5 9 16 0 24 18
5 9 23 0 24 18
5 9 16 14 21 18
5 9 16 14 24 18
5 9 16 14 24 21
5 9 15 14 21 18
5 9 23 15 21 18
5 9 23 15 14 21
5 9 15 14 24 18
5 9 23 15 24 18
5 9 23 15 14 24
5 22 11 25 16 21
5 22 11 14 21 17
5 22 11 25 14 17
5 22 9 12 24 21
5 22 12 14 21 17
5 22 25 12 21 17
5 22 25 21 8 17
5 22 11 21 8 17
5 22 11 25 8 17
5 22 11 25 21 8
5 22 25 12 1 21
5 22 9 12 1 21
5 22 6 25 1 21
5 22 9 6 1 21
5 22 6 25 12 1
5 22 6 12 1 10
5 2 23 15 14 24
5 2 7 15 14 17
5 2 9 23 14 24
5 2 22 14 24 21
5 2 22 12 24 21
5 2 22 12 14 21
5 2 22 12 14 17
5 2 7 23 15 17
5 2 9 14 24 21
5 2 9 12 24 21
5 2 9 12 1 24
5 2 9 23 1 24
5 2 15 14 21 17
5 2 23 15 21 17
5 2 23 15 14 21
5 2 12 14 21 17
5 2 9 23 14 21
5 2 12 1 21 17
5 2 9 12 1 21
5 2 23 1 21 17
5 2 9 23 1 21
5 5 11 25 14 17
5 5 11 14 8 17
5 5 11 25 8 17
5 5 22 11 25 14
5 5 15 14 8 17
5 5 7 15 8 17
5 5 7 15 14 17
5 5 11 15 14 8
5 5 11 15 18 8
5 5 11 16 15 18
5 5 23 15 24 18
5 5 7 23 15 18
5 5 6 7 0 10
5 19 22 14 24 21
5 19 22 11 14 21
5 19 16 14 24 21
5 19 11 16 14 21
5 19 22 11 16 21
5 19 5 22 11 14
5 19 9 16 24 21
5 19 22 9 24 21
5 19 22 9 16 21
5 19 22 11 25 16
5 19 2 22 14 24
5 19 16 15 14 24
5 19 11 16 15 14
5 19 5 11 15 14
5 19 5 11 16 15
5 19 16 15 24 18
5 19 5 15 24 18
5 19 5 16 15 18
5 19 9 16 0 24
5 19 22 9 6 1
5 19 2 15 14 24
5 19 2 22 12 24
5 19 9 12 1 24
5 19 22 9 12 24
5 19 22 9 12 1
5 20 7 25 12 17
5 20 22 25 12 17
5 20 2 7 12 17
5 20 2 22 12 17
5 20 5 7 25 17
5 20 2 7 14 17
5 20 2 22 14 17
5 20 19 2 22 12
5 20 22 25 14 17
5 20 5 25 14 17
5 20 5 22 25 14
5 20 5 7 14 17
5 20 6 25 12 10
5 20 22 6 12 10
5 20 22 6 25 12
5 20 6 7 25 10
5 20 5 6 7 10
5 20 5 6 7 25
5 20 19 2 22 14
5 20 19 5 22 14
5 20 2 7 15 14
5 20 19 2 15 14
5 20 19 2 7 15
5 20 5 7 15 14
5 20 19 5 15 14
5 20 19 5 7 15
5 4 5 22 11 25
5 4 19 22 11 25
5 4 19 5 22 11
5 4 20 5 22 25
5 4 20 19 5 22
5 4 5 11 25 8
5 4 5 6 25 8
5 4 19 11 25 16
5 4 20 5 6 25
5 4 20 22 6 25
5 4 11 25 16 8
5 4 6 25 16 8
5 4 5 6 0 8
5 4 19 22 25 16
5 4 20 5 6 10
5 4 19 5 11 16
5 4 11 16 0 8
5 4 6 16 0 8
5 4 11 0 18 8
5 4 5 0 18 8
5 4 5 11 18 8
5 4 6 25 16 21
5 4 22 25 16 21
5 4 22 6 25 21
5 4 19 22 9 16
5 4 19 22 9 6
5 4 9 6 16 0
5 4 19 9 16 0
5 4 20 5 7 10
5 4 11 16 0 18
5 4 5 11 16 18
5 4 19 5 16 18
5 4 9 6 16 21
5 4 22 9 16 21
5 4 22 9 6 21
5 4 9 6 0 24
5 4 19 9 0 24
5 4 19 9 6 24
5 4 16 0 24 18
5 4 19 16 24 18
5 4 19 16 0 24
5 3 2 7 23 15
5 3 19 2 7 15
5 3 2 23 15 24
5 3 19 2 15 24
5 3 20 19 2 7
5 3 5 23 15 24
5 3 5 7 23 15
5 3 19 5 15 24
5 3 19 5 7 15
5 3 4 20 7 10
5 3 20 19 5 7
5 3 4 20 5 7
5 3 4 20 19 5
5 3 5 23 24 18
5 3 19 5 24 18
5 3 4 19 24 18
5 3 4 19 5 18
5 3 4 19 6 24
5 3 4 20 19 22
5 3 23 0 24 18
5 3 4 0 24 18
5 3 4 5 0 18
5 3 5 7 0 18
5 3 5 7 23 18
5 3 5 7 0 10
5 3 4 5 7 10
5 3 23 1 0 10
5 3 4 6 0 24
5 3 4 19 22 6
5 3 23 0 10 18
5 3 7 0 10 18
5 3 7 23 10 18
5 3 20 22 6 10
5 3 4 20 6 10
5 3 4 20 22 6
5 3 5 6 0 10
5 3 4 5 6 10
5 3 4 5 6 0
5 3 6 1 0 10
5 3 9 23 0 24
5 3 9 23 1 24
5 3 9 23 1 0
5 3 19 22 6 1
5 3 19 9 1 24
5 3 19 9 6 24
5 3 19 9 6 1
5 3 9 6 0 24
5 3 9 6 1 0
5 13 20 2 7 12
5 13 3 20 2 7
5 13 20 7 12 10
5 13 3 20 7 10
5 13 20 19 2 12
5 13 3 20 19 2
5 13 7 12 10 17
5 13 2 7 12 17
5 13 3 7 23 10
5 13 3 2 7 23
5 13 20 22 12 10
5 13 3 20 22 10
5 13 19 2 12 24
5 13 3 19 2 24
5 13 20 19 22 12
5 13 3 20 19 22
5 13 2 12 1 17
5 13 7 23 10 17
5 13 2 7 23 17
5 13 22 12 1 10
5 13 3 23 1 10
5 13 2 12 1 24
5 13 19 12 1 24
5 13 3 19 1 24
5 13 19 22 12 1
5 13 3 19 22 1
5 13 2 23 1 17
5 13 22 6 1 10
5 13 3 6 1 10
5 13 3 22 6 10
5 13 3 22 6 1
5 13 2 23 1 24
5 13 3 23 1 24
5 13 3 2 23 24
