305
5 29 23 28 1 4
5 29 18 23 28 4
5 32 18 23 15 4
5 12 32 18 23 15
5 26 29 23 1 4
5 26 27 29 1 4
5 26 18 23 15 4
5 26 29 18 23 4
5 26 27 29 8 4
5 26 18 15 8 4
5 26 29 18 8 4
5 30 29 18 23 28
5 30 12 18 23 28
5 30 12 18 23 15
5 30 26 18 23 15
5 30 26 29 18 23
5 30 29 23 28 1
5 21 26 27 8 4
5 21 19 26 27 4
5 21 19 26 27 8
5 11 30 12 23 28
5 24 21 19 26 4
5 7 12 32 15 17
5 7 32 23 15 17
5 5 26 18 15 8
5 5 26 29 18 8
5 5 30 26 18 15
5 5 30 26 29 18
5 5 29 22 8 28
5 5 21 19 26 8
5 5 19 26 27 8
5 5 29 18 8 28
5 5 30 29 18 28
5 5 27 29 22 1
5 5 27 29 22 8
5 5 26 27 29 1
5 5 26 27 29 8
5 10 11 12 23 17
5 10 11 0 23 17
5 10 11 0 16 17
5 10 12 32 23 17
5 10 7 0 23 17
5 10 7 32 23 17
5 10 24 0 26 23
5 2 5 26 27 1
5 13 11 0 16 17
5 13 7 11 0 17
5 13 24 21 19 16
5 13 10 0 16 17
5 13 10 7 0 17
5 31 7 0 23 15
5 31 30 12 23 15
5 31 11 30 12 23
5 31 7 23 15 17
5 31 7 12 15 17
5 31 11 12 23 17
5 31 7 11 12 17
5 31 11 0 23 17
5 31 7 0 23 17
5 31 7 11 0 17
5 31 30 26 23 15
5 31 0 26 23 15
5 31 11 0 23 1
5 31 11 12 22 28
5 31 11 30 12 28
5 31 32 23 15 17
5 31 12 32 15 17
5 31 12 32 23 17
5 31 12 32 23 15
5 31 30 12 18 15
5 31 5 30 18 15
5 31 5 30 26 15
5 31 5 0 26 15
5 31 30 26 29 23
5 31 30 29 23 1
5 31 30 23 28 1
5 31 11 23 28 1
5 31 11 30 23 28
5 31 11 22 28 1
5 31 2 11 22 1
5 31 2 11 0 1
5 31 5 30 26 29
5 31 26 29 23 1
5 31 0 26 23 1
5 31 29 22 28 1
5 31 30 29 28 1
5 31 5 26 29 1
5 31 5 30 29 28
5 9 10 7 32 17
5 9 13 10 7 17
5 9 13 10 24 21
5 9 13 10 7 24
5 9 12 18 15 8
5 9 12 32 18 15
5 9 32 18 15 4
5 9 5 7 19 15
5 9 12 32 18 4
5 9 13 24 21 19
5 9 13 7 21 19
5 9 18 15 8 4
5 9 5 19 15 8
5 9 5 21 19 8
5 9 24 21 26 4
5 9 5 21 19 26
5 9 32 23 15 4
5 9 10 32 23 4
5 9 10 24 23 4
5 9 7 32 23 15
5 9 10 7 32 23
5 9 10 7 24 0
5 9 24 21 19 26
5 9 13 7 0 19
5 9 26 23 15 4
5 9 24 26 23 4
5 9 5 0 26 15
5 9 5 7 0 15
5 9 5 0 19 26
5 9 5 7 0 19
5 9 10 24 26 23
5 9 7 0 23 15
5 9 10 7 0 23
5 9 10 24 0 26
5 9 26 15 8 4
5 9 5 26 15 8
5 9 21 26 8 4
5 9 5 21 26 8
5 9 0 26 23 15
5 9 10 0 26 23
5 14 26 27 1 4
5 14 2 26 27 1
5 14 24 21 19 16
5 14 10 23 1 4
5 14 10 24 23 4
5 14 26 23 1 4
5 14 24 26 23 4
5 14 19 26 27 4
5 14 24 19 26 4
5 14 21 19 27 4
5 14 24 21 19 4
5 14 13 24 19 16
5 14 9 0 19 26
5 14 9 24 19 26
5 25 13 7 0 19
5 25 5 7 0 19
5 25 13 7 11 0
5 25 31 7 11 0
5 25 5 7 19 15
5 25 5 7 0 15
5 25 31 7 0 15
5 25 31 5 0 15
5 25 31 11 12 22
5 25 19 27 22 8
5 25 5 27 22 8
5 25 5 19 27 8
5 25 5 27 22 1
5 25 21 12 22 8
5 25 21 19 22 8
5 25 21 19 12 8
5 25 21 19 12 22
5 25 12 18 22 8
5 25 5 19 15 8
5 25 5 29 22 1
5 25 31 29 22 1
5 25 31 5 29 1
5 25 18 22 8 28
5 25 5 22 8 28
5 25 5 18 8 28
5 25 12 18 15 8
5 25 5 18 15 8
5 25 31 12 18 15
5 25 31 5 18 15
5 25 5 29 22 28
5 25 31 29 22 28
5 25 31 5 29 28
5 25 5 30 18 28
5 25 31 30 12 18
5 25 31 5 30 18
5 25 31 5 30 28
5 25 12 18 22 28
5 25 30 12 18 28
5 25 31 12 22 28
5 25 31 30 12 28
5 6 9 10 32 17
5 6 9 13 10 17
5 6 9 13 10 21
5 6 7 12 32 17
5 6 9 7 32 17
5 6 9 13 7 17
5 6 9 13 7 21
5 6 9 7 21 19
5 6 13 7 21 19
5 6 7 12 32 15
5 6 9 12 32 15
5 6 9 7 32 15
5 6 21 19 12 8
5 6 9 21 12 8
5 6 9 21 19 8
5 6 9 7 19 15
5 6 7 11 12 17
5 6 13 7 11 17
5 6 25 13 7 11
5 6 25 13 7 19
5 6 21 19 12 22
5 6 9 12 15 8
5 6 9 19 15 8
5 6 25 7 19 15
5 6 31 7 11 12
5 6 25 31 11 12
5 6 25 31 7 11
5 6 25 11 12 22
5 6 25 13 11 22
5 6 25 19 12 22
5 6 25 13 19 22
5 6 25 12 15 8
5 6 25 19 15 8
5 6 25 19 12 8
5 6 31 7 12 15
5 6 25 31 12 15
5 6 25 31 7 15
5 20 14 10 24 16
5 20 10 7 24 0
5 20 14 13 24 16
5 20 10 11 0 16
5 20 10 24 0 23
5 20 14 10 24 23
5 20 13 10 0 16
5 20 13 10 7 0
5 20 13 10 24 16
5 20 13 10 7 24
5 20 10 11 0 23
5 20 24 0 26 23
5 20 14 24 26 23
5 20 9 7 24 0
5 20 9 13 7 0
5 20 9 13 7 24
5 20 14 13 19 16
5 20 9 24 0 26
5 20 14 9 0 26
5 20 14 9 24 26
5 20 9 13 0 19
5 20 14 9 0 19
5 20 9 13 24 19
5 20 14 13 24 19
5 20 14 9 24 19
5 20 2 11 0 1
5 20 11 0 23 1
5 20 10 11 23 1
5 20 14 10 23 1
5 20 0 26 23 1
5 20 14 26 23 1
5 20 14 2 16 22
5 20 2 0 26 1
5 20 14 2 26 1
5 20 14 2 0 26
5 3 25 13 0 19
5 3 20 13 0 19
5 3 25 5 0 19
5 3 25 13 19 22
5 3 20 14 0 19
5 3 20 14 2 0
5 3 20 2 11 0
5 3 5 0 19 26
5 3 25 5 19 27
5 3 25 31 5 0
5 3 25 19 27 22
5 3 25 13 11 22
5 3 25 13 11 0
5 3 14 0 19 26
5 3 14 2 0 26
5 3 20 14 2 22
5 3 13 19 16 22
5 3 20 13 19 16
5 3 20 2 16 22
5 3 13 11 0 16
5 3 20 11 0 16
5 3 20 13 0 16
5 3 20 2 11 16
5 3 5 19 26 27
5 3 2 5 26 27
5 3 31 5 0 26
5 3 2 5 27 1
5 3 25 5 27 1
5 3 25 31 5 1
5 3 14 19 27 22
5 3 14 2 27 22
5 3 2 27 22 1
5 3 25 27 22 1
5 3 31 2 11 22
5 3 31 2 11 0
5 3 2 11 16 22
5 3 13 11 16 22
5 3 25 31 11 22
5 3 25 31 11 0
5 3 31 2 22 1
5 3 25 31 22 1
5 3 14 19 26 27
5 3 14 2 26 27
5 3 14 19 16 22
5 3 20 14 16 22
5 3 20 14 19 16
5 3 2 0 26 1
5 3 31 0 26 1
5 3 31 2 0 1
5 3 2 5 26 1
5 3 31 5 26 1
