339
5 0 4 16 3 22
5 0 4 16 27 3
5 0 4 8 16 27
5 23 24 16 3 17
5 23 16 3 22 17
5 20 23 4 3 17
5 28 20 4 3 17
5 28 10 11 8 1
5 28 20 11 8 1
5 28 20 11 1 25
5 28 23 24 11 17
5 28 24 11 2 17
5 28 24 11 2 25
5 28 23 24 3 17
5 28 20 23 3 17
5 7 9 11 1 25
5 7 9 10 11 1
5 7 28 1 2 25
5 7 28 11 2 25
5 7 28 11 1 25
5 7 28 10 1 2
5 7 28 10 11 2
5 7 28 10 11 1
5 12 24 32 16 27
5 12 24 16 27 3
5 5 32 16 22 17
5 5 23 16 22 17
5 5 7 10 22 17
5 5 7 9 10 1
5 5 7 0 27 25
5 5 7 0 32 27
5 5 7 9 1 25
5 29 0 32 16 27
5 29 0 8 1 25
5 29 5 0 32 27
5 29 5 12 32 27
5 29 5 0 27 25
5 29 5 12 27 25
5 31 23 4 8 30
5 31 4 8 16 27
5 31 23 4 30 3
5 31 23 4 16 3
5 31 23 24 30 3
5 31 23 24 16 3
5 31 0 8 16 27
5 31 29 0 16 27
5 31 29 0 8 27
5 31 5 23 16 22
5 31 12 24 30 3
5 31 12 24 16 3
5 31 12 32 16 27
5 31 29 32 16 27
5 31 29 12 32 27
5 31 5 12 32 16
5 31 29 0 32 16
5 26 20 4 8 1
5 26 0 8 1 25
5 26 20 8 1 25
5 26 0 4 8 27
5 26 20 4 8 30
5 26 29 0 27 25
5 26 29 0 8 25
5 26 29 0 8 27
5 26 31 4 8 27
5 26 31 4 8 30
5 26 29 12 27 25
5 26 31 29 8 27
5 26 31 29 8 30
5 26 4 16 27 3
5 26 31 4 16 27
5 26 12 9 30 25
5 26 29 12 9 25
5 26 29 12 9 30
5 26 12 24 27 25
5 26 12 24 30 25
5 26 31 29 12 27
5 26 31 29 12 30
5 26 12 24 27 3
5 26 12 24 30 3
5 26 31 4 30 3
5 26 31 4 16 3
5 26 31 12 30 3
5 26 12 16 27 3
5 26 31 12 16 3
5 26 31 12 16 27
5 21 9 8 1 25
5 21 9 11 1 25
5 21 9 11 8 1
5 21 20 11 8 1
5 21 28 23 24 11
5 21 23 4 8 30
5 21 20 4 8 30
5 21 20 23 4 8
5 21 26 9 30 25
5 21 23 4 30 3
5 19 29 5 0 32
5 19 29 0 8 1
5 19 29 0 1 25
5 19 29 5 0 25
5 19 7 10 1 22
5 19 5 7 10 22
5 19 5 7 10 1
5 19 7 0 1 25
5 19 5 7 1 25
5 19 5 7 0 25
5 19 5 9 10 1
5 19 5 9 1 25
5 19 29 9 1 25
5 19 29 5 9 25
5 14 31 23 8 30
5 14 31 23 9 30
5 14 21 23 8 30
5 14 21 23 9 30
5 14 21 23 9 8
5 14 31 29 8 30
5 14 29 12 9 30
5 14 31 12 9 30
5 14 31 29 12 30
5 14 31 5 23 22
5 14 31 5 23 9
5 14 26 29 8 30
5 14 21 26 8 30
5 14 26 29 9 30
5 14 21 26 9 30
5 14 21 9 8 25
5 14 29 5 12 9
5 14 31 5 12 9
5 14 19 29 8 1
5 14 19 29 9 1
5 14 19 29 5 9
5 14 26 29 8 25
5 14 21 26 8 25
5 14 26 29 9 25
5 14 21 26 9 25
5 14 9 8 1 25
5 14 29 8 1 25
5 14 29 9 1 25
5 14 29 5 12 32
5 14 31 5 12 32
5 14 31 29 12 32
5 14 31 29 0 32
5 14 19 29 0 32
5 14 19 29 5 32
5 14 19 5 32 22
5 14 5 32 16 22
5 14 31 5 16 22
5 14 31 5 32 16
5 13 31 23 24 30
5 13 31 23 9 30
5 13 21 23 24 30
5 13 21 23 9 30
5 13 31 12 24 30
5 13 31 12 9 30
5 13 31 5 23 9
5 13 21 24 30 25
5 13 21 9 30 25
5 13 21 23 24 11
5 13 12 24 30 25
5 13 12 9 30 25
5 13 31 5 12 9
5 13 31 23 24 16
5 13 31 5 23 16
5 13 21 24 11 25
5 13 21 9 11 25
5 13 31 12 24 16
5 13 31 5 12 16
5 13 23 24 16 17
5 13 5 23 16 17
5 13 7 9 11 25
5 13 24 11 2 17
5 13 7 24 27 25
5 13 12 24 27 25
5 13 5 7 9 25
5 13 12 24 32 16
5 13 5 12 32 16
5 13 7 24 2 17
5 13 24 11 2 25
5 13 7 11 2 25
5 13 7 24 2 25
5 13 5 7 27 25
5 13 5 12 27 25
5 13 12 24 32 27
5 13 29 12 9 25
5 13 29 5 9 25
5 13 29 5 12 25
5 13 29 5 12 9
5 13 5 7 32 27
5 13 5 12 32 27
5 18 21 9 11 8
5 18 9 10 11 1
5 18 21 23 9 8
5 18 28 10 11 8
5 18 21 28 23 11
5 18 13 21 9 11
5 18 13 21 23 11
5 18 13 21 23 9
5 18 28 23 11 17
5 18 28 20 11 8
5 18 21 20 11 8
5 18 21 28 20 11
5 18 21 20 23 8
5 18 21 28 20 23
5 18 7 9 10 11
5 18 28 11 2 17
5 18 28 10 2 17
5 18 28 10 11 2
5 18 19 5 10 22
5 18 19 5 9 10
5 18 5 10 22 17
5 18 5 23 22 17
5 18 14 5 23 9
5 18 7 10 2 17
5 18 7 10 11 2
5 18 5 7 10 17
5 18 5 7 9 10
5 18 13 11 2 17
5 18 23 24 11 17
5 18 13 24 11 17
5 18 13 23 24 17
5 18 13 23 24 11
5 18 13 5 23 17
5 18 13 5 23 9
5 18 13 7 2 17
5 18 13 7 11 2
5 18 13 7 9 11
5 18 13 5 7 17
5 18 13 5 7 9
5 6 26 20 8 30
5 6 21 20 8 30
5 6 21 26 8 30
5 6 26 20 8 25
5 6 21 26 8 25
5 6 26 24 30 3
5 6 26 24 30 25
5 6 21 24 30 25
5 6 21 26 30 25
5 6 20 8 1 25
5 6 21 8 1 25
5 6 21 20 8 1
5 6 26 4 30 3
5 6 26 20 4 30
5 6 26 24 3 25
5 6 23 24 30 3
5 6 21 23 30 3
5 6 21 23 24 30
5 6 21 4 30 3
5 6 21 20 4 30
5 6 20 11 1 25
5 6 21 11 1 25
5 6 21 20 11 1
5 6 26 4 3 25
5 6 26 20 4 25
5 6 20 23 4 3
5 6 21 23 4 3
5 6 21 20 23 4
5 6 28 23 24 3
5 6 28 20 23 3
5 6 21 28 23 24
5 6 21 28 20 23
5 6 28 24 11 25
5 6 21 24 11 25
5 6 21 28 24 11
5 6 28 20 11 25
5 6 21 28 20 11
5 15 14 31 23 22
5 15 14 31 23 8
5 15 31 23 16 22
5 15 31 0 8 16
5 15 31 4 8 16
5 15 31 23 4 16
5 15 31 23 4 8
5 15 18 23 22 17
5 15 14 5 23 22
5 15 18 5 23 22
5 15 18 14 5 23
5 15 14 23 9 8
5 15 18 23 9 8
5 15 18 14 23 9
5 15 14 31 16 22
5 15 31 29 0 8
5 15 14 31 29 8
5 15 14 31 29 0
5 15 0 4 16 22
5 15 0 4 8 22
5 15 0 4 8 16
5 15 4 16 3 22
5 15 23 16 3 22
5 15 23 4 16 3
5 15 18 10 22 17
5 15 18 20 23 8
5 15 18 19 10 22
5 15 14 19 5 22
5 15 18 19 5 22
5 15 0 8 1 22
5 15 19 0 1 22
5 15 19 0 8 1
5 15 19 0 32 22
5 15 14 19 32 22
5 15 14 19 0 32
5 15 19 29 0 8
5 15 14 19 29 8
5 15 14 19 29 0
5 15 0 32 16 22
5 15 14 32 16 22
5 15 31 0 32 16
5 15 14 31 32 16
5 15 14 31 0 32
5 15 4 3 22 17
5 15 23 3 22 17
5 15 23 4 3 17
5 15 20 23 4 17
5 15 20 23 4 8
5 15 18 28 10 17
5 15 18 28 10 8
5 15 18 28 20 8
5 15 28 20 23 17
5 15 18 28 23 17
5 15 18 28 20 23
5 15 19 10 1 22
5 15 18 19 9 10
5 15 14 19 5 9
5 15 18 19 5 9
5 15 18 14 5 9
5 15 14 9 8 1
5 15 14 19 8 1
5 15 14 19 9 1
5 15 28 20 4 17
5 15 19 9 10 1
5 15 18 9 10 1
5 15 28 10 8 1
5 15 20 4 8 1
5 15 28 20 8 1
5 15 28 20 4 1
5 15 10 11 8 1
5 15 18 10 11 1
5 15 18 10 11 8
5 15 9 11 8 1
5 15 18 9 11 1
5 15 18 9 11 8
