323
5 6 30 13 25 31
5 10 6 11 20 13
5 10 19 11 20 13
5 10 30 13 25 31
5 10 19 20 13 4
5 10 19 24 20 4
5 10 6 30 13 25
5 10 6 11 30 13
5 14 19 20 13 4
5 14 6 18 20 4
5 14 6 11 20 13
5 14 19 11 20 13
5 29 14 18 20 4
5 29 14 19 20 4
5 29 14 6 18 20
5 29 14 19 6 20
5 28 14 19 6 15
5 28 14 19 11 13
5 28 6 11 30 13
5 28 6 26 30 15
5 28 14 6 11 13
5 28 14 6 26 13
5 28 14 6 26 15
5 28 6 11 20 15
5 28 19 11 20 15
5 28 19 6 20 15
5 28 14 6 11 20
5 28 14 19 11 20
5 28 14 19 6 20
5 28 10 11 24 13
5 28 10 19 24 13
5 28 10 19 11 13
5 28 10 19 11 24
5 17 29 14 24 4
5 17 28 14 24 13
5 3 17 14 24 13
5 3 17 28 24 13
5 3 28 14 26 13
5 3 17 28 14 13
5 3 17 28 14 26
5 3 28 11 24 13
5 3 28 11 30 13
5 3 6 30 13 31
5 3 6 26 13 31
5 3 6 26 30 31
5 3 28 6 30 13
5 3 28 6 26 13
5 3 28 6 26 30
5 3 10 11 24 13
5 32 6 11 20 15
5 32 19 11 20 15
5 32 8 19 11 15
5 32 8 11 22 25
5 32 10 6 20 25
5 32 10 6 11 20
5 32 16 6 1 25
5 32 8 11 24 22
5 32 8 19 11 24
5 32 8 28 11 15
5 32 10 11 24 22
5 32 10 11 30 25
5 32 10 6 30 25
5 32 10 6 11 30
5 32 28 6 30 15
5 32 28 6 11 15
5 32 28 6 11 30
5 32 10 19 24 20
5 32 10 19 11 20
5 32 10 19 11 24
5 23 17 8 26 0
5 23 26 0 30 31
5 23 6 26 30 15
5 23 17 8 28 26
5 23 6 26 30 31
5 23 0 30 25 31
5 23 32 6 30 15
5 23 28 26 30 15
5 23 6 30 25 31
5 23 6 1 25 31
5 23 16 6 1 25
5 23 32 6 30 25
5 23 32 16 6 25
5 23 32 28 30 15
5 23 32 8 28 15
5 23 32 28 11 30
5 23 32 8 28 11
5 9 17 29 18 4
5 9 17 29 24 4
5 9 29 19 24 4
5 9 29 18 20 4
5 9 29 19 20 4
5 9 29 19 18 20
5 9 17 8 29 24
5 9 19 24 20 4
5 9 1 18 20 4
5 9 29 19 18 15
5 9 10 24 20 4
5 9 10 1 20 4
5 9 10 1 24 4
5 9 32 19 24 20
5 9 32 8 24 22
5 9 32 8 19 24
5 9 19 18 20 15
5 9 32 19 20 15
5 9 32 8 19 15
5 9 32 10 24 22
5 9 32 10 24 20
5 12 32 16 1 25
5 12 9 24 22 4
5 12 9 1 24 4
5 12 9 32 16 22
5 12 9 32 16 1
5 12 32 8 22 25
5 12 23 32 8 25
5 12 9 10 24 22
5 12 9 10 1 24
5 12 9 32 10 22
5 12 10 11 22 25
5 12 32 11 22 25
5 12 32 10 11 25
5 12 32 10 11 22
5 12 32 10 20 25
5 12 9 10 1 20
5 12 9 32 1 20
5 12 9 32 10 20
5 12 6 1 20 25
5 12 32 6 20 25
5 12 32 6 1 25
5 12 32 6 1 20
5 5 17 29 26 18
5 5 9 17 29 18
5 5 23 6 26 15
5 5 14 6 18 15
5 5 14 6 26 15
5 5 14 6 26 18
5 5 23 6 26 31
5 5 9 17 16 18
5 5 9 23 17 16
5 5 23 16 6 1
5 5 23 6 1 31
5 5 9 16 1 18
5 5 6 1 18 20
5 5 9 1 18 20
5 27 8 19 11 24
5 27 17 8 11 24
5 27 28 19 11 24
5 27 17 28 11 24
5 27 17 8 29 24
5 27 8 19 11 15
5 27 17 28 14 24
5 27 28 19 11 15
5 27 9 29 19 24
5 27 9 8 19 24
5 27 9 8 29 24
5 27 17 29 14 24
5 27 8 28 11 15
5 27 17 8 28 15
5 27 17 8 28 11
5 27 14 19 24 13
5 27 28 19 24 13
5 27 28 14 24 13
5 27 28 14 19 13
5 27 9 29 19 15
5 27 9 8 19 15
5 27 14 19 24 4
5 27 29 19 24 4
5 27 29 14 24 4
5 27 29 14 19 4
5 27 9 17 8 29
5 27 28 14 19 15
5 27 17 29 14 26
5 27 17 28 14 26
5 27 17 28 26 15
5 27 14 19 6 15
5 27 29 14 19 6
5 27 29 14 26 18
5 27 5 17 26 15
5 27 5 17 29 15
5 27 5 17 29 26
5 27 19 6 20 15
5 27 29 19 6 20
5 27 14 6 18 15
5 27 29 14 6 18
5 27 28 14 26 15
5 27 5 29 18 15
5 27 5 29 26 18
5 27 6 18 20 15
5 27 29 6 18 20
5 27 19 18 20 15
5 27 29 19 18 15
5 27 29 19 18 20
5 27 5 14 18 15
5 27 5 14 26 15
5 27 5 14 26 18
5 2 17 8 28 11
5 2 3 28 11 30
5 2 17 28 11 24
5 2 3 28 11 24
5 2 3 17 28 24
5 2 17 8 28 26
5 2 3 17 28 26
5 2 23 28 11 30
5 2 23 8 28 11
5 2 3 28 26 30
5 2 17 8 26 0
5 2 23 28 26 30
5 2 23 8 28 26
5 2 23 0 30 25
5 2 23 26 0 30
5 2 23 8 26 0
5 2 23 8 0 25
5 2 10 11 30 25
5 2 10 11 30 13
5 2 3 11 30 13
5 2 3 10 11 13
5 2 3 10 11 24
5 2 26 0 30 31
5 2 3 26 30 31
5 2 3 26 0 31
5 2 8 11 22 25
5 2 10 11 24 22
5 2 32 11 30 25
5 2 23 32 30 25
5 2 23 32 11 30
5 2 32 8 11 25
5 2 23 32 8 25
5 2 23 32 8 11
5 2 0 30 25 31
5 2 10 30 25 31
5 2 10 11 22 25
5 2 10 30 13 31
5 2 3 30 13 31
5 2 12 0 22 25
5 21 12 9 16 22
5 21 12 9 17 16
5 21 9 8 16 22
5 21 12 8 16 22
5 21 9 8 24 22
5 21 9 17 8 24
5 21 12 23 8 16
5 21 12 23 17 16
5 21 17 24 22 4
5 21 9 24 22 4
5 21 9 17 24 4
5 21 23 17 8 0
5 21 12 8 22 25
5 21 12 23 8 25
5 21 12 23 17 0
5 21 8 11 24 22
5 21 2 11 24 22
5 21 2 8 11 22
5 21 2 17 8 0
5 21 17 8 11 24
5 21 2 17 11 24
5 21 2 17 8 11
5 21 23 8 0 25
5 21 12 0 22 25
5 21 12 23 0 25
5 21 2 0 22 25
5 21 2 8 22 25
5 21 2 8 0 25
5 7 9 29 18 15
5 7 5 29 18 15
5 7 5 9 29 18
5 7 9 18 20 15
5 7 5 9 18 20
5 7 5 17 29 15
5 7 5 9 17 29
5 7 6 18 20 15
5 7 5 6 18 15
5 7 5 6 18 20
5 7 9 32 20 15
5 7 27 17 29 15
5 7 27 9 29 15
5 7 27 9 17 29
5 7 32 6 20 15
5 7 9 32 8 15
5 7 9 32 1 20
5 7 5 9 1 20
5 7 27 17 8 15
5 7 27 9 8 15
5 7 27 9 17 8
5 7 21 9 17 8
5 7 23 32 6 15
5 7 5 23 6 15
5 7 32 6 1 20
5 7 5 6 1 20
5 7 23 32 8 15
5 7 9 32 16 1
5 7 5 9 16 1
5 7 17 8 28 15
5 7 23 8 28 15
5 7 23 17 8 28
5 7 5 17 26 15
5 7 5 23 26 15
5 7 5 23 17 26
5 7 21 23 17 8
5 7 5 9 23 17
5 7 23 32 16 6
5 7 5 23 16 6
5 7 32 16 6 1
5 7 5 16 6 1
5 7 9 8 16 22
5 7 9 32 16 22
5 7 9 32 8 22
5 7 5 9 23 16
5 7 17 28 26 15
5 7 23 28 26 15
5 7 23 17 28 26
5 7 21 23 8 16
5 7 21 9 8 16
5 7 9 23 17 16
5 7 21 23 17 16
5 7 21 9 17 16
5 7 12 23 8 16
5 7 12 23 32 8
5 7 12 8 16 22
5 7 12 32 16 22
5 7 12 32 8 22
5 7 23 32 16 25
5 7 12 32 16 25
5 7 12 23 16 25
5 7 12 23 32 25
