4
26
-1.97158 -4.09157 5.1592 9.51666
1.69762 7.60898 -4.38668 -8.30119
-6.99669 7.93944 5.36546 -6.27247
3.05599 9.67279 5.43634 7.90878
-4.94099 -6.58139 -5.67072 -0.641849
-0 -0.293475 -1.41447 4.30822
-0 2.98293 3.7394 6.2879
-0 -4.28132 0.911527 -2.86639
-0 3.79019 4.3381 8.24988
-0 8.03113 2.58651 -4.95757
-0 -1.21461 5.50862 8.37336
-0 -5.12625 4.53972 -0.284452
9.31678 -4.78701 -0 7.01211
-3.85454 -8.29143 -0 -9.35586
-3.2193 -5.58254 -0 -0.331221
-6.06576 -7.81971 -0 -1.31981
-9.52096 -7.67491 -0 5.88187
-5.70337 5.17025 -0 4.83909
9.41126 9.72823 -0 0.743802
7.96593 5.10471 -3.79795 -0
-2.2625 8.66101 -0.569112 -0
4.56698 -0.039703 -3.03764 -0
0.984502 -6.98966 4.15677 -0
0.991129 -2.59016 -8.66501 -0
-7.5707 7.41783 9.53224 -0
-8.59761 5.95515 -8.89435 -0
