4
33
7.16904 -3.22243 5.86808 -5.70417
4.83233 -0.988448 -7.6792 -6.61347
-2.8654 -2.00418 -9.98984 8.31125
-8.18464 9.38893 7.92651 -2.44053
-3.41255 8.53701 3.97851 -4.96492
-0 -6.47007 1.17381 1.16814
-0 8.19187 0.159887 0.0173144
-0 -5.09883 -8.3672 8.30598
-0 4.08932 1.29933 -5.9509
-0 -0.164164 0.486192 1.14545
-0 -2.54627 -7.95557 -3.90054
-0 3.17232 -6.74697 1.9604
1.77694 -0 6.05935 2.23859
-0.976421 -0 -0.453632 6.92516
0.774183 -0 2.93218 -0.363514
-1.17629 -0 -0.235613 -6.84503
-2.64877 -0 8.23611 -0.186165
-9.8065 -0 -4.41729 0.696811
-3.41259 -0 -3.50188 -0.787052
2.30401 -5.74018 -0 -4.86248
-0.930541 8.1252 -0 -3.58225
-0.808387 5.63761 -0 -0.130333
-1.66279 -6.51619 -0 -7.89805
-6.08697 2.49475 -0 -0.510144
-3.13179 5.16776 -0 8.84532
9.03663 6.82804 -0 3.46202
5.67374 7.17015 5.16577 -0
6.88331 -0.324278 9.98889 -0
-2.19208 5.13693 -9.80347 -0
2.69823 -0.634998 4.37921 -0
-0.636764 4.91196 3.66193 -0
-2.19439 0.447053 7.36087 -0
2.3021 -5.21747 7.6434 -0
