4
33
5.3996 0.00475958 2.13119 1.94817
9.48866 -8.95817 0.514786 2.57907
7.62248 -4.65839 7.14813 2.92689
6.95569 -1.75517 6.84235 -0.0494374
-8.70207 -7.77633 -0.705628 4.47073
2.30401 -5.74018 -0 -4.86248
-0.930541 8.1252 -0 -3.58225
-0.808387 5.63761 -0 -0.130333
-1.66279 -6.51619 -0 -7.89805
-6.08697 2.49475 -0 -0.510144
-3.13179 5.16776 -0 8.84532
9.03663 6.82804 -0 3.46202
-0 7.50296 -6.24118 -4.75913
-0 7.06872 5.59542 2.34863
-0 -2.53111 8.8488 8.13185
-0 -0.405018 -4.71214 -2.52593
-0 5.27359 7.21606 7.36235
-0 8.1695 -1.27813 1.55638
-0 -2.74634 -8.13783 -4.51207
-2.70514 -0 9.0271 -5.6359
1.76994 -0 7.43376 7.51267
-6.4263 -0 8.00941 -5.58739
8.84679 -0 8.13695 -7.2793
3.96599 -0 -6.9886 3.62919
-6.43788 -0 4.445 8.24233
6.32296 -0 5.25586 -6.47685
2.20566 -7.39807 -1.39834 -0
5.21337 -9.87835 9.52554 -0
8.03159 -5.80803 -9.23915 -0
6.42606 -8.74099 -4.57923 -0
5.67234 -2.47229 -7.37237 -0
7.48341 -0.322362 -0.464621 -0
-2.22638 5.97641 -4.36997 -0
