4
26
0.916527 -3.96715 0.843968 2.76262
8.28472 -0.697907 -5.24642 7.23115
4.71937 3.26784 2.11269 4.03136
3.21935 -7.43961 -2.77175 -5.1897
-7.94736 2.80635 4.37178 4.88647
-0 -7.27529 -3.62204 -6.28761
-0 -4.75612 5.83968 7.40816
-0 7.49275 -5.73251 3.99683
-0 9.91742 7.7837 6.71523
-0 -5.40564 0.678537 9.7359
-0 5.34097 -9.95203 7.65524
-0 -9.86661 -7.97337 6.01454
0.596578 4.29428 -6.12027 -0
-8.11199 -0.100586 7.46907 -0
3.82318 -0.40717 -8.26152 -0
-9.18991 -8.58791 6.5601 -0
2.59083 -5.80136 9.47345 -0
3.06985 0.893527 8.7084 -0
7.18978 -2.55615 -2.56479 -0
9.31678 -4.78701 -0 7.01211
-3.85454 -8.29143 -0 -9.35586
-3.2193 -5.58254 -0 -0.331221
-6.06576 -7.81971 -0 -1.31981
-9.52096 -7.67491 -0 5.88187
-5.70337 5.17025 -0 4.83909
9.41126 9.72823 -0 0.743802
