4
26
-7.28604 -6.40061 -0.677291 1.02255
1.02297 7.29843 9.19063 -3.81049
-4.03126 9.503 5.68984 2.64272
-0.637768 -6.98425 -4.46939 5.89878
-7.77767 2.14551 5.91089 -7.1833
-0 7.50296 -6.24118 -4.75913
-0 7.06872 5.59542 2.34863
-0 -2.53111 8.8488 8.13185
-0 -0.405018 -4.71214 -2.52593
-0 5.27359 7.21606 7.36235
-0 8.1695 -1.27813 1.55638
-0 -2.74634 -8.13783 -4.51207
-0.433361 -5.03166 -0 -1.4183
0.390785 -6.99761 -0 0.796581
-6.5535 7.41113 -0 8.51739
6.46826 3.67723 -0 -4.42948
7.25795 -5.91658 -0 0.59132
-1.82455 3.15944 -0 -5.34064
-4.75636 -6.78004 -0 2.5022
7.96593 5.10471 -3.79795 -0
-2.2625 8.66101 -0.569112 -0
4.56698 -0.039703 -3.03764 -0
0.984502 -6.98966 4.15677 -0
0.991129 -2.59016 -8.66501 -0
-7.5707 7.41783 9.53224 -0
-8.59761 5.95515 -8.89435 -0
