4
33
7.83937 2.43897 -1.64234 -4.17123
-9.20724 -7.40593 -5.19862 9.68715
6.00474 -8.104 -4.88401 -1.78593
-0.929576 4.27596 -1.94558 6.94372
9.51161 5.95993 5.86056 4.08175
-0 -6.47007 1.17381 1.16814
-0 8.19187 0.159887 0.0173144
-0 -5.09883 -8.3672 8.30598
-0 4.08932 1.29933 -5.9509
-0 -0.164164 0.486192 1.14545
-0 -2.54627 -7.95557 -3.90054
-0 3.17232 -6.74697 1.9604
-2.95471 -0 1.63639 -4.18257
-4.89465 -0 -0.696121 -5.44418
4.66366 -0 4.52601 -0.464492
0.397995 -0 -4.90393 7.59383
-0.350891 -0 -2.20634 9.84759
6.95645 -0 2.06511 -6.63566
-7.50201 -0 -9.90751 -4.13089
-0.433361 -5.03166 -0 -1.4183
0.390785 -6.99761 -0 0.796581
-6.5535 7.41113 -0 8.51739
6.46826 3.67723 -0 -4.42948
7.25795 -5.91658 -0 0.59132
-1.82455 3.15944 -0 -5.34064
-4.75636 -6.78004 -0 2.5022
0.596578 4.29428 -6.12027 -0
-8.11199 -0.100586 7.46907 -0
3.82318 -0.40717 -8.26152 -0
-9.18991 -8.58791 6.5601 -0
2.59083 -5.80136 9.47345 -0
3.06985 0.893527 8.7084 -0
7.18978 -2.55615 -2.56479 -0
