4
26
3.59783 7.34234 2.16896 4.65169
-5.40878 -0.883513 -5.92826 7.84211
-8.22784 -2.24992 -1.0974 -3.18454
-5.38012 1.70267 1.41768 4.78527
2.37129 -0.0787719 5.97211 2.80707
-2.70514 -0 9.0271 -5.6359
1.76994 -0 7.43376 7.51267
-6.4263 -0 8.00941 -5.58739
8.84679 -0 8.13695 -7.2793
3.96599 -0 -6.9886 3.62919
-6.43788 -0 4.445 8.24233
6.32296 -0 5.25586 -6.47685
-7.36192 -5.82957 -0 1.18097
-7.2122 -0.561385 -0 4.52765
-1.66741 0.0555732 -0 -8.46435
-3.13229 1.69821 -0 -8.47375
6.22074 3.59402 -0 -1.83639
-9.7941 -3.81225 -0 -8.3075
1.86057 9.99703 -0 -3.50101
1.85425 -1.03939 0.667546 -0
-2.44065 -4.84778 4.65611 -0
6.94806 -5.53384 -7.88662 -0
2.06241 -5.35571 2.69499 -0
-5.30258 6.15266 -3.55537 -0
1.62901 0.478883 -1.29244 -0
3.8849 -5.85079 7.69468 -0
