4
26
-8.75782 1.84844 -9.60839 -9.83599
1.41007 -9.46182 -8.86017 6.04915
-5.55754 8.25031 9.56458 -7.63518
9.766 -0.21657 9.06404 2.26577
1.78277 6.45548 -2.16476 -1.35791
-1.622 -0 1.09876 6.40583
-7.91506 -0 -4.58413 0.118643
5.07903 -0 -5.03481 0.138716
0.622857 -0 -8.73158 4.17673
-5.31932 -0 -1.61448 7.78886
4.04089 -0 -2.47655 -2.01108
4.93723 -0 8.86915 -0.892014
5.48949 5.32999 -0 -2.63589
-9.26253 2.1374 -0 1.86158
4.6329 7.5283 -0 6.30574
-2.48896 -8.73336 -0 -9.03529
-3.94635 -3.54653 -0 7.48845
-8.23907 8.65733 -0 -1.57825
9.89319 1.44484 -0 0.530666
1.85425 -1.03939 0.667546 -0
-2.44065 -4.84778 4.65611 -0
6.94806 -5.53384 -7.88662 -0
2.06241 -5.35571 2.69499 -0
-5.30258 6.15266 -3.55537 -0
1.62901 0.478883 -1.29244 -0
3.8849 -5.85079 7.69468 -0
