4
19
-2.42356 -5.55522 2.17526 -0.430418
4.79324 -2.96776 -0.517215 8.34531
-8.99608 9.11841 9.77023 4.11724
-4.63252 0.792659 -1.91235 -5.86659
-4.71128 9.37916 -3.03026 -1.7785
-0 9.68282 2.11985 -4.18797
-0 -6.23145 -7.8326 8.3081
-0 -9.08298 -4.025 7.21234
-0 -2.94531 0.579697 0.557332
-0 4.96641 7.15598 0.6486
-0 -6.77865 1.58645 -7.09935
-0 -0.955827 8.08754 3.2562
-2.95471 -0 1.63639 -4.18257
-4.89465 -0 -0.696121 -5.44418
4.66366 -0 4.52601 -0.464492
0.397995 -0 -4.90393 7.59383
-0.350891 -0 -2.20634 9.84759
6.95645 -0 2.06511 -6.63566
-7.50201 -0 -9.90751 -4.13089
