197
5 20 12 10 5 17
5 1 14 21 4 6
5 1 15 4 6 24
5 1 0 22 21 25
5 1 14 15 5 6
5 1 14 15 4 6
5 1 14 15 4 5
5 19 12 10 5 25
5 19 12 22 10 5
5 19 12 15 5 25
5 19 1 15 5 25
5 19 12 15 25 24
5 19 12 22 15 24
5 19 1 15 25 24
5 19 1 0 22 25
5 19 22 15 6 24
5 19 1 15 6 24
5 19 1 22 6 24
5 11 22 15 6 24
5 11 12 15 6 24
5 11 12 22 6 24
5 11 12 22 15 24
5 11 19 22 15 6
5 11 12 22 10 6
5 11 12 22 10 5
5 11 19 12 15 5
5 11 19 12 22 5
5 11 19 12 22 15
5 11 1 15 5 6
5 11 19 1 15 6
5 11 19 1 15 5
5 11 19 1 22 6
5 11 19 1 5 25
5 11 19 1 22 25
5 11 1 14 5 25
5 11 1 14 5 6
5 11 19 10 5 25
5 11 19 22 10 25
5 11 19 22 10 5
5 11 1 22 21 6
5 11 1 14 21 6
5 11 1 22 21 25
5 11 1 14 21 25
5 3 14 15 5 6
5 3 11 14 5 6
5 3 14 15 4 6
5 3 14 15 4 5
5 18 11 12 10 6
5 18 11 12 15 6
5 18 20 12 10 17
5 18 20 12 10 5
5 18 20 12 15 5
5 18 11 15 5 6
5 18 11 12 10 5
5 18 11 12 15 5
5 18 3 15 5 6
5 18 3 20 15 5
5 18 3 11 5 6
5 18 3 11 14 6
5 18 3 20 14 5
5 18 3 11 14 5
5 18 3 20 14 17
5 18 3 14 4 6
5 23 1 22 6 24
5 23 1 22 21 6
5 23 1 4 6 24
5 23 1 21 4 6
5 23 19 1 22 24
5 23 1 0 22 21
5 23 19 1 0 22
5 23 19 1 0 25
5 7 11 22 10 6
5 7 11 22 21 6
5 7 23 0 22 21
5 7 12 22 10 24
5 7 18 2 10 17
5 9 12 15 6 24
5 9 18 12 15 6
5 9 15 4 6 24
5 9 12 15 4 24
5 9 3 15 4 6
5 9 18 3 4 6
5 9 18 3 15 6
5 9 18 3 4 17
5 9 20 12 15 17
5 9 18 20 12 17
5 9 18 20 12 15
5 9 3 20 15 17
5 9 18 3 20 17
5 9 18 3 20 15
5 13 2 14 0 21
5 13 11 14 21 6
5 13 7 11 21 6
5 13 7 11 22 21
5 13 14 0 21 25
5 13 11 14 21 25
5 13 7 18 2 10
5 13 18 11 14 6
5 13 7 0 22 21
5 13 7 2 0 21
5 13 7 11 22 10
5 13 0 22 21 25
5 13 11 22 21 25
5 13 18 11 10 6
5 13 7 11 10 6
5 13 7 18 10 6
5 13 7 0 22 10
5 13 7 2 0 10
5 13 11 22 10 25
5 13 11 10 5 25
5 13 11 14 5 25
5 13 18 11 10 5
5 13 18 11 14 5
5 13 0 22 10 25
5 13 2 0 10 25
5 13 18 20 10 5
5 13 18 20 14 5
5 13 2 20 10 17
5 13 18 20 10 17
5 13 18 2 10 17
5 13 18 20 14 17
5 13 18 2 14 17
5 8 12 22 10 6
5 8 7 22 10 6
5 8 7 12 22 10
5 8 18 12 10 6
5 8 7 18 10 6
5 8 12 22 6 24
5 8 7 12 22 24
5 8 9 18 12 6
5 8 18 12 10 17
5 8 7 12 10 17
5 8 7 18 10 17
5 8 23 22 6 24
5 8 7 23 22 24
5 8 9 12 6 24
5 8 9 18 4 6
5 8 9 18 12 17
5 8 23 4 6 24
5 8 23 22 21 6
5 8 7 22 21 6
5 8 7 23 22 21
5 8 9 4 6 24
5 8 9 18 4 17
5 8 23 21 4 6
5 8 14 21 4 6
5 8 18 14 4 6
5 8 13 7 21 6
5 8 13 7 18 6
5 8 7 18 2 17
5 8 7 23 0 21
5 8 9 12 4 24
5 8 13 14 21 6
5 8 13 18 14 6
5 8 13 7 2 21
5 8 13 7 18 2
5 8 7 2 0 21
5 8 13 2 14 21
5 8 13 18 2 14
5 8 14 0 4 17
5 8 14 0 21 4
5 8 3 14 4 17
5 8 18 3 4 17
5 8 18 3 14 17
5 8 18 3 14 4
5 8 2 14 0 21
5 8 2 14 0 17
5 8 18 2 14 17
5 16 0 22 10 25
5 16 7 0 22 10
5 16 19 22 10 25
5 16 19 0 22 25
5 16 7 22 10 24
5 16 19 12 10 25
5 16 23 19 0 22
5 16 7 23 0 22
5 16 12 22 10 24
5 16 19 12 22 24
5 16 19 12 22 10
5 16 7 12 10 24
5 16 23 19 22 24
5 16 7 23 22 24
5 16 19 12 25 24
5 16 7 2 0 10
5 16 2 0 10 25
5 16 12 10 5 25
5 16 23 19 0 25
5 16 7 12 10 17
5 16 7 2 10 17
5 16 8 7 2 0
5 16 8 7 12 24
5 16 8 23 0 24
5 16 8 7 23 24
5 16 8 7 23 0
5 16 8 2 0 17
5 16 8 7 12 17
5 16 8 7 2 17
