318
5 16 31 24 23 19
5 16 31 21 24 23
5 16 31 21 24 19
5 20 10 8 24 15
5 20 8 22 24 23
5 32 31 13 23 19
5 32 31 24 23 19
5 32 31 21 24 23
5 4 32 31 13 19
5 1 20 8 13 23
5 1 20 8 22 23
5 1 32 8 13 23
5 1 32 31 13 23
5 1 32 8 18 13
5 1 32 31 8 18
5 1 20 8 18 13
5 1 4 20 18 13
5 11 10 5 24 19
5 14 20 22 18 15
5 14 20 8 18 15
5 14 20 8 22 15
5 14 20 8 22 18
5 14 9 10 18 15
5 14 11 10 21 24
5 28 31 13 23 19
5 28 16 31 23 19
5 28 16 31 13 23
5 28 4 31 13 19
5 2 32 31 18 19
5 2 9 31 18 19
5 2 14 8 18 15
5 2 14 10 18 15
5 6 32 31 18 19
5 6 4 32 31 19
5 6 9 31 18 19
5 6 4 32 18 13
5 6 4 32 31 13
5 6 28 4 31 19
5 6 1 32 18 13
5 6 1 32 31 13
5 6 1 32 31 18
5 6 1 4 18 13
5 6 1 4 31 13
5 17 28 16 5 13
5 17 0 28 5 13
5 17 28 16 31 13
5 17 28 16 31 21
5 17 16 31 13 23
5 17 1 31 13 23
5 17 16 31 21 23
5 17 1 31 21 23
5 17 16 5 21 24
5 17 0 1 4 13
5 17 0 28 4 13
5 17 28 4 31 13
5 17 0 1 20 13
5 17 0 1 20 22
5 17 20 16 13 23
5 17 1 20 13 23
5 17 16 21 24 23
5 17 20 22 5 24
5 17 20 16 5 24
5 17 1 20 22 23
5 17 22 21 24 23
5 17 1 22 21 23
5 17 20 22 24 23
5 17 20 16 24 23
5 7 28 16 31 21
5 7 16 31 21 19
5 7 17 16 5 21
5 7 17 28 16 21
5 7 17 28 16 5
5 7 28 16 5 19
5 7 28 16 31 19
5 7 11 31 21 19
5 7 16 21 24 19
5 7 16 5 24 19
5 7 16 5 21 24
5 7 28 9 5 19
5 7 17 0 28 5
5 7 11 21 24 19
5 7 11 5 24 19
5 7 9 11 5 19
5 7 9 11 31 19
5 7 6 28 9 4
5 7 6 28 4 31
5 7 6 9 31 19
5 7 6 28 31 19
5 7 6 28 9 19
5 7 17 0 28 4
5 7 6 0 9 4
5 7 0 28 9 5
5 7 0 28 9 4
5 7 17 28 31 21
5 3 1 4 20 13
5 3 0 4 20 13
5 3 0 1 20 13
5 3 0 1 4 13
5 3 1 4 20 18
5 3 0 20 22 15
5 3 0 1 20 22
5 3 20 22 18 15
5 3 6 1 4 18
5 3 17 0 1 22
5 12 2 10 24 23
5 12 32 24 23 19
5 12 2 32 23 19
5 12 2 32 24 23
5 12 11 10 24 19
5 12 32 31 24 19
5 12 2 32 31 19
5 12 9 11 10 19
5 12 2 9 10 19
5 12 31 21 24 19
5 12 11 21 24 19
5 12 11 31 21 19
5 12 9 11 31 19
5 12 2 9 31 19
5 12 32 31 21 24
5 30 2 32 24 23
5 30 2 32 8 23
5 30 32 21 24 23
5 30 32 8 21 23
5 30 10 8 24 23
5 30 2 10 24 23
5 30 2 10 8 23
5 30 22 21 24 23
5 30 8 22 24 23
5 30 8 22 21 23
5 30 12 2 10 24
5 30 12 32 21 24
5 30 12 2 32 24
5 30 14 22 21 24
5 30 2 32 8 18
5 30 2 14 8 18
5 30 14 22 24 15
5 30 14 8 22 15
5 30 10 8 24 15
5 30 14 10 24 15
5 30 14 10 21 24
5 30 2 10 8 15
5 30 2 14 8 15
5 30 2 14 10 15
5 30 12 2 9 10
5 30 12 32 31 21
5 30 12 2 32 31
5 30 2 32 31 18
5 30 20 22 24 15
5 30 20 8 24 15
5 30 20 8 22 15
5 30 20 8 22 24
5 30 11 10 21 24
5 30 12 11 21 24
5 30 12 11 10 24
5 30 14 11 10 21
5 30 14 9 10 18
5 30 2 9 10 18
5 30 2 14 10 18
5 30 12 9 11 10
5 30 12 2 9 31
5 30 2 9 31 18
5 29 30 14 9 18
5 29 14 9 18 15
5 29 30 9 11 10
5 29 30 14 11 10
5 29 30 14 9 10
5 29 3 9 18 15
5 29 3 6 9 18
5 29 3 14 18 15
5 29 14 9 10 15
5 29 14 22 24 15
5 29 14 10 24 15
5 29 14 11 10 24
5 25 17 0 1 4
5 25 3 0 1 4
5 25 3 17 0 1
5 25 3 6 1 4
5 25 7 17 0 4
5 25 6 1 4 31
5 25 17 1 31 21
5 25 17 1 22 21
5 25 3 17 1 22
5 25 7 17 31 21
5 25 3 17 0 22
5 25 7 6 31 21
5 25 7 6 4 31
5 25 6 1 31 18
5 25 1 4 31 13
5 25 17 4 31 13
5 25 17 1 31 13
5 25 17 1 4 13
5 25 3 6 1 18
5 25 17 28 4 31
5 25 7 28 4 31
5 25 7 17 28 31
5 25 7 17 28 4
5 25 1 31 8 18
5 25 3 20 22 18
5 25 3 1 20 18
5 25 3 1 20 22
5 25 1 32 31 8
5 25 30 8 22 21
5 25 8 22 21 23
5 25 1 22 21 23
5 25 1 8 22 23
5 25 20 8 22 18
5 25 1 20 8 18
5 25 1 20 8 22
5 25 29 3 14 15
5 25 29 3 14 18
5 25 29 3 6 18
5 25 14 22 18 15
5 25 3 22 18 15
5 25 3 14 18 15
5 25 30 32 8 21
5 25 30 32 31 21
5 25 32 31 8 18
5 25 30 32 8 18
5 25 30 32 31 18
5 25 32 8 21 23
5 25 1 32 8 23
5 25 32 31 21 23
5 25 1 31 21 23
5 25 1 32 31 23
5 25 14 8 22 18
5 25 30 14 8 18
5 25 30 14 8 22
5 27 3 6 0 4
5 27 25 3 0 4
5 27 25 3 6 4
5 27 7 6 0 4
5 27 25 7 0 4
5 27 25 7 6 4
5 27 7 6 0 9
5 27 29 7 6 9
5 27 3 6 0 9
5 27 29 3 6 9
5 27 25 7 17 0
5 27 25 3 0 22
5 27 7 0 9 5
5 27 29 3 9 15
5 27 7 17 0 5
5 27 25 17 0 22
5 27 25 7 17 21
5 27 3 0 22 15
5 27 25 3 22 15
5 27 25 29 22 15
5 27 25 29 3 15
5 27 7 9 11 5
5 27 29 7 9 11
5 27 25 17 22 21
5 27 7 11 5 24
5 27 7 17 5 21
5 27 0 20 22 15
5 27 29 22 24 15
5 27 29 9 10 15
5 27 29 9 11 10
5 27 7 5 21 24
5 27 7 11 21 24
5 27 17 5 21 24
5 27 17 22 21 24
5 27 17 22 5 24
5 27 29 10 24 15
5 27 29 11 10 24
5 26 25 6 31 21
5 26 7 6 31 21
5 26 25 30 31 21
5 26 25 7 6 21
5 26 25 6 31 18
5 26 25 29 6 18
5 26 7 11 31 21
5 26 7 6 9 31
5 26 29 7 6 9
5 26 25 30 31 18
5 26 27 25 7 21
5 26 27 29 7 6
5 26 27 25 7 6
5 26 6 9 31 18
5 26 29 6 9 18
5 26 27 7 11 21
5 26 27 29 7 11
5 26 7 9 11 31
5 26 29 7 9 11
5 26 12 11 31 21
5 26 30 12 31 21
5 26 30 12 11 21
5 26 30 14 11 21
5 26 29 30 14 11
5 26 29 30 9 11
5 26 30 14 22 21
5 26 25 30 22 21
5 26 25 30 14 22
5 26 29 30 14 18
5 26 25 30 14 18
5 26 25 29 14 18
5 26 30 9 31 18
5 26 29 30 9 18
5 26 27 25 22 21
5 26 27 25 29 22
5 26 25 29 3 6
5 26 27 29 3 6
5 26 27 25 3 6
5 26 27 25 29 3
5 26 27 11 21 24
5 26 27 29 11 24
5 26 12 9 11 31
5 26 30 12 9 31
5 26 30 12 9 11
5 26 14 11 21 24
5 26 29 14 11 24
5 26 14 22 21 24
5 26 29 14 22 24
5 26 29 14 22 15
5 26 25 14 22 15
5 26 25 29 22 15
5 26 25 29 14 15
5 26 27 22 21 24
5 26 27 29 22 24
