196
5 13 14 24 4 2
5 13 12 24 4 2
5 16 13 14 4 2
5 16 13 12 4 2
5 16 3 12 24 2
5 16 12 11 4 6
5 16 3 11 4 6
5 16 3 12 4 6
5 16 3 12 11 6
5 16 13 14 24 2
5 16 13 12 24 2
5 10 16 15 14 11
5 10 23 15 11 0
5 10 23 21 11 0
5 10 16 13 11 4
5 10 16 13 14 4
5 17 16 14 24 2
5 17 10 16 14 2
5 9 12 8 4 6
5 9 3 12 4 6
5 9 3 12 8 6
5 9 21 8 4 6
5 9 3 21 8 6
5 9 16 3 12 4
5 9 21 11 4 6
5 9 3 11 4 6
5 9 3 21 11 6
5 9 12 8 4 2
5 9 16 12 4 2
5 9 16 3 12 2
5 9 16 3 11 4
5 9 12 8 24 2
5 9 3 12 24 2
5 9 3 12 8 24
5 9 3 23 21 11
5 9 3 23 21 8
5 9 16 3 24 2
5 7 3 23 21 11
5 7 3 12 8 24
5 22 16 12 11 4
5 22 16 13 11 4
5 22 16 13 12 4
5 18 10 15 14 11
5 18 16 15 14 11
5 18 10 16 14 11
5 18 10 16 13 11
5 18 10 16 13 14
5 18 10 15 14 4
5 18 10 13 14 4
5 18 10 15 11 0
5 18 10 13 11 4
5 18 15 14 0 4
5 18 10 15 0 4
5 18 10 21 0 4
5 5 10 21 11 4
5 5 9 21 11 4
5 5 10 16 11 4
5 5 9 16 11 4
5 5 9 10 16 11
5 5 9 21 8 4
5 5 10 23 21 11
5 5 9 23 21 11
5 5 9 10 23 11
5 5 9 16 4 2
5 5 10 21 0 4
5 5 9 8 4 2
5 5 9 23 21 8
5 5 16 14 4 2
5 5 10 16 14 2
5 5 10 16 14 4
5 5 17 10 16 2
5 5 9 17 16 2
5 5 10 15 0 4
5 5 10 23 21 0
5 5 9 17 8 2
5 5 9 17 23 8
5 5 10 15 14 4
5 5 17 10 14 2
5 5 17 10 15 14
5 5 10 23 15 0
5 5 17 10 23 15
5 19 7 3 8 24
5 19 18 15 14 0
5 19 23 15 11 0
5 19 18 15 11 0
5 19 7 23 11 0
5 19 16 3 12 24
5 19 7 3 12 24
5 19 7 16 3 12
5 19 18 16 15 14
5 19 18 16 15 11
5 19 22 7 12 24
5 19 16 13 14 24
5 19 18 16 13 14
5 19 17 15 14 24
5 19 17 16 14 24
5 19 16 13 12 24
5 19 22 13 12 24
5 19 22 16 13 12
5 25 7 3 23 11
5 25 7 16 3 11
5 25 9 3 23 11
5 25 9 16 3 11
5 25 19 7 23 11
5 25 19 7 16 11
5 25 19 7 16 3
5 25 9 10 23 11
5 25 9 10 16 11
5 25 19 23 15 11
5 25 19 16 15 11
5 25 7 3 23 8
5 25 19 7 23 8
5 25 19 7 3 8
5 25 10 23 15 11
5 25 10 16 15 11
5 25 19 17 23 15
5 25 9 3 23 8
5 25 17 10 23 15
5 25 5 17 10 23
5 25 5 9 10 23
5 25 5 9 17 23
5 25 5 17 10 16
5 25 5 9 10 16
5 25 5 9 17 16
5 25 9 17 23 8
5 25 9 16 3 24
5 25 19 16 3 24
5 25 9 17 16 2
5 25 19 16 15 14
5 25 19 17 15 14
5 25 19 17 16 14
5 25 9 3 8 24
5 25 19 3 8 24
5 25 10 16 15 14
5 25 17 10 15 14
5 25 17 10 16 14
5 25 9 17 8 2
5 25 9 16 24 2
5 25 17 16 24 2
5 25 19 17 16 24
5 25 9 8 24 2
5 25 17 8 24 2
5 1 10 21 11 4
5 1 18 10 11 4
5 1 18 10 21 4
5 1 18 21 0 4
5 1 18 13 0 4
5 1 10 21 11 0
5 1 18 10 11 0
5 1 18 10 21 0
5 1 7 21 0 6
5 1 3 21 11 6
5 1 7 3 11 6
5 1 7 3 21 6
5 1 7 3 21 11
5 1 23 21 11 0
5 1 7 23 11 0
5 1 7 23 21 0
5 1 7 23 21 11
5 20 22 13 11 4
5 20 1 22 13 4
5 20 18 13 11 4
5 20 1 18 11 4
5 20 1 18 13 4
5 20 1 22 4 6
5 20 12 11 4 6
5 20 22 12 4 6
5 20 22 12 11 4
5 20 21 11 4 6
5 20 1 21 4 6
5 20 1 21 11 6
5 20 1 21 11 4
5 20 1 7 11 6
5 20 22 16 13 11
5 20 18 16 13 11
5 20 22 7 12 6
5 20 19 18 16 11
5 20 19 22 16 13
5 20 19 18 16 13
5 20 3 12 11 6
5 20 7 3 11 6
5 20 7 3 12 6
5 20 22 16 12 11
5 20 19 7 16 11
5 20 19 7 11 0
5 20 1 7 11 0
5 20 19 18 11 0
5 20 1 18 11 0
5 20 19 18 13 0
5 20 1 18 13 0
5 20 16 3 12 11
5 20 7 16 3 11
5 20 7 16 3 12
5 20 19 7 16 12
5 20 19 22 16 12
5 20 19 22 7 12
