350
5 0 9 11 13 7
5 18 1 11 13 7
5 18 5 0 11 13
5 18 5 0 10 11
5 27 26 1 13 31
5 28 18 5 0 10
5 28 27 18 0 10
5 28 27 18 5 0
5 16 1 10 11 7
5 16 18 10 11 7
5 16 18 1 11 7
5 16 18 1 11 13
5 16 28 18 5 10
5 14 18 11 13 7
5 14 18 0 11 13
5 14 18 5 0 13
5 14 27 5 0 13
5 14 27 18 5 0
5 14 18 1 13 7
5 14 16 18 5 13
5 14 16 18 1 13
5 19 1 10 11 7
5 19 20 10 11 7
5 19 20 1 11 7
5 19 16 1 10 11
5 19 16 5 1 31
5 3 20 21 9 7
5 3 20 1 9 7
5 3 26 1 9 31
5 23 19 20 10 7
5 23 16 28 5 10
5 23 3 19 1 31
5 23 19 16 1 31
5 23 19 16 5 31
5 17 28 27 0 10
5 17 3 21 0 9
5 17 27 18 0 10
5 17 3 21 9 7
5 17 14 27 18 0
5 17 3 20 21 7
5 17 27 0 9 31
5 17 3 0 9 31
5 24 28 27 5 0
5 24 3 15 0 31
5 24 23 28 5 31
5 24 17 3 0 31
5 12 14 16 18 1
5 12 14 16 1 13
5 12 14 16 18 5
5 12 14 16 5 13
5 30 5 0 10 11
5 30 19 16 10 11
5 30 18 5 10 11
5 30 16 18 10 11
5 30 16 18 5 10
5 30 19 16 1 11
5 30 19 16 5 1
5 30 23 16 5 10
5 30 23 19 16 10
5 30 23 19 16 5
5 30 19 5 1 31
5 30 23 19 5 31
5 30 5 0 11 13
5 30 28 5 0 10
5 30 24 28 5 0
5 30 24 28 15 0
5 30 18 5 11 13
5 30 16 18 5 13
5 30 24 23 5 31
5 25 23 20 10 7
5 25 20 10 11 7
5 25 17 20 21 7
5 25 20 9 11 7
5 25 20 21 9 7
5 25 20 21 9 11
5 25 20 15 21 11
5 25 0 10 11 7
5 25 17 21 9 7
5 4 3 26 9 31
5 4 17 3 9 31
5 4 24 17 3 31
5 4 27 26 9 31
5 4 17 27 9 31
5 4 17 27 26 9
5 4 17 27 0 31
5 4 24 27 0 31
5 4 24 17 0 31
5 4 17 28 27 0
5 4 24 28 27 0
5 4 24 17 28 0
5 2 25 23 20 7
5 2 25 17 20 7
5 2 4 17 26 9
5 2 4 17 28 10
5 2 4 23 28 10
5 2 17 3 20 7
5 2 4 3 26 9
5 2 17 3 9 7
5 2 4 17 3 9
5 2 16 28 18 10
5 2 23 16 28 10
5 2 23 3 19 20
5 2 3 26 1 9
5 2 23 3 19 1
5 2 3 26 1 31
5 2 4 3 26 31
5 2 23 3 1 31
5 2 4 23 3 31
5 2 23 19 16 1
5 2 12 23 16 1
5 2 3 19 20 1
5 6 28 27 18 10
5 6 17 27 18 10
5 6 17 28 27 10
5 6 2 28 18 10
5 6 2 17 18 10
5 6 2 17 28 10
5 6 2 17 27 18
5 6 4 17 28 27
5 6 2 4 17 28
5 6 2 14 27 26
5 6 2 14 27 18
5 6 4 17 27 26
5 6 2 4 17 26
5 6 2 12 14 26
5 6 2 12 14 18
5 6 2 4 26 31
5 6 2 26 1 31
5 29 25 17 20 21
5 29 17 3 20 21
5 29 25 20 15 21
5 29 2 25 23 20
5 29 2 25 17 20
5 29 3 20 15 21
5 29 2 23 3 20
5 29 2 17 3 20
5 29 25 23 20 10
5 29 2 25 23 10
5 29 2 25 17 10
5 29 3 19 20 15
5 29 23 3 19 20
5 29 2 4 23 3
5 29 2 4 17 3
5 29 23 19 20 10
5 29 25 15 10 11
5 29 25 20 10 11
5 29 25 20 15 11
5 29 2 4 23 10
5 29 2 4 17 10
5 29 24 3 15 21
5 29 3 19 15 31
5 29 23 3 19 31
5 29 4 24 17 28
5 29 4 24 17 3
5 29 4 23 28 10
5 29 4 17 28 10
5 29 19 20 10 11
5 29 19 20 15 11
5 29 30 23 19 10
5 29 30 28 15 10
5 29 30 24 28 15
5 29 24 3 15 31
5 29 30 19 15 31
5 29 30 23 19 31
5 29 24 23 28 31
5 29 4 23 28 31
5 29 4 24 28 31
5 29 4 23 3 31
5 29 4 24 3 31
5 29 30 15 10 11
5 29 30 19 10 11
5 29 30 19 15 11
5 29 23 28 5 10
5 29 30 28 5 10
5 29 30 23 5 10
5 29 30 24 15 31
5 29 30 24 23 31
5 29 24 23 28 5
5 29 30 24 28 5
5 29 30 24 23 5
5 22 17 0 9 7
5 22 25 17 9 7
5 22 0 9 11 7
5 22 25 9 11 7
5 22 25 0 11 7
5 22 17 21 0 9
5 22 25 17 21 9
5 22 17 28 0 10
5 22 25 0 10 11
5 22 25 15 10 11
5 22 25 21 9 11
5 22 30 28 0 10
5 22 30 28 15 10
5 22 30 28 15 0
5 22 29 28 15 10
5 22 29 17 28 10
5 22 24 28 15 0
5 22 24 17 28 0
5 22 30 0 10 11
5 22 30 15 10 11
5 22 30 15 0 11
5 22 15 21 0 11
5 22 25 15 21 11
5 22 29 25 15 10
5 22 29 25 15 21
5 22 29 25 17 10
5 22 29 25 17 21
5 22 29 24 28 15
5 22 29 24 17 28
5 22 29 24 15 21
5 22 3 15 21 0
5 22 24 3 15 0
5 22 24 3 15 21
5 22 17 3 21 0
5 22 24 17 3 0
5 22 29 17 3 21
5 22 29 24 3 21
5 22 29 24 17 3
5 32 14 18 1 7
5 32 12 14 18 1
5 32 14 1 13 7
5 32 2 12 14 18
5 32 12 14 1 13
5 32 16 18 1 7
5 32 12 16 18 1
5 32 16 1 10 7
5 32 19 1 10 7
5 32 2 12 16 1
5 32 12 26 1 13
5 32 2 12 26 1
5 32 12 14 26 13
5 32 2 12 14 26
5 32 16 18 10 7
5 32 3 1 9 7
5 32 2 3 9 7
5 32 2 3 1 9
5 32 26 1 9 13
5 32 2 26 1 9
5 32 23 19 10 7
5 32 19 20 1 7
5 32 2 19 20 1
5 32 19 16 1 10
5 32 2 19 16 1
5 32 2 17 18 10
5 32 2 16 18 10
5 32 2 12 16 18
5 32 17 14 18 0
5 32 17 14 27 18
5 32 2 14 27 18
5 32 2 17 27 18
5 32 14 27 26 13
5 32 2 14 27 26
5 32 2 17 9 7
5 32 27 26 9 13
5 32 3 20 1 7
5 32 2 3 20 7
5 32 2 3 20 1
5 32 0 11 13 7
5 32 14 11 13 7
5 32 14 0 11 13
5 32 0 9 13 7
5 32 17 0 9 7
5 32 14 27 0 13
5 32 17 14 27 0
5 32 25 23 10 7
5 32 2 25 23 7
5 32 2 25 23 10
5 32 23 19 20 7
5 32 2 23 20 7
5 32 2 23 19 20
5 32 23 19 16 10
5 32 2 23 16 10
5 32 2 23 19 16
5 32 17 18 0 10
5 32 2 25 17 7
5 32 2 25 17 10
5 32 14 18 11 7
5 32 14 18 0 11
5 32 27 0 9 13
5 32 17 27 0 9
5 32 17 27 26 9
5 32 2 17 26 9
5 32 0 10 11 7
5 32 18 10 11 7
5 32 18 0 10 11
5 32 22 17 0 7
5 32 22 17 0 10
5 32 22 25 17 7
5 32 22 25 17 10
5 32 6 17 27 26
5 32 6 2 27 26
5 32 6 2 17 26
5 32 6 2 17 27
5 32 25 0 10 7
5 32 22 25 0 7
5 32 22 25 0 10
5 8 2 12 23 16
5 8 2 23 16 28
5 8 2 12 23 1
5 8 23 16 1 31
5 8 12 16 1 31
5 8 12 23 16 1
5 8 2 4 23 28
5 8 6 2 4 28
5 8 2 16 28 18
5 8 2 12 16 18
5 8 6 2 28 18
5 8 6 2 12 18
5 8 2 23 1 31
5 8 6 2 1 31
5 8 2 12 26 1
5 8 6 2 26 1
5 8 6 2 12 26
5 8 23 28 5 31
5 8 23 16 5 31
5 8 23 16 28 5
5 8 4 23 28 31
5 8 6 26 1 31
5 8 2 4 23 31
5 8 6 2 4 31
5 8 16 28 18 5
5 8 12 16 18 5
5 8 6 28 27 18
5 8 6 4 28 27
5 8 12 16 13 31
5 8 12 16 5 13
5 8 26 1 13 31
5 8 12 1 13 31
5 8 12 26 1 13
5 8 28 27 18 5
5 8 6 14 27 18
5 8 6 12 14 18
5 8 4 24 27 31
5 8 4 24 28 31
5 8 4 24 28 27
5 8 4 27 26 31
5 8 6 4 26 31
5 8 6 4 27 26
5 8 24 27 5 31
5 8 24 28 5 31
5 8 24 28 27 5
5 8 27 26 13 31
5 8 6 14 27 26
5 8 6 12 14 26
5 8 14 27 18 5
5 8 12 14 18 5
5 8 14 27 5 13
5 8 12 14 5 13
5 8 14 27 26 13
5 8 12 14 26 13
