281
5 10 23 31 20 22
5 21 10 26 20 25
5 21 10 26 20 32
5 18 21 10 20 25
5 18 10 23 20 22
5 18 23 3 20 22
5 28 21 26 20 25
5 28 1 7 12 32
5 28 21 0 26 25
5 28 21 0 7 20
5 28 10 20 25 32
5 28 10 26 25 32
5 28 10 26 20 32
5 28 10 26 20 25
5 28 0 7 20 32
5 28 21 26 20 32
5 28 21 0 20 32
5 28 21 0 26 32
5 19 1 23 3 20
5 19 4 23 31 22
5 19 28 1 7 32
5 19 28 1 7 20
5 19 4 23 3 22
5 19 4 13 31 12
5 19 1 7 12 32
5 19 4 23 3 8
5 19 1 23 3 8
5 24 19 13 31 12
5 24 19 4 13 31
5 24 19 4 13 12
5 24 19 1 4 12
5 9 21 0 29 7
5 9 28 21 0 25
5 9 28 21 0 7
5 9 3 29 7 8
5 9 3 29 7 20
5 9 21 29 7 20
5 9 21 3 29 20
5 9 1 3 7 8
5 9 28 21 20 25
5 9 28 21 7 20
5 9 18 21 20 25
5 9 18 21 3 20
5 9 1 3 7 20
5 9 28 1 7 20
5 17 21 10 26 25
5 17 18 21 10 25
5 17 21 10 26 30
5 17 13 10 31 30
5 17 13 10 26 30
5 17 13 10 26 31
5 27 1 23 3 20
5 27 18 23 3 20
5 27 18 1 23 3
5 27 9 1 3 20
5 27 9 18 3 20
5 27 9 18 1 3
5 27 18 1 23 25
5 27 9 18 20 25
5 27 19 1 23 20
5 27 9 28 20 25
5 27 9 28 1 25
5 27 9 28 1 20
5 27 10 20 25 32
5 27 18 10 20 25
5 27 28 20 25 32
5 27 19 31 20 32
5 27 19 23 31 20
5 27 19 28 20 32
5 27 19 28 1 32
5 27 19 28 1 20
5 27 10 31 20 32
5 27 10 23 31 20
5 27 18 10 23 20
5 27 19 1 12 32
5 27 24 19 1 12
5 27 24 19 4 31
5 27 13 10 31 32
5 27 28 1 12 32
5 27 24 28 1 12
5 27 19 31 12 32
5 27 24 19 31 12
5 27 17 24 13 25
5 27 17 24 13 31
5 27 10 26 25 32
5 27 13 26 25 32
5 27 13 10 26 32
5 27 13 10 26 31
5 27 17 10 26 25
5 27 17 10 26 31
5 27 13 31 12 32
5 27 24 13 12 32
5 27 24 13 31 12
5 27 17 13 26 25
5 27 17 13 26 31
5 11 4 13 31 30
5 11 17 13 31 30
5 11 24 4 13 31
5 11 17 24 13 31
5 11 27 24 4 31
5 11 27 17 24 31
5 11 4 3 8 22
5 11 4 23 3 22
5 11 4 23 3 8
5 11 4 23 31 22
5 11 27 17 24 25
5 11 19 4 23 8
5 11 19 1 23 8
5 11 19 1 4 8
5 11 24 19 1 4
5 11 27 24 19 4
5 11 27 17 23 31
5 11 18 1 23 25
5 11 27 1 23 25
5 11 27 24 1 25
5 11 27 18 23 25
5 11 27 17 18 25
5 11 27 17 18 23
5 11 27 19 1 23
5 11 27 24 19 1
5 11 19 4 23 31
5 11 27 19 23 31
5 11 27 19 4 31
5 11 1 23 3 8
5 11 18 1 23 3
5 15 1 4 12 8
5 15 24 1 4 12
5 15 9 29 7 8
5 15 9 1 7 8
5 15 11 1 4 8
5 15 11 24 1 4
5 15 9 0 29 7
5 15 11 4 29 8
5 15 24 4 13 12
5 15 11 24 4 13
5 15 11 24 1 25
5 14 21 0 29 30
5 14 9 21 0 29
5 14 15 0 29 30
5 14 15 9 0 29
5 14 9 21 0 25
5 14 15 9 0 25
5 14 21 0 26 30
5 14 21 0 26 25
5 14 15 11 29 30
5 14 15 0 26 30
5 14 15 0 26 25
5 14 17 21 26 30
5 14 17 21 26 25
5 14 15 11 24 25
5 14 15 13 26 30
5 14 15 13 26 25
5 14 17 13 26 30
5 14 17 13 26 25
5 14 11 17 24 25
5 14 15 24 13 25
5 14 15 11 13 30
5 14 15 11 24 13
5 14 17 24 13 25
5 14 11 17 13 30
5 14 11 17 24 13
5 2 9 21 3 29
5 2 14 9 21 29
5 2 14 21 29 30
5 2 11 3 29 8
5 2 14 11 29 30
5 2 14 17 21 30
5 2 17 18 21 25
5 2 14 17 21 25
5 2 14 11 17 30
5 2 11 17 18 25
5 2 14 11 17 25
5 2 18 23 3 22
5 2 11 23 3 22
5 2 11 18 23 3
5 16 17 18 10 25
5 16 27 18 10 25
5 16 27 17 10 25
5 16 27 17 18 25
5 16 27 18 10 23
5 16 27 17 18 23
5 16 18 10 23 22
5 16 27 10 23 31
5 16 27 17 23 31
5 16 27 17 10 31
5 16 10 23 31 22
5 16 2 18 23 22
5 16 11 23 31 22
5 16 11 17 23 31
5 16 17 10 31 30
5 16 2 11 23 22
5 16 11 17 18 23
5 16 2 11 18 23
5 16 2 11 17 18
5 16 17 18 21 10
5 16 2 17 18 21
5 16 11 17 31 30
5 16 2 11 30 22
5 16 2 11 17 30
5 16 18 10 20 22
5 16 18 21 10 20
5 16 17 21 10 30
5 16 2 17 21 30
5 5 15 9 1 8
5 5 15 9 1 25
5 5 9 1 3 8
5 5 15 11 1 8
5 5 15 11 1 25
5 5 11 1 3 8
5 5 9 18 1 3
5 5 15 9 29 8
5 5 14 15 9 25
5 5 11 18 1 25
5 5 11 18 1 3
5 5 27 18 1 25
5 5 27 9 1 25
5 5 27 9 18 25
5 5 27 9 18 1
5 5 2 11 18 25
5 5 15 11 29 8
5 5 2 11 29 8
5 5 14 15 11 25
5 5 2 14 11 25
5 5 9 18 21 25
5 5 2 18 21 25
5 5 9 3 29 8
5 5 2 3 29 8
5 5 2 9 3 29
5 5 14 15 9 29
5 5 2 14 9 29
5 5 14 9 21 25
5 5 2 14 21 25
5 5 2 14 9 21
5 5 2 11 3 8
5 5 2 11 18 3
5 5 9 18 21 3
5 5 2 18 21 3
5 5 2 9 21 3
5 5 14 15 11 29
5 5 2 14 11 29
5 6 15 9 1 7
5 6 15 1 7 12
5 6 15 24 1 12
5 6 15 24 1 25
5 6 15 9 1 25
5 6 9 28 1 25
5 6 9 28 1 7
5 6 28 1 7 12
5 6 24 28 1 12
5 6 15 24 13 12
5 6 15 9 0 25
5 6 15 9 0 7
5 6 27 28 1 25
5 6 27 24 1 25
5 6 27 24 28 1
5 6 9 28 0 25
5 6 9 28 0 7
5 6 15 24 13 25
5 6 27 28 25 32
5 6 13 7 12 32
5 6 28 7 12 32
5 6 24 13 12 32
5 6 15 0 26 25
5 6 15 13 26 25
5 6 28 0 26 25
5 6 13 0 7 32
5 6 28 0 7 32
5 6 13 26 25 32
5 6 28 26 25 32
5 6 27 13 25 32
5 6 27 24 13 32
5 6 27 24 13 25
5 6 27 28 12 32
5 6 27 24 12 32
5 6 27 24 28 12
5 6 13 0 26 30
5 6 15 0 26 30
5 6 15 13 26 30
5 6 15 13 0 30
5 6 13 0 26 32
5 6 28 0 26 32
