226
5 20 6 14 11 9
5 20 8 11 23 24
5 20 6 14 9 2
5 20 8 4 13 24
5 19 8 11 23 24
5 21 5 6 9 2
5 21 20 6 9 2
5 21 20 6 11 9
5 21 20 6 13 24
5 15 8 4 23 13
5 15 20 8 23 13
5 15 20 8 4 13
5 15 20 23 13 2
5 15 21 5 9 2
5 15 21 20 13 2
5 15 21 20 9 2
5 15 21 20 9 13
5 25 19 8 11 24
5 25 21 6 11 9
5 25 20 6 11 24
5 25 21 20 6 24
5 25 21 20 6 11
5 25 20 8 11 24
5 25 21 20 11 9
5 25 20 8 4 24
5 25 20 4 13 24
5 25 21 20 13 24
5 17 20 14 11 23
5 17 20 14 11 9
5 17 19 14 11 23
5 17 20 14 23 2
5 17 20 14 9 2
5 17 19 8 11 23
5 17 19 14 23 2
5 17 15 20 23 2
5 17 15 20 9 2
5 17 15 5 9 2
5 17 15 23 1 2
5 10 21 5 1 2
5 10 21 5 6 2
5 10 5 6 9 2
5 10 21 5 6 9
5 3 10 6 1 2
5 3 10 21 1 2
5 3 10 21 6 2
5 3 10 21 5 1
5 3 25 21 6 24
5 3 25 4 13 24
5 3 25 21 13 24
5 3 15 5 4 1
5 3 15 21 4 13
5 3 10 21 5 9
5 3 10 25 5 9
5 16 15 5 4 1
5 16 15 8 4 23
5 16 25 8 4 24
5 16 17 15 8 23
5 16 3 4 1 24
5 16 3 25 1 24
5 16 3 25 4 24
5 16 19 8 1 24
5 16 3 5 4 1
5 16 3 10 5 1
5 16 3 10 25 5
5 12 15 20 8 4
5 12 25 20 8 4
5 12 15 20 8 23
5 12 17 15 8 23
5 12 17 15 20 23
5 12 25 20 8 11
5 12 17 25 8 11
5 12 16 17 15 8
5 12 16 17 25 8
5 12 17 15 20 9
5 12 16 15 8 4
5 12 16 25 8 4
5 12 15 20 4 13
5 12 25 20 4 13
5 12 20 8 11 23
5 12 17 8 11 23
5 12 17 20 11 23
5 12 25 20 11 9
5 12 17 20 11 9
5 12 15 20 9 13
5 12 3 15 4 13
5 12 3 25 4 13
5 12 17 15 5 9
5 12 16 17 5 9
5 12 16 17 15 5
5 12 21 20 9 13
5 12 25 21 20 13
5 12 25 21 20 9
5 12 15 21 9 13
5 12 16 15 5 4
5 12 16 25 5 9
5 12 3 15 21 13
5 12 3 25 21 13
5 12 3 25 21 9
5 12 3 15 5 4
5 12 3 25 5 9
5 12 16 3 5 4
5 12 16 3 25 4
5 12 16 3 25 5
5 12 15 21 5 9
5 12 3 21 5 9
5 12 3 15 21 5
5 0 17 23 1 2
5 0 17 19 23 2
5 0 10 6 1 2
5 0 10 5 1 2
5 0 15 5 1 2
5 0 17 15 1 2
5 0 17 15 5 2
5 0 17 15 5 1
5 0 17 5 9 2
5 0 10 5 9 2
5 0 10 17 5 9
5 0 17 19 14 2
5 0 17 19 14 11
5 0 10 6 9 2
5 0 6 14 9 2
5 0 17 14 9 2
5 18 17 19 8 23
5 18 16 17 8 23
5 18 0 19 23 1
5 18 0 17 23 1
5 18 0 17 19 23
5 18 17 15 23 1
5 18 16 15 23 1
5 18 16 17 15 23
5 18 25 19 8 24
5 18 16 19 8 24
5 18 16 25 8 24
5 18 17 15 5 1
5 18 16 15 5 1
5 18 16 17 15 5
5 18 0 17 5 1
5 18 16 10 5 1
5 18 0 10 5 1
5 18 0 10 17 5
5 18 16 17 5 9
5 7 25 6 11 24
5 7 25 19 11 24
5 7 25 6 11 9
5 7 0 10 6 9
5 7 18 25 19 24
5 7 3 25 1 24
5 7 3 25 6 24
5 7 25 19 8 11
5 7 18 25 19 8
5 7 0 17 19 11
5 7 25 21 6 9
5 7 10 21 6 9
5 7 6 14 11 9
5 7 0 6 14 9
5 7 0 6 14 11
5 7 16 25 1 24
5 7 18 16 25 24
5 7 16 3 25 1
5 7 16 3 10 1
5 7 16 3 10 25
5 7 3 25 21 6
5 7 3 10 21 6
5 7 17 19 8 11
5 7 18 17 19 8
5 7 17 25 8 11
5 7 3 25 21 9
5 7 3 10 21 9
5 7 3 10 25 9
5 7 17 14 11 9
5 7 0 17 14 9
5 7 0 17 14 11
5 7 0 10 17 9
5 7 18 0 10 17
5 7 16 17 25 8
5 7 18 16 25 8
5 7 18 16 17 8
5 7 10 25 5 9
5 7 16 25 5 9
5 7 16 10 25 5
5 7 18 16 17 9
5 7 18 16 5 9
5 7 18 16 10 5
5 7 12 25 11 9
5 7 12 17 11 9
5 7 12 17 25 11
5 7 10 17 5 9
5 7 18 17 5 9
5 7 18 10 17 5
5 7 12 16 25 9
5 7 12 16 17 9
5 7 12 16 17 25
5 22 18 0 19 1
5 22 7 0 19 11
5 22 7 18 19 24
5 22 18 0 10 1
5 22 7 18 0 10
5 22 18 0 17 19
5 22 7 0 17 19
5 22 7 18 17 19
5 22 7 18 0 17
5 22 7 19 11 24
5 22 7 0 6 11
5 22 16 19 1 24
5 22 18 16 19 24
5 22 18 16 19 1
5 22 7 16 1 24
5 22 7 18 16 24
5 22 0 10 6 1
5 22 7 0 10 6
5 22 18 16 10 1
5 22 7 16 10 1
5 22 7 18 16 10
5 22 0 6 1 2
5 22 7 6 11 24
5 22 3 10 6 1
5 22 7 3 10 1
5 22 7 3 10 6
5 22 6 14 11 2
5 22 0 6 14 2
5 22 0 6 14 11
5 22 19 14 11 2
5 22 0 19 14 2
5 22 0 19 14 11
5 22 7 3 1 24
5 22 7 3 6 24
