342
5 7 11 2 9 0
5 8 12 22 4 3
5 5 7 2 29 0
5 5 12 7 29 0
5 5 20 7 2 29
5 5 7 2 9 0
5 5 11 2 9 0
5 17 12 7 6 27
5 17 24 7 6 27
5 17 5 12 7 27
5 17 5 12 7 29
5 17 24 4 6 27
5 17 5 12 18 27
5 17 5 12 18 29
5 25 8 12 22 3
5 25 8 12 4 3
5 25 17 8 12 4
5 28 8 22 4 3
5 28 5 12 18 27
5 28 12 22 4 3
5 28 17 12 18 27
5 28 5 12 18 29
5 28 12 4 3 6
5 28 17 12 22 4
5 28 20 16 22 21
5 28 20 18 16 21
5 28 25 12 22 3
5 28 17 12 22 29
5 28 17 12 18 29
5 28 5 20 18 29
5 28 25 12 22 29
5 28 17 4 6 27
5 28 17 12 6 27
5 28 17 12 4 6
5 28 20 16 22 2
5 28 20 18 16 2
5 28 5 12 29 0
5 28 25 12 29 0
5 28 5 20 18 2
5 28 25 2 29 0
5 28 25 22 2 29
5 28 20 22 2 29
5 28 5 2 29 0
5 28 5 20 2 29
5 14 8 16 4 21
5 19 20 22 2 29
5 19 25 22 2 29
5 19 25 17 8 29
5 19 17 8 4 29
5 19 17 12 22 29
5 19 25 12 22 29
5 19 25 17 12 29
5 19 25 8 12 22
5 19 25 17 8 12
5 19 28 20 22 29
5 19 28 20 18 29
5 19 8 12 22 4
5 19 17 12 22 4
5 19 17 8 12 4
5 19 28 17 22 29
5 19 28 17 18 29
5 19 28 17 22 4
5 26 12 7 6 27
5 26 5 12 7 27
5 26 24 7 6 27
5 26 5 24 7 27
5 26 5 12 7 0
5 26 28 5 12 0
5 26 28 5 12 27
5 26 12 7 29 0
5 26 24 7 6 9
5 26 5 7 9 0
5 26 28 25 3 0
5 26 28 25 12 0
5 26 28 25 12 3
5 1 14 18 27 21
5 1 5 18 7 27
5 1 20 18 16 21
5 1 14 18 16 21
5 1 14 20 16 21
5 1 5 20 7 2
5 1 5 20 18 2
5 1 5 20 18 7
5 1 20 18 16 2
5 1 14 20 16 2
5 1 14 20 11 2
5 31 24 7 6 9
5 31 17 24 7 6
5 31 17 24 7 27
5 31 7 11 2 29
5 31 1 18 7 27
5 31 1 20 11 2
5 31 20 7 2 29
5 31 1 20 7 2
5 31 5 18 7 27
5 31 17 5 7 27
5 31 17 5 18 27
5 31 1 20 18 7
5 31 17 5 7 29
5 31 17 5 18 29
5 31 5 20 7 29
5 31 5 20 18 29
5 31 5 20 18 7
5 15 26 25 3 0
5 15 26 25 12 0
5 15 26 12 3 6
5 15 26 25 12 3
5 15 25 17 12 29
5 15 4 3 6 9
5 15 28 25 3 0
5 15 17 12 4 6
5 15 25 17 12 4
5 15 17 8 4 29
5 15 25 17 8 29
5 15 25 17 8 4
5 15 19 25 8 29
5 15 25 8 4 3
5 15 17 12 7 6
5 15 26 12 7 6
5 15 12 4 3 6
5 15 25 12 4 3
5 15 25 8 22 3
5 10 14 16 11 2
5 10 14 20 11 2
5 10 14 20 16 2
5 10 19 8 16 22
5 10 14 16 11 9
5 10 8 16 22 3
5 10 20 16 22 2
5 10 19 20 22 2
5 10 19 20 16 22
5 10 28 16 22 2
5 10 16 4 3 9
5 10 8 16 4 3
5 10 25 11 2 0
5 10 28 25 22 3
5 10 15 28 25 3
5 10 15 28 3 0
5 10 28 25 2 0
5 10 28 25 22 2
5 10 15 28 25 0
5 23 19 17 4 29
5 23 28 17 4 27
5 23 19 28 17 4
5 23 19 28 22 4
5 23 19 17 18 29
5 23 28 17 18 27
5 23 19 28 17 18
5 23 28 20 18 21
5 23 19 28 20 18
5 23 19 8 22 4
5 23 28 20 22 21
5 23 19 28 20 22
5 23 19 20 18 29
5 23 14 8 4 21
5 23 8 16 22 21
5 23 19 8 16 22
5 23 20 16 22 21
5 23 19 20 16 22
5 23 14 8 16 21
5 23 14 20 16 21
5 23 14 20 8 16
5 23 10 20 8 16
5 23 10 19 8 16
5 23 10 19 20 16
5 30 31 24 7 9
5 30 31 7 11 9
5 30 31 1 11 9
5 30 31 24 7 27
5 30 31 1 7 27
5 30 31 1 24 27
5 30 5 24 7 27
5 30 1 5 7 27
5 30 7 11 2 9
5 30 31 7 11 2
5 30 31 1 11 2
5 30 31 1 7 2
5 30 26 5 24 27
5 30 26 24 7 9
5 30 26 5 7 9
5 30 26 5 24 7
5 30 5 7 2 9
5 30 1 5 7 2
5 30 1 14 27 21
5 30 1 14 11 9
5 30 1 14 11 2
5 30 5 18 16 27
5 30 1 5 18 27
5 30 5 16 2 9
5 30 14 16 4 9
5 30 1 14 18 27
5 30 1 14 18 16
5 30 1 14 16 2
5 30 16 11 2 9
5 30 14 16 11 9
5 30 14 16 11 2
5 30 5 18 16 2
5 30 1 18 16 2
5 30 1 5 18 2
5 32 1 18 27 21
5 32 31 1 18 27
5 32 31 17 18 27
5 32 31 1 24 27
5 32 1 20 18 21
5 32 31 1 20 18
5 32 23 18 27 21
5 32 23 17 18 27
5 32 30 1 27 21
5 32 30 1 24 27
5 32 31 20 18 29
5 32 23 4 27 21
5 32 23 17 4 27
5 32 17 24 4 27
5 32 31 17 24 27
5 32 31 17 18 29
5 32 23 17 18 29
5 32 30 4 27 21
5 32 30 24 4 27
5 32 23 20 18 21
5 32 23 20 18 29
5 32 1 14 20 21
5 32 23 14 20 21
5 32 23 17 4 29
5 32 17 24 4 6
5 32 31 17 24 6
5 32 30 14 4 21
5 32 30 1 14 21
5 32 30 14 24 4
5 32 30 1 14 24
5 32 23 14 4 21
5 13 15 8 4 3
5 13 10 8 4 3
5 13 15 4 3 9
5 13 10 4 3 9
5 13 10 15 3 9
5 13 15 8 22 3
5 13 10 8 22 3
5 13 15 25 22 3
5 13 10 25 22 3
5 13 10 15 25 3
5 13 10 19 8 22
5 13 10 14 11 9
5 13 10 11 9 0
5 13 10 15 9 0
5 13 19 25 8 22
5 13 15 25 8 22
5 13 15 19 25 8
5 13 19 8 4 29
5 13 15 8 4 29
5 13 15 19 8 29
5 13 10 14 20 11
5 13 15 4 6 9
5 13 14 16 4 9
5 13 10 16 4 9
5 13 10 14 16 9
5 13 7 11 9 0
5 13 10 25 11 0
5 13 10 15 25 0
5 13 19 25 22 2
5 13 10 25 22 2
5 13 10 19 22 2
5 13 23 19 8 4
5 13 15 19 25 29
5 13 23 14 8 4
5 13 23 14 20 8
5 13 14 8 16 4
5 13 10 8 16 4
5 13 14 20 8 16
5 13 10 20 8 16
5 13 10 14 20 16
5 13 10 20 11 2
5 13 10 19 20 2
5 13 23 10 20 8
5 13 23 10 19 8
5 13 23 10 19 20
5 13 10 25 11 2
5 13 15 17 4 6
5 13 32 17 4 6
5 13 15 17 4 29
5 13 32 17 4 29
5 13 26 7 9 0
5 13 15 26 9 0
5 13 23 19 4 29
5 13 23 19 20 29
5 13 19 20 2 29
5 13 19 25 2 29
5 13 32 23 14 4
5 13 32 23 14 20
5 13 1 14 20 11
5 13 32 1 14 20
5 13 24 4 6 9
5 13 32 24 4 6
5 13 32 14 24 4
5 13 1 14 11 9
5 13 31 1 11 9
5 13 32 31 17 6
5 13 31 24 6 9
5 13 32 31 24 6
5 13 32 23 4 29
5 13 32 23 20 29
5 13 32 31 20 29
5 13 32 31 17 29
5 13 26 7 29 0
5 13 26 7 6 9
5 13 15 26 6 9
5 13 15 26 7 6
5 13 7 2 29 0
5 13 7 11 2 0
5 13 7 11 2 29
5 13 31 7 11 9
5 13 15 17 7 6
5 13 25 2 29 0
5 13 25 11 2 0
5 13 25 12 29 0
5 13 15 25 12 0
5 13 15 25 12 29
5 13 31 11 2 29
5 13 31 20 2 29
5 13 31 20 11 2
5 13 31 1 20 11
5 13 32 31 1 20
5 13 30 24 4 9
5 13 30 14 4 9
5 13 30 14 24 4
5 13 30 1 14 9
5 13 30 31 1 9
5 13 30 31 24 9
5 13 32 1 14 24
5 13 32 31 1 24
5 13 31 7 6 9
5 13 31 17 7 6
5 13 31 7 11 29
5 13 31 17 7 29
5 13 26 12 29 0
5 13 15 26 12 0
5 13 26 12 7 29
5 13 15 26 12 7
5 13 17 12 7 29
5 13 15 17 12 29
5 13 15 17 12 7
5 13 30 1 14 24
5 13 30 31 1 24
