221
5 3 5 11 25 20
5 3 5 1 11 25
5 16 1 11 25 24
5 16 13 11 7 24
5 16 3 13 11 20
5 0 16 11 7 24
5 0 16 1 11 24
5 0 5 1 11 25
5 0 3 5 1 11
5 0 16 3 1 11
5 0 16 3 5 1
5 0 3 5 11 20
5 0 16 3 11 20
5 4 16 13 7 24
5 19 1 11 25 24
5 19 0 1 11 24
5 19 0 22 1 24
5 19 0 1 11 25
5 19 0 22 1 25
5 9 19 21 22 25
5 9 21 22 14 25
5 9 0 22 14 25
5 9 19 0 11 25
5 9 19 0 22 25
5 9 19 0 22 11
5 8 0 16 11 7
5 8 0 16 7 24
5 8 4 16 7 24
5 8 0 16 3 20
5 8 4 16 13 7
5 8 0 16 1 24
5 8 16 3 13 20
5 8 4 16 3 13
5 8 0 16 5 1
5 12 0 22 1 24
5 12 8 4 7 24
5 12 19 22 1 24
5 12 8 0 7 24
5 12 8 0 1 24
5 12 8 16 1 24
5 12 8 4 16 24
5 12 8 4 16 1
5 12 19 1 25 24
5 12 19 21 22 25
5 12 0 22 14 7
5 12 8 0 14 7
5 12 19 22 1 25
5 10 0 22 14 7
5 10 9 0 22 14
5 10 21 22 14 7
5 10 9 21 22 14
5 10 0 22 7 24
5 10 9 21 13 7
5 10 9 13 11 7
5 10 0 11 7 24
5 10 9 11 7 24
5 10 9 0 22 11
5 10 19 0 11 24
5 10 19 0 22 24
5 10 19 0 22 11
5 10 9 19 11 24
5 10 9 19 22 11
5 6 9 21 14 25
5 6 9 0 14 25
5 6 12 4 21 2
5 6 21 22 14 7
5 6 12 22 14 7
5 6 12 4 5 2
5 6 12 21 22 25
5 6 12 0 22 14
5 6 21 22 14 25
5 6 0 22 14 25
5 6 12 22 1 25
5 6 12 5 1 25
5 6 12 0 22 1
5 6 0 22 1 25
5 6 0 5 1 25
5 23 12 4 7 24
5 23 12 4 21 7
5 23 10 22 7 24
5 23 10 21 22 7
5 23 0 22 7 24
5 23 12 0 7 24
5 23 12 0 22 24
5 23 12 0 22 7
5 23 12 19 22 24
5 23 12 19 21 22
5 23 6 21 22 7
5 23 6 12 22 7
5 23 6 12 21 7
5 23 6 12 21 22
5 23 12 19 21 25
5 23 10 9 7 24
5 23 10 9 21 7
5 23 10 9 21 22
5 23 9 19 21 22
5 23 9 19 21 25
5 23 10 19 22 24
5 23 10 9 19 24
5 23 10 9 19 22
5 23 9 19 11 24
5 15 10 21 13 7
5 15 10 9 21 13
5 15 21 14 2 7
5 15 4 21 2 7
5 15 4 21 13 7
5 15 4 21 13 2
5 15 8 4 2 7
5 15 8 4 13 7
5 15 3 13 2 20
5 15 4 3 13 2
5 15 8 3 13 20
5 15 8 4 3 13
5 15 8 0 14 20
5 15 16 13 11 20
5 15 8 16 13 20
5 15 16 13 11 7
5 15 8 16 11 7
5 15 8 16 13 7
5 15 0 16 11 20
5 15 8 0 16 20
5 17 12 8 4 7
5 17 8 4 2 7
5 17 12 4 21 7
5 17 6 12 21 7
5 17 6 12 4 21
5 17 12 8 14 7
5 17 6 12 14 7
5 17 6 12 4 5
5 17 4 21 2 7
5 17 6 4 21 2
5 17 6 4 5 2
5 17 12 8 0 14
5 17 6 12 0 14
5 17 12 4 5 1
5 17 12 8 4 1
5 17 6 12 5 1
5 17 21 14 2 7
5 17 6 21 14 7
5 17 6 21 14 2
5 17 15 14 2 7
5 17 15 8 2 7
5 17 15 8 14 7
5 17 6 5 14 2
5 17 4 3 5 2
5 17 6 0 5 14
5 17 12 8 0 1
5 17 6 12 0 1
5 17 4 16 5 1
5 17 8 16 5 1
5 17 8 4 16 1
5 17 8 0 5 1
5 17 6 0 5 1
5 17 15 14 2 20
5 17 15 8 14 20
5 17 15 4 3 2
5 17 15 8 4 2
5 17 15 8 4 3
5 17 4 16 3 5
5 17 8 4 16 3
5 17 15 3 2 20
5 17 15 8 3 20
5 17 5 14 2 20
5 17 3 5 2 20
5 17 0 16 3 5
5 17 8 0 16 5
5 17 8 0 16 3
5 17 0 5 14 20
5 17 0 3 5 20
5 17 8 0 14 20
5 17 8 0 3 20
5 18 10 13 11 7
5 18 15 13 11 7
5 18 15 10 13 7
5 18 10 9 13 11
5 18 15 10 9 13
5 18 10 0 14 7
5 18 10 0 11 7
5 18 15 8 14 7
5 18 15 8 11 7
5 18 10 21 14 7
5 18 15 21 14 7
5 18 15 10 21 7
5 18 9 13 11 20
5 18 15 13 11 20
5 18 15 9 13 20
5 18 8 0 14 7
5 18 8 0 11 7
5 18 10 9 0 14
5 18 10 9 0 11
5 18 15 8 0 14
5 18 10 9 21 14
5 18 15 10 9 21
5 18 15 0 11 20
5 18 8 0 16 11
5 18 15 0 16 11
5 18 15 8 16 11
5 18 15 8 0 16
5 18 15 0 14 20
5 18 0 5 11 20
5 18 6 9 21 14
5 18 15 14 2 20
5 18 15 21 2 20
5 18 15 21 14 2
5 18 0 5 14 20
5 18 5 11 25 20
5 18 9 11 25 20
5 18 0 5 11 25
5 18 9 0 11 25
5 18 6 21 2 20
5 18 6 21 14 2
5 18 6 21 25 20
5 18 6 9 21 25
5 18 6 0 5 14
5 18 6 9 0 14
5 18 6 5 25 20
5 18 6 0 5 25
5 18 6 9 0 25
5 18 5 14 2 20
5 18 6 5 2 20
5 18 6 5 14 2
