128
5 9 16 4 13 12
5 14 10 6 12 15
5 2 16 4 10 12
5 2 16 4 13 12
5 2 9 4 13 12
5 11 16 4 10 12
5 11 2 4 10 12
5 11 9 16 4 12
5 11 2 14 10 12
5 11 2 14 18 12
5 11 2 14 4 10
5 11 2 14 18 4
5 11 9 16 4 13
5 11 14 9 4 15
5 3 14 10 12 15
5 3 2 14 12 15
5 3 2 14 10 12
5 3 14 9 4 15
5 3 14 9 18 15
5 3 14 9 18 4
5 7 16 13 6 12
5 7 9 16 13 12
5 7 11 9 16 12
5 7 11 16 13 6
5 7 11 9 13 6
5 7 11 9 16 13
5 7 16 10 6 12
5 7 11 16 10 12
5 7 14 10 6 12
5 7 11 14 10 12
5 7 14 18 6 12
5 7 11 14 18 12
5 7 11 9 6 15
5 7 14 18 6 15
5 17 11 16 4 10
5 17 11 14 4 15
5 17 11 14 4 10
5 17 11 16 4 13
5 17 3 14 10 15
5 17 3 14 4 15
5 17 7 11 14 15
5 17 7 11 14 10
5 17 7 11 6 15
5 17 11 16 13 6
5 17 7 16 10 6
5 17 7 11 16 6
5 17 7 11 16 10
5 17 11 9 4 15
5 17 11 9 4 13
5 17 3 9 13 15
5 17 3 9 4 15
5 17 14 10 6 15
5 17 7 14 6 15
5 17 7 14 10 6
5 17 9 13 6 15
5 17 11 9 6 15
5 17 11 9 13 6
5 8 17 3 13 15
5 8 2 16 13 12
5 8 17 9 4 13
5 8 17 3 9 13
5 8 17 3 9 4
5 8 3 16 10 12
5 5 9 13 6 12
5 5 7 13 6 12
5 5 7 9 13 12
5 5 7 9 13 6
5 5 7 18 6 12
5 5 7 11 18 12
5 5 7 11 9 12
5 5 9 18 6 15
5 5 7 18 6 15
5 5 7 9 6 15
5 5 2 9 18 12
5 5 11 2 18 12
5 5 7 11 9 15
5 5 2 9 4 12
5 5 11 9 4 12
5 5 11 2 4 12
5 5 2 9 18 4
5 5 11 2 18 4
5 5 14 9 18 15
5 5 11 14 9 15
5 5 7 14 18 15
5 5 7 11 14 15
5 5 7 11 14 18
5 5 14 9 18 4
5 5 11 14 18 4
5 5 11 14 9 4
5 1 17 16 4 10
5 1 8 3 16 10
5 1 17 16 4 13
5 1 8 16 4 13
5 1 8 17 4 13
5 1 17 3 10 15
5 1 17 16 10 6
5 1 17 16 13 6
5 0 3 2 10 12
5 0 8 3 10 12
5 0 2 16 10 12
5 0 8 16 10 12
5 0 8 2 16 12
5 0 2 9 18 4
5 0 3 9 18 4
5 0 8 3 9 4
5 0 2 16 4 10
5 0 2 14 4 10
5 0 3 2 14 10
5 0 8 17 3 4
5 0 2 14 18 4
5 0 3 14 18 4
5 0 3 2 14 18
5 0 2 9 4 13
5 0 8 9 4 13
5 0 1 16 4 10
5 0 1 8 16 10
5 0 1 8 16 4
5 0 2 16 4 13
5 0 8 16 4 13
5 0 8 2 16 13
5 0 17 14 4 10
5 0 17 3 14 10
5 0 17 3 14 4
5 0 1 17 4 10
5 0 1 8 17 4
5 0 1 17 3 10
5 0 1 8 3 10
5 0 1 8 17 3
