4
33
-6.54435 6.10183 4.79576 8.78877
6.1055 -8.48892 -4.43049 -8.55812
0.457363 -0.559528 -6.62987 -0.473937
-0.240567 -9.72834 -2.69201 7.61339
-4.33583 -2.13561 -5.33043 1.99721
-5.80913 -0 3.63052 -3.23943
-2.92045 -0 -7.52284 -0.224474
9.4031 -0 -5.38664 3.76279
-6.40931 -0 -5.82764 -3.1706
5.97929 -0 -9.95823 9.44268
1.33419 -0 3.10945 -1.8256
7.63962 -0 9.51055 5.9426
-0 2.07829 -3.67617 -9.13089
-0 9.79177 -6.3908 -9.36447
-0 7.3941 -4.99306 -8.69058
-0 -6.98642 6.75817 5.98692
-0 0.512479 -0.61172 -9.28011
-0 -0.102937 -4.41808 7.06541
-0 4.27942 -1.5976 -7.46167
4.94594 -8.76231 -0 -3.89198
8.20005 -7.6698 -0 4.6517
3.187 -4.72514 -0 9.28376
2.58798 -1.02199 -0 8.82861
0.481225 -5.3306 -0 -1.07807
-8.32415 -2.29147 -0 1.29564
6.02554 -1.7353 -0 7.13987
-3.18769 0.255485 -8.92197 -0
-7.06615 4.76771 -9.2487 -0
-6.16277 -1.46529 -0.879114 -0
0.46118 -5.50351 0.827552 -0
-2.19624 -3.80838 8.75773 -0
-9.73232 -8.26515 -6.17527 -0
5.71555 1.42153 -7.2781 -0
