4
26
8.24024 2.9697 0.838547 7.33801
6.95686 9.54274 -5.58882 8.30299
8.59491 -6.21305 8.07426 8.19225
-9.29906 -1.35576 -4.06774 6.78179
-8.86884 -2.99771 -7.03496 0.12188
-0 -1.2363 -2.67353 5.72079
-0 -4.09436 9.9263 5.82858
-0 3.49832 1.14067 3.29837
-0 2.75166 -3.7908 -9.37206
-0 -1.74182 -1.25065 3.96695
-0 0.253254 -1.90471 7.30929
-0 0.922514 7.51132 -2.35831
-3.68446 -3.63115 -2.95526 -0
-6.54745 -8.16759 -1.7746 -0
3.64715 -4.35573 8.94759 -0
-4.59221 -5.62867 -5.26827 -0
1.07716 4.54996 -7.36119 -0
4.77706 -1.21171 -0.799938 -0
5.24055 4.81046 -4.77561 -0
8.56758 6.77007 -0 -2.98917
-5.01268 -7.93281 -0 -1.35889
-6.6785 -7.03205 -0 6.40158
6.31791 8.22912 -0 5.65798
7.13906 -4.56679 -0 -9.5248
-9.64762 9.48296 -0 -5.6758
-6.27765 3.19029 -0 -0.955061
