4
33
-3.9985 -6.50383 8.10528 -7.37621
-2.73816 1.40426 5.21178 -6.35626
5.50957 4.69231 -7.55355 1.56744
-4.20002 -4.43449 0.764702 -9.55419
-0.659528 -5.21667 4.17035 -8.53907
-0 -6.73296 9.01711 6.7333
-0 -5.24841 -0.663902 -7.5688
-0 -6.70157 4.27836 2.32333
-0 8.74983 -5.91464 -4.12646
-0 -8.74247 -9.18727 2.5604
-0 -1.89714 -9.83806 7.34111
-0 -3.42931 -6.99369 7.07142
2.93678 -0 -6.66598 6.79182
0.83523 -0 9.39028 -5.3645
-5.86725 -0 -8.84874 -2.78056
-9.71431 -0 -9.18744 -4.3632
2.85041 -0 7.75525 6.28987
-4.20969 -0 6.26753 -0.988271
-0.773667 -0 -7.57984 -8.41228
8.90172 -1.37457 -0 6.18229
-8.6268 9.09739 -0 -6.49405
-2.49031 -1.09841 -0 1.70883
-7.30071 2.23283 -0 -1.34599
3.87233 9.90367 -0 1.14232
-1.7098 2.59598 -0 7.81303
-4.18212 -1.29383 -0 -2.71146
-3.68446 -3.63115 -2.95526 -0
-6.54745 -8.16759 -1.7746 -0
3.64715 -4.35573 8.94759 -0
-4.59221 -5.62867 -5.26827 -0
1.07716 4.54996 -7.36119 -0
4.77706 -1.21171 -0.799938 -0
5.24055 4.81046 -4.77561 -0
