4
26
7.02147 5.19644 0.784211 6.47574
9.00193 2.05969 1.15041 1.6497
-8.95916 -5.8265 4.93597 -3.05148
3.85956 0.714 -0.136377 -8.22486
9.0566 -7.73107 9.51131 1.7742
-3.83694 -0 8.91497 2.56448
9.52151 -0 1.52579 -7.45136
5.49107 -0 -4.3875 -6.48016
-8.53707 -0 6.90342 -9.98095
-5.01223 -0 6.32983 -7.96955
-0.324101 -0 3.9251 4.23855
2.5224 -0 0.701719 -0.0109754
4.94594 -8.76231 -0 -3.89198
8.20005 -7.6698 -0 4.6517
3.187 -4.72514 -0 9.28376
2.58798 -1.02199 -0 8.82861
0.481225 -5.3306 -0 -1.07807
-8.32415 -2.29147 -0 1.29564
6.02554 -1.7353 -0 7.13987
-1.13594 -5.41005 -8.96197 -0
8.26008 -2.76102 -1.4137 -0
6.42626 4.63195 5.77211 -0
8.94163 -7.63398 -0.221958 -0
-3.36663 3.73543 -1.16295 -0
-3.75711 -9.48173 -8.90103 -0
-5.13203 -0.412574 -2.40268 -0
