4
26
-1.02131 -9.92717 7.40191 -6.70287
-6.4415 -1.1852 -9.86115 0.23933
-8.60715 -7.02872 8.61185 8.71308
-8.0348 0.787353 -3.9261 -5.66611
-3.75483 6.69524 2.62531 1.23591
-3.38909 -0 -9.61963 9.36061
3.00329 -0 0.472396 1.74755
7.99819 -0 -9.72623 -1.53842
-0.0659286 -0 0.309672 -9.74149
0.903185 -0 5.53092 -9.2159
-2.66649 -0 1.93021 -2.68337
3.16447 -0 -4.13155 8.92902
-3.18769 0.255485 -8.92197 -0
-7.06615 4.76771 -9.2487 -0
-6.16277 -1.46529 -0.879114 -0
0.46118 -5.50351 0.827552 -0
-2.19624 -3.80838 8.75773 -0
-9.73232 -8.26515 -6.17527 -0
5.71555 1.42153 -7.2781 -0
-3.1207 -3.20637 -0 -8.73899
-9.98152 -6.79721 -0 -8.78673
-9.74024 4.95641 -0 6.23074
2.46007 -8.3167 -0 -1.98667
6.406 -5.05129 -0 -7.17134
-0.459215 2.72066 -0 -8.00309
-9.83953 7.5184 -0 -1.93565
