4
26
-2.67373 -9.67277 -6.64044 -7.47298
8.74412 -8.3035 -2.33491 2.67819
-3.47867 -8.86089 -5.59633 -7.69954
-8.94367 5.52552 3.10803 5.35199
3.31469 7.66387 -9.2994 6.65888
-0 -3.23823 9.27392 5.27494
-0 -4.20976 -3.53257 3.82627
-0 -4.90388 -4.62379 -5.36486
-0 -1.11075 -8.00002 -2.68585
-0 9.72447 -3.25618 0.563991
-0 -3.77831 3.88224 -6.3398
-0 -6.74859 0.881514 3.10743
8.56758 6.77007 -0 -2.98917
-5.01268 -7.93281 -0 -1.35889
-6.6785 -7.03205 -0 6.40158
6.31791 8.22912 -0 5.65798
7.13906 -4.56679 -0 -9.5248
-9.64762 9.48296 -0 -5.6758
-6.27765 3.19029 -0 -0.955061
9.5176 -6.34491 -2.19145 -0
-9.35568 5.12231 4.13795 -0
-0.363473 -9.04912 -6.61895 -0
6.05699 -6.77997 -2.86898 -0
7.96956 -4.84452 -5.80904 -0
9.82681 0.837815 -5.39186 -0
9.74008 -9.91181 2.30391 -0
