4
26
0.989148 -0.521198 2.40556 1.95431
8.13941 -0.696025 2.39917 4.81444
-5.8014 -0.310185 0.604744 9.93111
-8.92038 8.45451 5.6432 4.42957
-0.354558 8.38764 -5.75269 9.76272
-0 -1.20229 5.07486 8.04925
-0 -2.96339 2.62422 7.86928
-0 0.0460943 -7.30528 -0.697615
-0 5.40988 -2.15092 4.47142
-0 -4.71498 -1.38181 -6.48735
-0 -3.40259 -2.67532 -4.68567
-0 0.403146 0.656409 -8.23704
8.90172 -1.37457 -0 6.18229
-8.6268 9.09739 -0 -6.49405
-2.49031 -1.09841 -0 1.70883
-7.30071 2.23283 -0 -1.34599
3.87233 9.90367 -0 1.14232
-1.7098 2.59598 -0 7.81303
-4.18212 -1.29383 -0 -2.71146
9.5176 -6.34491 -2.19145 -0
-9.35568 5.12231 4.13795 -0
-0.363473 -9.04912 -6.61895 -0
6.05699 -6.77997 -2.86898 -0
7.96956 -4.84452 -5.80904 -0
9.82681 0.837815 -5.39186 -0
9.74008 -9.91181 2.30391 -0
