4
33
-9.70892 -4.86057 0.813965 3.92036
8.87521 -1.61769 -0.976589 3.38753
1.23012 -2.27516 -3.70249 8.67858
-5.75697 7.08615 -7.13422 -7.18021
4.06045 5.56211 -5.89817 -6.23004
-0 -6.73296 9.01711 6.7333
-0 -5.24841 -0.663902 -7.5688
-0 -6.70157 4.27836 2.32333
-0 8.74983 -5.91464 -4.12646
-0 -8.74247 -9.18727 2.5604
-0 -1.89714 -9.83806 7.34111
-0 -3.42931 -6.99369 7.07142
-5.80913 -0 3.63052 -3.23943
-2.92045 -0 -7.52284 -0.224474
9.4031 -0 -5.38664 3.76279
-6.40931 -0 -5.82764 -3.1706
5.97929 -0 -9.95823 9.44268
1.33419 -0 3.10945 -1.8256
7.63962 -0 9.51055 5.9426
1.20207 7.65352 -0 -0.363533
5.06594 2.93639 -0 5.01642
9.58069 5.73159 -0 3.07514
-3.66851 9.5783 -0 -0.983562
3.51507 7.29774 -0 -0.00676608
4.90512 -7.22761 -0 -5.45517
-7.51157 2.87656 -0 -1.59618
-8.13325 -6.25288 3.56445 -0
9.10048 -6.68072 9.82686 -0
-9.18557 9.47762 5.49172 -0
0.5848 1.60573 2.47211 -0
9.10239 -8.54952 -2.97488 -0
4.21714 -2.21476 2.90752 -0
7.83821 2.17532 -0.253681 -0
