4
33
-3.79512 -4.34632 0.367934 -8.21821
-4.87201 -7.3193 -8.95407 0.588247
-3.80068 -7.00228 7.52839 6.38027
-9.08848 -6.29951 -4.96776 8.87338
3.83418 -4.44385 -0.299202 -4.40334
3.61512 -5.83744 -0 9.52195
3.15404 9.0554 -0 -7.22228
1.78645 -1.91096 -0 -8.01675
6.69308 0.190043 -0 6.54483
-4.06365 3.6444 -0 5.72131
2.04299 9.12711 -0 0.219725
-0.244885 5.73178 -0 4.34643
5.13606 -2.32569 -3.13698 -0
1.68323 -2.26912 5.45183 -0
9.10903 0.960118 1.79568 -0
-0.57867 9.00095 -6.17227 -0
-0.175037 -0.309017 -8.29897 -0
-2.4671 -8.27193 7.75894 -0
9.84815 -4.38508 3.15901 -0
-0 -3.23823 9.27392 5.27494
-0 -4.20976 -3.53257 3.82627
-0 -4.90388 -4.62379 -5.36486
-0 -1.11075 -8.00002 -2.68585
-0 9.72447 -3.25618 0.563991
-0 -3.77831 3.88224 -6.3398
-0 -6.74859 0.881514 3.10743
8.32979 -0 8.57728 -3.11794
-5.30625 -0 6.61163 -3.36911
-2.94252 -0 -0.56307 7.26331
-1.20788 -0 3.54334 0.460231
-0.0485247 -0 6.43277 -8.02611
8.17695 -0 4.10693 7.90161
0.0571618 -0 1.52284 7.29397
