204
5 9 23 4 19 17
5 9 23 21 19 17
5 9 23 21 4 17
5 9 4 1 19 17
5 9 21 4 1 17
5 3 15 21 19 17
5 2 22 23 4 17
5 2 15 23 19 8
5 2 3 15 19 8
5 2 3 15 19 17
5 2 23 21 19 17
5 2 15 21 19 17
5 2 15 23 21 19
5 2 3 15 21 17
5 20 23 21 4 17
5 20 22 23 4 17
5 20 2 23 21 17
5 20 2 22 23 17
5 20 9 23 21 4
5 20 9 22 23 4
5 20 2 3 21 17
5 20 2 15 23 21
5 20 2 3 15 21
5 20 2 3 15 8
5 18 9 1 19 17
5 18 9 21 19 17
5 18 9 21 1 17
5 18 3 1 19 17
5 18 3 21 19 17
5 18 3 21 1 17
5 18 3 15 21 19
5 18 3 15 21 1
5 18 15 23 21 19
5 18 9 23 21 19
5 10 18 9 21 1
5 10 18 15 21 1
5 25 3 15 21 1
5 25 10 15 21 1
5 24 21 4 1 17
5 24 20 21 4 17
5 24 20 22 4 17
5 24 3 21 1 17
5 24 20 3 21 17
5 24 9 21 4 1
5 24 20 9 21 4
5 5 20 15 23 21
5 5 18 15 23 21
5 5 10 18 15 21
5 5 20 9 23 21
5 5 10 20 9 21
5 5 18 9 23 21
5 5 10 18 9 21
5 5 20 9 22 23
5 5 10 20 9 22
5 5 2 15 23 8
5 5 20 2 15 8
5 5 20 2 15 23
5 5 18 9 23 19
5 5 10 18 9 19
5 5 15 23 19 8
5 5 18 15 23 19
5 5 9 22 23 4
5 5 2 22 23 8
5 5 20 2 22 8
5 5 20 2 22 23
5 12 10 18 15 1
5 12 25 10 15 1
5 12 5 10 18 19
5 12 5 10 18 15
5 12 10 18 9 19
5 12 5 10 9 19
5 13 24 20 22 4
5 13 5 22 23 4
5 13 5 9 22 4
5 13 5 10 9 4
5 13 5 10 9 22
5 13 5 10 20 22
5 13 20 9 22 4
5 13 10 20 9 22
5 13 24 20 9 4
5 13 10 20 9 21
5 13 24 20 9 21
5 16 13 24 20 22
5 16 5 20 22 8
5 16 13 5 22 8
5 16 13 5 20 22
5 16 20 3 15 8
5 16 25 3 15 8
5 16 5 20 15 8
5 16 20 3 15 21
5 16 25 3 15 21
5 16 13 5 10 20
5 16 13 10 20 21
5 16 13 24 20 21
5 16 12 25 15 8
5 16 12 5 15 8
5 16 5 20 15 21
5 16 5 10 20 21
5 16 24 25 21 1
5 16 12 25 10 15
5 16 12 5 10 15
5 16 25 10 15 21
5 16 5 10 15 21
5 14 25 3 15 8
5 14 12 25 15 8
5 14 12 25 3 8
5 14 3 15 19 8
5 14 25 3 15 1
5 14 12 25 15 1
5 14 5 15 19 8
5 14 12 5 19 8
5 14 12 5 15 8
5 14 18 3 15 19
5 14 18 3 15 1
5 14 12 18 15 1
5 14 5 18 15 19
5 14 12 5 18 19
5 14 12 5 18 15
5 14 18 3 1 19
5 14 12 18 1 19
5 11 13 5 23 4
5 11 13 5 22 8
5 11 13 5 22 23
5 11 5 9 23 4
5 11 16 13 5 8
5 11 13 10 7 4
5 11 13 5 10 4
5 11 10 9 7 4
5 11 5 10 9 4
5 11 5 9 23 19
5 11 16 13 5 10
5 11 16 12 25 8
5 11 16 12 5 8
5 11 12 5 9 19
5 11 12 10 9 7
5 11 12 5 10 9
5 11 16 12 25 10
5 11 16 12 5 10
5 0 25 3 1 17
5 0 24 3 1 17
5 0 24 4 1 17
5 0 25 3 21 1
5 0 24 3 21 1
5 0 24 25 21 1
5 0 16 25 3 8
5 0 16 25 3 21
5 0 16 24 25 21
5 0 24 20 22 17
5 0 24 20 3 17
5 0 16 13 22 8
5 0 16 13 24 22
5 0 24 22 4 17
5 0 13 24 22 4
5 0 24 20 3 21
5 0 16 20 3 21
5 0 16 24 20 21
5 0 11 25 7 8
5 0 11 16 25 8
5 0 11 16 25 7
5 0 11 16 13 8
5 0 11 16 13 7
5 0 20 2 22 8
5 0 20 2 3 8
5 0 20 2 22 17
5 0 20 2 3 17
5 0 16 20 22 8
5 0 16 20 3 8
5 0 16 24 20 22
5 6 24 9 4 1
5 6 13 24 9 4
5 6 24 9 21 1
5 6 13 24 9 21
5 6 10 9 7 4
5 6 13 10 7 4
5 6 13 10 9 4
5 6 0 24 4 1
5 6 0 13 24 4
5 6 10 9 21 1
5 6 13 10 9 21
5 6 16 24 21 1
5 6 16 13 24 21
5 6 12 10 9 7
5 6 0 24 25 1
5 6 16 24 25 1
5 6 16 13 10 21
5 6 12 25 10 1
5 6 10 18 9 1
5 6 12 10 18 1
5 6 12 10 18 9
5 6 11 13 10 7
5 6 11 16 13 7
5 6 11 16 13 10
5 6 0 16 25 7
5 6 0 16 13 7
5 6 0 16 24 25
5 6 0 16 13 24
5 6 25 10 21 1
5 6 16 25 21 1
5 6 16 25 10 21
5 6 11 12 10 7
5 6 11 12 25 7
5 6 11 12 25 10
5 6 11 16 25 7
5 6 11 16 25 10
