203
5 14 24 7 0 3
5 14 24 7 16 3
5 14 24 7 16 0
5 15 14 7 0 3
5 15 14 1 16 0
5 15 7 16 0 2
5 15 14 7 16 0
5 8 13 11 17 25
5 8 9 11 17 25
5 21 14 7 16 3
5 21 24 7 16 3
5 21 15 14 3 25
5 21 15 14 7 3
5 21 14 24 16 3
5 5 8 9 17 25
5 5 9 11 17 25
5 5 9 10 11 25
5 5 9 10 11 17
5 20 8 13 11 17
5 20 8 13 11 25
5 20 8 15 13 25
5 20 9 11 1 17
5 20 8 9 11 17
5 19 20 8 15 25
5 19 20 15 13 1
5 19 8 15 13 25
5 19 20 8 15 13
5 19 20 13 1 17
5 19 20 8 13 17
5 19 5 9 10 17
5 19 9 10 24 17
5 19 20 9 1 17
5 19 20 8 9 17
5 19 20 8 9 1
5 23 21 9 10 25
5 23 21 14 3 25
5 23 21 10 24 3
5 23 21 14 24 3
5 23 15 14 16 25
5 23 15 14 1 25
5 23 19 8 9 25
5 23 14 24 0 3
5 23 20 8 9 1
5 12 5 9 10 25
5 12 23 9 10 25
5 12 5 21 10 25
5 12 19 5 9 10
5 12 23 21 10 25
5 12 23 19 9 25
5 12 23 9 10 24
5 12 5 8 9 25
5 12 19 8 9 25
5 12 19 9 10 24
5 12 19 5 24 16
5 12 19 5 10 24
5 12 23 14 16 25
5 12 23 21 14 25
5 12 23 21 10 24
5 12 21 24 7 16
5 12 5 8 9 17
5 12 19 8 9 17
5 12 19 5 9 17
5 12 19 5 8 17
5 12 15 14 16 25
5 12 21 15 14 25
5 12 21 14 24 16
5 12 23 21 14 24
5 12 15 14 7 16
5 12 21 14 7 16
5 12 21 15 14 7
5 18 15 7 16 2
5 18 15 13 7 2
5 18 15 13 7 16
5 18 19 15 13 16
5 18 19 5 13 17
5 18 7 16 0 2
5 18 24 7 16 0
5 18 19 15 1 16
5 18 15 13 1 2
5 18 19 15 13 1
5 18 13 1 17 2
5 18 19 13 1 17
5 18 24 1 0 2
5 18 15 16 0 2
5 18 15 1 0 2
5 18 15 1 16 0
5 18 19 10 24 17
5 18 19 5 10 17
5 18 19 5 10 24
5 18 9 24 1 17
5 18 19 9 1 17
5 18 19 9 24 17
5 18 19 9 24 1
5 6 19 8 9 1
5 6 23 8 9 1
5 6 23 19 8 9
5 6 19 9 24 1
5 6 19 20 8 1
5 6 23 20 8 1
5 6 12 19 9 24
5 6 12 23 9 24
5 6 12 23 19 9
5 6 23 20 1 25
5 6 19 20 8 25
5 6 23 20 8 25
5 6 23 19 8 25
5 6 18 19 1 16
5 6 18 19 24 16
5 6 18 19 24 1
5 6 12 19 24 16
5 6 20 15 1 25
5 6 19 20 15 25
5 6 19 20 15 1
5 6 18 1 16 0
5 6 18 24 16 0
5 6 18 24 1 0
5 6 14 1 16 0
5 6 23 14 1 0
5 6 14 24 16 0
5 6 23 14 24 0
5 6 19 15 16 25
5 6 19 15 1 16
5 6 23 15 16 25
5 6 23 15 1 25
5 6 12 19 16 25
5 6 12 23 16 25
5 6 12 23 19 25
5 6 12 14 24 16
5 6 12 23 14 16
5 6 12 23 14 24
5 6 15 14 1 16
5 6 23 15 14 16
5 6 23 15 14 1
5 4 12 5 21 25
5 4 12 21 15 25
5 4 12 21 15 7
5 4 12 21 10 7
5 4 12 5 21 10
5 4 21 15 3 25
5 4 5 21 3 25
5 4 21 15 7 3
5 4 12 15 16 25
5 4 12 15 7 16
5 4 5 21 10 3
5 4 12 5 10 24
5 4 12 19 16 25
5 4 12 19 5 16
5 4 15 13 7 16
5 4 12 24 7 16
5 4 12 5 24 16
5 4 19 15 16 25
5 4 19 15 13 25
5 4 19 15 13 16
5 4 12 5 8 25
5 4 12 19 8 25
5 4 12 19 5 8
5 4 18 13 7 16
5 4 18 24 7 16
5 4 18 13 7 2
5 4 19 8 13 25
5 4 18 19 13 16
5 4 18 19 5 13
5 4 19 5 24 16
5 4 18 19 24 16
5 4 18 19 5 24
5 4 8 13 17 25
5 4 5 8 17 25
5 4 19 8 13 17
5 4 19 5 13 17
5 4 19 5 8 17
5 4 13 11 17 25
5 4 5 11 17 25
5 4 5 13 11 25
5 4 5 13 11 17
5 22 4 5 10 24
5 22 18 5 10 24
5 22 4 12 24 7
5 22 4 12 10 7
5 22 4 12 10 24
5 22 4 18 24 7
5 22 4 18 5 24
5 22 4 5 10 3
5 22 12 21 24 7
5 22 12 21 10 7
5 22 12 21 10 24
5 22 4 18 7 2
5 22 4 21 7 3
5 22 4 21 10 3
5 22 4 21 10 7
5 22 18 7 0 2
5 22 18 24 0 2
5 22 18 24 7 0
5 22 18 10 24 17
5 22 18 5 10 17
5 22 21 24 7 3
5 22 21 10 24 3
5 22 4 5 13 2
5 22 4 18 13 2
5 22 4 18 5 13
5 22 7 0 3 2
5 22 24 7 0 3
5 22 18 13 17 2
5 22 18 5 13 17
