213
5 15 23 19 21 12
5 0 15 16 21 12
5 24 0 16 21 25
5 24 0 15 16 21
5 22 10 1 16 2
5 22 24 10 1 16
5 7 23 19 3 2
5 7 23 19 3 12
5 7 19 21 3 2
5 7 0 21 3 2
5 7 0 16 21 12
5 7 23 19 21 2
5 7 23 19 21 12
5 7 15 16 21 12
5 7 15 23 21 12
5 7 15 23 16 12
5 7 15 23 16 21
5 7 0 19 3 12
5 7 0 19 21 12
5 7 0 19 21 3
5 7 0 3 25 12
5 7 0 16 25 12
5 7 10 3 25 2
5 7 0 10 3 2
5 7 0 10 3 25
5 7 10 16 25 2
5 7 0 10 16 25
5 4 0 3 25 12
5 4 0 19 3 12
5 4 0 16 25 12
5 4 0 15 16 12
5 4 0 15 21 12
5 4 24 0 15 21
5 4 24 15 16 25
5 4 24 0 16 25
5 4 24 0 15 16
5 20 24 15 16 21
5 20 22 24 15 16
5 20 15 23 16 21
5 20 22 15 23 16
5 20 22 24 10 16
5 20 7 23 16 21
5 20 7 22 23 16
5 20 22 10 16 2
5 20 7 22 16 2
5 20 7 23 21 2
5 20 7 22 23 2
5 20 7 10 16 2
5 20 22 24 10 1
5 20 22 24 1 18
5 20 17 24 1 18
5 20 17 22 1 18
5 20 22 1 23 2
5 20 17 1 23 2
5 20 17 22 1 23
5 20 22 10 1 2
5 13 4 0 19 3
5 13 10 19 3 2
5 13 0 10 3 25
5 13 4 0 3 25
5 13 17 11 23 19
5 13 10 23 19 2
5 13 17 1 11 23
5 13 17 1 11 18
5 13 10 1 23 2
5 13 17 1 23 2
5 13 24 10 25 18
5 13 24 10 1 18
5 13 17 24 1 18
5 13 20 10 1 2
5 13 20 17 1 2
5 13 0 10 16 25
5 13 24 10 16 25
5 13 20 24 10 1
5 13 20 17 24 1
5 13 20 24 10 16
5 5 4 24 0 25
5 5 13 4 0 25
5 5 13 4 0 11
5 5 13 24 25 18
5 5 13 4 11 19
5 5 4 24 0 21
5 5 13 17 11 18
5 5 13 17 24 18
5 5 4 24 15 21
5 14 17 11 23 19
5 14 11 23 19 18
5 14 20 17 24 21
5 14 5 17 24 18
5 14 5 17 24 21
5 14 1 11 23 18
5 14 17 1 11 18
5 14 17 1 11 23
5 14 20 17 24 18
5 14 20 17 22 18
5 14 20 17 22 23
5 14 22 1 23 18
5 14 17 22 1 18
5 14 17 22 1 23
5 14 20 22 24 18
5 6 5 24 0 21
5 6 5 17 24 21
5 6 24 0 21 25
5 6 20 17 24 21
5 6 13 20 17 24
5 6 5 13 17 24
5 6 14 5 0 21
5 6 14 5 17 21
5 6 0 16 21 25
5 6 13 0 16 25
5 6 24 16 21 25
5 6 13 24 16 25
5 6 5 24 0 25
5 6 5 13 0 25
5 6 5 13 24 25
5 6 13 20 17 2
5 6 20 24 16 21
5 6 13 20 24 16
5 6 5 13 0 11
5 6 5 13 17 11
5 6 14 5 17 11
5 6 13 0 10 16
5 6 19 21 3 2
5 6 0 21 3 2
5 6 0 19 21 3
5 6 23 19 21 2
5 6 17 23 19 21
5 6 7 0 21 2
5 6 7 0 10 2
5 6 13 20 10 2
5 6 0 10 3 2
5 6 13 10 3 2
5 6 13 0 10 3
5 6 20 23 21 2
5 6 20 17 23 2
5 6 20 17 23 21
5 6 13 19 3 2
5 6 13 0 19 3
5 6 13 23 19 2
5 6 13 17 23 2
5 6 13 17 23 19
5 6 13 17 11 19
5 6 13 20 10 16
5 6 14 17 11 19
5 6 5 4 0 11
5 6 14 5 4 11
5 6 14 5 4 0
5 6 7 0 16 21
5 6 7 0 10 16
5 6 20 7 21 2
5 6 20 7 10 2
5 6 13 4 11 19
5 6 13 4 0 19
5 6 13 4 0 11
5 6 20 7 16 21
5 6 20 7 10 16
5 6 14 4 11 19
5 6 14 4 0 19
5 9 14 4 0 19
5 9 0 19 21 12
5 9 4 0 21 12
5 9 4 0 19 12
5 9 6 0 19 21
5 9 6 14 0 21
5 9 6 14 0 19
5 9 5 4 0 21
5 9 14 5 0 21
5 9 14 5 4 0
5 9 15 19 21 12
5 9 4 15 21 12
5 9 6 17 19 21
5 9 6 14 17 21
5 9 6 14 17 19
5 9 15 23 19 21
5 9 5 4 15 21
5 9 17 23 19 21
5 9 14 17 23 19
5 9 20 15 23 21
5 9 14 23 19 18
5 9 5 24 15 21
5 9 14 5 24 21
5 9 20 17 23 21
5 9 14 20 17 21
5 9 14 20 17 23
5 9 20 24 15 21
5 9 14 20 24 21
5 9 20 22 15 23
5 9 14 20 22 23
5 9 22 15 23 18
5 9 14 22 23 18
5 9 20 22 24 15
5 9 14 20 22 24
5 9 22 24 15 18
5 9 14 22 24 18
5 8 5 4 11 19
5 8 14 4 11 19
5 8 14 5 4 11
5 8 14 11 19 18
5 8 5 17 11 18
5 8 14 17 11 18
5 8 14 5 17 18
5 8 14 5 17 11
5 8 9 14 19 18
5 8 9 14 4 19
5 8 9 14 5 4
5 8 5 4 15 18
5 8 9 5 4 15
5 8 14 5 24 18
5 8 9 14 24 18
5 8 9 14 5 24
5 8 5 24 15 18
5 8 9 24 15 18
5 8 9 5 24 15
