214
5 12 11 16 1 0
5 3 12 11 16 0
5 21 12 16 1 0
5 21 3 12 16 0
5 21 12 11 22 0
5 21 3 12 11 0
5 21 3 12 11 22
5 24 3 12 11 22
5 24 3 12 11 16
5 24 21 3 12 16
5 2 21 12 22 1
5 2 21 12 16 1
5 2 21 12 16 22
5 2 20 12 15 1
5 2 12 15 22 14
5 9 11 16 1 0
5 9 12 11 16 1
5 9 20 12 11 1
5 5 2 12 16 1
5 5 2 20 12 1
5 5 2 20 12 15
5 25 21 16 1 0
5 25 9 20 1 0
5 25 5 9 20 1
5 25 5 2 20 1
5 25 9 16 1 0
5 25 5 9 16 1
5 25 2 21 16 1
5 25 5 2 16 1
5 7 21 3 12 22
5 7 24 3 12 22
5 7 24 21 12 22
5 7 24 21 3 12
5 7 8 24 22 14
5 7 21 3 11 22
5 7 24 3 4 14
5 7 8 24 4 14
5 10 24 21 3 16
5 10 7 24 21 3
5 10 7 24 21 22
5 10 7 8 21 22
5 10 7 8 24 22
5 10 25 2 21 16
5 10 2 21 16 22
5 10 8 2 21 22
5 10 21 12 16 22
5 10 24 21 12 22
5 10 24 21 12 16
5 10 24 12 22 14
5 10 2 12 22 14
5 10 2 12 16 14
5 10 2 12 16 22
5 6 9 11 16 0
5 6 24 3 11 16
5 6 9 20 11 0
5 6 24 3 11 14
5 6 25 9 20 0
5 6 25 5 9 20
5 13 25 5 2 15
5 13 5 2 15 16
5 13 25 5 2 16
5 13 5 15 4 14
5 13 10 25 2 16
5 13 10 2 16 14
5 13 6 5 4 14
5 13 25 2 21 4
5 13 10 25 21 4
5 13 10 25 2 21
5 13 2 15 22 14
5 13 10 2 22 14
5 13 2 12 16 14
5 13 2 12 15 14
5 13 2 12 15 16
5 13 8 2 21 4
5 13 10 8 21 4
5 13 10 8 2 21
5 13 8 15 22 14
5 13 8 15 4 14
5 13 8 2 15 22
5 13 8 2 15 4
5 13 10 8 2 22
5 19 9 12 11 16
5 19 6 9 11 16
5 19 24 12 11 16
5 19 6 24 11 16
5 19 9 20 12 11
5 19 6 9 20 11
5 19 24 12 11 14
5 19 6 24 11 14
5 19 20 12 11 14
5 19 6 20 11 14
5 19 10 12 16 14
5 19 10 24 12 14
5 19 10 24 12 16
5 19 13 12 16 14
5 19 9 12 16 1
5 19 5 12 16 1
5 19 5 9 16 1
5 19 13 6 5 14
5 19 6 5 20 14
5 19 6 5 9 20
5 19 25 5 9 16
5 19 6 25 5 9
5 19 13 6 4 14
5 19 13 12 15 14
5 19 13 5 15 14
5 19 13 12 15 16
5 19 13 5 15 16
5 19 20 12 15 14
5 19 5 20 15 14
5 19 5 20 12 15
5 19 9 20 12 1
5 19 5 20 12 1
5 19 5 9 20 1
5 19 13 6 5 4
5 19 2 12 15 16
5 19 5 2 15 16
5 19 5 2 12 16
5 19 5 2 12 15
5 19 6 24 3 16
5 23 21 3 16 0
5 23 25 21 16 0
5 23 3 11 16 0
5 23 6 11 16 0
5 23 6 3 11 0
5 23 6 3 11 16
5 23 25 9 16 0
5 23 6 9 16 0
5 23 6 25 9 0
5 23 10 21 3 16
5 23 10 25 21 16
5 23 19 25 9 16
5 23 19 6 9 16
5 23 19 6 25 9
5 23 19 25 5 16
5 23 19 6 25 5
5 18 23 25 5 4
5 18 13 25 5 4
5 18 13 25 5 16
5 18 19 13 5 4
5 18 19 13 5 16
5 18 13 10 25 4
5 18 13 10 25 16
5 18 19 6 5 4
5 18 23 6 5 4
5 18 23 19 6 5
5 18 19 13 4 14
5 18 13 10 16 14
5 18 19 10 16 14
5 18 19 13 16 14
5 18 19 10 24 16
5 18 13 8 4 14
5 18 13 10 8 4
5 18 19 10 24 14
5 18 6 3 4 14
5 18 6 24 3 14
5 18 19 6 4 14
5 18 19 6 24 14
5 18 8 24 4 14
5 18 13 8 22 14
5 18 13 10 22 14
5 18 13 10 8 22
5 18 8 24 22 14
5 18 10 24 22 14
5 18 10 8 24 22
5 17 23 25 5 16
5 17 18 25 5 16
5 17 18 23 25 5
5 17 23 19 5 16
5 17 18 19 5 16
5 17 18 23 19 5
5 17 23 10 25 16
5 17 18 10 25 16
5 17 23 10 3 16
5 17 23 10 25 21
5 17 19 6 3 16
5 17 23 6 3 16
5 17 23 19 6 16
5 17 19 24 3 16
5 17 18 19 24 16
5 17 18 23 19 6
5 17 10 24 3 16
5 17 18 10 24 16
5 17 10 25 21 4
5 17 18 10 25 4
5 17 23 25 21 4
5 17 18 23 25 4
5 17 19 6 24 3
5 17 18 6 24 3
5 17 18 19 6 24
5 17 23 6 3 4
5 17 18 6 3 4
5 17 18 23 6 4
5 17 10 7 24 3
5 17 23 7 8 3
5 17 23 8 3 4
5 17 10 8 21 4
5 17 18 10 8 4
5 17 23 8 21 4
5 17 10 7 8 21
5 17 23 7 8 21
5 17 7 24 3 4
5 17 10 7 8 24
5 17 18 10 8 24
5 17 10 7 21 3
5 17 23 7 21 3
5 17 23 10 21 3
5 17 7 8 3 4
5 17 24 3 4 14
5 17 18 3 4 14
5 17 18 24 4 14
5 17 18 24 3 14
5 17 7 8 24 4
5 17 18 8 24 4
