337
5 1 32 10 4 6
5 30 1 10 4 22
5 30 1 32 10 4
5 0 10 4 11 6
5 0 1 10 11 6
5 0 1 10 4 6
5 0 1 10 4 22
5 29 10 28 11 6
5 29 1 10 11 6
5 29 1 10 28 6
5 29 15 1 28 6
5 29 0 1 10 11
5 3 29 15 28 6
5 3 29 15 18 6
5 3 17 32 4 6
5 3 17 32 21 4
5 3 30 32 21 4
5 14 10 28 11 6
5 14 10 4 11 6
5 14 32 10 28 6
5 14 32 10 4 6
5 14 17 32 4 6
5 14 0 10 4 11
5 27 30 32 21 4
5 27 30 10 4 22
5 27 30 32 10 4
5 27 0 10 4 22
5 25 3 30 32 21
5 25 27 30 32 21
5 19 27 0 32 10
5 19 27 30 32 10
5 19 27 0 10 22
5 19 0 1 10 22
5 19 29 15 0 1
5 19 27 30 10 22
5 19 15 0 1 22
5 19 25 27 30 32
5 19 25 27 7 32
5 19 3 15 1 22
5 19 25 15 18 22
5 23 19 29 15 28
5 23 29 28 11 6
5 23 3 29 18 6
5 23 14 28 11 6
5 23 14 17 28 6
5 13 15 1 28 6
5 13 3 15 28 6
5 13 3 15 1 6
5 13 32 10 28 6
5 13 1 10 28 6
5 13 1 32 10 6
5 13 29 15 1 28
5 13 19 29 15 28
5 13 19 29 15 1
5 13 29 1 10 28
5 13 19 29 10 28
5 13 19 32 10 28
5 13 19 30 32 10
5 13 29 0 1 10
5 13 19 0 1 10
5 13 19 29 0 10
5 13 19 29 0 1
5 13 30 1 10 22
5 13 19 1 10 22
5 13 19 30 10 22
5 20 17 32 21 4
5 20 14 17 32 4
5 20 25 7 32 21
5 8 23 29 15 18
5 8 23 29 18 11
5 5 25 3 30 32
5 5 8 25 7 21
5 5 3 17 32 21
5 5 25 3 32 21
5 5 8 20 7 21
5 5 20 17 32 21
5 5 20 25 32 21
5 5 8 23 17 21
5 5 8 20 17 21
5 5 8 20 23 17
5 12 23 14 11 6
5 12 23 14 17 6
5 12 20 14 17 4
5 12 8 20 23 17
5 12 23 14 28 11
5 12 8 23 29 11
5 12 23 29 28 11
5 12 20 14 17 32
5 12 5 20 23 17
5 12 23 14 17 28
5 31 30 1 32 10
5 31 13 1 32 10
5 31 13 30 32 10
5 31 13 30 1 10
5 31 13 1 32 6
5 31 1 32 4 6
5 31 30 1 32 4
5 31 13 3 32 6
5 31 13 3 1 6
5 31 3 32 4 6
5 31 3 30 32 4
5 31 13 19 30 32
5 31 13 30 1 22
5 31 30 1 4 22
5 31 5 3 30 32
5 31 13 19 30 22
5 31 19 3 1 22
5 31 13 19 1 22
5 31 13 19 3 1
5 31 5 25 3 30
5 31 5 19 25 30
5 31 5 19 25 3
5 31 19 27 30 22
5 31 25 27 3 30
5 31 19 25 27 30
5 16 8 23 15 18
5 16 19 15 7 18
5 16 8 15 7 18
5 16 3 15 18 22
5 16 19 15 18 22
5 16 19 3 15 22
5 16 3 29 15 18
5 16 23 29 15 18
5 16 23 3 29 18
5 16 23 19 15 28
5 16 5 8 23 21
5 16 19 25 18 22
5 16 3 29 15 28
5 16 23 29 15 28
5 16 5 19 25 3
5 16 13 3 15 28
5 16 13 19 15 28
5 16 19 25 7 18
5 16 8 25 7 18
5 16 5 8 25 7
5 16 8 23 17 21
5 16 8 25 18 21
5 16 5 8 25 21
5 16 25 27 3 22
5 16 19 25 27 22
5 16 3 29 28 6
5 16 23 29 28 6
5 16 23 3 28 6
5 16 23 3 29 6
5 16 5 25 3 21
5 16 5 23 17 21
5 16 5 23 3 17
5 16 19 3 15 1
5 16 13 3 15 1
5 16 13 19 15 1
5 16 13 19 3 1
5 16 31 27 3 22
5 16 31 19 3 22
5 16 31 19 27 22
5 16 31 25 27 3
5 16 31 19 25 3
5 16 31 19 25 27
5 24 12 8 23 29
5 24 8 19 29 7
5 24 12 23 29 28
5 24 12 8 20 7
5 24 12 8 20 23
5 24 23 19 29 28
5 24 23 19 29 15
5 24 8 19 29 15
5 24 8 23 29 15
5 24 5 8 20 7
5 24 5 8 20 23
5 24 12 5 20 23
5 24 8 19 15 7
5 24 16 19 15 7
5 24 16 8 15 7
5 24 16 5 8 7
5 24 16 5 8 23
5 24 16 23 19 15
5 24 16 8 23 15
5 24 12 5 23 17
5 24 12 5 20 17
5 24 16 23 19 28
5 24 16 19 25 7
5 24 16 5 25 7
5 24 16 5 19 25
5 24 5 20 17 32
5 24 12 20 17 32
5 24 12 20 7 32
5 24 19 25 7 32
5 24 20 25 7 32
5 24 5 20 25 32
5 24 19 25 30 32
5 24 5 25 30 32
5 24 5 19 25 30
5 24 20 25 7 21
5 24 5 25 7 21
5 24 5 20 7 21
5 24 5 20 25 21
5 24 31 19 30 32
5 24 31 5 30 32
5 24 31 5 19 32
5 24 31 5 19 30
5 2 12 20 21 4
5 2 12 20 14 4
5 2 20 32 21 4
5 2 20 14 32 4
5 2 12 20 14 32
5 2 14 0 4 11
5 2 12 14 4 11
5 2 20 7 32 21
5 2 12 20 7 32
5 2 24 12 7 32
5 2 24 12 14 32
5 2 27 32 21 4
5 2 14 32 10 4
5 2 14 0 10 4
5 2 29 0 10 11
5 2 14 0 10 11
5 2 12 29 28 11
5 2 12 14 28 11
5 2 27 0 4 22
5 2 27 32 10 4
5 2 27 0 10 4
5 2 27 0 32 10
5 2 25 7 32 21
5 2 25 27 32 21
5 2 29 10 28 11
5 2 14 10 28 11
5 2 24 12 29 28
5 2 24 12 14 28
5 2 14 32 10 28
5 2 24 14 32 28
5 9 24 16 23 28
5 9 24 16 5 23
5 9 16 23 3 28
5 9 16 5 23 3
5 9 24 5 23 17
5 9 24 16 19 28
5 9 24 16 5 19
5 9 5 23 3 17
5 9 16 13 3 28
5 9 12 23 17 28
5 9 24 12 23 28
5 9 24 12 23 17
5 9 24 5 17 32
5 9 16 13 19 28
5 9 23 17 28 6
5 9 23 3 28 6
5 9 23 3 17 6
5 9 5 3 17 32
5 9 16 13 19 3
5 9 16 5 19 3
5 9 12 14 17 28
5 9 24 12 14 28
5 9 24 14 32 28
5 9 13 19 32 28
5 9 24 19 32 28
5 9 24 5 19 32
5 9 13 3 28 6
5 9 12 14 17 32
5 9 24 12 17 32
5 9 24 12 14 32
5 9 14 32 28 6
5 9 14 17 28 6
5 9 14 17 32 6
5 9 13 32 28 6
5 9 3 17 32 6
5 9 13 3 32 6
5 9 31 13 3 32
5 9 31 13 19 32
5 9 31 13 19 3
5 9 31 5 3 32
5 9 31 5 19 32
5 9 31 5 19 3
5 26 2 0 4 22
5 26 27 21 4 22
5 26 2 27 4 22
5 26 2 27 21 4
5 26 25 27 21 22
5 26 2 25 27 21
5 26 15 0 18 22
5 26 25 15 18 22
5 26 8 25 18 21
5 26 19 25 27 22
5 26 19 25 27 7
5 26 25 27 7 32
5 26 2 25 7 32
5 26 2 25 27 32
5 26 19 15 0 22
5 26 19 25 15 22
5 26 19 27 0 22
5 26 2 27 0 22
5 26 8 25 7 21
5 26 2 25 7 21
5 26 8 25 7 18
5 26 29 15 0 18
5 26 19 27 7 32
5 26 19 15 7 18
5 26 19 25 7 18
5 26 19 25 15 18
5 26 19 27 0 32
5 26 2 27 0 32
5 26 19 29 15 0
5 26 8 15 7 18
5 26 8 20 7 21
5 26 2 20 7 21
5 26 29 0 18 11
5 26 2 29 0 11
5 26 8 29 15 18
5 26 24 19 7 32
5 26 2 24 7 32
5 26 19 0 32 10
5 26 2 0 32 10
5 26 8 19 15 7
5 26 8 19 29 7
5 26 8 19 29 15
5 26 24 19 29 7
5 26 19 29 0 10
5 26 2 29 0 10
5 26 12 8 20 21
5 26 2 12 20 21
5 26 12 8 20 7
5 26 2 12 20 7
5 26 8 29 18 11
5 26 24 19 32 28
5 26 2 24 32 28
5 26 19 32 10 28
5 26 2 32 10 28
5 26 24 8 29 7
5 26 24 19 29 28
5 26 2 24 29 28
5 26 19 29 10 28
5 26 2 29 10 28
5 26 24 12 8 7
5 26 2 24 12 7
5 26 12 8 29 11
5 26 2 12 29 11
5 26 2 12 8 11
5 26 24 12 8 29
5 26 2 24 12 29
