244
5 21 6 1 18 19
5 21 7 1 18 19
5 21 7 6 18 19
5 21 7 6 1 18
5 21 14 6 1 19
5 4 21 14 6 1
5 12 21 7 6 25
5 12 0 7 20 18
5 16 21 7 6 19
5 16 21 14 6 19
5 16 7 6 18 19
5 16 12 21 7 6
5 16 12 7 18 19
5 16 12 0 7 18
5 8 4 21 1 25
5 8 7 20 1 25
5 8 21 7 1 25
5 8 4 21 6 1
5 10 4 14 6 1
5 10 8 4 6 1
5 10 7 6 1 18
5 10 7 20 1 18
5 10 6 1 18 19
5 10 14 6 1 19
5 10 8 7 20 1
5 10 21 7 6 1
5 10 8 21 6 1
5 10 8 21 7 1
5 10 8 4 21 6
5 10 21 7 6 25
5 10 8 7 20 25
5 10 8 21 7 25
5 11 20 3 1 23
5 11 8 20 3 1
5 11 8 4 3 1
5 11 8 4 20 3
5 11 10 8 20 1
5 11 10 8 4 1
5 11 10 8 4 20
5 11 4 3 1 19
5 11 4 14 1 19
5 11 4 14 3 19
5 13 11 4 14 3
5 13 4 21 14 25
5 13 4 21 14 6
5 22 16 21 7 19
5 22 16 12 21 7
5 22 13 21 14 25
5 22 13 12 21 25
5 22 4 14 3 19
5 22 13 12 3 25
5 22 13 4 14 25
5 22 13 4 14 3
5 2 10 4 14 1
5 2 11 4 14 1
5 2 11 10 4 1
5 2 11 10 4 14
5 2 10 14 1 19
5 2 11 14 1 19
5 2 10 1 18 19
5 2 0 1 18 19
5 2 10 20 1 18
5 2 11 10 20 1
5 2 0 20 1 18
5 2 10 0 20 18
5 2 0 20 1 23
5 2 11 20 1 23
5 17 12 3 25 23
5 17 13 12 3 25
5 17 20 3 25 23
5 17 22 13 12 3
5 17 11 20 3 23
5 17 13 11 3 23
5 17 13 4 3 25
5 17 11 4 20 3
5 17 13 11 4 3
5 17 8 20 3 25
5 17 8 4 3 25
5 17 8 4 20 3
5 17 13 8 4 25
5 17 12 7 20 25
5 17 2 11 20 23
5 17 2 0 20 23
5 17 12 0 7 20
5 17 16 12 0 7
5 17 0 7 20 18
5 17 16 0 7 18
5 15 12 21 6 25
5 15 13 21 6 25
5 15 13 12 21 25
5 15 17 12 6 25
5 15 17 13 12 25
5 15 16 12 21 6
5 15 16 21 14 6
5 15 13 21 14 6
5 15 22 16 12 21
5 15 22 13 12 21
5 15 16 12 7 6
5 15 17 12 7 6
5 15 17 16 12 7
5 15 17 22 13 12
5 15 22 16 21 14
5 15 22 13 21 14
5 15 17 16 7 18
5 15 16 6 18 19
5 15 16 14 6 19
5 15 17 16 0 18
5 5 16 21 14 19
5 5 22 21 14 19
5 5 22 16 21 19
5 5 22 16 21 14
5 5 15 16 14 19
5 5 15 22 16 14
5 5 15 16 0 18
5 5 15 17 16 0
5 5 22 14 3 19
5 5 12 0 18 19
5 5 16 12 18 19
5 5 16 12 0 18
5 5 12 0 3 19
5 5 16 12 7 19
5 5 22 12 7 19
5 5 22 16 7 19
5 5 22 16 12 7
5 5 17 16 12 0
5 5 0 3 19 23
5 5 15 22 16 12
5 5 15 17 16 12
5 5 15 17 22 12
5 5 15 17 22 13
5 5 12 0 3 23
5 5 17 12 0 23
5 5 17 22 13 3
5 5 17 12 3 23
5 5 17 22 12 3
5 24 2 11 10 20
5 24 17 2 11 20
5 24 11 10 4 20
5 24 17 11 4 20
5 24 2 10 0 20
5 24 17 2 0 20
5 24 10 8 4 20
5 24 17 8 4 20
5 24 17 13 11 4
5 24 10 0 20 18
5 24 17 0 20 18
5 24 15 17 2 0
5 24 10 8 20 25
5 24 17 8 20 25
5 24 17 13 8 4
5 24 11 10 4 14
5 24 13 11 4 14
5 24 10 7 20 18
5 24 17 7 20 18
5 24 15 17 0 18
5 24 2 10 0 18
5 24 15 2 0 18
5 24 10 7 20 25
5 24 17 7 20 25
5 24 17 13 8 25
5 24 13 8 4 25
5 24 10 4 14 6
5 24 13 4 14 6
5 24 15 17 7 18
5 24 15 13 14 6
5 24 15 17 7 6
5 24 15 13 6 25
5 24 15 17 6 25
5 24 15 17 13 25
5 24 10 7 6 25
5 24 8 4 21 25
5 24 10 8 21 25
5 24 10 8 4 21
5 24 13 4 21 25
5 24 10 4 21 6
5 24 13 4 21 6
5 24 10 7 6 18
5 24 10 21 6 25
5 24 13 21 6 25
5 24 12 7 6 25
5 24 17 12 6 25
5 24 17 12 7 25
5 24 17 12 7 6
5 24 16 7 6 18
5 24 15 16 6 18
5 24 15 16 7 18
5 24 15 16 7 6
5 9 10 14 6 19
5 9 2 10 14 19
5 9 24 10 14 6
5 9 24 15 14 6
5 9 10 6 18 19
5 9 2 10 18 19
5 9 24 10 6 18
5 9 24 15 6 18
5 9 15 6 18 19
5 9 15 14 6 19
5 9 24 2 10 18
5 9 24 15 2 18
5 9 2 11 10 14
5 9 24 11 10 14
5 9 24 2 11 10
5 9 2 0 18 19
5 9 15 2 0 18
5 9 5 15 14 19
5 9 24 13 11 14
5 9 24 15 13 14
5 9 24 17 2 11
5 9 24 15 17 2
5 9 5 0 18 19
5 9 5 15 0 18
5 9 2 11 14 19
5 9 24 17 13 11
5 9 24 15 17 13
5 9 15 16 18 19
5 9 5 16 18 19
5 9 5 15 16 19
5 9 5 15 16 18
5 9 2 0 19 23
5 9 5 0 19 23
5 9 15 17 2 0
5 9 5 15 17 0
5 9 11 14 3 19
5 9 5 14 3 19
5 9 2 11 3 19
5 9 15 22 13 14
5 9 5 15 22 14
5 9 5 15 22 13
5 9 5 15 17 13
5 9 13 11 14 3
5 9 17 13 11 23
5 9 17 2 11 23
5 9 2 3 19 23
5 9 5 3 19 23
5 9 17 2 0 23
5 9 5 17 0 23
5 9 2 11 3 23
5 9 22 13 14 3
5 9 5 22 14 3
5 9 5 22 13 3
5 9 13 11 3 23
5 9 17 13 3 23
5 9 5 17 3 23
5 9 5 17 13 3
