329
5 0 5 7 3 29
5 17 16 28 9 13
5 18 17 21 16 9
5 18 0 21 24 3
5 18 21 16 28 9
5 18 21 16 28 3
5 23 30 25 7 29
5 14 18 21 24 9
5 14 8 30 21 9
5 14 8 30 21 24
5 26 0 5 7 29
5 26 8 30 7 29
5 26 8 30 21 29
5 26 8 30 21 24
5 26 14 30 21 29
5 26 14 30 21 24
5 2 0 21 24 3
5 2 26 8 7 29
5 2 0 5 7 3
5 2 26 0 7 29
5 31 23 12 5 3
5 31 12 28 3 13
5 31 16 28 3 13
5 31 18 16 28 3
5 31 18 21 16 3
5 31 23 17 25 13
5 20 14 30 25 9
5 20 14 8 30 9
5 20 23 17 25 13
5 20 17 21 25 9
5 20 14 21 25 9
5 20 31 23 17 25
5 20 17 28 9 13
5 20 18 17 21 9
5 20 14 18 21 9
5 20 14 18 17 9
5 20 18 17 21 25
5 19 20 23 30 7
5 19 20 14 8 30
5 19 20 14 23 30
5 19 20 14 8 9
5 19 20 28 9 13
5 19 20 17 28 13
5 19 20 23 17 13
5 19 31 23 12 13
5 4 26 30 7 29
5 4 26 8 30 7
5 4 14 8 30 24
5 4 26 8 30 24
5 4 26 14 30 24
5 4 2 26 0 7
5 4 2 26 8 7
5 4 19 2 12 28
5 4 2 8 9 7
5 4 19 8 9 7
5 4 19 2 9 7
5 4 2 0 24 3
5 4 19 2 28 9
5 6 26 0 5 29
5 6 23 30 25 29
5 6 14 30 25 29
5 6 20 23 30 25
5 6 20 14 30 25
5 15 4 8 30 7
5 15 19 23 30 7
5 15 19 14 23 30
5 15 19 8 30 7
5 15 19 14 8 30
5 15 4 19 8 7
5 15 4 19 14 8
5 15 23 5 7 3
5 15 23 12 5 3
5 15 19 23 12 3
5 15 4 2 12 5
5 15 4 19 2 7
5 15 4 19 2 12
5 15 2 5 7 3
5 15 2 12 7 3
5 15 2 12 5 3
5 15 2 0 5 7
5 15 4 0 5 7
5 15 4 2 0 7
5 15 4 2 0 5
5 22 4 2 8 9
5 22 4 2 28 9
5 22 4 2 26 8
5 22 26 8 21 29
5 22 2 26 8 29
5 22 14 21 24 9
5 22 14 8 21 9
5 22 14 8 21 24
5 22 4 14 8 9
5 22 4 14 8 24
5 22 26 8 21 24
5 22 4 26 8 24
5 22 2 26 0 21
5 22 4 2 26 0
5 22 18 21 24 9
5 22 18 21 28 9
5 22 26 0 21 24
5 22 4 26 0 24
5 22 2 0 21 24
5 22 4 2 0 24
5 22 18 21 24 3
5 22 2 21 24 3
5 27 26 14 30 29
5 27 4 26 30 29
5 27 4 26 14 30
5 27 4 26 14 24
5 27 6 26 14 24
5 27 15 4 5 7
5 27 4 26 0 24
5 27 15 4 30 7
5 27 4 14 8 30
5 27 15 14 8 30
5 27 15 4 8 30
5 27 15 4 14 8
5 27 26 0 5 7
5 27 4 0 5 7
5 27 4 26 0 7
5 27 20 14 23 25
5 1 20 18 21 25
5 1 20 14 21 25
5 1 20 14 18 21
5 1 6 14 25 29
5 1 27 6 14 25
5 1 14 18 21 24
5 1 27 20 18 25
5 1 27 20 14 25
5 1 27 20 14 18
5 1 31 18 21 16
5 1 14 21 25 9
5 1 26 14 21 29
5 1 6 26 14 29
5 1 27 14 18 24
5 1 27 6 14 24
5 1 26 14 21 24
5 1 6 26 14 24
5 1 18 17 21 25
5 1 18 17 21 16
5 1 31 17 16 25
5 1 31 18 17 16
5 1 27 6 5 25
5 1 18 0 21 3
5 1 31 18 21 3
5 1 30 25 9 29
5 1 14 30 25 29
5 1 14 30 25 9
5 1 30 21 9 29
5 1 14 30 21 29
5 1 14 30 21 9
5 1 6 26 0 29
5 1 18 0 21 24
5 1 27 18 0 24
5 1 26 0 21 24
5 1 27 6 0 5
5 1 27 26 0 24
5 1 27 6 26 24
5 1 27 6 26 0
5 11 22 4 2 24
5 11 22 4 2 28
5 11 4 2 12 28
5 11 22 4 28 9
5 11 4 12 24 3
5 11 4 2 24 3
5 11 4 2 12 3
5 11 22 18 24 9
5 11 22 18 28 9
5 11 22 18 24 3
5 11 22 2 24 3
5 11 22 2 28 3
5 11 22 14 24 9
5 11 22 4 14 9
5 11 22 4 14 24
5 11 2 12 28 3
5 11 14 18 24 9
5 11 18 21 28 3
5 11 22 21 28 3
5 11 22 18 21 3
5 11 22 18 21 28
5 11 4 19 28 9
5 11 31 12 28 3
5 11 31 18 28 3
5 11 31 18 12 3
5 11 4 19 12 28
5 11 14 18 17 9
5 11 19 20 28 9
5 11 19 20 14 9
5 11 19 14 8 9
5 11 4 14 8 9
5 11 4 19 8 9
5 11 4 19 14 8
5 11 31 12 28 13
5 11 17 16 28 9
5 11 18 16 28 9
5 11 18 17 16 9
5 11 20 17 28 9
5 11 20 14 17 9
5 11 19 20 17 28
5 11 31 16 28 13
5 11 31 18 16 13
5 11 31 18 16 28
5 11 17 16 28 13
5 11 19 17 28 13
5 11 20 14 23 17
5 11 19 20 23 17
5 11 19 20 14 23
5 11 19 23 17 13
5 32 6 26 14 29
5 32 27 26 14 29
5 32 27 6 26 14
5 32 6 14 30 29
5 32 27 14 30 29
5 32 6 26 5 29
5 32 26 5 7 29
5 32 27 26 5 7
5 32 6 26 0 5
5 32 27 26 0 5
5 32 27 6 0 5
5 32 27 6 26 0
5 32 6 23 30 29
5 32 27 15 30 7
5 32 20 14 23 30
5 32 6 20 23 30
5 32 6 20 14 30
5 32 15 14 23 30
5 32 27 15 14 30
5 32 27 15 14 23
5 32 27 14 23 25
5 32 27 6 14 25
5 32 27 15 5 7
5 32 4 26 7 29
5 32 27 4 26 29
5 32 27 4 26 7
5 32 6 23 5 29
5 32 27 15 23 5
5 32 23 30 7 29
5 32 15 23 30 7
5 32 4 30 7 29
5 32 27 4 30 29
5 32 27 4 30 7
5 32 20 14 23 25
5 32 6 20 23 25
5 32 6 20 14 25
5 32 6 23 5 25
5 32 27 23 5 25
5 32 27 6 5 25
5 32 23 5 7 29
5 32 15 23 5 7
5 10 15 4 12 5
5 10 27 15 4 5
5 10 27 4 0 5
5 10 15 23 12 5
5 10 27 15 23 5
5 10 15 4 19 12
5 10 4 2 0 5
5 10 4 2 12 5
5 10 31 23 12 5
5 10 15 19 23 12
5 10 11 4 19 12
5 10 15 4 19 14
5 10 27 15 4 14
5 10 2 0 5 3
5 10 2 12 5 3
5 10 4 2 0 3
5 10 4 2 12 3
5 10 31 12 5 3
5 10 4 0 24 3
5 10 27 4 0 24
5 10 4 12 24 3
5 10 31 23 5 25
5 10 27 23 5 25
5 10 15 19 14 23
5 10 27 15 14 23
5 10 11 4 12 24
5 10 11 4 19 14
5 10 1 0 5 3
5 10 1 31 5 3
5 10 1 27 0 5
5 10 31 18 12 3
5 10 18 0 24 3
5 10 27 18 0 24
5 10 1 31 5 25
5 10 1 27 5 25
5 10 20 31 23 25
5 10 27 20 23 25
5 10 31 23 12 13
5 10 11 31 12 13
5 10 11 31 18 12
5 10 19 23 12 13
5 10 11 19 23 13
5 10 11 19 14 23
5 10 27 4 14 24
5 10 11 4 14 24
5 10 1 18 0 3
5 10 1 31 18 3
5 10 1 27 18 0
5 10 11 12 24 3
5 10 11 18 24 3
5 10 11 18 12 3
5 10 1 27 18 25
5 10 20 31 17 25
5 10 20 31 23 17
5 10 11 31 18 13
5 10 19 12 28 13
5 10 11 12 28 13
5 10 11 19 28 13
5 10 11 19 12 28
5 10 11 14 23 17
5 10 27 14 18 24
5 10 11 14 18 24
5 10 1 18 17 25
5 10 1 31 17 25
5 10 1 31 18 17
5 10 20 18 17 25
5 10 27 20 18 25
5 10 20 14 23 17
5 10 27 20 14 23
5 10 31 18 16 13
5 10 11 18 16 13
5 10 31 17 16 13
5 10 31 23 17 13
5 10 11 17 16 13
5 10 11 23 17 13
5 10 11 14 18 17
5 10 31 18 17 16
5 10 20 14 18 17
5 10 27 20 14 18
5 10 11 18 17 16
