330
5 21 8 25 0 32
5 21 8 0 6 5
5 18 19 16 25 1
5 18 19 21 25 32
5 2 27 24 1 26
5 2 27 0 24 1
5 2 8 0 11 24
5 2 8 0 5 11
5 10 18 16 15 1
5 10 18 16 25 1
5 10 18 19 16 15
5 10 18 19 16 25
5 30 27 15 1 26
5 30 10 15 1 26
5 30 18 25 11 32
5 30 8 24 32 26
5 30 8 11 24 26
5 30 8 0 24 32
5 30 8 0 11 24
5 30 8 25 11 32
5 30 8 25 0 32
5 30 8 25 0 11
5 12 8 0 6 5
5 12 2 8 0 24
5 22 18 19 21 25
5 22 21 8 6 5
5 22 21 25 0 5
5 22 18 25 11 32
5 22 18 21 25 32
5 22 8 0 5 11
5 22 21 8 0 5
5 22 8 25 0 11
5 22 21 8 25 0
5 22 8 25 11 32
5 22 21 8 25 32
5 28 10 16 25 1
5 28 30 10 25 1
5 28 16 27 15 1
5 28 10 16 15 1
5 28 30 27 1 26
5 28 30 25 0 11
5 28 22 0 5 11
5 28 22 25 0 11
5 28 2 0 5 11
5 28 30 27 24 26
5 28 2 27 0 24
5 28 2 0 11 24
5 28 30 0 11 24
5 14 8 11 24 26
5 14 2 8 11 24
5 14 12 2 8 24
5 14 12 2 27 5
5 14 2 8 5 11
5 14 22 8 5 11
5 14 12 8 6 5
5 14 22 8 6 5
5 14 28 2 5 11
5 14 28 2 27 11
5 14 28 2 27 5
5 14 2 8 0 5
5 14 12 8 0 5
5 14 12 2 0 5
5 14 12 2 8 0
5 14 28 22 5 11
5 13 12 0 6 5
5 13 12 2 0 5
5 13 2 0 24 1
5 13 12 2 0 24
5 13 27 0 5 1
5 13 2 27 0 1
5 13 2 27 0 5
5 13 12 2 27 5
5 13 2 24 1 26
5 13 12 2 24 26
5 13 2 27 1 26
5 13 12 2 27 26
5 13 27 15 1 26
5 9 10 19 16 15
5 9 10 19 16 25
5 9 28 22 25 11
5 9 19 16 15 3
5 9 19 21 6 3
5 9 22 19 21 6
5 9 19 16 1 3
5 9 19 16 25 1
5 9 19 21 5 3
5 9 19 21 25 5
5 9 22 21 25 5
5 9 22 19 21 25
5 9 21 6 5 3
5 9 22 21 6 5
5 9 13 5 1 3
5 9 13 16 1 3
5 9 13 27 5 1
5 9 13 16 27 1
5 9 13 12 27 5
5 9 13 6 5 3
5 9 13 12 6 3
5 9 13 12 6 5
5 29 28 2 27 11
5 29 30 10 25 11
5 29 28 30 25 11
5 29 28 30 10 25
5 29 30 27 15 26
5 29 30 10 15 26
5 29 28 16 27 15
5 29 28 10 16 15
5 29 28 2 11 24
5 29 28 30 11 24
5 29 28 2 27 24
5 29 28 30 27 24
5 29 9 28 25 11
5 29 30 27 15 1
5 29 28 27 15 1
5 29 28 30 27 1
5 29 30 10 15 1
5 29 28 10 15 1
5 29 28 30 10 1
5 29 30 11 24 26
5 29 14 11 24 26
5 29 30 27 24 26
5 29 9 28 16 27
5 29 9 10 16 15
5 29 14 2 11 24
5 29 14 2 27 11
5 29 28 10 16 25
5 29 9 10 16 25
5 29 9 28 16 25
5 17 10 15 32 26
5 17 30 8 11 26
5 17 10 18 15 32
5 17 30 8 32 26
5 17 30 10 32 26
5 17 30 8 11 32
5 17 10 18 19 15
5 17 22 8 11 32
5 17 30 18 11 32
5 17 30 10 18 32
5 17 22 18 11 32
5 17 30 18 25 11
5 17 30 10 25 11
5 17 30 10 18 25
5 17 22 18 21 32
5 17 22 18 19 21
5 17 22 18 25 11
5 17 10 18 19 25
5 17 22 18 19 25
5 4 28 16 25 1
5 4 9 16 25 1
5 4 9 28 16 25
5 4 9 25 5 1
5 4 28 16 27 1
5 4 9 16 27 1
5 4 9 28 16 27
5 4 9 27 5 1
5 4 9 28 27 5
5 4 9 22 25 5
5 4 9 28 22 5
5 4 9 28 22 25
5 4 27 0 5 1
5 4 28 30 25 1
5 4 28 30 25 0
5 4 22 25 0 5
5 4 28 22 0 5
5 4 28 22 25 0
5 4 27 0 24 1
5 4 28 27 0 24
5 4 2 27 0 5
5 4 28 2 0 5
5 4 28 2 27 5
5 4 28 2 27 0
5 4 28 30 1 26
5 4 0 24 1 26
5 4 27 24 1 26
5 4 28 27 1 26
5 4 28 27 24 26
5 4 30 0 24 26
5 4 28 30 24 26
5 4 28 30 0 24
5 31 17 10 15 26
5 31 29 10 15 26
5 31 29 27 15 26
5 31 29 30 10 26
5 31 17 30 10 26
5 31 29 14 11 26
5 31 29 27 24 26
5 31 29 14 24 26
5 31 14 8 11 26
5 31 17 8 11 26
5 31 17 14 8 11
5 31 29 30 11 26
5 31 17 30 11 26
5 31 29 30 10 11
5 31 17 30 10 11
5 31 12 2 27 26
5 31 14 12 2 27
5 31 2 27 24 26
5 31 29 2 27 24
5 31 29 14 2 24
5 31 29 14 2 27
5 31 29 16 27 15
5 31 12 2 24 26
5 31 14 12 24 26
5 31 14 12 2 24
5 7 17 8 32 26
5 7 31 17 8 26
5 7 17 22 8 32
5 7 18 19 15 32
5 7 17 18 15 32
5 7 17 18 19 15
5 7 31 14 8 26
5 7 31 17 14 8
5 7 22 21 8 32
5 7 22 21 8 6
5 7 17 22 21 32
5 7 18 19 21 32
5 7 17 18 21 32
5 7 17 18 19 21
5 7 22 19 21 6
5 7 17 22 19 21
5 7 14 8 24 26
5 7 14 12 24 26
5 7 14 12 8 24
5 7 14 12 8 6
5 23 7 17 19 15
5 23 31 17 10 15
5 23 7 19 6 3
5 23 7 22 19 6
5 23 7 17 22 19
5 23 7 14 12 6
5 23 31 17 14 11
5 23 7 31 17 14
5 23 9 19 6 3
5 23 9 10 19 15
5 23 17 10 19 15
5 23 9 22 19 6
5 23 9 12 6 3
5 23 29 9 10 15
5 23 31 29 10 15
5 23 31 17 10 11
5 23 7 22 8 6
5 23 17 22 8 11
5 23 7 17 22 8
5 23 7 14 8 6
5 23 17 14 8 11
5 23 7 17 14 8
5 23 29 9 16 15
5 23 31 29 16 15
5 23 29 9 10 25
5 23 14 22 6 5
5 23 9 22 6 5
5 23 14 12 6 5
5 23 9 12 6 5
5 23 31 14 12 27
5 23 14 22 8 11
5 23 14 22 8 6
5 23 17 10 25 11
5 23 17 22 25 11
5 23 9 10 19 25
5 23 9 22 19 25
5 23 17 10 19 25
5 23 17 22 19 25
5 23 9 13 12 3
5 23 31 16 27 15
5 23 29 9 16 27
5 23 31 29 16 27
5 23 29 10 25 11
5 23 31 29 10 11
5 23 29 9 25 11
5 23 9 22 25 11
5 23 14 28 22 5
5 23 9 28 22 5
5 23 14 28 22 11
5 23 9 28 22 11
5 23 14 12 27 5
5 23 9 12 27 5
5 23 9 13 16 27
5 23 9 13 12 27
5 23 14 28 27 5
5 23 9 28 27 5
5 23 14 28 27 11
5 23 29 14 27 11
5 23 31 29 14 11
5 23 31 29 14 27
5 23 29 28 27 11
5 23 29 9 28 11
5 23 29 9 28 27
5 20 23 31 17 15
5 20 23 7 17 15
5 20 23 7 31 17
5 20 31 17 15 26
5 20 7 31 17 26
5 20 17 15 32 26
5 20 7 17 15 32
5 20 7 31 14 26
5 20 23 7 31 14
5 20 31 27 15 26
5 20 31 12 27 26
5 20 31 14 12 26
5 20 23 31 14 12
5 20 23 31 27 15
5 20 23 31 12 27
5 20 7 14 12 26
5 20 23 7 14 12
5 20 7 19 15 32
5 20 13 27 15 26
5 20 13 12 27 26
5 20 23 13 12 27
5 20 23 13 12 3
5 20 13 15 1 26
5 20 23 7 19 3
5 20 23 7 19 15
5 20 23 16 27 15
5 20 23 13 16 27
5 20 7 12 6 3
5 20 23 12 6 3
5 20 23 7 6 3
5 20 23 7 12 6
5 20 13 16 1 3
5 20 9 19 15 3
5 20 23 9 19 3
5 20 23 9 19 15
5 20 16 27 15 1
5 20 13 27 15 1
5 20 13 16 27 1
5 20 9 16 15 3
5 20 23 9 16 15
5 20 9 13 16 3
5 20 23 9 13 3
5 20 23 9 13 16
