114
5 17 9 6 12 13
5 3 17 6 12 13
5 18 2 16 9 13
5 18 10 11 2 13
5 4 18 8 6 13
5 4 18 2 9 13
5 4 18 8 2 13
5 14 17 16 0 12
5 14 3 17 0 12
5 14 3 17 16 12
5 14 10 2 16 0
5 14 18 10 11 2
5 1 3 17 12 13
5 1 17 9 12 13
5 1 17 16 9 13
5 1 17 16 9 12
5 1 17 16 0 12
5 1 14 16 0 12
5 1 14 11 16 0
5 1 18 2 16 13
5 1 18 11 2 13
5 1 18 11 2 16
5 1 10 2 16 13
5 1 10 11 2 13
5 1 10 11 2 16
5 1 10 11 16 0
5 1 10 17 16 0
5 7 3 17 16 12
5 7 14 3 16 12
5 7 4 8 2 16
5 7 17 16 9 13
5 7 14 2 16 0
5 7 14 8 2 16
5 7 14 17 16 0
5 7 14 3 17 0
5 7 14 3 17 16
5 7 2 16 9 13
5 7 4 2 9 13
5 7 4 2 16 9
5 7 10 2 16 13
5 7 10 2 16 0
5 7 10 17 16 0
5 7 1 17 16 13
5 7 1 10 16 13
5 7 1 10 17 16
5 7 1 3 17 13
5 7 1 10 17 0
5 15 1 16 9 12
5 15 1 14 16 12
5 15 1 14 11 12
5 15 1 14 11 16
5 15 1 18 11 9
5 15 1 18 11 16
5 15 7 4 16 9
5 15 14 4 8 12
5 15 18 11 2 16
5 15 14 18 11 2
5 15 18 16 9 13
5 15 1 16 9 13
5 15 1 18 9 13
5 15 1 18 16 13
5 15 4 9 6 12
5 15 7 4 8 16
5 15 14 4 18 8
5 15 18 2 16 9
5 15 4 2 16 9
5 15 4 18 2 9
5 15 10 11 2 16
5 15 14 10 2 16
5 15 14 10 11 2
5 15 14 8 2 16
5 15 14 18 8 2
5 15 4 8 6 12
5 15 4 8 2 16
5 15 4 18 8 2
5 15 10 11 16 0
5 15 14 11 16 0
5 15 14 10 16 0
5 15 14 10 11 0
5 5 15 4 8 6
5 5 15 7 4 8
5 5 7 4 8 2
5 5 15 8 6 12
5 5 15 4 9 6
5 5 15 7 4 9
5 5 4 8 6 13
5 5 4 8 2 13
5 5 7 4 2 13
5 5 14 8 6 12
5 5 15 9 6 12
5 5 15 7 8 16
5 5 4 9 6 13
5 5 7 4 9 13
5 5 18 8 6 13
5 5 18 8 2 13
5 5 14 3 6 12
5 5 7 14 3 12
5 5 7 14 16 12
5 5 7 14 8 16
5 5 17 9 6 12
5 5 15 16 9 12
5 5 15 7 16 9
5 5 15 14 16 12
5 5 15 14 8 12
5 5 15 14 8 16
5 5 17 9 6 13
5 5 7 17 9 13
5 5 3 17 6 12
5 5 7 3 17 12
5 5 17 16 9 12
5 5 7 17 16 12
5 5 7 17 16 9
5 5 3 17 6 13
5 5 7 3 17 13
