4
33
8.71175 8.06619 -0.747757 9.50258
8.563 6.30557 6.42029 7.15441
-7.34192 -0.609082 -4.29628 -3.86683
3.04007 3.821 0.12861 4.45981
2.80562 -7.13181 2.34988 8.56807
-0 -4.42116 1.24901 6.34668
-0 4.21688 -1.63262 9.24142
-0 7.29023 7.14818 -0.614
-0 0.654344 -3.69163 7.60806
-0 -5.57312 7.61543 1.23023
-0 5.9979 8.34948 -2.43699
-0 2.06769 9.74481 2.13167
9.1833 -0 8.07857 -0.216806
-7.19609 -0 6.09922 -1.75351
7.10065 -0 -8.45217 6.07563
5.30473 -0 -0.30009 7.63778
3.38431 -0 -2.43548 -1.2921
4.20644 -0 1.86172 -5.29593
-5.3478 -0 -2.6313 8.0429
3.60096 2.90622 -0 -1.2578
-8.05138 -8.61224 -0 -3.74075
6.00059 6.30234 -0 -6.67219
2.04375 -3.85448 -0 -9.20504
1.32477 2.62123 -0 -3.46844
-6.4745 -7.33986 -0 9.62727
-6.63833 3.42481 -0 -3.38926
-9.73809 -0.334656 7.41441 -0
-6.64077 -2.79704 5.06595 -0
5.7132 -7.93849 2.25829 -0
-1.2875 0.523671 6.83059 -0
7.07735 7.35016 8.15705 -0
7.16066 3.21264 0.767013 -0
2.39973 -9.47077 3.60274 -0
