4
33
-6.31999 -6.15782 5.5748 -6.88326
-3.06857 3.03403 8.45177 -8.73489
-6.09699 -6.855 -4.79341 -2.21237
-0.124963 9.73065 8.20077 5.8748
-7.71129 5.05592 -9.57523 -9.56351
-1.87151 2.19045 -0 8.54797
5.34027 8.79819 -0 -7.31585
-5.2012 -1.79274 -0 7.27392
-0.618744 -7.08816 -0 9.13939
1.12004 5.49978 -0 3.85993
-0.680466 2.44919 -0 -6.92498
4.63865 -9.9619 -0 -0.601153
-0 -3.93375 -9.21388 3.60724
-0 5.64022 4.44558 -1.87778
-0 1.43572 -7.61363 -4.54837
-0 -7.56073 9.03654 3.58392
-0 0.39138 7.58652 8.73785
-0 4.66387 -6.6648 7.95058
-0 -9.42065 8.63315 8.24483
-4.66582 -0 5.86972 2.82866
-5.92919 -0 -6.7715 8.87477
-9.1386 -0 -5.56506 9.65669
-9.61714 -0 7.58702 -2.11727
3.88998 -0 -0.377216 7.93244
-3.28101 -0 0.613372 6.8542
-9.25943 -0 1.2461 7.97535
-6.97966 -7.85234 -1.45739 -0
-9.47139 2.01559 5.62755 -0
3.26441 3.19708 1.40582 -0
3.38028 -8.80746 3.12174 -0
-8.11729 4.53874 4.24609 -0
-6.53927 5.60253 6.13833 -0
-5.04419 5.10503 -0.0698402 -0
