4
33
5.69407 8.65949 3.38332 0.34387
-8.01953 -9.08386 6.91694 -9.66519
7.03359 -5.40267 3.9432 5.17622
8.01688 -9.9793 4.45152 -6.5802
-7.17557 -2.85794 -6.02024 7.3729
-0 -4.42116 1.24901 6.34668
-0 4.21688 -1.63262 9.24142
-0 7.29023 7.14818 -0.614
-0 0.654344 -3.69163 7.60806
-0 -5.57312 7.61543 1.23023
-0 5.9979 8.34948 -2.43699
-0 2.06769 9.74481 2.13167
3.82668 -0 8.96537 -3.29228
-8.05931 -0 0.465538 -3.45945
-8.59585 -0 -2.9097 -3.53205
-1.68978 -0 -2.80503 -7.34323
-3.43449 -0 7.67937 5.22729
2.98235 -0 -6.48768 4.48038
2.79678 -0 -2.35088 -2.09027
-1.87151 2.19045 -0 8.54797
5.34027 8.79819 -0 -7.31585
-5.2012 -1.79274 -0 7.27392
-0.618744 -7.08816 -0 9.13939
1.12004 5.49978 -0 3.85993
-0.680466 2.44919 -0 -6.92498
4.63865 -9.9619 -0 -0.601153
-7.13762 8.65824 -8.98495 -0
-0.0296297 9.80159 7.93416 -0
-7.99915 -4.18165 -4.99461 -0
-0.495131 -5.72209 -6.63408 -0
2.56757 8.02184 -5.95644 -0
2.21905 -6.21043 5.03227 -0
7.93889 0.26025 -5.93766 -0
