4
26
-2.34783 6.27199 -3.08469 -0.0548332
-5.29572 6.42821 2.45091 -8.77512
6.32952 -3.7608 -5.40622 -4.0045
2.97775 -7.89711 -7.1723 4.27238
-8.18041 -3.85463 -9.86636 -9.54821
-0 9.93209 6.05342 -2.33257
-0 2.63812 1.26147 5.75851
-0 3.97124 -3.7125 6.02002
-0 1.78349 9.57427 -6.24014
-0 -1.48951 -5.2969 -2.61279
-0 8.92399 -3.93753 9.94051
-0 9.32031 5.30419 0.103739
-9.73809 -0.334656 7.41441 -0
-6.64077 -2.79704 5.06595 -0
5.7132 -7.93849 2.25829 -0
-1.2875 0.523671 6.83059 -0
7.07735 7.35016 8.15705 -0
7.16066 3.21264 0.767013 -0
2.39973 -9.47077 3.60274 -0
-6.32313 1.02217 -0 -7.17797
-3.51458 -3.29633 -0 7.83968
-8.53022 1.94717 -0 7.60044
-7.54734 -5.42614 -0 8.4136
0.294796 -0.205867 -0 -2.21833
0.20189 4.56273 -0 3.3229
-1.39306 3.03303 -0 4.28332
