4
33
8.52345 -4.74502 -5.65332 4.8603
-9.44539 -9.63809 0.17717 -5.10973
9.00408 3.08833 1.26558 -8.79762
-8.57606 4.60453 5.74887 -5.25265
1.19263 6.48967 -3.48513 5.45836
-7.13762 8.65824 -8.98495 -0
-0.0296297 9.80159 7.93416 -0
-7.99915 -4.18165 -4.99461 -0
-0.495131 -5.72209 -6.63408 -0
2.56757 8.02184 -5.95644 -0
2.21905 -6.21043 5.03227 -0
7.93889 0.26025 -5.93766 -0
-0 9.93209 6.05342 -2.33257
-0 2.63812 1.26147 5.75851
-0 3.97124 -3.7125 6.02002
-0 1.78349 9.57427 -6.24014
-0 -1.48951 -5.2969 -2.61279
-0 8.92399 -3.93753 9.94051
-0 9.32031 5.30419 0.103739
7.72823 -0 -0.442046 6.04161
7.03815 -0 -0.559278 -4.38362
8.25195 -0 -8.3975 -3.21001
1.8748 -0 6.93302 -9.58652
1.90891 -0 2.74317 3.62155
1.97651 -0 0.667326 -6.55804
-2.62576 -0 5.66668 0.83116
-0.0488666 -2.83801 -0 -8.85131
4.27622 2.23017 -0 -8.72899
8.79833 -9.34737 -0 -0.680935
9.08334 -0.34652 -0 1.92202
1.58641 9.1651 -0 9.86996
-2.93721 -1.40362 -0 -4.61041
-5.88744 1.09558 -0 3.87819
