4
26
-7.30368 -8.34191 -2.06144 -5.25178
0.942347 2.61066 -8.79996 1.79127
6.33376 -5.59944 9.40032 -5.42451
-4.58382 3.62725 -1.62802 -9.69052
6.32728 -8.75048 -1.4624 8.32899
-4.66582 -0 5.86972 2.82866
-5.92919 -0 -6.7715 8.87477
-9.1386 -0 -5.56506 9.65669
-9.61714 -0 7.58702 -2.11727
3.88998 -0 -0.377216 7.93244
-3.28101 -0 0.613372 6.8542
-9.25943 -0 1.2461 7.97535
-6.13598 8.81634 -0 3.16228
-3.79823 -8.40075 -0 5.29707
-2.94999 7.87205 -0 -1.86689
-2.10039 5.12879 -0 -2.71108
-4.41228 -4.54306 -0 0.641296
9.61007 -7.83132 -0 -7.77534
3.43951 6.86115 -0 2.21455
7.48766 9.24438 4.26109 -0
-0.880004 -5.83797 2.65207 -0
1.6529 -1.02628 -1.95185 -0
-0.552959 -8.22308 4.75764 -0
6.37101 -1.75087 9.64506 -0
-0.00367575 -7.65844 -1.86181 -0
-8.59087 2.88242 -8.00918 -0
