4
26
-5.57546 2.42589 -7.61678 3.53566
-0.635867 5.92648 8.84505 -9.16041
-3.21999 1.61369 3.67941 1.53987
-4.46076 -8.71659 4.1554 9.56978
2.64567 -0.334729 8.4537 -7.31767
7.72823 -0 -0.442046 6.04161
7.03815 -0 -0.559278 -4.38362
8.25195 -0 -8.3975 -3.21001
1.8748 -0 6.93302 -9.58652
1.90891 -0 2.74317 3.62155
1.97651 -0 0.667326 -6.55804
-2.62576 -0 5.66668 0.83116
9.6911 -8.32978 -7.45886 -0
5.38422 -4.78146 2.54749 -0
6.67078 -0.035227 3.13326 -0
5.21132 -2.21401 -1.17463 -0
8.28863 -0.728317 -5.13086 -0
0.892197 -4.93967 -2.71756 -0
-0.91592 8.16082 -9.94957 -0
5.20644 8.58399 -0 8.33603
-3.78316 0.49589 -0 -8.49027
8.90972 -0.304535 -0 -4.50795
9.12228 -1.44394 -0 4.34186
-6.12272 -3.66868 -0 5.09458
2.54437 -0.824662 -0 -5.85056
9.77259 -9.67723 -0 -9.14171
