4
26
1.64148 9.34642 0.307476 -9.59947
-4.36459 4.92812 8.34018 -6.13889
-9.08724 1.45674 -3.37585 -7.35628
7.16178 8.50376 -9.67392 -1.59374
1.16665 -3.61687 -8.50057 0.314397
-0 -3.93375 -9.21388 3.60724
-0 5.64022 4.44558 -1.87778
-0 1.43572 -7.61363 -4.54837
-0 -7.56073 9.03654 3.58392
-0 0.39138 7.58652 8.73785
-0 4.66387 -6.6648 7.95058
-0 -9.42065 8.63315 8.24483
3.60096 2.90622 -0 -1.2578
-8.05138 -8.61224 -0 -3.74075
6.00059 6.30234 -0 -6.67219
2.04375 -3.85448 -0 -9.20504
1.32477 2.62123 -0 -3.46844
-6.4745 -7.33986 -0 9.62727
-6.63833 3.42481 -0 -3.38926
-3.72517 0.900756 4.9769 -0
-1.15449 -8.84469 9.7858 -0
7.3783 5.11439 -6.15312 -0
-4.92175 4.87474 -9.29953 -0
7.00973 5.78013 3.55419 -0
-3.18612 6.9803 -0.183267 -0
8.80784 -5.76886 3.9852 -0
