337
5 5 10 20 1 23
5 5 0 10 31 1
5 27 5 10 20 23
5 27 5 0 10 31
5 27 5 10 20 1
5 27 5 0 10 1
5 27 0 13 31 1
5 27 5 13 31 1
5 27 5 0 31 1
5 16 27 3 20 23
5 29 5 10 1 23
5 29 5 10 31 1
5 29 0 10 31 1
5 29 0 10 24 1
5 29 15 10 24 1
5 29 13 31 1 32
5 29 0 13 31 32
5 29 0 13 31 1
5 29 13 24 1 32
5 29 0 13 24 1
5 25 16 15 3 23
5 19 5 14 20 23
5 19 16 14 20 23
5 19 16 15 10 23
5 19 27 5 20 23
5 19 16 27 20 23
5 19 27 5 10 23
5 6 15 3 8 23
5 6 25 16 15 3
5 11 4 14 3 20
5 11 16 14 3 20
5 11 19 16 14 20
5 11 19 16 27 20
5 11 5 14 20 1
5 11 19 5 14 20
5 11 19 27 5 20
5 11 27 5 20 1
5 11 27 13 1 32
5 11 27 5 13 1
5 11 27 5 13 31
5 11 13 31 1 32
5 11 5 13 31 1
5 17 19 16 10 23
5 17 16 15 10 23
5 17 19 16 15 10
5 17 27 5 10 31
5 17 19 27 5 10
5 18 19 5 14 23
5 18 5 14 20 23
5 18 29 5 10 23
5 18 16 15 14 23
5 18 19 16 14 23
5 18 19 16 15 23
5 18 19 5 10 23
5 18 19 15 10 23
5 18 14 20 1 23
5 18 5 20 1 23
5 18 29 5 1 23
5 18 5 14 20 1
5 18 29 5 14 1
5 18 15 10 1 23
5 18 29 10 1 23
5 18 29 15 10 1
5 18 29 5 10 31
5 18 25 16 15 14
5 18 29 0 10 31
5 18 17 25 16 15
5 18 17 19 16 15
5 18 17 5 10 31
5 18 17 19 5 31
5 18 17 19 5 10
5 18 17 19 15 10
5 18 15 0 10 24
5 18 29 0 10 24
5 18 29 15 10 24
5 21 10 24 8 23
5 21 6 10 8 23
5 21 15 24 8 23
5 21 6 15 8 23
5 21 15 10 24 23
5 21 6 15 10 23
5 21 0 10 24 8
5 21 15 0 10 24
5 21 0 13 24 8
5 21 13 3 24 8
5 21 18 15 0 24
5 21 18 29 0 24
5 21 29 13 24 32
5 21 29 0 13 32
5 21 29 0 13 24
5 21 0 13 31 32
5 21 18 29 0 31
5 21 29 0 31 32
5 26 16 27 3 20
5 26 11 16 3 20
5 26 11 16 27 20
5 26 11 19 16 27
5 26 4 13 3 8
5 26 11 27 4 13
5 26 11 19 27 5
5 26 17 19 27 5
5 26 4 13 3 32
5 26 11 4 13 32
5 26 27 0 13 8
5 26 11 27 13 31
5 26 11 27 5 31
5 26 17 27 5 31
5 26 11 13 31 32
5 26 27 0 13 31
5 26 17 0 13 31
5 26 27 0 10 31
5 26 17 0 10 31
5 26 17 27 10 31
5 22 25 16 14 3
5 22 11 5 31 1
5 22 11 5 14 1
5 22 11 31 1 32
5 22 11 4 1 32
5 22 11 14 20 1
5 22 11 4 20 1
5 22 11 4 14 20
5 22 29 31 1 32
5 12 19 27 10 23
5 12 17 19 10 23
5 12 17 19 27 10
5 12 27 10 8 23
5 12 19 16 27 23
5 12 17 19 16 23
5 12 6 10 8 23
5 12 27 0 10 8
5 12 26 19 16 27
5 12 26 17 19 27
5 12 21 6 10 8
5 12 27 3 8 23
5 12 16 27 3 23
5 12 21 0 10 8
5 12 21 17 0 10
5 12 26 27 0 8
5 12 26 27 0 10
5 12 26 17 0 10
5 12 26 17 27 10
5 12 6 3 8 23
5 12 26 27 3 8
5 12 26 16 27 3
5 12 21 0 13 8
5 12 21 17 0 13
5 12 26 0 13 8
5 12 26 17 0 13
5 12 16 15 3 23
5 12 6 15 3 23
5 12 6 16 15 23
5 12 6 16 15 3
5 12 6 25 16 3
5 12 21 13 3 8
5 12 21 6 3 8
5 12 26 13 3 8
5 2 6 16 15 23
5 2 17 16 15 23
5 2 6 15 10 23
5 2 17 15 10 23
5 2 12 6 16 23
5 2 12 17 16 23
5 2 6 25 16 15
5 2 17 25 16 15
5 2 12 6 10 23
5 2 12 17 10 23
5 2 21 6 15 10
5 2 12 6 25 16
5 2 12 17 25 16
5 2 12 21 6 10
5 2 12 21 17 10
5 2 18 17 15 10
5 2 21 18 6 15
5 2 18 15 0 10
5 2 21 15 0 10
5 2 21 18 15 0
5 2 21 17 0 10
5 2 17 0 10 31
5 2 18 0 10 31
5 2 18 17 10 31
5 2 21 17 0 31
5 2 21 18 0 31
5 7 18 19 5 31
5 7 18 19 5 14
5 7 18 29 5 31
5 7 18 29 5 14
5 7 22 11 5 31
5 7 11 19 5 14
5 7 22 11 5 14
5 7 29 5 31 1
5 7 22 5 31 1
5 7 22 29 31 1
5 7 29 5 14 1
5 7 22 5 14 1
5 7 17 19 5 31
5 7 18 29 14 1
5 7 18 17 19 31
5 7 18 25 16 14
5 7 18 19 16 14
5 7 22 25 16 14
5 7 18 17 19 16
5 30 26 11 19 16
5 30 7 19 25 16
5 30 7 22 25 16
5 30 11 19 16 14
5 30 26 11 16 3
5 30 7 19 16 14
5 30 7 22 16 14
5 30 22 25 4 3
5 30 22 25 16 3
5 30 11 16 14 3
5 30 22 16 14 3
5 30 7 11 19 14
5 30 7 22 11 14
5 30 12 17 19 16
5 30 12 26 19 16
5 30 12 26 17 19
5 30 12 25 16 3
5 30 12 26 16 3
5 30 26 11 4 3
5 30 26 11 19 5
5 30 26 17 19 5
5 30 11 4 14 3
5 30 22 4 14 3
5 30 22 11 4 14
5 30 22 11 4 32
5 30 7 11 19 5
5 30 7 17 19 5
5 30 26 4 3 32
5 30 26 11 4 32
5 30 26 11 5 31
5 30 26 17 5 31
5 30 7 11 5 31
5 30 7 17 5 31
5 30 12 26 13 3
5 30 26 11 31 32
5 30 26 13 3 32
5 30 26 13 31 32
5 30 26 17 13 31
5 28 7 18 25 14
5 28 7 22 25 14
5 28 7 18 14 1
5 28 7 22 14 1
5 28 7 18 29 1
5 28 22 29 1 32
5 28 7 22 29 1
5 28 30 22 4 32
5 28 30 22 25 4
5 28 30 7 22 25
5 28 25 4 3 32
5 28 22 29 31 32
5 28 7 22 29 31
5 28 21 6 25 15
5 28 21 18 6 15
5 28 18 29 15 24
5 28 21 18 15 24
5 28 21 29 24 32
5 28 21 18 29 24
5 28 22 11 31 32
5 28 30 11 31 32
5 28 30 22 11 32
5 28 7 22 11 31
5 28 30 7 11 31
5 28 30 7 22 11
5 9 12 21 17 13
5 9 30 12 13 3
5 9 12 26 17 13
5 9 30 26 17 13
5 9 30 12 26 13
5 9 30 12 26 17
5 9 12 21 13 3
5 9 12 21 6 3
5 9 2 12 21 6
5 9 2 12 21 17
5 9 30 12 25 3
5 9 21 25 13 3
5 9 21 6 25 3
5 9 30 13 31 32
5 9 30 17 13 31
5 9 25 13 3 32
5 9 30 13 3 32
5 9 12 6 25 3
5 9 2 12 6 25
5 9 2 12 17 25
5 9 12 17 25 16
5 9 30 12 25 16
5 9 30 12 17 16
5 9 21 25 13 32
5 9 21 13 31 32
5 9 2 21 17 31
5 9 28 30 31 32
5 9 25 4 3 32
5 9 30 4 3 32
5 9 30 25 4 3
5 9 30 19 25 16
5 9 30 17 19 16
5 9 28 21 25 32
5 9 28 21 6 25
5 9 2 21 18 6
5 9 28 21 18 6
5 9 17 0 13 31
5 9 21 0 13 31
5 9 21 17 0 31
5 9 21 17 0 13
5 9 30 7 17 31
5 9 28 30 7 31
5 9 28 25 4 32
5 9 28 30 4 32
5 9 28 30 25 4
5 9 28 30 7 25
5 9 7 19 25 16
5 9 7 17 19 16
5 9 30 7 19 25
5 9 30 7 17 19
5 9 21 29 31 32
5 9 28 29 31 32
5 9 28 21 29 32
5 9 28 21 18 29
5 9 2 6 25 15
5 9 2 18 6 15
5 9 28 6 25 15
5 9 28 18 25 15
5 9 28 18 6 15
5 9 28 7 18 25
5 9 18 17 25 16
5 9 7 18 25 16
5 9 7 18 17 16
5 9 21 18 29 31
5 9 2 21 18 31
5 9 2 18 17 31
5 9 7 18 17 31
5 9 18 17 25 15
5 9 2 17 25 15
5 9 2 18 17 15
5 9 7 18 29 31
5 9 28 7 29 31
5 9 28 7 18 29
