227
5 25 19 11 13 21
5 15 19 11 13 21
5 15 24 11 13 21
5 15 24 9 11 21
5 15 25 19 13 21
5 15 24 9 21 20
5 15 24 9 20 3
5 4 15 24 20 3
5 4 24 9 20 3
5 10 24 9 11 21
5 10 24 11 13 21
5 23 25 19 13 3
5 23 15 25 19 13
5 23 15 9 20 3
5 23 9 19 13 3
5 23 15 9 13 3
5 23 15 9 19 13
5 23 4 9 20 3
5 23 4 9 19 3
5 23 15 9 21 20
5 22 10 21 20 1
5 22 23 15 21 20
5 22 23 15 25 13
5 22 23 21 20 1
5 22 23 15 20 3
5 22 23 15 13 3
5 22 23 4 20 3
5 22 23 25 13 3
5 22 23 15 25 19
5 8 25 19 13 3
5 8 17 25 6 1
5 8 23 25 19 3
5 8 23 4 19 3
5 8 23 25 6 19
5 8 23 4 6 19
5 8 22 23 25 3
5 8 22 23 4 3
5 8 22 25 13 3
5 8 22 23 25 6
5 8 22 23 4 6
5 5 23 4 9 19
5 5 23 4 6 19
5 5 23 4 9 20
5 5 4 24 9 20
5 5 23 9 21 20
5 5 22 23 4 20
5 5 22 23 4 6
5 5 10 21 20 1
5 5 23 21 20 1
5 5 22 23 20 1
5 5 22 23 6 1
5 7 8 4 6 19
5 7 5 4 6 19
5 12 8 4 19 3
5 12 7 8 4 3
5 12 7 8 4 19
5 12 7 5 19 11
5 12 7 5 4 19
5 12 5 9 19 11
5 12 4 9 19 3
5 12 5 4 9 19
5 12 9 19 13 3
5 12 4 24 9 3
5 12 5 4 24 9
5 12 15 19 11 13
5 12 15 9 19 13
5 12 15 9 19 11
5 12 15 9 13 3
5 12 15 24 13 3
5 12 15 24 9 3
5 12 15 24 11 13
5 12 15 24 9 11
5 16 7 8 4 3
5 16 7 8 4 6
5 16 12 7 4 3
5 16 7 8 17 6
5 16 12 4 24 3
5 16 12 24 13 3
5 16 12 7 10 11
5 16 10 24 11 13
5 16 12 24 11 13
5 16 12 10 24 11
5 16 12 7 8 3
5 16 7 8 17 19
5 16 7 17 19 11
5 16 12 7 19 11
5 16 17 11 13 21
5 16 10 11 13 21
5 16 10 17 11 21
5 16 17 19 11 13
5 16 12 19 11 13
5 16 17 25 19 13
5 16 8 25 19 13
5 16 8 17 25 19
5 16 8 19 13 3
5 16 12 19 13 3
5 16 12 8 19 3
5 16 12 7 8 19
5 0 7 17 19 11
5 0 7 17 6 1
5 0 10 17 21 1
5 0 10 17 11 21
5 0 25 11 13 21
5 0 17 11 13 21
5 0 17 25 13 21
5 0 25 19 11 13
5 0 17 19 11 13
5 0 17 25 19 13
5 18 12 5 4 24
5 18 5 4 24 20
5 18 16 10 4 24
5 18 16 12 4 24
5 18 16 12 10 24
5 18 12 10 24 11
5 18 12 7 5 4
5 18 5 24 9 20
5 18 16 7 10 4
5 18 16 12 7 4
5 18 16 12 7 10
5 18 10 24 9 11
5 18 12 24 9 11
5 18 12 5 9 11
5 18 12 5 24 9
5 18 12 7 5 11
5 18 7 5 4 6
5 18 24 9 21 20
5 18 10 24 21 20
5 18 10 24 9 21
5 18 5 9 21 20
5 18 5 10 21 20
5 18 5 22 4 20
5 18 5 22 4 6
5 18 10 9 11 21
5 18 5 9 11 21
5 18 5 10 11 21
5 18 22 10 20 1
5 18 5 10 20 1
5 18 5 22 20 1
5 18 22 10 6 1
5 2 7 5 19 11
5 2 0 7 19 11
5 2 5 9 19 11
5 2 5 23 9 19
5 2 0 7 6 1
5 2 15 9 19 11
5 2 23 15 9 19
5 2 5 9 11 21
5 2 5 23 9 21
5 2 5 23 21 1
5 2 5 23 6 1
5 2 5 23 6 19
5 2 7 5 6 19
5 2 0 7 17 19
5 2 0 7 17 6
5 2 15 9 11 21
5 2 23 15 9 21
5 2 15 19 11 21
5 2 22 23 15 19
5 2 25 19 11 21
5 2 0 25 11 21
5 2 0 25 19 11
5 2 5 10 21 1
5 2 0 10 21 1
5 2 5 10 11 21
5 2 0 10 11 21
5 2 22 23 6 1
5 2 8 25 6 1
5 2 8 25 6 19
5 2 8 17 6 1
5 2 0 17 6 1
5 2 7 8 6 19
5 2 7 8 17 19
5 2 7 8 17 6
5 2 15 25 19 21
5 2 22 23 21 1
5 2 22 23 15 21
5 2 22 15 25 19
5 2 17 25 21 1
5 2 0 17 21 1
5 2 0 17 25 21
5 2 22 25 6 1
5 2 23 25 6 19
5 2 22 23 25 19
5 2 22 23 25 6
5 2 8 17 25 1
5 2 8 17 25 19
5 2 0 17 25 19
5 2 22 25 21 1
5 2 22 15 25 21
5 14 0 10 17 11
5 14 0 7 17 11
5 14 16 10 17 11
5 14 16 7 17 11
5 14 16 7 10 11
5 14 16 7 17 6
5 14 12 7 10 11
5 14 18 12 10 11
5 14 18 12 7 11
5 14 18 12 7 10
5 14 18 5 10 11
5 14 18 7 5 11
5 14 0 10 17 1
5 14 0 7 17 1
5 14 16 10 4 6
5 14 16 7 4 6
5 14 16 7 10 4
5 14 2 5 10 11
5 14 2 0 10 11
5 14 18 5 10 1
5 14 2 7 5 11
5 14 2 0 7 11
5 14 18 10 6 1
5 14 7 17 6 1
5 14 18 10 4 6
5 14 18 7 4 6
5 14 18 7 10 4
5 14 2 5 10 1
5 14 2 0 10 1
5 14 2 0 7 1
5 14 18 7 5 6
5 14 2 5 6 1
5 14 2 7 6 1
5 14 2 7 5 6
5 14 5 22 6 1
5 14 18 22 6 1
5 14 18 5 22 1
5 14 18 5 22 6
