226
5 8 15 17 5 18
5 21 15 17 5 18
5 21 15 17 19 18
5 21 9 11 19 18
5 20 8 15 17 5
5 20 21 15 17 5
5 7 8 17 5 18
5 7 20 8 4 5
5 7 21 17 5 18
5 7 21 11 5 18
5 7 20 4 5 22
5 1 21 15 17 19
5 1 21 9 11 19
5 14 15 17 19 18
5 14 2 15 17 19
5 6 7 8 17 18
5 6 8 15 17 18
5 6 14 15 17 18
5 6 14 8 15 18
5 6 2 8 15 17
5 6 14 2 15 17
5 6 14 2 8 15
5 12 21 9 17 18
5 12 7 21 17 18
5 12 6 7 17 18
5 12 21 9 11 18
5 12 7 9 11 18
5 12 7 21 11 18
5 12 7 9 4 18
5 12 7 9 11 4
5 12 6 7 8 17
5 3 1 21 15 19
5 0 14 2 17 19
5 0 1 21 17 19
5 0 1 21 9 19
5 0 1 21 9 17
5 0 14 17 19 18
5 0 14 9 19 18
5 0 14 9 17 18
5 0 2 15 17 19
5 0 1 15 17 19
5 0 1 2 15 19
5 0 1 2 15 17
5 0 21 17 19 18
5 0 21 9 19 18
5 0 21 9 17 18
5 0 3 9 19 4
5 0 1 9 11 19
5 0 3 9 11 19
5 0 3 1 11 19
5 0 3 1 9 11
5 13 12 7 21 17
5 13 12 7 21 11
5 13 7 21 17 5
5 13 7 21 11 5
5 13 3 1 9 11
5 13 20 8 17 5
5 13 7 8 17 5
5 13 7 20 8 5
5 13 12 7 8 17
5 13 12 7 20 8
5 13 7 20 5 22
5 13 12 9 11 4
5 13 3 9 11 4
5 13 3 12 9 4
5 13 6 20 8 17
5 13 12 6 8 17
5 13 7 4 5 22
5 13 12 7 11 4
5 25 7 8 4 18
5 25 6 7 8 18
5 25 6 7 8 4
5 25 14 8 4 18
5 25 6 14 8 18
5 25 6 14 2 8
5 25 9 19 4 18
5 25 14 9 19 18
5 25 0 9 19 4
5 25 0 14 9 19
5 25 0 14 2 19
5 25 0 3 19 4
5 25 0 3 2 19
5 16 12 7 20 8
5 16 12 6 7 8
5 16 13 6 20 8
5 16 13 12 20 8
5 16 13 12 6 8
5 16 25 6 7 4
5 16 13 12 1 17
5 16 13 12 6 17
5 16 12 7 4 18
5 16 25 7 4 18
5 16 12 6 7 18
5 16 25 6 7 18
5 16 12 1 9 17
5 16 3 12 9 4
5 16 12 9 4 18
5 16 25 9 4 18
5 16 12 9 17 18
5 16 12 6 17 18
5 16 0 3 9 4
5 16 25 0 9 4
5 16 25 14 9 18
5 16 25 6 14 18
5 16 0 3 1 9
5 16 0 1 9 17
5 16 0 1 2 17
5 16 14 9 17 18
5 16 6 14 17 18
5 16 6 14 2 17
5 16 25 6 14 2
5 16 0 14 9 17
5 16 0 14 2 17
5 16 25 0 14 9
5 16 25 0 14 2
5 10 13 12 1 9
5 10 1 21 9 17
5 10 12 21 9 17
5 10 12 1 9 17
5 10 1 21 9 11
5 10 13 1 9 11
5 10 12 21 9 11
5 10 13 12 9 11
5 10 13 12 21 11
5 10 13 12 21 17
5 10 13 12 1 17
5 10 13 3 1 11
5 10 1 21 11 19
5 10 3 1 11 19
5 10 3 1 21 19
5 10 13 21 11 5
5 10 20 21 17 5
5 10 13 21 17 5
5 10 13 20 17 5
5 24 16 12 7 20
5 24 13 7 20 22
5 24 13 12 7 20
5 24 16 7 20 8
5 24 16 13 12 20
5 24 16 12 7 4
5 24 13 7 4 22
5 24 13 12 7 4
5 24 20 8 4 22
5 24 7 20 4 22
5 24 7 20 8 4
5 24 16 6 20 8
5 24 16 13 6 20
5 24 16 3 12 4
5 24 13 3 4 22
5 24 13 3 12 4
5 24 6 20 8 17
5 24 6 7 8 4
5 24 16 6 7 4
5 24 16 6 7 8
5 24 13 6 20 17
5 24 16 13 6 17
5 24 20 15 17 22
5 24 20 8 15 22
5 24 20 8 15 17
5 24 6 2 8 17
5 24 25 6 8 4
5 24 16 25 6 4
5 24 16 13 1 17
5 24 25 0 3 4
5 24 16 0 3 4
5 24 16 25 0 4
5 24 2 8 15 22
5 24 2 8 15 17
5 24 25 6 2 8
5 24 16 25 6 2
5 24 16 1 2 17
5 24 16 6 2 17
5 24 16 0 1 2
5 24 25 0 3 2
5 24 16 25 0 2
5 23 16 13 12 1
5 23 13 12 1 9
5 23 13 3 1 9
5 23 13 3 12 9
5 23 16 12 1 9
5 23 16 3 1 9
5 23 16 3 12 9
5 23 24 16 13 1
5 23 24 13 3 12
5 23 24 16 3 12
5 23 24 16 13 12
5 23 10 13 3 1
5 23 16 0 3 1
5 23 24 16 0 1
5 23 24 16 0 3
5 23 10 13 1 17
5 23 24 13 1 17
5 23 24 13 3 22
5 23 24 0 1 2
5 23 24 0 3 2
5 23 10 13 20 17
5 23 24 13 20 17
5 23 24 13 20 22
5 23 0 1 2 19
5 23 0 3 2 19
5 23 0 3 1 19
5 23 24 1 2 17
5 23 10 1 21 17
5 23 10 3 1 21
5 23 24 15 17 22
5 23 24 20 17 22
5 23 3 11 5 22
5 23 13 11 5 22
5 23 13 3 11 22
5 23 13 20 5 22
5 23 10 13 20 5
5 23 10 13 11 5
5 23 10 13 3 11
5 23 1 2 15 19
5 23 3 2 15 19
5 23 3 1 15 19
5 23 1 2 15 17
5 23 24 2 15 17
5 23 20 15 17 22
5 23 1 21 15 17
5 23 3 1 21 15
5 23 24 2 15 22
5 23 10 20 21 5
5 23 20 21 15 17
5 23 10 20 21 17
5 23 20 21 15 5
