207
5 19 4 23 5 3
5 18 4 23 9 5
5 18 19 4 23 5
5 18 19 4 23 9
5 18 10 4 9 5
5 18 19 4 5 3
5 18 10 13 4 5
5 18 10 13 4 9
5 18 13 4 5 3
5 18 13 2 3 8
5 11 16 4 23 3
5 11 13 4 5 3
5 11 10 13 12 9
5 7 10 13 12 9
5 7 18 10 13 9
5 7 18 13 2 8
5 21 11 12 23 9
5 21 11 10 12 9
5 21 11 10 13 12
5 21 11 10 13 9
5 21 7 10 13 12
5 21 11 12 3 14
5 21 11 13 12 3
5 21 10 13 5 3
5 21 11 13 5 3
5 21 10 4 9 5
5 21 10 13 4 5
5 21 10 13 4 9
5 21 11 4 9 5
5 21 11 13 4 5
5 21 11 13 4 9
5 21 7 12 3 14
5 21 7 13 12 3
5 24 18 19 23 9
5 24 25 16 12 23
5 24 18 25 19 0
5 24 25 19 23 5
5 24 18 19 23 5
5 24 18 25 19 5
5 24 7 18 0 8
5 24 18 25 0 5
5 24 7 18 10 9
5 24 7 18 10 0
5 24 7 10 12 9
5 24 18 23 9 5
5 24 18 10 9 5
5 24 18 10 0 5
5 22 25 23 5 14
5 22 19 23 5 3
5 22 25 19 23 5
5 22 21 5 3 14
5 22 21 11 3 14
5 22 21 11 5 3
5 22 11 12 3 14
5 22 21 23 5 14
5 22 4 23 5 3
5 22 11 4 5 3
5 22 11 4 23 3
5 22 25 16 12 23
5 22 16 19 23 3
5 22 25 16 19 23
5 22 21 12 23 14
5 22 21 11 12 14
5 22 21 11 12 23
5 22 11 16 23 3
5 22 11 16 12 3
5 22 11 16 12 23
5 22 21 23 9 5
5 22 21 11 9 5
5 22 21 11 23 9
5 22 4 23 9 5
5 22 11 4 9 5
5 22 11 4 23 9
5 1 18 10 13 5
5 1 10 13 5 3
5 1 18 5 2 3
5 1 18 13 2 3
5 1 18 13 5 3
5 1 18 10 0 5
5 1 7 18 13 2
5 1 7 18 10 13
5 1 21 10 13 3
5 1 7 18 10 0
5 1 21 7 10 13
5 1 21 10 5 14
5 1 21 10 5 3
5 1 7 13 2 3
5 1 21 7 2 3
5 1 21 7 13 3
5 1 18 0 2 8
5 1 7 0 2 8
5 1 7 18 2 8
5 1 7 18 0 8
5 1 21 7 2 14
5 15 18 19 4 9
5 15 18 13 4 9
5 15 24 18 19 9
5 15 18 19 3 8
5 15 18 19 4 3
5 15 19 4 23 9
5 15 11 13 4 9
5 15 7 18 13 8
5 15 7 18 13 9
5 15 18 13 3 8
5 15 18 13 4 3
5 15 24 7 18 8
5 15 24 7 18 9
5 15 18 19 0 8
5 15 24 18 0 8
5 15 24 18 19 0
5 15 11 16 4 3
5 15 11 4 23 9
5 15 11 16 4 23
5 15 24 19 23 9
5 15 19 4 23 3
5 15 16 4 23 3
5 15 16 19 23 3
5 15 11 13 4 3
5 15 24 7 12 9
5 15 11 13 12 9
5 15 11 12 23 9
5 15 11 16 12 23
5 15 24 12 23 9
5 15 24 16 12 23
5 15 25 16 19 23
5 15 24 25 19 23
5 15 24 25 16 23
5 20 24 7 16 0
5 20 24 7 16 12
5 20 21 7 12 14
5 20 24 7 10 0
5 20 21 7 10 12
5 20 24 7 10 12
5 20 1 7 0 2
5 20 21 12 23 14
5 20 24 25 0 5
5 20 22 16 12 14
5 20 22 25 16 12
5 20 21 10 12 9
5 20 24 10 12 9
5 20 1 7 10 0
5 20 1 21 10 14
5 20 1 21 7 14
5 20 1 21 7 10
5 20 10 0 5 14
5 20 24 10 0 5
5 20 21 10 5 14
5 20 22 12 23 14
5 20 21 23 5 14
5 20 21 12 23 9
5 20 24 12 23 9
5 20 22 25 5 14
5 20 25 23 5 14
5 20 24 25 23 5
5 20 22 25 23 14
5 20 24 25 12 23
5 20 22 25 12 23
5 20 21 10 9 5
5 20 24 10 9 5
5 20 21 23 9 5
5 20 24 23 9 5
5 6 7 13 12 9
5 6 15 13 12 9
5 6 15 7 12 9
5 6 15 7 13 9
5 6 15 7 13 8
5 6 7 13 12 3
5 6 15 13 3 8
5 6 15 16 3 8
5 6 15 11 13 12
5 6 15 11 16 12
5 6 15 24 16 8
5 6 15 24 7 8
5 6 24 7 16 12
5 6 15 24 16 12
5 6 15 24 7 12
5 6 13 2 3 8
5 6 7 13 2 8
5 6 7 13 2 3
5 6 11 13 12 3
5 6 11 16 12 3
5 6 15 11 13 3
5 6 15 11 16 3
5 6 24 7 0 8
5 6 24 7 16 0
5 6 7 0 2 8
5 6 20 7 16 0
5 17 24 25 16 12
5 17 20 25 16 12
5 17 20 24 16 12
5 17 20 24 25 12
5 17 20 24 16 0
5 17 20 24 25 0
5 17 20 22 25 16
5 17 6 16 0 8
5 17 6 24 0 8
5 17 6 24 16 8
5 17 6 24 16 0
5 17 24 25 19 0
5 17 15 25 16 8
5 17 15 24 16 8
5 17 15 24 25 16
5 17 15 19 0 8
5 17 15 24 0 8
5 17 15 24 19 0
5 17 15 25 19 8
5 17 15 24 25 19
