314
5 6 18 9 11 15
5 0 18 7 1 8
5 0 18 7 30 1
5 17 7 28 4 8
5 21 13 9 16 4
5 22 21 0 16 14
5 22 13 20 16 14
5 22 21 13 16 14
5 22 21 13 9 16
5 22 13 9 16 15
5 22 13 20 16 15
5 29 7 28 4 8
5 29 13 7 28 4
5 25 21 13 9 4
5 25 6 18 9 30
5 25 6 18 9 11
5 12 13 20 16 15
5 12 6 9 11 15
5 12 17 6 11 15
5 12 9 16 4 15
5 12 13 9 16 15
5 12 13 9 16 4
5 12 9 11 4 15
5 12 25 9 11 4
5 26 21 0 16 30
5 26 0 18 30 1
5 26 0 18 16 1
5 26 0 16 1 14
5 26 21 0 1 14
5 26 21 0 16 14
5 26 25 18 9 30
5 26 25 21 9 30
5 26 18 16 1 15
5 26 21 9 16 4
5 26 25 18 11 1
5 26 25 18 9 11
5 26 25 21 9 4
5 26 9 16 4 15
5 26 18 11 1 15
5 26 18 9 11 15
5 26 25 11 4 1
5 26 25 9 11 4
5 26 11 4 1 15
5 26 9 11 4 15
5 3 21 0 30 14
5 3 22 21 0 14
5 3 22 21 0 30
5 3 29 0 7 14
5 3 22 0 20 14
5 3 29 0 20 14
5 32 21 0 16 30
5 32 22 21 0 30
5 32 22 21 0 16
5 32 3 22 0 30
5 32 22 21 9 30
5 32 22 21 9 16
5 32 22 0 20 16
5 32 3 22 0 20
5 32 26 21 16 30
5 32 26 21 9 30
5 32 26 21 9 16
5 32 22 9 16 15
5 32 26 0 16 30
5 32 26 0 18 30
5 32 26 0 18 16
5 32 22 20 16 15
5 32 26 9 16 15
5 32 26 18 16 15
5 32 26 18 9 15
5 32 26 18 9 30
5 32 6 18 9 15
5 32 6 18 9 30
5 32 12 6 9 15
5 32 6 18 11 15
5 32 17 6 11 15
5 32 12 17 6 15
5 2 6 7 28 30
5 2 25 6 7 28
5 2 13 7 28 4
5 2 0 7 30 1
5 2 26 25 21 30
5 2 3 0 30 14
5 2 3 0 7 14
5 2 3 0 7 30
5 2 3 21 30 14
5 2 29 13 7 14
5 2 21 0 30 14
5 2 21 13 4 14
5 2 25 21 13 4
5 2 25 21 9 30
5 2 25 21 13 9
5 2 26 0 30 1
5 2 26 21 0 1
5 2 26 21 0 30
5 2 0 7 1 14
5 2 21 0 1 14
5 2 26 21 4 1
5 2 26 25 4 1
5 2 26 25 21 4
5 31 2 25 6 30
5 31 2 25 6 28
5 31 25 6 9 30
5 31 2 25 9 30
5 31 2 25 13 9
5 31 2 13 28 4
5 31 2 25 13 4
5 31 12 17 6 28
5 31 12 17 13 28
5 31 17 13 28 4
5 31 25 6 9 11
5 31 12 6 9 11
5 31 12 25 9 11
5 31 25 13 9 4
5 31 12 13 9 4
5 31 12 25 9 4
5 31 25 17 6 11
5 31 12 17 6 11
5 31 12 17 13 4
5 31 25 17 11 4
5 31 12 17 11 4
5 31 12 25 11 4
5 24 29 13 20 14
5 24 3 29 20 14
5 24 2 29 13 14
5 24 29 13 20 28
5 24 29 13 7 28
5 24 2 13 7 28
5 24 2 29 13 7
5 24 3 29 7 28
5 24 12 13 20 28
5 24 31 2 13 28
5 24 2 7 28 30
5 24 31 12 13 28
5 24 12 13 20 15
5 24 32 12 20 15
5 24 2 6 28 30
5 24 31 2 6 30
5 24 31 2 6 28
5 24 31 12 6 28
5 24 31 12 13 9
5 24 12 13 9 15
5 24 32 12 9 15
5 24 32 12 6 9
5 24 31 12 6 9
5 24 32 6 9 30
5 24 31 6 9 30
5 19 3 29 7 28
5 19 6 7 28 30
5 19 24 7 28 30
5 19 24 3 7 30
5 19 24 3 7 28
5 19 24 6 28 30
5 19 3 0 7 30
5 19 3 29 0 7
5 19 17 6 7 8
5 19 17 6 7 28
5 19 29 0 7 8
5 19 24 32 6 30
5 19 32 3 0 30
5 19 24 12 6 28
5 19 24 32 12 6
5 19 6 18 7 8
5 19 6 18 7 30
5 19 0 18 7 8
5 19 0 18 7 30
5 19 32 6 18 30
5 19 32 0 18 30
5 19 32 0 18 8
5 19 6 18 11 8
5 19 17 6 11 8
5 19 32 6 18 11
5 10 2 25 6 7
5 10 2 7 30 1
5 10 2 6 7 30
5 10 2 25 4 1
5 10 2 25 6 30
5 10 25 11 4 1
5 10 25 18 11 1
5 10 25 6 18 11
5 10 18 7 30 1
5 10 6 18 7 30
5 10 31 2 25 4
5 10 25 6 18 30
5 10 2 26 30 1
5 10 2 26 25 1
5 10 2 26 25 30
5 10 18 11 1 8
5 10 18 7 1 8
5 10 6 18 11 8
5 10 6 18 7 8
5 10 11 4 1 8
5 10 25 17 11 4
5 10 25 17 6 11
5 10 2 7 28 4
5 10 31 2 28 4
5 10 2 25 7 28
5 10 31 2 25 28
5 10 26 18 30 1
5 10 26 25 18 1
5 10 26 25 18 30
5 10 17 11 4 8
5 10 17 6 11 8
5 10 17 7 4 8
5 10 17 6 7 8
5 10 17 7 28 4
5 10 17 6 7 28
5 10 25 6 7 28
5 10 31 17 28 4
5 10 31 25 17 4
5 10 31 17 6 28
5 10 31 25 6 28
5 10 31 25 17 6
5 5 22 21 13 9
5 5 22 21 13 14
5 5 2 21 13 14
5 5 2 3 21 30
5 5 3 22 21 14
5 5 2 3 21 14
5 5 22 21 9 30
5 5 3 22 21 30
5 5 2 21 9 30
5 5 2 21 13 9
5 5 22 13 20 14
5 5 3 22 20 14
5 5 24 2 13 14
5 5 22 13 9 15
5 5 24 13 9 15
5 5 32 22 9 30
5 5 32 3 22 30
5 5 2 3 7 30
5 5 24 3 7 30
5 5 24 2 7 30
5 5 24 13 20 14
5 5 24 3 20 14
5 5 24 3 29 14
5 5 24 2 29 14
5 5 24 32 9 30
5 5 32 22 9 15
5 5 24 32 9 15
5 5 22 13 20 15
5 5 24 13 20 15
5 5 32 3 22 20
5 5 24 32 3 20
5 5 31 2 9 30
5 5 24 31 9 30
5 5 24 31 2 30
5 5 31 2 13 9
5 5 24 31 13 9
5 5 24 31 2 13
5 5 24 3 29 7
5 5 24 2 29 7
5 5 3 29 7 14
5 5 2 29 7 14
5 5 2 3 7 14
5 5 19 32 3 30
5 5 19 24 3 30
5 5 19 24 32 30
5 5 19 24 32 3
5 5 32 22 20 15
5 5 24 32 20 15
5 27 19 3 29 28
5 27 24 29 20 28
5 27 24 3 29 28
5 27 24 3 29 20
5 27 19 24 3 28
5 27 3 29 0 20
5 27 19 3 29 0
5 27 19 29 7 28
5 27 19 29 0 8
5 23 32 12 17 6
5 23 19 32 12 6
5 23 12 17 6 28
5 23 19 17 6 28
5 23 19 12 6 28
5 23 32 17 6 11
5 23 19 17 6 11
5 23 19 32 6 11
5 23 32 12 20 15
5 23 32 12 17 15
5 23 12 17 20 28
5 23 27 17 28 8
5 23 32 17 11 15
5 23 19 17 11 8
5 23 12 17 11 15
5 23 24 12 20 28
5 23 24 32 12 20
5 23 19 24 12 28
5 23 19 24 32 12
5 23 17 7 28 8
5 23 19 17 7 8
5 23 19 17 7 28
5 23 27 19 7 28
5 23 27 24 20 28
5 23 27 19 24 28
5 23 32 18 11 15
5 23 19 18 11 8
5 23 19 32 18 8
5 23 19 32 18 11
5 23 24 32 3 20
5 23 19 24 32 3
5 23 29 7 28 8
5 23 27 29 28 8
5 23 27 29 7 28
5 23 19 29 7 8
5 23 27 19 29 8
5 23 27 19 29 7
5 23 27 24 3 20
5 23 27 19 24 3
5 23 19 32 0 8
5 23 27 19 0 8
5 23 32 3 0 20
5 23 27 3 0 20
5 23 19 32 3 0
5 23 27 19 3 0
