123
5 13 18 11 9 0
5 13 11 17 0 3
5 13 18 11 17 0
5 1 11 17 0 3
5 1 8 11 17 0
5 6 1 8 14 5
5 15 13 18 11 17
5 15 13 18 11 9
5 4 13 17 0 3
5 4 18 14 17 5
5 4 15 18 17 2
5 4 15 13 18 17
5 4 1 8 5 3
5 4 1 17 0 3
5 4 1 8 0 3
5 4 1 8 17 0
5 12 1 11 0 3
5 12 1 8 11 17
5 12 4 1 8 17
5 12 1 11 17 3
5 12 4 1 17 3
5 12 13 11 17 3
5 12 4 13 17 3
5 7 13 18 9 0
5 7 6 8 14 5
5 7 15 6 9 0
5 7 6 13 0 3
5 7 8 14 17 5
5 7 18 14 17 5
5 7 18 11 9 0
5 7 15 11 9 0
5 7 15 18 11 9
5 7 15 6 11 0
5 7 4 13 18 5
5 7 6 1 8 0
5 7 6 1 8 5
5 7 6 8 17 0
5 7 6 1 0 3
5 7 6 1 5 3
5 7 4 8 17 5
5 7 4 18 17 5
5 7 18 11 17 0
5 7 15 18 11 17
5 7 1 8 0 3
5 7 1 8 5 3
5 7 4 8 0 3
5 7 4 13 0 3
5 7 4 8 5 3
5 7 4 13 5 3
5 7 4 8 17 0
5 7 13 18 17 0
5 7 4 13 17 0
5 7 4 13 18 17
5 16 12 11 17 2
5 16 12 8 11 17
5 16 12 11 0 2
5 16 15 11 17 2
5 16 8 11 17 0
5 16 6 8 17 0
5 16 12 4 17 2
5 16 12 4 8 17
5 16 12 1 0 2
5 16 1 8 11 0
5 16 12 1 11 0
5 16 12 1 8 11
5 16 15 11 9 2
5 16 7 15 11 17
5 16 7 15 6 11
5 16 6 1 8 14
5 16 7 8 14 17
5 16 7 6 8 17
5 16 7 6 8 14
5 16 11 9 0 2
5 16 6 9 0 2
5 16 6 1 0 2
5 16 6 1 8 0
5 16 7 11 17 0
5 16 7 6 17 0
5 16 7 6 11 0
5 16 4 18 17 2
5 16 4 18 14 2
5 16 4 18 14 17
5 16 8 14 17 5
5 16 4 14 17 5
5 16 4 8 17 5
5 16 15 18 17 2
5 16 7 15 18 17
5 16 6 14 9 2
5 16 15 14 9 2
5 16 15 11 9 0
5 16 15 6 9 0
5 16 15 6 11 0
5 16 7 18 14 17
5 16 15 18 14 2
5 16 7 6 14 9
5 16 7 15 6 9
5 16 15 18 14 9
5 16 7 18 14 9
5 16 7 15 18 9
5 10 12 4 17 2
5 10 12 4 13 17
5 10 4 15 17 2
5 10 4 15 13 17
5 10 12 11 17 2
5 10 12 13 11 2
5 10 12 13 11 17
5 10 12 4 13 3
5 10 15 11 17 2
5 10 15 13 11 2
5 10 15 13 11 17
5 10 4 15 18 2
5 10 4 15 13 18
5 10 4 13 5 3
5 10 4 1 5 3
5 10 12 4 1 3
5 10 16 12 4 2
5 10 4 18 14 2
5 10 16 4 14 2
5 10 16 4 14 5
5 10 4 1 8 5
5 10 12 4 1 8
5 10 16 4 8 5
5 10 16 12 4 8
