324
5 27 31 13 21 25
5 27 15 13 21 25
5 6 2 11 19 5
5 6 1 11 19 5
5 6 9 11 0 21
5 24 9 3 19 25
5 24 22 3 19 25
5 24 9 3 19 32
5 24 6 9 19 32
5 24 6 9 11 19
5 24 6 2 19 32
5 24 6 2 11 19
5 28 22 3 19 25
5 28 24 22 19 25
5 28 1 11 19 5
5 28 27 15 21 25
5 28 27 1 15 21
5 28 24 22 2 8
5 28 27 2 15 8
5 17 24 3 19 32
5 17 24 22 3 19
5 17 9 3 19 32
5 12 27 31 13 25
5 12 27 31 21 25
5 12 9 31 3 25
5 7 6 9 0 32
5 20 24 9 19 25
5 20 24 9 11 19
5 20 28 24 19 25
5 20 28 24 11 19
5 20 28 1 11 19
5 20 6 9 11 19
5 20 6 1 11 19
5 20 28 27 1 11
5 20 27 11 21 25
5 20 27 1 11 21
5 20 6 9 11 21
5 20 6 1 11 21
5 20 28 15 21 25
5 20 28 1 15 21
5 20 28 27 21 25
5 20 28 27 1 21
5 4 27 15 13 25
5 30 1 2 11 5
5 30 28 1 11 5
5 30 28 1 2 11
5 30 28 24 2 11
5 30 28 1 15 5
5 30 2 11 19 5
5 30 24 2 11 19
5 30 28 11 19 5
5 30 28 24 11 19
5 30 27 2 15 5
5 30 27 1 15 5
5 30 27 1 2 5
5 30 28 27 2 15
5 30 28 27 1 15
5 30 28 27 1 2
5 30 28 24 22 19
5 30 28 24 22 2
5 30 28 2 15 8
5 30 4 28 15 8
5 30 17 24 22 19
5 30 17 24 22 2
5 30 28 22 2 8
5 30 6 2 19 5
5 30 6 2 19 32
5 30 24 2 19 32
5 30 17 24 19 32
5 30 17 24 2 32
5 30 17 22 2 8
5 30 7 6 2 5
5 30 7 6 2 32
5 14 17 31 8 13
5 14 12 27 13 25
5 14 4 27 13 25
5 14 27 15 8 13
5 14 4 15 8 13
5 14 4 27 15 13
5 14 12 3 13 25
5 14 30 17 8 13
5 14 30 4 8 13
5 14 30 4 17 13
5 14 4 17 3 13
5 14 4 17 22 3
5 14 30 17 22 8
5 14 30 4 17 22
5 14 4 3 13 25
5 14 28 27 15 25
5 14 4 27 15 25
5 14 4 28 15 25
5 14 28 27 15 8
5 14 4 28 15 8
5 14 30 28 22 8
5 14 30 4 28 8
5 14 30 4 28 22
5 14 28 22 3 25
5 14 4 28 3 25
5 14 4 28 22 3
5 23 28 27 2 8
5 23 28 24 2 8
5 23 28 24 2 11
5 23 27 11 21 25
5 23 14 12 27 25
5 23 14 12 27 8
5 23 27 1 2 11
5 23 28 1 2 11
5 23 28 27 1 11
5 23 28 27 1 2
5 23 14 28 27 25
5 23 14 28 27 8
5 23 28 24 22 25
5 23 28 24 22 8
5 23 24 22 3 25
5 23 20 27 11 25
5 23 20 28 27 25
5 23 20 28 27 11
5 23 20 28 24 25
5 23 20 28 24 11
5 23 20 24 9 25
5 23 20 24 9 11
5 23 24 9 3 25
5 23 20 11 21 25
5 23 20 9 21 25
5 23 20 9 11 21
5 23 14 28 22 25
5 23 14 28 22 8
5 16 9 31 21 25
5 16 12 31 21 25
5 16 12 9 31 25
5 16 23 9 21 25
5 16 9 31 0 21
5 16 12 27 21 25
5 16 23 27 21 25
5 16 23 12 27 25
5 16 23 9 3 25
5 16 9 11 0 21
5 16 23 9 11 21
5 16 7 6 9 0
5 16 6 9 11 0
5 16 6 11 0 21
5 16 9 31 0 32
5 16 7 31 0 32
5 16 7 9 0 32
5 16 7 12 31 32
5 16 7 6 9 32
5 16 24 6 9 32
5 16 24 6 9 11
5 16 23 24 9 11
5 29 30 2 15 5
5 29 30 4 15 5
5 29 30 2 15 8
5 29 30 4 15 8
5 29 27 2 15 5
5 29 27 2 15 8
5 29 30 7 2 5
5 29 30 4 8 13
5 29 30 7 2 32
5 29 27 1 2 5
5 29 30 17 8 13
5 29 17 2 8 32
5 29 30 17 2 32
5 29 30 17 2 8
5 29 27 1 2 11
5 29 17 31 8 32
5 29 17 31 8 13
5 29 12 31 8 32
5 29 7 12 31 32
5 29 16 7 12 32
5 29 7 6 2 5
5 29 6 1 11 21
5 29 1 2 11 5
5 29 6 2 11 5
5 29 6 1 11 5
5 29 23 27 2 8
5 29 23 27 2 11
5 29 16 7 6 11
5 10 12 9 3 25
5 10 16 9 3 25
5 10 16 12 9 25
5 10 16 23 3 25
5 10 16 23 12 25
5 10 12 9 31 3
5 10 16 12 9 31
5 10 16 9 3 32
5 10 16 9 31 32
5 10 16 12 31 32
5 10 14 22 3 25
5 10 14 12 3 25
5 10 17 9 3 32
5 10 14 17 22 3
5 10 17 31 8 32
5 10 12 31 8 32
5 10 14 17 3 13
5 10 14 12 3 13
5 10 14 17 31 8
5 10 14 12 31 8
5 10 14 17 31 13
5 10 14 12 31 13
5 10 29 12 8 32
5 26 23 12 27 8
5 26 16 23 12 8
5 26 16 23 12 27
5 26 29 23 27 8
5 26 29 12 31 8
5 26 16 23 27 21
5 26 14 12 31 8
5 26 14 12 27 8
5 26 29 31 8 13
5 26 12 27 31 21
5 26 16 12 31 21
5 26 16 12 27 21
5 26 16 7 12 31
5 26 29 7 12 31
5 26 29 16 7 12
5 26 23 27 11 21
5 26 29 23 27 11
5 26 16 23 11 21
5 26 29 16 23 11
5 26 14 31 8 13
5 26 14 27 8 13
5 26 12 27 31 13
5 26 14 12 31 13
5 26 14 12 27 13
5 26 27 15 8 13
5 26 29 27 15 8
5 26 16 31 0 21
5 26 16 7 31 0
5 26 27 1 11 21
5 26 29 1 11 21
5 26 29 27 1 11
5 26 16 6 11 21
5 26 29 6 11 21
5 26 29 16 6 11
5 26 4 15 8 13
5 26 29 4 8 13
5 26 29 4 15 8
5 26 31 0 13 21
5 26 27 31 13 21
5 26 27 1 15 21
5 26 29 16 7 6
5 26 4 15 13 5
5 26 29 4 13 5
5 26 29 4 15 5
5 26 15 0 13 21
5 26 27 15 13 21
5 26 16 6 0 21
5 26 16 7 6 0
5 26 27 1 15 5
5 26 29 27 15 5
5 26 29 27 1 5
5 26 7 6 0 5
5 26 29 7 6 5
5 26 6 1 0 21
5 26 29 6 1 21
5 26 6 1 0 5
5 26 29 6 1 5
5 18 10 29 12 8
5 18 26 16 12 8
5 18 26 29 12 8
5 18 26 29 16 12
5 18 16 23 12 8
5 18 10 16 23 12
5 18 10 29 8 32
5 18 29 16 12 32
5 18 10 16 12 32
5 18 10 29 12 32
5 18 26 16 23 8
5 18 26 29 23 8
5 18 26 29 16 23
5 18 23 14 12 8
5 18 10 14 12 8
5 18 23 14 22 8
5 18 23 14 12 25
5 18 10 14 12 25
5 18 10 23 12 25
5 18 23 24 22 8
5 18 10 16 23 3
5 18 29 2 8 32
5 18 29 16 7 32
5 18 10 16 3 32
5 18 23 24 2 8
5 18 29 23 2 8
5 18 16 23 24 11
5 18 29 16 23 11
5 18 14 17 22 8
5 18 10 14 17 8
5 18 10 14 17 22
5 18 23 14 22 25
5 18 10 14 22 25
5 18 23 24 22 3
5 18 23 24 9 3
5 18 16 23 9 3
5 18 16 23 24 9
5 18 24 22 2 8
5 18 29 7 2 32
5 18 16 24 6 32
5 18 16 7 6 32
5 18 29 16 7 11
5 18 10 17 8 32
5 18 24 9 3 32
5 18 16 9 3 32
5 18 16 24 9 32
5 18 17 24 3 32
5 18 10 17 3 32
5 18 23 24 2 11
5 18 29 23 2 11
5 18 23 22 3 25
5 18 10 22 3 25
5 18 10 23 3 25
5 18 17 24 22 3
5 18 10 17 22 3
5 18 17 2 8 32
5 18 17 22 2 8
5 18 17 24 2 32
5 18 17 24 22 2
5 18 24 6 2 32
5 18 7 6 2 32
5 18 16 24 6 11
5 18 16 7 6 11
5 18 24 6 2 11
5 18 29 6 2 11
5 18 29 7 6 11
5 18 29 7 6 2
