356
5 32 4 31 27 29
5 10 32 31 27 29
5 15 19 2 12 29
5 15 20 2 12 29
5 15 19 14 12 29
5 15 20 14 12 29
5 15 1 19 14 12
5 8 7 19 2 12
5 8 15 7 19 2
5 28 15 20 2 29
5 28 20 2 12 29
5 28 20 14 12 29
5 28 20 18 14 12
5 30 4 7 27 5
5 30 7 19 27 5
5 0 15 20 14 29
5 0 15 1 19 14
5 0 15 19 14 29
5 0 32 19 27 29
5 0 10 32 27 29
5 0 32 19 27 5
5 0 32 19 29 5
5 0 19 14 12 29
5 0 1 19 14 12
5 17 28 18 2 24
5 17 28 20 18 24
5 17 30 8 7 12
5 17 28 18 2 12
5 17 28 20 2 12
5 17 28 20 18 12
5 6 28 2 24 29
5 6 8 15 7 2
5 6 28 15 2 29
5 6 28 15 20 2
5 6 19 2 29 5
5 6 7 19 2 5
5 6 15 19 2 29
5 6 15 7 19 2
5 6 15 19 29 5
5 6 15 7 19 5
5 11 10 31 24 29
5 11 28 31 24 29
5 11 10 31 27 29
5 11 28 31 27 29
5 11 28 20 14 29
5 11 28 20 18 14
5 11 28 20 27 29
5 11 28 20 31 27
5 11 0 20 14 29
5 11 0 10 14 29
5 11 0 10 27 29
5 25 30 4 31 24
5 25 30 4 7 5
5 25 30 4 7 24
5 25 32 4 27 5
5 25 30 4 27 5
5 25 30 8 7 24
5 25 17 8 7 24
5 25 17 30 8 24
5 25 17 30 8 7
5 25 30 7 19 5
5 25 30 1 7 12
5 25 17 30 7 12
5 25 17 30 1 12
5 26 28 8 2 24
5 26 17 8 2 24
5 26 17 28 2 24
5 26 28 8 20 24
5 26 17 28 20 24
5 26 28 8 20 2
5 26 17 28 20 2
5 26 17 20 2 12
5 26 17 8 2 12
5 26 15 20 2 12
5 26 15 19 2 12
5 26 8 19 2 12
5 26 8 15 19 2
5 26 6 15 20 2
5 26 6 8 20 2
5 26 6 8 15 2
5 26 17 30 1 12
5 26 17 30 8 12
5 26 15 1 19 12
5 26 15 20 14 12
5 26 15 1 14 12
5 26 20 18 14 12
5 26 17 20 18 12
5 26 1 18 14 12
5 26 17 1 18 12
5 26 17 1 18 14
5 26 30 1 7 12
5 26 30 8 7 12
5 26 1 7 19 12
5 26 8 7 19 12
5 26 30 15 1 19
5 26 30 1 7 19
5 26 8 15 7 19
5 26 30 15 7 19
5 22 28 8 2 24
5 22 6 8 2 24
5 22 6 28 2 24
5 22 28 8 20 24
5 22 28 8 20 2
5 22 6 8 20 2
5 22 6 28 20 2
5 22 28 20 31 24
5 22 6 8 7 24
5 22 28 31 24 29
5 22 6 31 24 29
5 22 6 28 24 29
5 22 28 20 31 27
5 22 30 8 7 24
5 22 17 30 8 24
5 22 6 4 31 24
5 22 6 4 7 24
5 22 30 4 31 24
5 22 30 4 7 24
5 22 26 8 20 24
5 22 26 17 20 24
5 22 26 17 8 24
5 22 26 17 30 8
5 22 6 4 31 29
5 22 30 4 31 27
5 22 30 4 7 27
5 22 26 6 15 20
5 22 26 6 8 20
5 22 26 6 8 15
5 21 28 20 18 24
5 21 11 28 18 24
5 21 11 28 20 18
5 21 17 20 18 24
5 21 25 17 18 24
5 21 11 10 31 24
5 21 22 17 20 24
5 21 11 20 18 14
5 21 25 17 30 24
5 21 25 17 30 18
5 21 22 17 30 24
5 21 26 20 18 14
5 21 26 17 18 14
5 21 26 17 20 18
5 21 17 1 18 14
5 21 17 30 1 18
5 21 22 26 17 20
5 21 22 26 17 30
5 13 6 28 15 29
5 13 22 6 28 29
5 13 6 28 15 20
5 13 22 6 15 20
5 13 22 6 28 20
5 13 28 20 27 29
5 13 28 15 20 29
5 13 28 31 27 29
5 13 22 28 31 29
5 13 22 28 31 27
5 13 22 28 20 27
5 13 6 15 29 5
5 13 22 6 4 29
5 13 0 15 20 29
5 13 4 31 27 29
5 13 22 4 31 29
5 13 22 4 31 27
5 13 22 26 15 20
5 13 15 19 29 5
5 13 6 4 29 5
5 13 6 15 7 5
5 13 22 4 7 27
5 13 22 6 4 7
5 13 6 8 15 7
5 13 22 6 8 7
5 13 22 6 8 15
5 13 11 20 27 29
5 13 11 0 27 29
5 13 11 0 20 29
5 13 11 0 20 27
5 13 0 19 27 29
5 13 0 15 19 29
5 13 0 20 27 14
5 13 0 15 20 14
5 13 22 26 30 20
5 13 32 19 29 5
5 13 32 19 27 5
5 13 32 19 27 29
5 13 7 19 27 5
5 13 15 7 19 5
5 13 32 4 29 5
5 13 32 4 27 5
5 13 32 4 27 29
5 13 4 7 27 5
5 13 6 4 7 5
5 13 26 30 15 7
5 13 22 30 7 27
5 13 26 8 15 7
5 13 22 26 8 15
5 13 0 1 19 27
5 13 0 15 1 19
5 13 0 1 27 14
5 13 0 15 1 14
5 13 26 30 1 27
5 13 26 30 15 1
5 13 26 15 20 14
5 13 26 15 1 14
5 13 30 7 19 27
5 13 30 15 7 19
5 13 26 30 8 7
5 13 22 30 8 7
5 13 22 26 30 8
5 13 30 1 19 27
5 13 30 15 1 19
5 16 21 28 20 24
5 16 21 11 28 24
5 16 21 11 28 20
5 16 28 20 31 24
5 16 11 28 31 24
5 16 11 28 20 31
5 16 21 11 31 24
5 16 22 20 31 24
5 16 21 22 20 24
5 16 21 11 10 31
5 16 21 11 20 14
5 16 21 10 4 31
5 16 21 10 32 4
5 16 21 26 20 14
5 16 26 17 1 14
5 16 21 17 1 14
5 16 21 26 17 14
5 16 26 17 30 1
5 16 21 17 30 1
5 16 21 26 17 30
5 3 22 30 31 24
5 3 21 22 30 24
5 3 25 30 31 24
5 3 21 25 31 24
5 3 21 25 30 24
5 3 16 22 31 24
5 3 16 21 31 24
5 3 16 21 22 24
5 3 22 30 31 27
5 3 21 22 26 30
5 3 16 21 26 30
5 3 25 30 4 31
5 3 21 25 4 31
5 3 16 21 4 31
5 3 30 4 31 27
5 3 22 20 31 27
5 3 16 22 20 31
5 3 22 26 30 20
5 3 21 22 26 20
5 3 16 21 26 20
5 3 16 21 22 20
5 3 25 30 4 27
5 3 21 25 32 4
5 3 16 21 32 4
5 3 16 21 25 32
5 3 32 4 31 27
5 3 11 20 31 27
5 3 16 11 20 27
5 3 16 11 20 31
5 3 13 22 20 27
5 3 13 22 30 27
5 3 13 22 30 20
5 3 16 26 30 27
5 3 25 32 4 27
5 3 10 32 31 27
5 3 10 32 4 31
5 3 16 10 4 31
5 3 16 10 32 4
5 3 11 10 31 27
5 3 16 11 10 31
5 3 13 26 30 27
5 3 13 26 30 20
5 3 16 13 20 27
5 3 16 13 26 27
5 3 16 13 26 20
5 3 0 10 32 27
5 3 11 0 10 27
5 23 21 30 1 18
5 23 21 25 30 18
5 23 16 21 25 32
5 23 0 32 27 5
5 23 25 32 27 5
5 23 17 30 1 18
5 23 25 17 30 18
5 23 25 17 30 1
5 23 3 16 25 32
5 23 3 0 32 27
5 23 3 25 32 27
5 23 17 1 18 12
5 23 25 17 1 12
5 23 0 19 27 5
5 23 0 1 19 27
5 23 3 21 25 30
5 23 3 16 21 30
5 23 3 16 21 25
5 23 25 7 19 5
5 23 1 7 19 12
5 23 25 1 7 12
5 23 30 19 27 5
5 23 25 30 27 5
5 23 25 30 19 5
5 23 30 1 19 27
5 23 3 25 30 27
5 23 30 1 7 19
5 23 25 30 7 19
5 23 25 30 1 7
5 9 21 1 18 14
5 9 23 1 18 14
5 9 23 21 1 18
5 9 16 21 1 14
5 9 11 10 18 14
5 9 21 11 18 14
5 9 21 11 10 18
5 9 16 21 30 1
5 9 23 21 30 1
5 9 23 16 21 30
5 9 16 21 11 14
5 9 16 21 11 10
5 9 23 3 16 30
5 9 11 0 10 14
5 9 16 21 10 32
5 9 23 21 10 32
5 9 23 16 21 32
5 9 16 26 1 14
5 9 3 16 30 27
5 9 0 1 27 14
5 9 23 0 1 14
5 9 23 0 1 27
5 9 23 3 0 27
5 9 23 30 1 27
5 9 23 3 30 27
5 9 11 0 20 14
5 9 16 11 20 14
5 9 3 11 0 10
5 9 3 16 11 10
5 9 3 0 10 32
5 9 23 0 10 32
5 9 23 3 0 32
5 9 3 16 10 32
5 9 23 3 16 32
5 9 13 1 27 14
5 9 13 26 1 14
5 9 13 26 1 27
5 9 16 13 26 27
5 9 26 30 1 27
5 9 16 26 30 27
5 9 16 26 30 1
5 9 0 20 27 14
5 9 3 11 0 27
5 9 3 16 11 27
5 9 11 0 20 27
5 9 16 11 20 27
5 9 13 20 27 14
5 9 16 13 20 27
5 9 13 26 20 14
5 9 16 26 20 14
5 9 16 13 26 20
