226
5 8 6 4 25 3
5 8 16 6 19 25
5 8 16 6 4 25
5 14 16 19 0 25
5 14 16 4 0 25
5 14 22 0 25 3
5 14 22 19 0 25
5 14 8 4 25 3
5 17 8 16 19 15
5 12 14 4 0 3
5 12 14 16 4 0
5 2 12 22 0 20
5 9 22 6 25 3
5 9 8 21 6 3
5 13 8 21 4 15
5 13 9 8 21 6
5 13 17 8 19 15
5 7 8 16 4 25
5 7 14 16 4 25
5 7 14 8 4 25
5 7 8 16 19 25
5 7 14 16 19 25
5 7 14 8 19 25
5 7 17 8 16 19
5 7 8 16 4 15
5 7 17 8 16 15
5 7 12 14 16 4
5 7 8 21 4 3
5 7 14 8 4 3
5 7 8 21 4 15
5 7 12 21 4 3
5 7 12 14 4 3
5 7 13 8 21 15
5 7 13 17 21 15
5 7 13 17 8 15
5 7 13 17 8 21
5 11 14 16 19 0
5 11 12 14 16 0
5 11 2 12 16 0
5 11 7 14 16 19
5 11 7 12 14 16
5 11 7 17 16 19
5 24 7 16 4 15
5 24 7 21 4 15
5 24 2 17 16 15
5 24 9 2 17 15
5 24 7 17 16 15
5 24 7 17 21 15
5 24 7 12 16 4
5 24 7 12 21 4
5 24 13 17 21 15
5 24 11 7 17 16
5 24 11 7 12 16
5 24 11 7 12 21
5 24 11 2 17 16
5 24 11 2 12 16
5 24 2 12 21 20
5 10 9 22 19 25
5 10 9 22 6 25
5 10 22 19 0 25
5 10 22 6 0 25
5 10 9 2 22 6
5 10 2 22 6 0
5 10 16 19 0 25
5 10 16 6 0 25
5 10 2 16 6 0
5 10 16 6 19 25
5 10 9 2 6 15
5 10 9 2 17 15
5 10 11 16 19 0
5 10 11 2 16 0
5 10 2 16 6 15
5 10 13 17 19 15
5 10 17 16 19 15
5 10 2 17 16 15
5 10 13 9 6 15
5 10 13 9 17 15
5 10 11 17 16 19
5 10 11 2 17 16
5 10 8 16 19 15
5 10 8 16 6 15
5 10 8 16 6 19
5 10 13 8 19 15
5 10 13 8 6 15
5 5 8 6 19 25
5 5 10 6 19 25
5 5 10 9 19 25
5 5 10 9 6 25
5 5 8 6 25 3
5 5 9 6 25 3
5 5 9 8 6 3
5 5 10 8 6 19
5 5 14 19 25 3
5 5 14 8 25 3
5 5 14 8 19 25
5 5 9 22 19 25
5 5 9 8 21 3
5 5 10 13 8 19
5 5 13 9 8 6
5 5 10 13 8 6
5 5 10 13 9 6
5 5 13 17 8 19
5 5 10 13 17 19
5 5 10 13 9 17
5 5 9 22 21 20
5 5 10 9 22 19
5 5 7 17 8 19
5 5 7 17 8 21
5 5 13 17 8 21
5 5 13 9 8 21
5 5 10 11 17 19
5 5 11 7 17 19
5 5 24 13 17 21
5 5 24 13 9 21
5 5 13 9 17 15
5 5 24 9 17 15
5 5 24 13 17 15
5 5 24 13 9 15
5 23 14 22 19 0
5 23 11 14 19 0
5 23 12 22 0 20
5 23 10 22 19 0
5 23 10 11 19 0
5 23 2 12 0 20
5 23 11 2 12 20
5 23 11 2 12 0
5 23 2 22 0 20
5 23 10 2 22 0
5 23 10 11 2 0
5 23 5 10 22 19
5 23 9 2 22 20
5 23 10 9 2 20
5 23 10 9 2 22
5 23 5 22 21 20
5 23 5 9 22 20
5 23 5 10 9 22
5 1 7 12 21 3
5 1 11 7 12 21
5 1 7 8 21 3
5 1 5 8 21 3
5 1 5 7 8 21
5 1 5 11 7 19
5 1 24 11 12 21
5 1 23 5 21 20
5 1 7 12 14 3
5 1 11 7 12 14
5 1 5 7 8 19
5 1 23 5 22 21
5 1 23 5 11 19
5 1 11 7 14 19
5 1 12 22 21 3
5 1 12 22 21 20
5 1 23 11 12 20
5 1 7 14 8 3
5 1 7 14 8 19
5 1 5 14 19 3
5 1 5 14 8 3
5 1 5 14 8 19
5 1 23 22 21 20
5 1 9 22 21 3
5 1 5 9 21 3
5 1 5 9 22 21
5 1 23 5 22 19
5 1 23 11 14 19
5 1 23 12 22 20
5 1 12 14 0 3
5 1 11 12 14 0
5 1 23 11 14 0
5 1 23 11 12 0
5 1 9 22 25 3
5 1 5 9 25 3
5 1 5 9 22 25
5 1 5 19 25 3
5 1 5 22 19 25
5 1 23 14 22 19
5 1 12 22 0 3
5 1 23 12 22 0
5 1 14 22 0 3
5 1 23 14 22 0
5 1 14 19 25 3
5 1 14 22 25 3
5 1 14 22 19 25
5 18 1 11 12 20
5 18 1 24 11 12
5 18 11 2 12 20
5 18 24 2 12 20
5 18 24 11 2 12
5 18 24 12 21 20
5 18 1 12 21 20
5 18 1 24 12 21
5 18 24 11 2 17
5 18 1 5 21 20
5 18 1 23 11 20
5 18 1 23 5 20
5 18 1 23 5 11
5 18 10 11 2 17
5 18 24 9 21 20
5 18 5 9 21 20
5 18 5 24 9 21
5 18 5 24 17 21
5 18 5 10 11 17
5 18 1 24 11 21
5 18 5 11 7 17
5 18 1 5 11 7
5 18 23 11 2 20
5 18 23 10 2 20
5 18 23 10 11 2
5 18 24 9 2 20
5 18 24 9 2 17
5 18 5 24 9 17
5 18 5 7 17 21
5 18 1 5 7 21
5 18 23 10 9 20
5 18 23 5 9 20
5 18 23 5 10 9
5 18 5 10 11 19
5 18 23 10 11 19
5 18 23 5 11 19
5 18 23 5 10 19
5 18 24 7 17 21
5 18 24 11 7 21
5 18 24 11 7 17
5 18 1 11 7 21
5 18 10 9 2 20
5 18 10 9 2 17
5 18 5 10 9 17
