4
33
7.16785 3.90896 -4.83135 -6.2096
-2.64438 -7.52257 -7.84689 8.41967
4.11108 1.049 -0.218279 3.70614
2.41 5.14009 -0.81078 -5.26282
-2.03817 -6.92955 4.6895 8.84299
0.975193 5.70251 -0 -3.37802
-1.38725 -3.67071 -0 -1.88459
8.84032 -1.72998 -0 -2.28384
9.85684 -8.84821 -0 -7.69517
-4.25891 1.79266 -0 1.88311
1.96832 -5.74504 -0 5.52412
-5.82435 -9.70005 -0 1.78293
-6.83042 -0.474803 6.34045 -0
-0.430464 4.71438 7.35795 -0
6.21588 9.53789 -2.13461 -0
-8.75403 0.870231 0.288942 -0
-7.08695 9.25831 -7.59476 -0
-3.84785 -7.31927 7.22199 -0
-5.01036 -8.09312 -4.58727 -0
-0 -3.89557 0.184753 -5.82094
-0 8.91498 5.02371 -8.5092
-0 5.55573 -4.14753 3.81997
-0 8.53946 -1.80974 -3.96186
-0 -5.09565 2.89806 -8.3889
-0 2.60536 5.99776 -3.07768
-0 -1.34041 1.10868 4.94585
-4.25888 -0 -6.96806 6.18442
4.63485 -0 4.61563 -8.81659
1.15173 -0 7.18978 -4.43219
8.8391 -0 2.47161 -6.31323
-0.271001 -0 -2.1378 -0.447278
-2.1769 -0 5.60614 1.36921
-4.49662 -0 -2.94843 -4.51867
