4
26
-5.3174 1.78342 -0.224511 -7.87717
-8.61388 0.9835 1.9188 -8.2095
-7.10801 0.934836 1.7579 -4.76756
9.91919 2.98435 3.60776 0.727661
8.96847 -2.27204 6.36794 -4.47425
-0 -6.41901 2.93173 -2.30443
-0 4.12487 7.99726 -9.80829
-0 2.15295 1.54044 -7.77728
-0 8.60126 8.54346 -4.46861
-0 -5.98279 1.47302 2.4424
-0 -7.95412 -8.13534 -6.34059
-0 -2.20719 -3.3698 -0.706509
5.66974 0.592871 -0 -1.00044
5.49473 7.05908 -0 8.79847
-2.23482 0.263122 -0 -8.84821
-1.74086 -6.24588 -0 6.79797
9.17464 7.4125 -0 -3.45898
-5.12705 3.2952 -0 -9.42109
2.59234 -6.8397 -0 -4.85852
-1.45867 3.57961 3.33377 -0
-1.77749 -9.31329 5.10059 -0
-5.10901 -7.61885 -8.73046 -0
-5.55715 -8.48561 8.09166 -0
-3.291 -7.19267 6.2061 -0
8.19639 -8.53714 -1.59157 -0
-5.828 8.9905 7.02137 -0
