4
19
-6.09218 9.67122 -2.92788 -2.18814
-5.21243 8.52466 3.63487 4.28528
7.95993 -1.33235 1.62435 -8.26131
-9.98346 3.97179 6.93594 -2.21086
-1.21149 -2.43889 5.45979 -0.842225
-0 -0.939849 2.43459 7.41888
-0 6.06503 -7.58112 3.92656
-0 2.15153 -7.01843 0.0612753
-0 3.56798 2.05855 5.58613
-0 1.97694 -9.36746 -6.99871
-0 -3.79448 9.65671 -3.2805
-0 2.23909 0.522829 -8.65668
2.8067 -0 6.10848 -5.75627
-8.60378 -0 4.90601 -6.43866
4.67943 -0 -3.52662 6.93373
2.26948 -0 -5.26217 -7.18456
6.54558 -0 0.199058 -1.77378
1.07104 -0 0.568644 -4.6404
0.819808 -0 -6.45546 -3.4596
