4
33
9.61697 4.35499 6.87056 0.425097
-0.299159 2.64465 4.79617 -4.29685
-8.77299 2.05227 -0.002701 -0.432356
5.53952 1.82442 -6.41825 3.41783
-2.65896 -4.79729 6.08169 -9.3158
-9.71703 -0 4.96361 -6.52693
-2.81617 -0 7.8891 3.04816
-5.31444 -0 -6.79816 5.14862
-9.93618 -0 1.59291 9.54944
-0.587659 -0 -5.51352 0.675356
-8.18757 -0 -1.77209 0.016452
0.416258 -0 2.83118 1.23268
-0 -0.939849 2.43459 7.41888
-0 6.06503 -7.58112 3.92656
-0 2.15153 -7.01843 0.0612753
-0 3.56798 2.05855 5.58613
-0 1.97694 -9.36746 -6.99871
-0 -3.79448 9.65671 -3.2805
-0 2.23909 0.522829 -8.65668
3.43816 -9.79654 -0 5.48754
-8.83472 4.39438 -0 -8.71567
-1.4389 -2.29208 -0 -0.17652
0.676896 -7.83013 -0 9.42099
-6.93891 -4.07542 -0 -6.08227
-8.34174 5.74953 -0 -7.2726
3.74144 -3.98313 -0 -3.72756
-6.7748 3.37393 3.1094 -0
-9.50617 1.92477 -1.49805 -0
7.93105 9.9382 1.51739 -0
5.59848 -5.25651 8.28436 -0
-8.43297 7.24267 9.43546 -0
-1.7453 5.66252 8.14785 -0
-2.53168 2.31226 -2.12687 -0
