4
26
1.16919 -3.05162 1.20438 7.47021
1.14152 2.39169 0.480895 6.31305
0.620761 -3.06688 -3.21153 -1.32751
8.46444 4.18603 1.09632 6.41233
9.36065 -6.43628 9.86162 -6.74271
-0 9.85103 3.9826 -8.91669
-0 -2.17108 -0.989693 -3.80268
-0 1.13767 9.82785 -5.11679
-0 -0.431533 -1.65516 -6.51625
-0 -1.432 6.86687 3.26517
-0 8.71282 4.99327 3.31529
-0 8.21645 8.50112 3.06952
0.60778 0.01949 8.06621 -0
2.06717 6.21305 8.17592 -0
-2.83183 -7.16502 -2.4101 -0
-4.66112 1.77971 -5.48448 -0
1.41784 -2.62396 4.82001 -0
-2.99778 1.78794 -1.87941 -0
-8.91527 -5.60441 1.77359 -0
-1.6528 -5.03713 -0 9.58046
3.89959 5.16416 -0 -8.86012
-5.36863 6.02407 -0 4.19431
9.60693 3.08828 -0 -4.81862
8.04779 4.91229 -0 3.90996
7.6831 -0.139511 -0 -3.09301
0.932407 -7.42719 -0 -0.832332
