4
26
2.47391 2.1652 3.86918 -8.99285
5.43449 -7.27967 -9.7797 5.53747
-5.02939 6.57319 4.26371 8.31542
-4.00256 7.14636 -0.0711386 8.79112
4.39919 -1.01519 3.39619 5.94792
6.07657 -0 -8.63548 8.96242
5.69572 -0 -1.03283 8.42638
-2.47337 -0 8.90449 6.27209
3.83322 -0 -6.28037 -3.42311
3.1264 -0 -0.584523 3.30262
2.65844 -0 -5.17959 2.66334
7.97083 -0 1.16849 2.54675
3.43816 -9.79654 -0 5.48754
-8.83472 4.39438 -0 -8.71567
-1.4389 -2.29208 -0 -0.17652
0.676896 -7.83013 -0 9.42099
-6.93891 -4.07542 -0 -6.08227
-8.34174 5.74953 -0 -7.2726
3.74144 -3.98313 -0 -3.72756
8.57192 2.01431 -5.22143 -0
-1.60978 9.47684 5.30899 -0
-7.27363 4.47812 0.763129 -0
-7.90797 7.09629 -8.9823 -0
2.02751 4.3431 -6.4207 -0
5.60154 7.65435 1.25943 -0
8.16723 9.10926 -4.30051 -0
