4
33
-4.47279 4.29408 0.327491 -6.68929
-6.33351 3.52226 -7.04497 7.24267
0.639409 -0.611859 -0.218708 -6.46317
3.43551 -7.22664 6.8838 -6.71373
-3.53117 -8.82309 4.5217 4.41349
-0 3.45594 -0.94137 3.03253
-0 -1.18234 -0.201281 -8.17733
-0 -2.75825 -3.95442 0.927373
-0 3.6276 9.35856 -8.42148
-0 -3.40777 0.437051 -5.10184
-0 6.31929 -0.39246 -5.58611
-0 -1.04358 5.10842 4.90164
2.8067 -0 6.10848 -5.75627
-8.60378 -0 4.90601 -6.43866
4.67943 -0 -3.52662 6.93373
2.26948 -0 -5.26217 -7.18456
6.54558 -0 0.199058 -1.77378
1.07104 -0 0.568644 -4.6404
0.819808 -0 -6.45546 -3.4596
5.66974 0.592871 -0 -1.00044
5.49473 7.05908 -0 8.79847
-2.23482 0.263122 -0 -8.84821
-1.74086 -6.24588 -0 6.79797
9.17464 7.4125 -0 -3.45898
-5.12705 3.2952 -0 -9.42109
2.59234 -6.8397 -0 -4.85852
0.60778 0.01949 8.06621 -0
2.06717 6.21305 8.17592 -0
-2.83183 -7.16502 -2.4101 -0
-4.66112 1.77971 -5.48448 -0
1.41784 -2.62396 4.82001 -0
-2.99778 1.78794 -1.87941 -0
-8.91527 -5.60441 1.77359 -0
