4
26
-3.32867 -2.95337 9.53212 9.53735
-5.55155 -4.78402 -3.0503 2.8842
6.35075 -8.24859 6.73697 4.70073
-8.9798 -3.88849 -7.2406 3.49088
-3.72241 8.65115 -8.068 6.8566
-0 -3.89557 0.184753 -5.82094
-0 8.91498 5.02371 -8.5092
-0 5.55573 -4.14753 3.81997
-0 8.53946 -1.80974 -3.96186
-0 -5.09565 2.89806 -8.3889
-0 2.60536 5.99776 -3.07768
-0 -1.34041 1.10868 4.94585
-1.6528 -5.03713 -0 9.58046
3.89959 5.16416 -0 -8.86012
-5.36863 6.02407 -0 4.19431
9.60693 3.08828 -0 -4.81862
8.04779 4.91229 -0 3.90996
7.6831 -0.139511 -0 -3.09301
0.932407 -7.42719 -0 -0.832332
-1.45867 3.57961 3.33377 -0
-1.77749 -9.31329 5.10059 -0
-5.10901 -7.61885 -8.73046 -0
-5.55715 -8.48561 8.09166 -0
-3.291 -7.19267 6.2061 -0
8.19639 -8.53714 -1.59157 -0
-5.828 8.9905 7.02137 -0
