4
33
-1.45384 -5.36092 8.55542 -5.53877
-4.56851 3.999 6.64187 -5.908
7.67908 5.52069 -6.40157 -6.24862
-1.60357 -2.57406 3.33009 3.30863
-2.8547 -6.56788 -1.82253 4.8899
-9.56458 -6.89606 -3.89142 -0
6.74816 1.64047 -7.17348 -0
-3.47523 2.71569 -7.23367 -0
1.5573 6.86432 -4.34124 -0
-1.43289 -1.68829 9.45747 -0
2.01412 -8.42093 8.82758 -0
3.69763 -6.07516 8.31628 -0
-0 9.85103 3.9826 -8.91669
-0 -2.17108 -0.989693 -3.80268
-0 1.13767 9.82785 -5.11679
-0 -0.431533 -1.65516 -6.51625
-0 -1.432 6.86687 3.26517
-0 8.71282 4.99327 3.31529
-0 8.21645 8.50112 3.06952
-4.53367 -0 -1.94732 -9.87231
5.20866 -0 1.52375 -3.26306
0.08607 -0 7.42328 4.42968
5.16429 -0 -3.26634 1.90648
-9.31968 -0 7.03282 -1.9459
8.6243 -0 -1.39163 6.77844
-7.45733 -0 0.459038 4.24684
0.975193 5.70251 -0 -3.37802
-1.38725 -3.67071 -0 -1.88459
8.84032 -1.72998 -0 -2.28384
9.85684 -8.84821 -0 -7.69517
-4.25891 1.79266 -0 1.88311
1.96832 -5.74504 -0 5.52412
-5.82435 -9.70005 -0 1.78293
