122
5 15 11 0 2 17
5 15 11 0 2 16
5 4 15 11 0 17
5 4 15 11 0 16
5 4 5 11 0 16
5 14 15 11 2 17
5 9 7 10 3 16
5 9 15 2 3 16
5 9 15 10 3 16
5 9 7 5 10 3
5 8 5 0 3 16
5 8 11 0 2 16
5 8 11 0 2 17
5 8 14 0 2 17
5 8 14 11 2 17
5 1 5 11 3 16
5 1 4 5 3 16
5 1 4 5 11 16
5 1 7 11 3 16
5 1 7 5 11 3
5 1 4 7 5 11
5 1 7 10 3 16
5 1 7 5 10 3
5 1 15 10 3 16
5 1 4 15 11 16
5 1 4 5 10 17
5 1 4 15 11 17
5 1 4 15 10 17
5 1 14 10 11 2
5 1 14 15 11 2
5 1 14 15 10 2
5 1 14 15 11 17
5 1 14 15 10 17
5 18 7 5 11 3
5 18 5 11 3 16
5 18 8 5 3 16
5 18 5 11 0 16
5 18 8 11 0 16
5 18 8 5 0 16
5 18 8 14 11 2
5 13 9 5 10 3
5 13 9 7 5 10
5 13 8 14 0 2
5 13 8 14 0 17
5 6 18 7 5 3
5 6 18 8 5 3
5 6 9 7 5 3
5 6 18 8 3 16
5 6 13 9 5 3
5 6 13 8 5 3
5 6 8 9 2 3
5 6 13 9 7 5
5 6 8 2 3 16
5 6 7 11 3 16
5 6 18 11 3 16
5 6 18 7 11 3
5 6 9 2 3 16
5 6 9 7 3 16
5 6 8 11 2 16
5 6 18 8 11 16
5 6 18 8 11 2
5 6 13 9 7 10
5 6 13 8 9 2
5 6 9 7 10 16
5 6 1 7 11 16
5 6 1 7 10 16
5 6 9 15 2 16
5 6 9 15 10 16
5 6 9 15 10 2
5 6 15 11 2 16
5 6 1 15 11 16
5 6 1 15 11 2
5 6 1 10 11 2
5 6 9 14 10 2
5 6 13 9 14 2
5 6 13 9 14 10
5 6 1 15 10 16
5 6 1 15 10 2
5 6 14 10 11 2
5 6 18 14 11 2
5 6 1 14 10 11
5 12 18 7 5 11
5 12 4 7 5 11
5 12 6 18 7 11
5 12 6 18 7 5
5 12 6 13 7 5
5 12 4 5 11 0
5 12 18 5 11 0
5 12 6 18 14 11
5 12 6 18 8 5
5 12 6 13 8 5
5 12 1 4 11 17
5 12 1 4 7 11
5 12 1 4 5 17
5 12 1 4 7 5
5 12 4 11 0 17
5 12 18 8 5 0
5 12 6 1 7 11
5 12 6 1 14 11
5 12 6 13 7 10
5 12 6 13 14 10
5 12 1 14 11 17
5 12 1 5 10 17
5 12 13 5 10 17
5 12 1 7 5 10
5 12 13 7 5 10
5 12 8 11 0 17
5 12 18 8 11 0
5 12 8 14 11 17
5 12 18 8 14 11
5 12 13 8 14 17
5 12 13 8 0 17
5 12 6 1 7 10
5 12 6 1 14 10
5 12 18 8 14 2
5 12 6 18 14 2
5 12 6 18 8 2
5 12 13 8 14 2
5 12 6 13 14 2
5 12 6 13 8 2
5 12 1 14 10 17
5 12 13 14 10 17
