173
5 21 14 16 3 20
5 21 14 3 13 22
5 21 14 16 3 13
5 4 0 18 11 17
5 19 21 14 3 22
5 19 21 14 3 20
5 19 21 14 11 20
5 23 14 16 11 20
5 23 21 14 11 20
5 23 21 14 16 20
5 23 21 14 13 22
5 23 21 14 16 13
5 1 4 0 11 13
5 1 4 0 18 13
5 1 4 0 18 11
5 1 14 16 3 13
5 1 14 16 11 13
5 1 0 16 3 13
5 1 0 16 11 13
5 1 19 18 11 3
5 1 14 16 3 20
5 1 14 16 11 20
5 1 0 16 3 20
5 1 0 16 11 20
5 1 19 0 3 20
5 1 19 0 11 20
5 1 19 14 3 20
5 1 19 14 11 20
5 1 19 14 11 3
5 24 19 18 11 3
5 24 19 14 11 3
5 24 1 18 11 3
5 24 1 14 11 3
5 24 19 18 3 22
5 24 19 14 3 22
5 24 1 4 18 11
5 24 9 19 18 22
5 24 14 3 13 22
5 24 1 14 3 13
5 24 1 4 11 13
5 24 1 18 3 13
5 24 1 4 18 13
5 25 24 3 13 22
5 25 23 14 13 22
5 25 24 14 13 22
5 25 24 18 3 13
5 25 24 4 18 13
5 25 24 9 4 18
5 15 23 16 11 20
5 15 0 16 11 20
5 10 0 18 11 17
5 10 15 0 11 17
5 10 15 0 11 20
5 10 19 0 11 20
5 10 1 0 18 11
5 10 1 19 18 11
5 10 1 19 0 11
5 10 19 0 18 3
5 10 1 0 18 3
5 10 1 19 18 3
5 10 1 19 0 3
5 8 23 14 16 11
5 8 14 16 11 13
5 8 24 4 11 13
5 8 15 23 16 11
5 8 25 23 14 22
5 8 1 14 11 13
5 8 24 1 11 13
5 8 24 1 14 13
5 8 24 1 14 11
5 8 25 24 14 13
5 8 25 24 4 13
5 8 25 9 4 5
5 8 24 19 14 11
5 8 24 4 18 11
5 8 24 9 4 18
5 8 25 24 14 22
5 8 25 23 9 22
5 8 19 21 14 11
5 8 23 21 14 11
5 8 24 19 18 11
5 8 24 9 19 18
5 8 24 19 14 22
5 8 24 9 19 22
5 8 23 21 14 22
5 8 23 9 21 22
5 8 25 24 9 22
5 8 25 24 9 4
5 8 19 21 11 20
5 8 23 21 11 20
5 8 19 21 14 22
5 8 9 19 21 22
5 2 8 15 23 16
5 2 8 23 14 16
5 2 8 15 16 11
5 2 8 16 11 13
5 2 8 4 11 13
5 2 15 0 16 13
5 2 8 14 16 13
5 2 23 14 16 13
5 2 15 0 16 11
5 2 0 16 11 13
5 2 4 0 11 13
5 2 4 0 11 17
5 2 15 0 11 17
5 6 2 15 23 5
5 6 8 23 9 5
5 6 2 8 23 5
5 6 2 15 5 17
5 6 10 18 11 17
5 6 2 15 11 17
5 6 4 18 5 17
5 6 8 9 4 5
5 6 8 9 4 18
5 6 2 4 5 17
5 6 4 18 11 17
5 6 8 4 18 11
5 6 2 4 11 17
5 6 2 8 4 11
5 6 25 4 18 5
5 6 25 9 4 5
5 6 25 9 4 18
5 12 8 15 23 11
5 12 15 23 11 20
5 12 10 15 11 20
5 12 8 23 11 20
5 12 10 19 11 20
5 12 8 19 11 20
5 12 10 15 11 17
5 12 6 15 11 17
5 12 6 10 11 17
5 12 2 8 15 11
5 12 6 2 15 11
5 12 6 2 8 11
5 12 6 10 18 11
5 12 6 8 18 11
5 12 2 8 15 23
5 12 6 2 15 23
5 12 6 2 8 23
5 12 6 8 23 9
5 12 10 19 18 11
5 12 8 19 18 11
5 12 8 23 21 20
5 12 8 23 9 21
5 12 6 8 9 18
5 12 8 19 21 20
5 12 8 9 19 21
5 12 8 9 19 18
5 12 6 10 18 17
5 7 8 25 4 13
5 7 2 8 4 13
5 7 8 25 14 13
5 7 2 8 14 13
5 7 8 25 4 5
5 7 2 4 0 13
5 7 25 23 14 13
5 7 2 23 14 13
5 7 8 25 23 14
5 7 2 8 23 14
5 7 6 8 4 5
5 7 6 2 4 5
5 7 6 2 8 5
5 7 6 2 8 4
5 7 2 8 23 5
5 7 4 0 5 17
5 7 2 0 5 17
5 7 2 4 5 17
5 7 2 4 0 17
5 7 2 23 16 13
5 7 25 23 9 5
5 7 8 23 9 5
5 7 8 25 9 5
5 7 8 25 23 9
