208
5 8 25 1 24 22
5 5 8 25 1 22
5 5 8 25 1 24
5 23 8 20 24 22
5 6 4 16 25 22
5 14 23 20 16 22
5 14 4 25 1 22
5 14 4 16 25 22
5 14 6 4 16 22
5 14 11 4 25 1
5 14 11 4 16 25
5 14 20 1 24 22
5 14 23 20 24 22
5 14 25 1 24 22
5 14 11 25 1 24
5 12 5 8 18 22
5 9 11 4 25 1
5 9 5 11 25 1
5 9 4 25 1 22
5 9 5 25 1 22
5 9 5 25 18 22
5 9 11 4 16 25
5 9 6 4 16 25
5 9 6 4 18 22
5 9 6 4 25 22
5 13 14 23 20 16
5 13 14 23 11 16
5 13 6 20 16 22
5 13 14 20 16 22
5 13 14 6 16 22
5 13 14 11 4 16
5 13 14 6 4 16
5 13 14 6 4 22
5 13 9 11 4 16
5 13 9 6 4 16
5 13 14 11 4 1
5 13 9 11 4 1
5 13 6 20 18 22
5 13 6 20 18 17
5 10 5 8 25 24
5 10 12 5 8 18
5 10 8 25 24 22
5 10 23 8 24 22
5 10 5 25 18 22
5 10 5 8 18 22
5 10 5 8 25 22
5 10 14 25 24 22
5 10 14 23 24 22
5 10 8 20 18 22
5 10 23 8 20 22
5 10 14 16 25 22
5 10 14 23 16 22
5 19 6 23 20 16
5 19 13 23 20 16
5 19 13 6 20 16
5 19 13 23 20 17
5 19 13 23 11 16
5 19 13 9 11 16
5 19 9 11 16 25
5 0 12 8 18 17
5 0 10 23 8 24
5 7 6 20 18 22
5 7 10 20 18 22
5 7 10 25 18 22
5 7 6 20 16 22
5 7 6 16 25 22
5 7 10 16 25 22
5 7 23 20 16 22
5 7 10 23 16 22
5 7 10 23 20 22
5 7 6 23 20 16
5 7 19 6 23 20
5 7 19 10 16 25
5 7 19 6 23 16
5 7 19 10 23 16
5 7 23 8 20 18
5 7 10 8 20 18
5 7 10 23 8 20
5 7 23 20 18 17
5 7 0 23 8 18
5 7 0 10 23 8
5 7 0 23 18 17
5 7 0 19 10 23
5 7 0 12 18 17
5 7 12 5 25 18
5 7 10 5 25 18
5 7 10 12 5 18
5 7 10 12 8 18
5 7 0 12 8 18
5 7 0 10 12 8
5 3 19 13 23 11
5 3 14 23 11 24
5 3 13 14 23 20
5 3 13 14 23 11
5 3 14 11 1 24
5 3 19 13 9 11
5 3 5 11 1 24
5 3 19 9 12 5
5 3 9 5 11 1
5 21 19 10 12 5
5 21 0 19 10 12
5 21 10 12 5 8
5 21 0 10 12 8
5 21 3 19 12 5
5 21 3 0 19 12
5 21 3 12 5 8
5 21 3 0 12 8
5 21 10 5 8 24
5 21 0 10 8 24
5 21 0 19 10 23
5 21 3 0 19 23
5 21 3 5 8 24
5 21 3 0 8 24
5 21 19 10 5 25
5 21 3 5 11 24
5 21 3 9 5 11
5 21 3 19 9 11
5 21 3 19 9 5
5 21 3 19 23 11
5 21 0 10 23 24
5 21 3 0 23 24
5 21 10 5 25 24
5 21 9 5 11 25
5 21 19 9 11 25
5 21 19 9 5 25
5 21 19 11 16 25
5 21 19 10 16 25
5 21 3 23 11 24
5 21 19 23 11 16
5 21 19 10 23 16
5 21 11 25 1 24
5 21 5 25 1 24
5 21 5 11 1 24
5 21 5 11 25 1
5 21 14 11 25 24
5 21 10 14 25 24
5 21 14 11 16 25
5 21 10 14 16 25
5 21 14 23 11 24
5 21 10 14 23 24
5 21 14 23 11 16
5 21 10 14 23 16
5 2 7 25 18 22
5 2 7 6 18 22
5 2 7 6 25 22
5 2 9 25 18 22
5 2 9 6 18 22
5 2 9 6 25 22
5 2 9 6 18 17
5 2 7 12 25 18
5 2 9 6 16 25
5 2 19 9 16 25
5 2 7 6 16 25
5 2 7 19 16 25
5 2 7 19 6 16
5 2 12 5 25 18
5 2 9 5 25 18
5 2 9 12 5 18
5 2 13 9 6 17
5 2 13 9 6 16
5 2 19 13 6 16
5 2 19 13 9 16
5 2 19 9 5 25
5 2 19 9 12 5
5 2 7 12 5 25
5 2 3 19 13 9
5 2 19 10 5 25
5 2 7 10 5 25
5 2 7 19 10 25
5 2 19 10 12 5
5 2 7 10 12 5
5 15 3 0 19 17
5 15 3 0 19 12
5 15 7 0 12 17
5 15 0 19 23 17
5 15 7 0 23 17
5 15 7 0 19 23
5 15 0 19 10 12
5 15 7 0 10 12
5 15 7 0 19 10
5 15 2 3 19 13
5 15 3 19 9 12
5 15 2 19 9 12
5 15 2 3 19 9
5 15 7 12 18 17
5 15 2 7 12 18
5 15 2 7 19 6
5 15 2 19 10 12
5 15 2 7 10 12
5 15 2 7 19 10
5 15 19 23 20 17
5 15 7 23 20 17
5 15 7 19 23 20
5 15 9 12 18 17
5 15 2 9 18 17
5 15 2 9 12 18
5 15 2 3 13 9
5 15 2 13 6 17
5 15 2 19 13 6
5 15 2 6 18 17
5 15 2 7 6 18
5 15 7 20 18 17
5 15 13 6 20 17
5 15 19 13 20 17
5 15 19 13 6 20
5 15 6 20 18 17
5 15 7 6 20 18
5 15 7 19 6 20
