215
5 11 2 4 25 24
5 11 10 2 4 25
5 11 10 2 1 3
5 18 10 25 9 3
5 7 11 19 1 3
5 7 11 2 4 22
5 12 18 25 9 3
5 12 18 19 25 3
5 14 18 10 25 9
5 14 4 25 24 22
5 14 2 4 24 22
5 14 2 4 25 24
5 14 10 2 25 24
5 14 18 10 25 24
5 14 18 10 2 24
5 8 18 10 9 3
5 8 14 18 10 9
5 8 10 25 9 3
5 8 11 10 2 3
5 8 11 10 2 4
5 8 14 2 4 22
5 8 14 10 25 9
5 8 7 11 2 4
5 8 10 2 4 25
5 8 14 2 4 25
5 8 14 10 2 25
5 8 12 25 9 3
5 8 7 11 19 3
5 8 11 2 1 3
5 8 7 11 1 3
5 8 7 11 2 1
5 17 12 18 9 3
5 17 8 12 9 3
5 17 8 12 6 3
5 17 12 18 19 3
5 17 12 18 6 19
5 17 14 16 9 22
5 17 14 6 16 9
5 20 11 2 24 22
5 20 7 11 2 22
5 13 12 6 19 3
5 13 8 12 19 3
5 13 8 6 16 3
5 13 8 12 6 3
5 13 8 7 19 3
5 13 8 7 16 3
5 13 20 7 6 16
5 13 17 8 6 16
5 13 17 8 12 6
5 13 8 7 16 4
5 13 17 8 16 22
5 13 20 7 16 22
5 13 20 7 11 22
5 13 8 16 4 22
5 13 7 16 4 22
5 21 12 18 19 25
5 21 14 18 25 24
5 21 18 1 24 3
5 21 11 19 1 3
5 21 18 19 1 3
5 21 10 19 25 3
5 21 18 19 25 3
5 21 18 10 25 3
5 21 18 10 25 24
5 21 11 10 19 3
5 21 11 10 1 3
5 21 18 10 24 3
5 21 10 2 25 24
5 21 11 2 25 24
5 21 11 10 2 25
5 21 2 1 24 3
5 21 10 2 24 3
5 21 10 2 1 3
5 21 11 2 1 24
5 21 11 10 2 1
5 15 8 14 25 9
5 15 8 12 25 9
5 15 17 8 12 9
5 15 8 14 9 22
5 15 17 14 9 22
5 15 17 8 9 22
5 15 12 18 25 9
5 15 14 18 25 9
5 15 13 8 12 25
5 15 13 17 8 12
5 15 13 17 8 22
5 15 21 12 18 9
5 15 21 12 18 25
5 15 21 14 18 25
5 15 13 17 12 6
5 15 17 14 16 22
5 15 13 17 16 22
5 15 14 4 25 22
5 15 8 14 4 22
5 15 8 14 4 25
5 15 13 4 25 22
5 15 13 8 4 22
5 15 13 8 4 25
5 15 17 14 6 16
5 15 13 17 6 16
5 15 20 14 16 22
5 15 13 20 16 22
5 15 20 14 6 16
5 15 13 20 6 16
5 5 13 8 12 25
5 5 13 8 12 19
5 5 12 19 25 3
5 5 8 12 25 3
5 5 8 12 19 3
5 5 15 13 12 25
5 5 13 8 4 25
5 5 10 19 25 3
5 5 8 10 25 3
5 5 21 12 19 25
5 5 15 21 12 25
5 5 13 12 6 19
5 5 15 13 12 6
5 5 8 10 4 25
5 5 13 8 7 4
5 5 13 8 7 19
5 5 11 10 19 3
5 5 8 11 19 3
5 5 8 11 10 3
5 5 15 11 25 22
5 5 15 13 25 22
5 5 15 13 20 6
5 5 11 10 4 25
5 5 8 11 10 4
5 5 11 4 25 22
5 5 13 4 25 22
5 5 8 7 11 4
5 5 8 7 11 19
5 5 21 10 19 25
5 5 21 11 10 25
5 5 21 11 10 19
5 5 13 20 11 22
5 5 15 13 20 22
5 5 13 20 7 11
5 5 13 7 6 19
5 5 13 20 7 6
5 5 7 11 4 22
5 5 13 7 4 22
5 5 13 7 11 22
5 0 15 14 18 9
5 0 15 21 18 9
5 0 15 21 14 18
5 0 21 14 18 24
5 0 15 17 14 9
5 0 15 17 12 9
5 0 15 21 12 9
5 0 15 17 14 6
5 0 17 12 18 9
5 0 21 12 18 9
5 0 17 14 6 9
5 0 15 17 12 6
5 0 15 20 14 6
5 0 21 18 1 24
5 0 17 12 18 6
5 0 5 15 21 12
5 0 18 6 19 1
5 0 21 18 19 1
5 0 12 18 6 19
5 0 21 12 18 19
5 23 5 7 6 19
5 23 5 20 7 6
5 23 5 12 6 19
5 23 0 12 6 19
5 23 5 15 20 6
5 23 0 15 20 6
5 23 7 6 19 1
5 23 0 6 19 1
5 23 20 7 6 1
5 23 5 21 12 19
5 23 0 21 12 19
5 23 0 5 21 12
5 23 5 15 12 6
5 23 0 15 12 6
5 23 0 5 15 12
5 23 5 7 11 19
5 23 5 20 7 11
5 23 7 11 19 1
5 23 20 7 11 1
5 23 5 21 11 19
5 23 5 20 11 22
5 23 5 15 11 22
5 23 5 15 20 22
5 23 0 5 15 21
5 23 21 11 19 1
5 23 0 21 19 1
5 23 20 11 1 24
5 23 20 11 24 22
5 23 0 20 14 24
5 23 0 15 20 14
5 23 5 21 11 25
5 23 5 15 11 25
5 23 5 15 21 25
5 23 21 11 1 24
5 23 0 21 1 24
5 23 15 11 25 22
5 23 20 14 24 22
5 23 15 20 14 22
5 23 21 11 25 24
5 23 0 21 14 24
5 23 0 15 21 14
5 23 4 25 24 22
5 23 11 4 25 22
5 23 11 4 25 24
5 23 14 25 24 22
5 23 15 14 25 22
5 23 21 14 25 24
5 23 15 21 14 25
5 23 2 4 24 22
5 23 11 2 24 22
5 23 11 2 4 22
5 23 11 2 4 24
