306
5 6 14 9 23 17
5 6 14 9 23 26
5 32 6 14 9 26
5 32 14 9 7 17
5 32 6 14 9 17
5 32 9 27 15 26
5 32 6 27 15 26
5 32 6 9 15 26
5 29 9 27 15 26
5 29 32 9 27 15
5 29 32 27 7 26
5 29 32 9 7 26
5 29 32 9 27 26
5 29 27 15 0 1
5 19 29 9 7 26
5 19 3 24 7 26
5 19 29 3 24 26
5 19 29 27 7 26
5 19 29 3 27 26
5 19 32 27 7 26
5 19 3 32 7 26
5 19 3 32 27 26
5 19 3 32 27 7
5 19 29 3 24 1
5 30 3 32 27 26
5 30 32 6 27 26
5 30 6 14 4 26
5 30 32 6 14 26
5 30 32 6 27 15
5 30 32 14 7 26
5 30 6 5 4 15
5 30 6 5 4 17
5 30 6 14 4 17
5 30 5 4 15 0
5 11 29 32 9 15
5 11 29 32 9 7
5 11 29 32 27 15
5 11 30 32 6 15
5 11 30 6 5 17
5 11 30 5 4 17
5 11 32 14 7 17
5 11 30 32 14 7
5 11 32 6 14 17
5 11 30 6 14 17
5 11 30 32 6 14
5 11 30 14 4 17
5 11 30 14 4 7
5 20 19 24 7 26
5 20 29 9 23 26
5 20 19 29 9 26
5 20 29 9 23 1
5 20 19 29 24 1
5 25 2 3 24 0
5 25 2 3 24 7
5 25 19 3 24 7
5 25 29 3 27 0
5 25 19 3 27 7
5 25 19 29 27 7
5 25 19 29 3 27
5 25 2 3 32 7
5 25 3 32 27 7
5 25 29 32 27 7
5 25 11 29 32 7
5 25 11 29 32 27
5 25 30 2 32 7
5 25 11 30 32 7
5 25 30 3 27 0
5 25 30 3 32 27
5 25 30 2 3 32
5 25 30 5 15 0
5 25 30 27 15 0
5 25 11 30 5 15
5 25 30 2 4 7
5 25 11 30 4 7
5 25 30 5 4 0
5 25 11 30 5 4
5 25 30 32 27 15
5 25 11 32 27 15
5 25 11 30 32 15
5 25 2 5 4 0
5 10 30 3 27 0
5 10 30 3 27 26
5 10 25 2 4 0
5 10 25 30 4 0
5 10 25 30 2 4
5 10 25 2 3 0
5 10 25 30 3 0
5 10 25 30 2 3
5 10 30 2 4 7
5 10 30 14 4 26
5 10 3 24 7 26
5 10 2 3 24 7
5 10 3 32 7 26
5 10 30 32 7 26
5 10 30 3 32 26
5 10 2 3 32 7
5 10 30 2 32 7
5 10 30 2 3 32
5 8 11 29 9 15
5 8 11 6 5 17
5 8 6 9 15 17
5 8 30 6 5 15
5 8 11 30 5 15
5 8 11 30 6 15
5 8 11 30 6 5
5 8 32 6 9 17
5 8 11 32 6 17
5 8 32 6 9 15
5 8 11 32 9 15
5 8 11 32 6 15
5 8 32 9 7 17
5 8 11 9 7 17
5 8 11 32 7 17
5 8 11 32 9 7
5 18 19 29 9 7
5 18 11 29 9 7
5 18 25 19 29 7
5 18 25 11 29 7
5 18 25 19 24 7
5 18 20 19 24 1
5 18 25 2 24 7
5 18 20 24 23 1
5 18 25 2 24 0
5 18 25 19 3 24
5 18 25 11 5 0
5 18 25 3 24 0
5 16 29 9 15 1
5 16 8 29 9 15
5 16 8 11 29 15
5 16 8 11 29 9
5 16 8 11 5 15
5 16 29 15 0 1
5 16 11 29 27 15
5 16 25 11 27 15
5 16 25 11 29 27
5 16 29 27 15 0
5 16 25 27 15 0
5 16 25 29 27 0
5 16 25 5 15 0
5 16 25 11 5 0
5 16 25 11 5 15
5 28 18 19 9 7
5 28 19 9 7 26
5 28 20 19 7 26
5 28 20 19 9 26
5 28 18 20 19 1
5 28 20 14 7 26
5 28 14 9 7 17
5 28 11 9 7 17
5 28 18 11 9 7
5 28 19 29 9 1
5 28 20 29 9 1
5 28 20 19 29 1
5 28 20 19 29 9
5 28 20 9 23 1
5 28 32 9 7 26
5 28 32 14 7 26
5 28 32 14 9 26
5 28 32 14 9 7
5 28 14 9 23 26
5 28 20 9 23 26
5 28 20 14 23 26
5 28 14 9 23 17
5 28 8 9 23 17
5 28 8 11 23 17
5 28 8 11 9 17
5 28 16 8 9 23
5 28 16 8 11 23
5 28 16 8 11 9
5 31 16 29 0 1
5 31 16 25 29 0
5 31 29 3 0 1
5 31 25 29 3 0
5 31 18 25 3 0
5 31 19 29 3 1
5 31 25 19 29 3
5 31 18 25 11 0
5 31 16 25 11 0
5 31 18 25 19 29
5 31 16 29 9 1
5 31 18 25 11 29
5 31 16 25 11 29
5 31 3 24 0 1
5 31 18 3 24 0
5 31 18 25 19 3
5 31 18 11 5 0
5 31 16 11 5 0
5 31 16 18 11 5
5 31 19 29 9 1
5 31 18 19 29 9
5 31 18 11 29 9
5 31 16 11 29 9
5 31 18 24 23 1
5 31 19 3 24 1
5 31 18 19 24 1
5 31 18 19 3 24
5 31 28 19 9 1
5 31 28 18 19 1
5 31 28 18 19 9
5 31 16 9 23 1
5 31 28 9 23 1
5 31 28 16 9 23
5 31 28 18 11 9
5 31 28 16 11 9
5 31 18 20 23 1
5 31 28 20 23 1
5 31 28 18 20 1
5 31 28 18 20 23
5 31 16 18 11 23
5 31 28 18 11 23
5 31 28 16 11 23
5 22 28 20 19 7
5 22 28 18 19 7
5 22 28 18 20 19
5 22 20 19 24 7
5 22 18 19 24 7
5 22 18 20 19 24
5 22 28 20 14 7
5 22 28 14 7 17
5 22 28 20 14 23
5 22 11 14 7 17
5 22 28 11 7 17
5 22 28 18 11 7
5 22 28 14 23 17
5 22 20 24 7 26
5 22 20 14 7 26
5 22 20 14 23 26
5 12 22 18 11 7
5 12 25 11 5 4
5 12 18 25 11 5
5 12 22 11 14 17
5 12 22 18 24 7
5 12 11 5 4 17
5 12 22 28 11 17
5 12 22 28 18 11
5 12 25 2 5 4
5 12 28 11 23 17
5 12 28 18 11 23
5 12 22 28 23 17
5 12 25 2 5 0
5 12 18 25 5 0
5 12 18 25 2 0
5 12 18 20 24 23
5 12 22 20 24 23
5 12 22 18 20 24
5 12 2 5 4 0
5 12 16 18 11 23
5 12 28 18 20 23
5 12 22 28 20 23
5 12 22 28 18 20
5 12 18 2 24 0
5 12 31 16 18 23
5 13 20 24 23 26
5 13 22 20 23 26
5 13 22 20 24 26
5 13 22 20 24 23
5 13 22 14 23 26
5 13 10 24 7 26
5 13 22 24 7 26
5 13 12 22 24 23
5 13 22 14 7 26
5 13 10 2 24 7
5 13 30 14 7 26
5 13 10 30 7 26
5 13 10 30 14 26
5 13 10 2 4 7
5 13 30 14 4 7
5 13 10 30 4 7
5 13 10 30 14 4
5 21 13 14 4 7
5 21 13 22 14 7
5 21 11 14 4 7
5 21 22 11 14 7
5 21 12 22 11 7
5 21 12 22 11 14
5 21 13 2 4 7
5 21 12 22 24 7
5 21 13 22 24 7
5 21 13 12 22 24
5 21 13 22 14 23
5 21 13 12 22 23
5 21 25 11 4 7
5 21 12 25 11 4
5 21 11 14 4 17
5 21 12 11 4 17
5 21 12 11 14 17
5 21 25 2 4 7
5 21 12 25 2 4
5 21 13 2 24 7
5 21 13 12 2 24
5 21 13 10 2 4
5 21 12 5 4 17
5 21 13 14 23 17
5 21 22 14 23 17
5 21 12 22 23 17
5 21 12 22 14 17
5 21 18 25 11 7
5 21 12 18 11 7
5 21 12 18 25 11
5 21 18 25 2 7
5 21 12 18 25 2
5 21 18 2 24 7
5 21 12 18 24 7
5 21 12 18 2 24
5 21 10 2 4 0
5 21 12 2 4 0
