4
26
-2.10384 -2.29058 7.17038 -6.91921
4.33327 5.41902 7.24084 7.16123
-6.6661 -2.08607 -7.91697 6.81948
5.16737 0.287795 -7.40237 -0.201553
-6.34499 1.78527 -6.29815 3.98679
-0 5.05271 1.5588 0.810944
-0 7.06196 1.99132 -8.27368
-0 8.29572 4.92459 5.3159
-0 1.02267 -9.73636 1.22325
-0 0.653901 -0.601641 -9.8591
-0 -2.00969 -6.81544 1.23567
-0 3.83384 4.45136 5.27921
1.74755 4.2241 -0 -6.17958
-5.16466 8.82976 -0 -1.63586
-6.58375 -0.8625 -0 -7.11224
-5.36486 3.23777 -0 -4.46987
-7.25055 9.73978 -0 -1.05844
0.710703 2.93549 -0 -9.42058
3.73249 -4.72875 -0 -5.95629
4.11835 4.77171 1.48837 -0
-6.3751 9.59149 5.65099 -0
1.51113 -4.33187 4.15637 -0
-9.33844 7.01465 -1.71957 -0
-1.91602 2.94224 8.38673 -0
-1.62136 -9.6085 8.7594 -0
-2.92077 -0.989864 -3.85402 -0
