4
33
-8.71927 6.46009 -6.45283 4.62484
-8.79526 -9.17541 5.06228 0.982988
8.3147 6.94178 -0.845287 -1.44917
4.83963 2.23038 -2.20658 -2.60568
-8.10013 6.7263 8.33405 -2.8271
-0 -7.87292 -7.21816 5.87365
-0 -0.788442 6.8393 7.87939
-0 2.62399 1.82969 -3.79654
-0 -0.850838 -5.18582 8.16458
-0 6.92677 -1.6283 3.52882
-0 -5.0948 5.95946 -9.68991
-0 -2.23141 -6.79129 2.05745
2.45886 -0 -0.356874 -7.75884
-0.932428 -0 -2.9973 9.48001
-3.68977 -0 -1.43465 -6.4182
7.65701 -0 -3.23747 2.77537
-5.89754 -0 5.85931 9.5379
6.04942 -0 0.138929 7.55578
9.9352 -0 8.44683 5.41124
1.78878 3.47397 -0 -2.48229
-9.43961 -7.37879 -0 4.66369
7.56692 -3.98688 -0 0.833987
8.87578 -5.37112 -0 7.43561
7.65631 -8.81303 -0 8.30815
6.10767 -3.0763 -0 4.23996
5.1117 -6.97601 -0 0.102298
0.59025 -9.36873 5.74909 -0
7.01819 -2.72521 -2.55105 -0
9.94882 4.49617 8.46604 -0
2.09385 -8.6304 -8.86898 -0
-7.7245 6.43864 -7.37043 -0
2.0446 8.61768 8.72792 -0
-1.18545 9.89919 -4.245 -0
