4
33
3.3659 -2.01751 3.35745 0.0232638
-4.4883 -1.46675 -3.89827 6.7337
-3.29145 -7.25649 1.20466 4.02986
9.38986 6.8478 -3.63813 -7.22159
8.59668 7.11134 -4.09805 8.4591
2.45886 -0 -0.356874 -7.75884
-0.932428 -0 -2.9973 9.48001
-3.68977 -0 -1.43465 -6.4182
7.65701 -0 -3.23747 2.77537
-5.89754 -0 5.85931 9.5379
6.04942 -0 0.138929 7.55578
9.9352 -0 8.44683 5.41124
-0 -7.30021 -7.61764 -8.755
-0 -1.45933 -0.535061 -7.32892
-0 -6.24444 -3.39533 -6.75992
-0 5.00491 -4.17143 -5.69313
-0 -5.45721 5.53913 -7.56307
-0 -9.48415 4.54453 0.116965
-0 -0.974091 -6.69931 -1.66983
7.87975 -1.52035 -0 -7.63111
-2.51981 -0.316394 -0 0.0658835
1.15906 9.06659 -0 9.38845
6.76533 9.26808 -0 -8.87643
-9.5235 -2.83034 -0 -4.79858
4.60358 5.00965 -0 6.36543
9.26806 7.46748 -0 -7.38162
-1.43931 -2.66379 9.40173 -0
0.949428 4.39914 -9.47548 -0
7.33088 -0.487409 -3.16796 -0
-8.36811 -7.68095 -0.143675 -0
-4.44987 -7.72839 -5.07501 -0
-8.49262 -0.117615 5.60228 -0
-0.718663 4.84892 8.12409 -0
