4
26
4.54532 -4.1318 6.28563 -7.11282
-8.32559 -7.49082 -5.08635 8.36586
2.61405 5.86078 -3.13582 -0.874822
4.016 -8.80174 4.80171 7.71988
-3.43378 3.57181 -6.19532 4.29794
-0 -6.20435 -2.46189 -4.47697
-0 7.90779 -1.87557 1.16474
-0 4.02298 3.52295 -4.19032
-0 -7.77056 5.33083 -8.07093
-0 1.81221 -7.40328 1.83932
-0 0.198547 4.33901 -3.25912
-0 -4.36009 0.706439 7.77043
2.65092 -5.42765 -0 -8.72868
2.38553 8.94142 -0 5.97753
-5.90883 1.96481 -0 6.52851
5.71065 6.8178 -0 -6.4718
-0.919669 4.07475 -0 4.12807
5.92574 8.89594 -0 -9.62128
-2.26481 9.96933 -0 -8.96723
4.11835 4.77171 1.48837 -0
-6.3751 9.59149 5.65099 -0
1.51113 -4.33187 4.15637 -0
-9.33844 7.01465 -1.71957 -0
-1.91602 2.94224 8.38673 -0
-1.62136 -9.6085 8.7594 -0
-2.92077 -0.989864 -3.85402 -0
