4
26
-6.21861 2.91998 -3.12241 -7.08532
0.494899 4.75105 -6.38145 -4.70633
-3.83504 -1.60315 -0.591926 7.99875
5.79888 4.9716 -7.85749 -5.20648
-0.855853 3.27231 -0.216616 7.50712
-3.41031 -0 2.43527 9.55714
-4.06805 -0 6.56181 5.56525
-2.50685 -0 -0.226558 9.10804
3.59014 -0 0.521221 2.43111
6.06371 -0 8.43385 5.48278
-4.53848 -0 4.94272 -4.39446
-1.05412 -0 -0.191734 -3.05083
-1.43931 -2.66379 9.40173 -0
0.949428 4.39914 -9.47548 -0
7.33088 -0.487409 -3.16796 -0
-8.36811 -7.68095 -0.143675 -0
-4.44987 -7.72839 -5.07501 -0
-8.49262 -0.117615 5.60228 -0
-0.718663 4.84892 8.12409 -0
8.51704 -4.8933 -0 -7.27334
3.50266 -9.70161 -0 -8.36654
9.6528 -9.16109 -0 -0.190277
9.71739 0.591769 -0 3.34752
7.06332 -8.6255 -0 3.75687
5.48479 3.65459 -0 1.94993
0.872551 3.0256 -0 9.89715
