4
33
7.12218 5.73994 -2.03291 -6.18781
4.47378 -8.58723 -9.8266 -1.89377
9.02361 -5.05556 4.35651 -5.73482
-0.260197 1.47837 -4.54416 -4.97268
8.04416 -8.28607 -1.08392 -2.8426
1.78878 3.47397 -0 -2.48229
-9.43961 -7.37879 -0 4.66369
7.56692 -3.98688 -0 0.833987
8.87578 -5.37112 -0 7.43561
7.65631 -8.81303 -0 8.30815
6.10767 -3.0763 -0 4.23996
5.1117 -6.97601 -0 0.102298
-0 5.05271 1.5588 0.810944
-0 7.06196 1.99132 -8.27368
-0 8.29572 4.92459 5.3159
-0 1.02267 -9.73636 1.22325
-0 0.653901 -0.601641 -9.8591
-0 -2.00969 -6.81544 1.23567
-0 3.83384 4.45136 5.27921
-1.81257 -0 -0.868318 -3.9524
-3.50613 -0 0.340979 -5.51095
6.71216 -0 4.64714 8.71365
-1.90828 -0 0.0391258 7.50584
-8.27457 -0 -6.05241 8.99513
6.76417 -0 5.0191 -9.0205
-0.64326 -0 9.1151 2.2087
4.52148 2.31445 -8.28795 -0
-4.03917 2.84892 1.72146 -0
-9.15764 9.93132 -4.52392 -0
-2.99366 4.84972 6.01237 -0
2.23478 6.56082 -3.25033 -0
-2.79957 -3.98153 -8.44914 -0
2.9845 -2.61749 -5.6383 -0
