4
33
8.70528 -7.95442 -1.7392 -7.97133
9.85315 3.11921 -8.40254 0.0592887
0.131401 -3.88518 2.43613 -9.18132
4.80985 0.0536545 2.98906 -9.84155
-3.74363 -8.39116 6.82079 -2.78328
-0 -7.87292 -7.21816 5.87365
-0 -0.788442 6.8393 7.87939
-0 2.62399 1.82969 -3.79654
-0 -0.850838 -5.18582 8.16458
-0 6.92677 -1.6283 3.52882
-0 -5.0948 5.95946 -9.68991
-0 -2.23141 -6.79129 2.05745
-6.06697 -0 -3.22756 -6.23726
-6.54884 -0 1.21214 -7.92177
-8.56698 -0 4.73169 3.07712
5.8535 -0 0.948816 9.5325
6.61419 -0 -8.97192 3.41657
-9.06186 -0 -0.0213279 6.03805
-0.924946 -0 -5.40556 -5.1427
1.74755 4.2241 -0 -6.17958
-5.16466 8.82976 -0 -1.63586
-6.58375 -0.8625 -0 -7.11224
-5.36486 3.23777 -0 -4.46987
-7.25055 9.73978 -0 -1.05844
0.710703 2.93549 -0 -9.42058
3.73249 -4.72875 -0 -5.95629
2.39297 6.86844 7.86397 -0
7.40282 1.1379 5.67785 -0
-3.78245 7.2961 -1.29756 -0
9.21384 4.79676 -2.59441 -0
1.63469 -3.58532 7.81443 -0
8.80801 2.04854 -9.08989 -0
3.04199 0.944003 5.9285 -0
