4
19
1.95178 7.95789 -7.60191 0.864196
0.505068 -8.94444 -3.00261 2.80571
2.05694 4.40438 6.6978 -1.09525
2.91951 -9.55786 -6.44607 -9.39414
-3.44044 -5.15482 -9.39908 7.64199
-0 -7.30021 -7.61764 -8.755
-0 -1.45933 -0.535061 -7.32892
-0 -6.24444 -3.39533 -6.75992
-0 5.00491 -4.17143 -5.69313
-0 -5.45721 5.53913 -7.56307
-0 -9.48415 4.54453 0.116965
-0 -0.974091 -6.69931 -1.66983
-6.06697 -0 -3.22756 -6.23726
-6.54884 -0 1.21214 -7.92177
-8.56698 -0 4.73169 3.07712
5.8535 -0 0.948816 9.5325
6.61419 -0 -8.97192 3.41657
-9.06186 -0 -0.0213279 6.03805
-0.924946 -0 -5.40556 -5.1427
