4
26
-1.34719 -1.22179 7.2325 -9.06919
9.62301 -4.59425 -2.08263 -2.90632
-7.5473 -6.08929 3.48255 8.48483
4.76062 -3.9858 2.46468 3.02885
-6.10121 9.87493 6.38892 -8.81285
-0 0.581608 5.06302 3.26804
-0 3.12389 9.82871 8.88649
-0 3.60609 -9.81605 6.60142
-0 -3.17897 -2.80484 1.53815
-0 -1.7997 9.26665 8.15656
-0 -0.972065 1.49653 1.46696
-0 -8.77182 4.28924 4.58015
2.39297 6.86844 7.86397 -0
7.40282 1.1379 5.67785 -0
-3.78245 7.2961 -1.29756 -0
9.21384 4.79676 -2.59441 -0
1.63469 -3.58532 7.81443 -0
8.80801 2.04854 -9.08989 -0
3.04199 0.944003 5.9285 -0
2.65092 -5.42765 -0 -8.72868
2.38553 8.94142 -0 5.97753
-5.90883 1.96481 -0 6.52851
5.71065 6.8178 -0 -6.4718
-0.919669 4.07475 -0 4.12807
5.92574 8.89594 -0 -9.62128
-2.26481 9.96933 -0 -8.96723
