4
33
-6.28875 4.48463 4.69005 -8.00193
-3.325 -9.02609 3.14775 5.42681
-9.95533 2.00871 4.76223 -2.07582
8.63357 1.94091 7.37312 9.73983
-2.4783 8.184 -9.14481 -8.36583
-3.09144 3.75089 -0 9.66094
-1.1609 -5.20762 -0 -4.23398
8.91824 -6.54331 -0 8.04706
-6.09483 8.65581 -0 6.79364
-4.38916 3.99141 -0 2.16005
4.6752 8.71218 -0 -2.33664
-4.86773 -9.46213 -0 -0.0834166
4.52148 2.31445 -8.28795 -0
-4.03917 2.84892 1.72146 -0
-9.15764 9.93132 -4.52392 -0
-2.99366 4.84972 6.01237 -0
2.23478 6.56082 -3.25033 -0
-2.79957 -3.98153 -8.44914 -0
2.9845 -2.61749 -5.6383 -0
-0 -6.20435 -2.46189 -4.47697
-0 7.90779 -1.87557 1.16474
-0 4.02298 3.52295 -4.19032
-0 -7.77056 5.33083 -8.07093
-0 1.81221 -7.40328 1.83932
-0 0.198547 4.33901 -3.25912
-0 -4.36009 0.706439 7.77043
-1.41153 -0 8.50372 5.35248
-6.93743 -0 3.54761 8.04564
-9.2524 -0 0.533527 -9.98171
-5.73621 -0 -1.88437 -7.76801
4.79014 -0 -3.36021 -7.00064
8.57738 -0 5.52358 -3.90611
-1.72201 -0 -2.91768 8.14222
