4
33
6.80317 -3.92227 3.48599 -1.30236
9.45179 -0.0255624 -6.54495 2.76669
-3.24911 -0.221502 6.9387 2.70836
0.375912 -5.46254 -9.24445 -9.63047
-0.366366 -3.82094 -8.63187 7.46407
0.59025 -9.36873 5.74909 -0
7.01819 -2.72521 -2.55105 -0
9.94882 4.49617 8.46604 -0
2.09385 -8.6304 -8.86898 -0
-7.7245 6.43864 -7.37043 -0
2.0446 8.61768 8.72792 -0
-1.18545 9.89919 -4.245 -0
-0 0.581608 5.06302 3.26804
-0 3.12389 9.82871 8.88649
-0 3.60609 -9.81605 6.60142
-0 -3.17897 -2.80484 1.53815
-0 -1.7997 9.26665 8.15656
-0 -0.972065 1.49653 1.46696
-0 -8.77182 4.28924 4.58015
-3.41031 -0 2.43527 9.55714
-4.06805 -0 6.56181 5.56525
-2.50685 -0 -0.226558 9.10804
3.59014 -0 0.521221 2.43111
6.06371 -0 8.43385 5.48278
-4.53848 -0 4.94272 -4.39446
-1.05412 -0 -0.191734 -3.05083
-3.09144 3.75089 -0 9.66094
-1.1609 -5.20762 -0 -4.23398
8.91824 -6.54331 -0 8.04706
-6.09483 8.65581 -0 6.79364
-4.38916 3.99141 -0 2.16005
4.6752 8.71218 -0 -2.33664
-4.86773 -9.46213 -0 -0.0834166
