4
26
-8.94705 -3.93769 -5.234 -0.753349
-9.88788 -5.11874 -2.25931 4.58548
-4.9494 -8.49368 -6.60077 -8.10073
8.75433 7.98034 -2.13283 -6.9646
9.4547 1.81134 5.81102 -6.62089
-1.41153 -0 8.50372 5.35248
-6.93743 -0 3.54761 8.04564
-9.2524 -0 0.533527 -9.98171
-5.73621 -0 -1.88437 -7.76801
4.79014 -0 -3.36021 -7.00064
8.57738 -0 5.52358 -3.90611
-1.72201 -0 -2.91768 8.14222
8.51704 -4.8933 -0 -7.27334
3.50266 -9.70161 -0 -8.36654
9.6528 -9.16109 -0 -0.190277
9.71739 0.591769 -0 3.34752
7.06332 -8.6255 -0 3.75687
5.48479 3.65459 -0 1.94993
0.872551 3.0256 -0 9.89715
6.91965 -5.82524 -6.35551 -0
-8.03888 5.13655 -7.46976 -0
-8.10762 7.33456 1.82778 -0
-0.60788 7.59015 -6.56903 -0
8.78669 2.99389 -4.21814 -0
2.10205 4.71616 -9.68777 -0
0.0496824 -5.47886 2.27405 -0
