289
5 29 30 27 3 9
5 0 29 27 3 8
5 20 29 12 25 24
5 20 10 5 25 24
5 20 29 10 25 24
5 14 0 15 3 28
5 14 0 29 15 3
5 7 10 2 25 24
5 7 29 10 25 24
5 7 30 2 9 24
5 7 10 2 28 24
5 7 17 10 2 25
5 7 2 9 28 24
5 7 30 27 9 24
5 7 29 30 27 24
5 7 29 30 27 9
5 7 10 27 28 24
5 7 29 10 27 24
5 7 27 9 28 24
5 7 18 30 3 9
5 7 29 30 3 9
5 7 10 27 1 28
5 7 29 10 27 1
5 7 29 27 3 9
5 7 0 27 1 28
5 7 0 29 27 1
5 7 0 3 9 28
5 7 0 27 9 28
5 7 0 27 3 9
5 7 0 29 27 3
5 11 17 10 1 28
5 11 17 10 5 28
5 11 20 10 5 24
5 11 17 10 5 25
5 11 29 10 27 1
5 11 29 10 27 24
5 11 20 29 27 24
5 11 20 29 10 24
5 11 20 10 5 25
5 11 20 29 10 25
5 22 17 2 5 28
5 22 11 17 5 28
5 22 11 0 5 28
5 22 11 0 32 5
5 22 14 0 29 1
5 31 29 30 27 3
5 31 20 29 12 24
5 31 7 18 30 3
5 31 7 29 30 3
5 31 7 29 18 3
5 31 29 27 3 8
5 31 20 29 3 8
5 31 20 29 27 8
5 31 29 30 27 24
5 31 20 29 27 24
5 31 7 29 30 24
5 31 7 18 30 9
5 6 14 0 29 15
5 6 0 29 27 1
5 6 0 15 32 8
5 6 14 15 3 8
5 6 14 29 15 3
5 6 22 11 0 1
5 6 22 11 0 32
5 6 11 29 27 1
5 6 11 0 27 1
5 6 0 29 27 8
5 6 0 15 3 8
5 6 0 29 3 8
5 6 0 29 15 3
5 6 20 29 3 8
5 6 11 20 29 27
5 6 20 29 27 8
5 6 11 20 32 5
5 26 31 18 30 9
5 26 31 20 12 3
5 21 22 17 2 5
5 21 20 32 5 8
5 21 20 18 3 8
5 21 26 20 18 3
5 21 26 20 17 5
5 19 11 0 1 28
5 19 22 11 0 28
5 19 22 11 0 1
5 19 7 0 1 28
5 19 11 17 1 28
5 19 22 11 17 28
5 19 22 11 17 1
5 19 7 0 29 1
5 19 22 0 29 1
5 19 22 17 2 28
5 19 14 0 3 28
5 19 7 0 3 28
5 19 14 0 15 28
5 19 22 14 0 15
5 19 22 14 0 29
5 19 14 0 29 3
5 19 7 0 29 3
5 19 22 14 18 3
5 19 18 2 9 28
5 19 14 3 9 28
5 19 14 18 9 28
5 19 14 18 3 9
5 19 7 3 9 28
5 19 7 18 3 9
5 23 21 22 32 5
5 23 14 18 9 28
5 23 19 18 2 28
5 23 19 14 18 28
5 23 21 18 3 8
5 23 21 14 3 8
5 23 21 22 18 2
5 23 19 22 2 28
5 23 22 0 32 5
5 23 22 0 15 32
5 23 19 0 15 28
5 23 19 22 0 15
5 23 19 14 15 28
5 23 19 22 14 15
5 23 14 18 3 9
5 23 19 22 18 2
5 23 19 22 14 18
5 23 22 14 18 3
5 23 21 22 18 3
5 23 21 22 14 3
5 4 6 22 11 1
5 4 22 11 17 5
5 4 21 22 17 5
5 4 6 22 11 32
5 4 11 17 5 25
5 4 22 11 32 5
5 4 21 22 32 5
5 4 6 11 32 5
5 4 20 17 5 25
5 4 21 20 17 5
5 4 11 20 29 25
5 4 6 11 20 29
5 4 11 20 5 25
5 4 6 11 20 5
5 4 22 14 29 1
5 4 6 20 32 5
5 4 21 20 32 5
5 4 22 0 15 32
5 4 6 0 15 32
5 4 6 22 0 32
5 4 23 22 15 32
5 4 23 21 22 32
5 4 6 15 32 8
5 4 6 20 29 3
5 4 14 0 29 1
5 4 6 0 29 1
5 4 6 14 0 29
5 4 22 14 0 1
5 4 6 22 0 1
5 4 22 14 29 3
5 4 6 14 29 3
5 4 21 22 14 3
5 4 6 20 32 8
5 4 21 20 32 8
5 4 22 14 0 15
5 4 6 14 0 15
5 4 23 15 32 8
5 4 23 21 32 8
5 4 23 22 14 15
5 4 23 21 22 14
5 4 6 14 15 8
5 4 21 26 20 3
5 4 6 20 3 8
5 4 21 20 3 8
5 4 21 26 18 3
5 4 6 14 3 8
5 4 21 14 3 8
5 4 23 14 15 8
5 4 23 21 14 8
5 13 19 22 17 1
5 13 19 17 1 28
5 13 19 7 1 28
5 13 19 7 29 1
5 13 19 22 29 1
5 13 7 29 10 1
5 13 4 22 29 1
5 13 17 10 1 28
5 13 7 10 1 28
5 13 19 17 2 28
5 13 19 22 18 2
5 13 19 22 17 2
5 13 11 17 10 1
5 13 11 29 10 1
5 13 7 17 10 25
5 13 7 29 10 25
5 13 22 11 17 1
5 13 4 22 11 1
5 13 4 22 11 17
5 13 17 10 2 28
5 13 7 10 2 28
5 13 7 17 10 2
5 13 7 2 9 28
5 13 19 2 9 28
5 13 19 7 9 28
5 13 7 29 18 3
5 13 19 7 18 3
5 13 19 7 29 3
5 13 19 22 18 3
5 13 19 18 2 9
5 13 19 7 18 9
5 13 21 22 18 2
5 13 21 22 17 2
5 13 11 17 10 25
5 13 11 29 10 25
5 13 6 11 29 1
5 13 4 6 29 1
5 13 4 6 11 1
5 13 4 6 11 29
5 13 4 11 17 25
5 13 4 11 29 25
5 13 4 21 22 17
5 13 7 17 2 25
5 13 4 22 29 3
5 13 22 14 29 3
5 13 19 14 29 3
5 13 19 22 14 3
5 13 19 22 14 29
5 13 21 26 18 2
5 13 21 26 17 2
5 13 26 18 2 9
5 13 4 21 26 18
5 13 4 26 18 3
5 13 21 22 18 3
5 13 4 21 18 3
5 13 4 21 22 3
5 13 4 20 17 25
5 13 4 20 29 25
5 13 4 21 20 17
5 16 4 21 26 20
5 16 13 4 21 20
5 16 13 4 21 26
5 16 26 20 17 12
5 16 21 26 20 17
5 16 13 21 20 17
5 16 13 21 26 17
5 16 13 4 20 29
5 16 20 17 12 25
5 16 13 20 17 25
5 16 26 17 2 12
5 16 13 26 17 2
5 16 26 20 12 3
5 16 4 20 29 3
5 16 4 26 20 3
5 16 20 29 12 25
5 16 13 20 29 25
5 16 13 4 29 3
5 16 13 4 26 3
5 16 17 2 12 25
5 16 13 17 2 25
5 16 31 20 12 3
5 16 31 20 29 3
5 16 31 20 29 12
5 16 26 31 12 3
5 16 13 7 29 25
5 16 26 31 30 12
5 16 13 29 18 3
5 16 13 26 18 3
5 16 30 2 12 9
5 16 26 2 12 9
5 16 26 30 12 9
5 16 13 26 2 9
5 16 31 29 18 3
5 16 26 31 18 3
5 16 29 12 25 24
5 16 7 29 25 24
5 16 31 29 12 24
5 16 31 7 29 24
5 16 31 7 29 18
5 16 13 7 29 18
5 16 2 12 25 24
5 16 30 2 12 24
5 16 13 7 2 25
5 16 7 30 2 9
5 16 13 7 2 9
5 16 31 30 12 24
5 16 31 7 30 24
5 16 31 7 30 9
5 16 26 31 30 9
5 16 31 7 18 9
5 16 26 31 18 9
5 16 13 7 18 9
5 16 13 26 18 9
5 16 7 2 25 24
5 16 7 30 2 24
