224
5 1 3 9 2 23
5 25 0 11 23 18
5 25 1 9 2 23
5 12 3 2 23 18
5 12 3 9 2 23
5 12 25 2 23 18
5 12 25 9 2 18
5 12 25 9 2 23
5 12 25 0 23 18
5 12 5 3 8 18
5 12 7 5 8 18
5 21 7 5 8 18
5 13 1 3 9 2
5 13 25 1 9 24
5 13 25 1 9 2
5 13 1 3 8 24
5 10 21 7 0 11
5 4 12 25 9 18
5 4 12 5 9 18
5 4 12 7 5 18
5 4 12 7 0 18
5 4 5 25 9 18
5 4 12 7 5 8
5 4 21 7 5 18
5 4 25 0 11 18
5 4 10 7 0 11
5 4 12 5 3 8
5 4 12 5 3 9
5 4 21 7 5 8
5 4 25 0 11 24
5 4 7 0 11 24
5 4 7 1 8 24
5 4 10 21 7 11
5 19 3 0 23 18
5 19 12 0 23 18
5 19 12 3 23 18
5 19 12 3 8 18
5 19 21 3 8 18
5 19 12 7 8 18
5 19 12 7 0 18
5 19 21 7 8 18
5 19 21 7 0 18
5 19 21 7 0 8
5 19 1 3 8 24
5 19 4 12 3 8
5 19 4 12 7 8
5 19 7 1 8 24
5 19 7 1 0 24
5 19 4 7 1 8
5 19 4 12 3 9
5 19 1 3 9 8
5 19 4 3 9 8
5 19 4 1 9 8
5 19 4 7 1 9
5 6 5 3 8 18
5 6 21 3 8 18
5 6 21 5 8 18
5 6 13 21 3 8
5 6 5 9 2 18
5 6 13 21 3 2
5 6 12 9 2 18
5 6 12 3 2 18
5 6 12 3 9 2
5 6 12 5 9 18
5 6 12 5 3 18
5 6 12 5 3 9
5 6 13 3 9 2
5 6 4 3 9 8
5 6 4 5 3 8
5 6 4 5 3 9
5 6 5 25 9 2
5 20 25 11 2 18
5 20 4 25 11 18
5 20 4 10 25 11
5 20 6 5 2 18
5 20 25 9 2 18
5 20 5 9 2 18
5 20 5 25 9 18
5 20 5 25 9 2
5 20 4 5 25 18
5 20 4 10 5 25
5 20 21 0 11 18
5 20 10 21 0 11
5 20 4 0 11 18
5 20 4 10 0 11
5 20 6 21 5 18
5 20 4 21 5 18
5 20 4 10 21 5
5 20 21 3 2 18
5 20 6 3 2 18
5 20 6 21 3 18
5 20 6 21 3 2
5 20 21 7 0 18
5 20 10 21 7 0
5 20 4 7 0 18
5 20 4 10 7 0
5 20 4 21 7 18
5 20 4 10 21 7
5 17 12 25 0 18
5 17 4 25 0 18
5 17 4 12 0 18
5 17 4 12 25 18
5 17 12 25 0 23
5 17 4 12 7 0
5 17 12 25 9 23
5 17 4 12 25 9
5 17 25 1 9 23
5 17 19 12 0 23
5 17 19 12 7 0
5 17 1 0 23 24
5 17 25 0 23 24
5 17 25 1 23 24
5 17 4 7 1 9
5 17 25 1 9 24
5 17 4 1 9 24
5 17 4 25 9 24
5 17 4 25 0 24
5 17 19 1 0 23
5 17 19 7 1 0
5 17 7 1 0 24
5 17 4 7 0 24
5 17 4 7 1 24
5 17 19 4 7 9
5 17 19 4 12 9
5 17 19 4 12 7
5 17 19 7 1 9
5 17 12 3 9 23
5 17 19 12 3 23
5 17 19 12 3 9
5 17 1 3 9 23
5 17 19 1 3 23
5 17 19 1 3 9
5 16 4 5 25 9
5 16 4 10 5 25
5 16 6 5 25 9
5 16 13 25 9 2
5 16 6 25 9 2
5 16 6 13 9 2
5 16 4 10 21 5
5 16 4 21 5 8
5 16 6 21 5 8
5 16 6 13 21 8
5 14 4 7 11 24
5 14 4 21 7 11
5 14 4 10 21 11
5 14 4 7 8 24
5 14 4 21 7 8
5 14 7 0 11 24
5 14 21 7 0 11
5 14 16 4 10 21
5 14 4 25 11 24
5 14 16 4 25 24
5 14 4 10 25 11
5 14 16 4 10 25
5 14 16 13 25 24
5 14 16 6 13 21
5 14 13 25 11 2
5 14 6 10 21 5
5 14 16 10 21 5
5 14 16 6 21 5
5 15 4 25 9 24
5 15 16 4 25 24
5 15 16 4 25 9
5 15 13 25 9 24
5 15 16 13 25 24
5 15 16 13 25 9
5 15 4 1 9 24
5 15 13 1 9 24
5 15 4 1 8 24
5 15 4 1 9 8
5 15 13 1 8 24
5 15 13 1 3 9
5 15 14 4 8 24
5 15 14 16 4 24
5 15 1 3 9 8
5 15 6 4 9 8
5 15 14 13 8 24
5 15 14 16 13 24
5 15 13 1 3 8
5 15 6 13 3 9
5 15 16 6 13 9
5 15 16 4 21 8
5 15 14 4 21 8
5 15 14 16 4 21
5 15 6 3 9 8
5 15 6 4 5 8
5 15 16 4 5 8
5 15 16 6 5 8
5 15 6 4 5 9
5 15 16 4 5 9
5 15 16 6 5 9
5 15 16 13 21 8
5 15 14 13 21 8
5 15 14 16 13 21
5 15 6 13 3 8
5 15 16 6 13 8
5 22 14 6 10 21
5 22 6 10 21 5
5 22 20 10 21 5
5 22 20 6 21 5
5 22 20 10 21 11
5 22 14 10 21 11
5 22 20 6 21 2
5 22 14 6 10 5
5 22 20 6 5 2
5 22 20 10 25 11
5 22 20 10 5 25
5 22 14 10 25 11
5 22 14 16 6 5
5 22 20 25 11 2
5 22 20 5 25 2
5 22 14 25 11 2
5 22 16 10 5 25
5 22 14 16 10 25
5 22 14 16 10 5
5 22 6 5 25 2
5 22 16 6 25 2
5 22 16 6 5 25
5 22 16 6 13 2
5 22 14 6 13 2
5 22 14 16 6 13
5 22 16 13 25 2
5 22 14 13 25 2
5 22 14 16 13 25
