308
5 28 31 12 23 15
5 28 24 31 12 23
5 28 24 31 12 22
5 10 29 16 0 3
5 10 30 7 0 15
5 10 30 7 22 0
5 14 30 7 22 0
5 14 10 29 22 0
5 14 10 30 22 0
5 14 29 16 0 3
5 21 28 31 23 15
5 1 10 29 16 0
5 1 10 29 22 0
5 1 10 7 22 0
5 26 28 31 12 15
5 26 10 30 7 15
5 26 10 30 7 22
5 26 10 30 12 3
5 20 14 29 0 3
5 20 14 10 29 22
5 20 14 10 30 22
5 20 29 4 16 3
5 20 14 4 16 3
5 20 14 29 16 3
5 20 14 29 4 16
5 20 10 29 0 3
5 20 10 30 0 3
5 20 14 10 29 0
5 20 14 10 30 0
5 25 1 21 8 7
5 25 1 29 16 0
5 25 14 29 4 16
5 25 14 29 22 0
5 25 14 7 22 0
5 25 1 29 22 0
5 25 1 7 22 0
5 19 1 21 7 15
5 19 21 28 7 15
5 19 21 28 7 22
5 19 1 10 7 22
5 19 1 21 8 15
5 19 25 21 7 22
5 19 25 1 7 22
5 19 25 1 21 7
5 19 26 28 7 15
5 19 26 28 7 22
5 19 21 28 31 15
5 19 21 28 31 22
5 19 26 10 7 15
5 19 26 10 7 22
5 19 10 7 0 15
5 19 1 10 7 0
5 19 21 8 31 15
5 19 26 28 31 15
5 19 26 28 31 22
5 19 1 8 31 3
5 19 26 31 12 15
5 19 26 10 12 15
5 19 26 10 31 12
5 9 26 10 30 3
5 9 26 10 30 22
5 9 10 31 12 3
5 9 26 10 12 3
5 9 26 10 31 12
5 9 19 26 31 22
5 9 19 26 10 22
5 9 19 26 10 31
5 9 1 10 16 3
5 9 19 10 31 3
5 9 19 1 31 3
5 9 19 1 10 3
5 9 19 1 10 22
5 9 24 31 12 3
5 9 24 31 12 22
5 9 28 31 12 22
5 9 26 28 12 22
5 9 26 28 31 22
5 9 26 28 31 12
5 9 20 10 30 3
5 9 20 10 30 22
5 9 1 8 16 3
5 9 1 8 31 3
5 9 10 29 16 3
5 9 1 10 29 16
5 9 1 10 29 22
5 9 19 8 31 22
5 9 19 1 8 22
5 9 19 1 8 31
5 9 26 30 12 3
5 9 20 10 29 3
5 9 20 10 29 22
5 9 29 4 16 3
5 9 8 4 16 3
5 9 8 31 4 3
5 9 24 31 4 3
5 9 20 29 4 3
5 9 20 14 29 22
5 27 25 14 7 0
5 27 25 14 7 22
5 27 20 30 0 3
5 27 20 14 0 3
5 27 20 14 30 0
5 27 25 14 4 16
5 27 14 16 0 3
5 27 14 4 16 3
5 27 25 1 16 0
5 27 25 1 4 16
5 27 14 29 16 0
5 27 25 29 16 0
5 27 25 14 29 0
5 27 25 14 29 16
5 2 26 28 12 22
5 2 18 26 28 22
5 2 28 24 12 22
5 2 9 26 12 22
5 2 9 18 26 22
5 2 9 24 12 22
5 2 28 24 12 23
5 2 18 26 30 12
5 2 9 26 30 12
5 2 9 30 12 3
5 6 19 25 21 22
5 6 19 25 1 22
5 6 19 25 1 21
5 6 25 1 21 8
5 6 19 1 8 22
5 6 19 1 21 8
5 6 19 8 31 22
5 6 19 21 31 22
5 6 19 21 8 31
5 6 9 8 31 22
5 6 21 8 31 23
5 6 25 1 8 4
5 6 8 31 4 23
5 6 1 8 4 16
5 6 25 1 4 16
5 6 25 1 29 16
5 32 25 14 29 22
5 32 9 14 29 22
5 32 25 14 29 4
5 32 25 1 29 22
5 32 6 25 1 22
5 32 6 25 1 29
5 32 9 1 29 22
5 32 9 20 14 29
5 32 9 1 8 22
5 32 6 1 8 22
5 32 6 9 8 22
5 32 9 1 29 16
5 32 6 1 29 16
5 32 6 25 21 22
5 32 6 9 31 22
5 32 25 29 4 16
5 32 6 25 4 16
5 32 6 25 29 16
5 32 27 25 14 22
5 32 27 25 14 4
5 32 9 1 8 16
5 32 6 1 8 16
5 32 6 21 31 22
5 32 6 8 4 16
5 13 27 18 14 30
5 13 14 30 7 22
5 13 18 14 30 22
5 13 14 30 7 0
5 13 27 14 7 0
5 13 27 14 30 0
5 13 27 18 30 0
5 13 27 14 7 22
5 13 26 30 7 22
5 13 18 26 30 22
5 13 30 7 0 15
5 13 26 28 7 22
5 13 18 26 28 22
5 13 26 30 7 15
5 13 26 28 7 15
5 13 26 30 12 15
5 13 18 26 30 12
5 13 26 28 12 15
5 13 2 26 28 12
5 13 2 18 26 12
5 13 2 18 26 28
5 17 27 20 30 3
5 17 27 18 14 30
5 17 27 20 14 30
5 17 9 20 30 3
5 17 2 9 30 3
5 17 18 14 30 22
5 17 20 14 30 22
5 17 9 20 30 22
5 17 2 18 26 30
5 17 2 9 26 30
5 17 2 9 18 26
5 17 20 14 4 3
5 17 27 14 4 3
5 17 27 20 14 3
5 17 9 20 14 22
5 17 9 24 4 3
5 17 9 20 4 3
5 17 9 24 12 3
5 17 2 9 12 3
5 17 2 9 24 12
5 17 18 26 30 22
5 17 9 26 30 22
5 17 9 18 26 22
5 17 2 9 18 22
5 11 13 27 18 14
5 11 32 27 25 4
5 11 17 27 18 14
5 11 13 18 14 22
5 11 32 27 14 22
5 11 13 27 14 22
5 11 27 25 7 22
5 11 32 27 25 22
5 11 13 27 7 22
5 11 13 18 28 22
5 11 17 18 14 22
5 11 17 32 14 22
5 11 13 28 7 22
5 11 17 27 24 4
5 11 17 2 18 24
5 11 17 2 27 24
5 11 17 2 27 18
5 11 2 28 24 23
5 11 2 28 12 23
5 11 13 2 28 12
5 11 13 2 18 12
5 11 13 2 18 28
5 11 32 21 28 22
5 11 32 25 21 22
5 11 21 28 7 22
5 11 25 21 7 22
5 11 2 24 12 23
5 11 13 28 7 15
5 11 21 28 7 15
5 5 32 9 14 22
5 5 17 9 14 22
5 5 17 32 14 22
5 5 32 9 20 14
5 5 17 9 20 14
5 5 9 24 31 22
5 5 32 9 31 22
5 5 2 9 24 22
5 5 17 2 9 22
5 5 17 2 9 24
5 5 17 9 24 4
5 5 17 20 14 4
5 5 17 9 20 4
5 5 9 24 31 4
5 5 17 2 18 22
5 5 17 2 18 24
5 5 11 17 18 22
5 5 11 17 32 22
5 5 11 17 18 24
5 5 11 17 24 4
5 5 20 14 29 4
5 5 32 14 29 4
5 5 32 20 14 29
5 5 32 27 14 4
5 5 17 27 14 4
5 5 9 20 29 4
5 5 32 9 20 29
5 5 28 24 31 23
5 5 28 24 31 22
5 5 9 8 31 4
5 5 2 28 24 22
5 5 2 18 28 22
5 5 11 18 28 22
5 5 11 32 28 22
5 5 11 24 4 23
5 5 11 32 27 4
5 5 11 17 27 4
5 5 11 32 27 14
5 5 11 17 27 14
5 5 11 17 32 14
5 5 9 29 4 16
5 5 32 29 4 16
5 5 32 9 29 16
5 5 21 28 31 23
5 5 21 28 31 22
5 5 32 21 31 22
5 5 32 21 28 22
5 5 11 28 24 23
5 5 24 31 4 23
5 5 6 31 4 23
5 5 6 21 31 23
5 5 32 6 21 31
5 5 6 8 31 4
5 5 32 6 8 4
5 5 9 8 4 16
5 5 32 8 4 16
5 5 32 9 8 16
5 5 6 9 8 31
5 5 32 6 9 31
5 5 32 6 9 8
5 5 11 2 28 24
5 5 11 2 18 24
5 5 11 2 18 28
5 5 11 25 4 23
5 5 11 32 25 4
5 5 11 21 28 23
5 5 11 32 21 28
5 5 6 25 21 23
5 5 32 6 25 21
5 5 6 25 4 23
5 5 32 6 25 4
5 5 11 25 21 23
5 5 11 32 25 21
