341
5 2 22 8 5 4
5 16 27 15 19 5
5 11 2 7 0 4
5 11 2 8 5 4
5 11 2 7 5 4
5 11 2 7 8 5
5 11 7 19 5 4
5 25 7 5 28 26
5 25 10 28 0 26
5 25 15 5 28 26
5 25 16 15 5 26
5 25 16 15 8 5
5 25 15 7 5 28
5 25 15 7 8 5
5 3 27 32 19 4
5 29 25 16 5 26
5 29 25 16 8 5
5 29 25 7 5 26
5 29 25 10 0 26
5 29 7 28 0 26
5 29 25 7 28 26
5 24 11 19 5 4
5 24 22 8 5 4
5 24 11 8 5 4
5 24 16 15 19 5
5 24 22 32 19 4
5 24 11 32 19 4
5 24 11 22 32 4
5 24 11 7 8 5
5 9 25 10 28 0
5 9 29 7 28 0
5 9 29 25 7 28
5 9 25 28 0 26
5 9 29 28 0 26
5 9 29 25 0 26
5 9 29 25 28 26
5 9 3 11 0 4
5 12 25 10 28 26
5 12 25 10 14 26
5 12 25 15 28 26
5 12 25 15 14 26
5 12 15 19 28 26
5 12 15 14 19 26
5 12 32 19 28 26
5 12 32 14 19 26
5 12 32 15 19 28
5 12 3 10 32 14
5 12 27 15 14 19
5 12 27 32 14 19
5 12 16 27 15 19
5 12 24 16 15 19
5 12 25 16 15 8
5 12 24 16 15 8
5 12 24 27 32 19
5 12 24 16 27 19
5 17 29 16 5 26
5 17 16 15 5 26
5 17 29 25 14 26
5 17 29 25 16 26
5 17 25 15 14 26
5 17 25 16 15 26
5 17 16 27 15 5
5 17 15 19 5 26
5 17 27 15 19 5
5 17 15 14 19 26
5 17 27 14 19 26
5 17 27 15 14 19
5 17 12 25 15 14
5 17 12 25 16 15
5 17 12 27 15 14
5 17 12 16 27 15
5 18 24 11 32 19
5 18 32 15 19 28
5 18 12 32 15 19
5 18 12 24 15 19
5 18 12 24 32 19
5 18 24 15 19 5
5 18 24 11 19 5
5 18 15 7 19 28
5 18 15 7 19 5
5 18 11 7 19 5
5 18 24 11 7 5
5 18 15 7 8 5
5 18 24 7 8 5
5 18 12 24 15 8
5 18 24 11 7 8
5 18 16 15 8 5
5 18 24 16 8 5
5 18 24 16 15 5
5 18 24 16 15 8
5 18 12 25 8 28
5 18 12 25 15 28
5 18 12 25 15 8
5 18 25 15 7 28
5 18 25 15 7 8
5 1 29 25 10 0
5 1 9 25 10 0
5 1 9 29 25 0
5 1 29 2 10 0
5 1 29 2 7 0
5 1 9 29 7 0
5 1 9 29 25 7
5 1 11 2 7 0
5 1 9 11 7 0
5 1 9 25 10 28
5 1 12 25 10 28
5 1 12 9 10 28
5 1 25 7 8 5
5 1 29 25 8 5
5 1 29 25 7 5
5 1 18 25 7 8
5 1 11 2 7 8
5 1 2 7 8 5
5 1 29 2 8 5
5 1 29 2 7 5
5 1 18 11 7 8
5 1 18 9 11 7
5 1 9 25 7 28
5 1 18 25 7 28
5 30 12 10 32 28
5 30 12 9 10 28
5 30 9 10 28 0
5 30 12 3 10 32
5 30 3 10 32 0
5 30 9 3 10 0
5 30 12 32 15 28
5 30 18 32 15 28
5 30 18 12 15 28
5 30 18 12 32 15
5 30 1 12 9 28
5 30 9 11 7 0
5 30 9 3 11 0
5 30 18 9 11 7
5 30 1 9 7 28
5 30 1 18 7 28
5 30 1 18 9 7
5 30 18 12 8 28
5 30 1 18 9 11
5 30 18 24 11 32
5 30 18 12 24 32
5 30 3 11 32 4
5 30 12 25 8 28
5 30 1 12 25 28
5 30 1 12 25 8
5 30 18 25 8 28
5 30 1 18 25 28
5 30 1 18 25 8
5 30 1 18 11 8
5 30 18 24 11 8
5 30 18 12 24 8
5 31 2 22 8 5
5 31 29 2 8 5
5 31 2 22 5 4
5 31 17 16 27 5
5 31 29 16 8 5
5 31 17 29 16 5
5 31 17 29 16 8
5 31 27 19 5 4
5 31 27 22 19 4
5 31 24 22 8 5
5 31 24 16 8 5
5 31 24 19 5 4
5 31 24 22 5 4
5 31 24 22 19 4
5 31 24 27 22 19
5 31 16 27 19 5
5 31 24 16 19 5
5 31 24 16 27 19
5 20 17 12 25 14
5 20 17 12 27 14
5 20 9 3 10 0
5 20 30 9 3 10
5 20 30 12 3 10
5 20 30 12 9 10
5 20 17 12 16 27
5 20 31 17 16 27
5 20 12 24 27 32
5 20 30 12 3 32
5 20 9 3 0 4
5 20 30 9 3 11
5 20 12 24 16 27
5 20 31 24 16 27
5 20 24 27 32 19
5 20 30 12 24 32
5 20 30 3 11 32
5 20 9 11 0 4
5 20 9 3 11 4
5 20 24 11 22 32
5 20 30 24 11 32
5 20 11 22 32 4
5 20 3 22 32 4
5 20 3 11 32 4
5 23 17 29 25 14
5 23 1 29 25 10
5 23 20 17 25 14
5 23 1 29 25 8
5 23 29 25 16 8
5 23 17 29 16 8
5 23 17 29 25 16
5 23 12 25 10 14
5 23 20 12 10 14
5 23 20 12 25 14
5 23 1 12 25 10
5 23 1 12 25 8
5 23 31 17 29 8
5 23 1 29 2 8
5 23 1 12 9 10
5 23 20 12 9 10
5 23 1 2 10 0
5 23 31 17 16 8
5 23 31 29 2 8
5 23 1 11 2 8
5 23 1 9 10 0
5 23 20 9 10 0
5 23 1 11 2 0
5 23 1 9 11 0
5 6 31 17 27 14
5 6 20 17 27 14
5 6 20 31 17 27
5 6 31 24 27 22
5 6 20 31 24 22
5 6 20 31 24 27
5 6 20 12 27 14
5 6 20 3 22 32
5 6 24 27 22 19
5 6 20 24 27 19
5 6 3 27 32 14
5 6 12 27 32 14
5 6 12 3 32 14
5 6 20 12 3 10
5 6 20 12 27 32
5 6 20 12 3 32
5 6 3 22 32 4
5 6 3 27 32 4
5 6 20 27 32 19
5 6 24 22 32 19
5 6 20 24 32 19
5 6 20 24 22 32
5 6 22 32 19 4
5 6 27 32 19 4
5 6 27 22 19 4
5 13 23 25 10 14
5 13 23 29 25 14
5 13 23 29 25 10
5 13 25 10 14 26
5 13 29 25 14 26
5 13 29 25 10 26
5 13 29 2 10 26
5 13 17 29 2 14
5 13 23 17 29 14
5 13 1 29 2 10
5 13 23 1 2 10
5 13 23 1 29 10
5 13 23 1 29 2
5 13 23 20 10 14
5 13 31 17 29 2
5 13 23 31 29 2
5 13 23 31 17 29
5 13 12 3 10 14
5 13 6 12 3 14
5 13 6 12 3 10
5 13 6 20 3 10
5 13 20 12 10 14
5 13 6 20 12 14
5 13 6 20 12 10
5 13 23 20 17 14
5 13 6 20 17 14
5 13 6 31 17 14
5 13 23 2 10 0
5 13 23 20 10 0
5 13 23 20 2 0
5 13 20 3 10 0
5 13 6 20 3 22
5 13 23 20 31 17
5 13 6 20 31 17
5 13 6 20 31 22
5 13 3 2 0 4
5 13 20 2 0 4
5 13 20 3 0 4
5 13 6 3 22 4
5 13 20 2 22 4
5 13 20 3 22 4
5 21 23 17 25 16
5 21 23 20 17 25
5 21 17 12 25 16
5 21 20 17 12 16
5 21 20 17 12 25
5 21 23 25 16 8
5 21 20 31 17 16
5 21 23 31 17 16
5 21 23 20 31 17
5 21 12 25 16 8
5 21 23 31 16 8
5 21 23 12 25 8
5 21 23 20 12 25
5 21 12 24 16 8
5 21 20 12 24 16
5 21 31 24 16 8
5 21 20 31 24 16
5 21 30 12 24 8
5 21 20 30 12 24
5 21 31 24 22 8
5 21 20 31 24 22
5 21 31 2 22 8
5 21 23 31 2 8
5 21 30 1 12 8
5 21 23 1 12 8
5 21 20 30 12 9
5 21 23 20 12 9
5 21 30 24 11 8
5 21 20 30 24 11
5 21 24 22 8 4
5 21 2 22 8 4
5 21 20 2 22 4
5 21 23 11 2 8
5 21 13 31 2 22
5 21 13 20 2 22
5 21 13 20 31 22
5 21 13 23 31 2
5 21 13 23 20 2
5 21 13 23 20 31
5 21 30 1 12 9
5 21 23 1 12 9
5 21 30 1 11 8
5 21 23 1 11 8
5 21 24 11 8 4
5 21 24 11 22 4
5 21 20 11 22 4
5 21 20 24 11 22
5 21 11 2 8 4
5 21 23 11 2 0
5 21 23 20 2 0
5 21 30 1 9 11
5 21 20 30 9 11
5 21 23 1 9 11
5 21 11 2 0 4
5 21 20 2 0 4
5 21 20 11 0 4
5 21 20 9 11 0
5 21 23 9 11 0
5 21 23 20 9 0
