104
5 0 7 15 6 11
5 0 7 6 8 17
5 0 7 15 8 17
5 1 15 6 11 13
5 1 0 15 6 11
5 1 0 2 15 17
5 1 0 6 10 17
5 12 15 6 11 13
5 12 7 6 11 13
5 12 7 15 6 11
5 12 7 6 8 13
5 12 7 15 6 8
5 12 14 2 15 8
5 4 1 14 2 10
5 4 12 6 8 13
5 4 12 14 8 13
5 3 1 6 11 13
5 3 1 15 6 13
5 5 12 1 2 13
5 5 3 1 2 13
5 5 1 0 2 15
5 5 3 4 2 13
5 5 4 1 2 10
5 5 3 4 1 10
5 5 3 4 1 2
5 18 0 7 15 11
5 18 12 7 15 11
5 18 0 7 15 8
5 18 12 7 15 8
5 18 1 0 15 11
5 18 5 1 0 15
5 18 5 0 2 15
5 18 1 15 11 13
5 18 12 15 11 13
5 18 12 1 15 13
5 18 12 1 2 15
5 18 5 1 2 15
5 18 5 12 1 2
5 18 12 7 11 13
5 16 4 1 14 10
5 16 3 1 15 6
5 16 3 1 6 10
5 16 3 4 6 10
5 16 3 4 1 10
5 16 4 1 14 2
5 16 3 4 1 2
5 16 1 6 10 17
5 16 3 15 6 13
5 16 3 4 6 13
5 16 4 14 2 13
5 16 3 4 2 13
5 16 14 2 10 17
5 16 1 2 10 17
5 16 1 14 2 10
5 16 6 10 8 17
5 16 4 6 10 8
5 16 14 10 8 17
5 16 4 14 10 8
5 16 1 0 6 17
5 16 1 0 15 17
5 16 1 0 15 6
5 16 1 2 15 17
5 16 3 1 15 13
5 16 3 1 2 13
5 16 12 15 6 8
5 16 4 12 6 8
5 16 12 14 15 8
5 16 4 12 14 8
5 16 12 15 6 13
5 16 4 12 6 13
5 16 4 12 14 13
5 16 7 6 8 17
5 16 7 15 8 17
5 16 7 15 6 8
5 16 0 7 6 17
5 16 0 7 15 17
5 16 0 7 15 6
5 16 12 14 2 13
5 16 12 14 2 15
5 16 12 1 15 13
5 16 12 1 2 13
5 16 12 1 2 15
5 9 3 1 11 13
5 9 5 3 1 13
5 9 18 1 11 13
5 9 18 5 11 13
5 9 3 1 6 11
5 9 5 12 1 13
5 9 18 12 1 13
5 9 18 5 12 13
5 9 18 5 12 1
5 9 18 1 0 11
5 9 18 5 0 11
5 9 18 5 1 0
5 9 1 0 6 11
5 9 3 6 10 11
5 9 0 6 10 11
5 9 1 0 6 10
5 9 3 1 6 10
5 9 5 3 1 10
5 9 1 0 10 17
5 9 5 0 10 17
5 9 5 1 10 17
5 9 5 1 0 17
