209
5 16 15 19 3 1
5 16 15 6 19 1
5 11 16 19 3 1
5 11 16 9 3 1
5 11 16 9 19 1
5 11 16 15 19 3
5 11 16 9 3 22
5 24 16 15 6 19
5 21 24 16 6 19
5 21 16 6 19 1
5 21 16 9 19 1
5 21 11 16 9 19
5 17 11 9 19 1
5 17 21 9 19 1
5 17 21 18 9 19
5 17 21 6 19 1
5 17 21 16 9 1
5 14 16 15 3 22
5 14 11 16 3 22
5 14 11 16 15 3
5 12 17 6 19 1
5 12 17 16 6 1
5 12 17 16 9 1
5 12 17 16 9 6
5 12 17 21 6 19
5 12 17 21 18 19
5 12 17 21 2 18
5 10 12 16 9 1
5 10 17 2 9 1
5 10 12 17 9 1
5 10 12 17 2 1
5 10 12 16 9 6
5 10 23 16 9 22
5 10 12 7 2 18
5 10 23 18 9 22
5 10 23 7 18 22
5 8 17 2 18 9
5 8 10 2 18 9
5 8 10 23 18 9
5 8 10 23 2 18
5 8 14 18 9 22
5 8 23 18 9 22
5 8 23 14 18 22
5 20 17 16 9 6
5 20 17 21 16 9
5 20 10 16 9 6
5 20 12 17 9 6
5 20 12 17 21 6
5 20 21 16 6 1
5 20 17 16 6 1
5 20 17 21 6 1
5 20 17 21 16 1
5 20 10 12 9 6
5 20 21 24 16 6
5 20 10 12 17 9
5 20 10 17 2 9
5 20 12 17 21 2
5 20 10 12 17 2
5 20 17 2 18 9
5 20 17 21 18 9
5 20 17 21 2 18
5 20 10 2 18 9
5 20 12 21 2 18
5 20 10 12 2 18
5 5 11 9 3 1
5 5 16 15 3 1
5 5 17 11 9 1
5 5 8 17 11 1
5 5 8 17 11 9
5 5 11 9 3 22
5 5 8 11 9 22
5 5 14 11 3 22
5 5 8 14 11 22
5 5 8 23 14 22
5 5 23 7 16 15
5 5 14 15 3 22
5 5 17 2 9 1
5 5 8 17 2 9
5 5 8 23 9 22
5 5 16 9 3 1
5 5 10 16 9 1
5 5 16 15 6 1
5 5 12 15 6 1
5 5 12 16 6 1
5 5 7 16 15 6
5 5 12 7 15 6
5 5 12 7 16 6
5 5 16 15 3 22
5 5 23 16 15 22
5 5 16 9 3 22
5 5 23 16 9 22
5 5 10 23 16 9
5 25 14 16 15 22
5 25 24 16 15 6
5 25 10 7 18 22
5 25 10 7 24 18
5 25 14 18 9 22
5 25 14 24 18 9
5 25 20 24 16 6
5 25 20 24 16 9
5 25 20 10 24 18
5 25 20 24 18 9
5 25 10 16 9 22
5 25 10 18 9 22
5 25 20 10 18 9
5 13 25 14 24 9
5 13 20 24 16 9
5 13 21 11 16 9
5 13 20 21 16 9
5 13 20 21 24 16
5 13 25 24 16 9
5 13 25 14 9 22
5 13 21 18 9 19
5 13 21 11 9 19
5 13 8 14 18 9
5 13 20 21 18 9
5 13 14 24 18 9
5 13 20 24 18 9
5 13 20 21 24 18
5 13 21 11 16 19
5 13 21 24 16 19
5 13 21 24 18 19
5 13 14 24 18 19
5 13 11 16 9 22
5 13 25 16 9 22
5 13 8 11 9 22
5 13 8 14 9 22
5 13 8 14 11 22
5 13 14 11 16 22
5 13 25 14 16 22
5 13 25 24 16 15
5 13 25 14 16 15
5 13 25 14 24 15
5 13 17 18 9 19
5 13 17 11 9 19
5 13 17 11 18 19
5 13 8 17 18 9
5 13 8 17 11 9
5 13 8 17 11 18
5 13 11 16 15 19
5 13 14 11 15 19
5 13 14 11 16 15
5 13 24 16 15 19
5 13 14 24 15 19
5 4 5 12 7 15
5 4 5 12 16 1
5 4 5 12 7 16
5 4 5 23 7 15
5 4 8 23 2 18
5 4 8 17 2 18
5 4 5 8 17 2
5 4 12 17 2 1
5 4 10 12 2 1
5 4 10 12 7 2
5 4 5 17 2 1
5 4 10 12 16 1
5 4 10 12 7 16
5 4 5 10 16 1
5 4 10 7 2 18
5 4 10 23 2 18
5 4 10 23 7 18
5 4 8 10 23 2
5 4 8 10 2 9
5 4 5 8 2 9
5 4 10 23 7 16
5 4 5 23 7 16
5 4 5 10 23 16
5 4 8 10 23 9
5 4 5 10 23 9
5 4 5 8 23 9
5 4 10 2 9 1
5 4 5 2 9 1
5 4 5 10 9 1
5 0 25 24 15 6
5 0 12 7 15 6
5 0 25 7 24 18
5 0 25 20 24 6
5 0 21 24 6 19
5 0 12 21 6 19
5 0 7 16 15 6
5 0 25 16 15 22
5 0 25 16 15 6
5 0 25 10 7 22
5 0 20 21 24 6
5 0 20 12 21 6
5 0 20 10 12 6
5 0 25 10 7 24
5 0 25 20 10 24
5 0 10 7 24 18
5 0 20 10 24 18
5 0 20 21 24 18
5 0 20 12 21 18
5 0 10 12 7 18
5 0 20 10 12 18
5 0 23 16 15 22
5 0 23 7 16 15
5 0 25 10 16 22
5 0 12 7 16 6
5 0 10 12 16 6
5 0 10 12 7 16
5 0 20 10 16 6
5 0 25 20 16 6
5 0 10 23 16 22
5 0 10 23 7 22
5 0 10 23 7 16
5 0 20 10 16 9
5 0 25 10 16 9
5 0 25 20 16 9
5 0 25 20 10 9
