213
5 15 23 10 14 22
5 9 15 23 1 22
5 9 5 1 6 3
5 2 9 19 15 6
5 8 19 15 14 6
5 18 2 9 15 1
5 18 17 5 1 6
5 18 9 5 1 6
5 18 9 17 1 6
5 18 9 15 1 22
5 18 17 10 1 22
5 18 9 17 1 22
5 18 9 5 6 3
5 18 2 9 6 3
5 18 2 15 23 1
5 18 23 10 1 22
5 18 15 23 1 22
5 18 15 23 10 22
5 18 19 5 6 3
5 18 2 19 6 3
5 18 9 5 1 3
5 18 2 9 1 3
5 7 23 10 14 22
5 7 5 16 10 3
5 13 15 23 10 14
5 13 2 15 23 14
5 13 8 15 10 14
5 13 18 15 23 10
5 13 18 2 23 10
5 13 18 2 15 23
5 13 8 19 15 14
5 13 18 8 15 10
5 13 2 19 15 6
5 13 18 2 19 6
5 13 8 19 15 6
5 13 18 8 15 6
5 13 18 8 19 6
5 13 2 9 15 6
5 13 18 9 15 6
5 13 18 2 9 6
5 13 18 2 9 15
5 24 18 8 15 6
5 24 18 8 15 10
5 24 8 19 5 6
5 21 8 19 5 3
5 21 18 5 10 3
5 21 18 19 5 3
5 21 24 18 5 10
5 21 24 18 8 10
5 21 13 18 8 10
5 21 13 18 8 19
5 21 8 19 5 6
5 21 18 19 5 6
5 21 18 8 19 6
5 21 5 16 10 3
5 21 8 19 16 3
5 21 24 8 5 6
5 21 24 18 5 6
5 21 24 18 8 6
5 21 24 8 5 3
5 21 7 5 16 10
5 21 13 8 10 14
5 11 2 23 16 1
5 11 18 23 10 1
5 11 18 2 23 1
5 11 23 10 1 22
5 11 7 23 10 22
5 11 18 5 1 3
5 11 7 5 16 3
5 11 17 10 1 22
5 11 7 17 10 22
5 11 17 23 1 22
5 11 7 17 23 22
5 11 7 17 5 10
5 11 18 17 10 1
5 11 18 17 5 1
5 11 18 17 5 10
5 0 7 23 10 14
5 0 13 23 10 14
5 0 13 2 23 14
5 0 13 2 23 10
5 0 21 7 16 10
5 0 21 13 10 14
5 0 11 7 23 10
5 0 21 13 8 14
5 0 11 2 23 16
5 0 18 2 23 10
5 0 11 18 23 10
5 0 11 18 2 23
5 0 21 13 8 19
5 0 21 16 10 3
5 0 7 16 10 3
5 0 11 7 16 3
5 0 2 19 16 3
5 0 21 19 16 3
5 0 13 18 2 10
5 0 13 18 2 19
5 0 21 13 18 10
5 0 21 13 18 19
5 0 7 5 10 3
5 0 11 7 5 3
5 0 11 7 5 10
5 0 18 2 19 3
5 0 21 18 10 3
5 0 21 18 19 3
5 0 18 5 10 3
5 0 11 18 5 3
5 0 11 18 5 10
5 0 2 16 1 3
5 0 11 16 1 3
5 0 11 2 16 1
5 0 18 2 1 3
5 0 11 18 1 3
5 0 11 18 2 1
5 25 24 18 15 10
5 25 18 15 10 22
5 25 18 17 10 22
5 25 18 17 5 10
5 25 24 17 5 10
5 25 24 18 5 10
5 25 15 10 14 22
5 25 18 9 15 22
5 25 18 9 17 22
5 25 8 15 10 14
5 25 24 8 15 10
5 25 18 17 5 6
5 25 24 18 5 6
5 25 18 9 15 6
5 25 24 18 15 6
5 25 18 9 17 6
5 25 7 17 10 22
5 25 9 15 6 22
5 25 9 17 6 22
5 25 8 15 14 6
5 25 24 8 15 6
5 25 15 14 6 22
5 12 13 8 19 14
5 12 0 13 8 14
5 12 0 13 8 19
5 12 13 2 19 14
5 12 0 13 2 14
5 12 0 13 2 19
5 12 8 19 16 3
5 12 2 19 16 14
5 12 0 2 19 16
5 12 0 21 8 14
5 12 21 8 19 16
5 12 0 21 19 16
5 12 0 21 8 19
5 12 0 2 23 14
5 12 0 2 23 16
5 12 21 8 16 3
5 12 0 7 23 14
5 12 0 7 10 14
5 12 0 11 23 16
5 12 0 11 7 16
5 12 0 11 7 23
5 12 7 23 14 22
5 12 11 7 17 23
5 12 7 10 14 22
5 12 7 17 23 22
5 4 25 8 10 14
5 4 25 10 14 22
5 4 12 10 14 22
5 4 25 7 10 22
5 4 12 7 10 22
5 4 25 7 17 10
5 4 21 24 8 3
5 4 12 21 8 3
5 4 25 7 17 22
5 4 12 7 17 22
5 4 21 24 5 3
5 4 12 21 5 3
5 4 12 7 17 5
5 20 25 24 8 10
5 20 4 25 8 10
5 20 4 25 24 8
5 20 21 24 8 10
5 20 4 21 24 8
5 20 25 24 17 10
5 20 4 25 17 10
5 20 4 25 24 17
5 20 21 8 10 14
5 20 4 8 10 14
5 20 4 12 10 14
5 20 12 21 8 14
5 20 4 12 8 14
5 20 4 12 21 8
5 20 24 17 5 10
5 20 21 24 5 10
5 20 4 7 17 10
5 20 0 21 10 14
5 20 12 0 10 14
5 20 12 0 21 14
5 20 4 12 7 10
5 20 7 17 5 10
5 20 21 7 5 10
5 20 4 7 17 5
5 20 4 24 17 5
5 20 4 21 24 5
5 20 0 21 7 10
5 20 12 0 7 10
5 20 4 12 7 5
5 20 4 12 21 5
5 20 0 21 7 16
5 20 12 0 7 16
5 20 12 0 21 16
5 20 21 7 5 16
5 20 12 7 5 16
5 20 21 5 16 3
5 20 12 5 16 3
5 20 12 21 16 3
5 20 12 21 5 3
