4
33
0.599967 0.663767 2.52206 4.07503
2.86516 4.57781 5.35008 7.83904
3.22408 4.76931 -7.21038 2.83486
-1.9839 4.51162 4.62936 4.00625
8.75596 -7.92891 3.25954 0.400288
2.04789 -4.97483 -0 4.77806
-0.567387 -2.09083 -0 -0.137665
-9.68785 -2.34761 -0 6.71437
4.96906 8.82444 -0 -0.618826
-2.88162 0.00822512 -0 0.505484
6.52757 3.66969 -0 8.24665
-3.57035 -4.10272 -0 -0.755215
9.95661 7.04912 9.07562 -0
-8.45685 6.35848 4.96416 -0
3.74203 -8.0894 9.86619 -0
9.74048 3.68386 -0.512832 -0
0.208035 -9.72532 6.51327 -0
-3.51075 5.7647 0.437477 -0
-7.41445 -8.10706 9.81343 -0
-0 7.3737 -6.83371 8.15087
-0 -8.87948 -4.05519 7.20269
-0 7.47281 0.930307 1.86094
-0 -0.406954 -8.58616 -3.53622
-0 -8.26976 0.866213 7.26333
-0 4.1463 -1.33153 2.63483
-0 7.61896 5.15175 4.65657
4.39041 -0 6.48844 -0.0226624
5.9032 -0 3.27769 5.88767
0.605999 -0 7.34147 -8.33646
8.88946 -0 8.20517 -6.53118
-4.54248 -0 -8.44112 9.35089
4.66159 -0 -2.9899 -4.06528
9.79901 -0 6.17742 -0.508035
