4
33
4.39895 -4.35787 5.83026 -1.73998
-3.39869 7.42858 7.48232 9.85689
-5.65731 -5.8982 4.19582 0.433631
2.37611 9.56041 -0.806438 6.64651
0.0171331 7.7331 0.665637 -7.84295
4.65508 3.52222 6.04297 -0
-9.41463 -4.46379 8.2906 -0
7.09561 -1.50185 6.37983 -0
-7.85968 1.17653 -5.22325 -0
-1.57525 7.94048 7.3225 -0
9.30695 -4.33187 -3.39738 -0
-0.798293 -5.31697 -1.53251 -0
-0 -4.10848 3.08909 -2.21919
-0 -4.12842 4.96627 -2.93893
-0 4.97697 -3.13746 -4.30256
-0 2.67497 1.31558 -9.7666
-0 3.48821 4.42236 3.34128
-0 -5.39348 -0.454641 -2.1374
-0 -9.60401 -6.52712 3.27436
-9.73857 -0 1.47731 5.77202
6.06655 -0 -4.53161 3.05893
-6.11033 -0 5.24933 8.24775
-6.00448 -0 6.63044 -6.33857
0.92983 -0 0.368357 2.60964
6.96765 -0 1.04442 4.42908
-9.1948 -0 1.83128 -4.46362
2.04789 -4.97483 -0 4.77806
-0.567387 -2.09083 -0 -0.137665
-9.68785 -2.34761 -0 6.71437
4.96906 8.82444 -0 -0.618826
-2.88162 0.00822512 -0 0.505484
6.52757 3.66969 -0 8.24665
-3.57035 -4.10272 -0 -0.755215
