4
26
7.09308 3.47403 1.15645 1.63476
-3.37843 2.48087 8.50498 8.42076
8.45557 -3.41174 2.3424 2.17672
9.48399 9.36526 -6.72194 7.7467
-4.08501 4.38698 -6.23129 -2.38413
-0 7.3737 -6.83371 8.15087
-0 -8.87948 -4.05519 7.20269
-0 7.47281 0.930307 1.86094
-0 -0.406954 -8.58616 -3.53622
-0 -8.26976 0.866213 7.26333
-0 4.1463 -1.33153 2.63483
-0 7.61896 5.15175 4.65657
3.17393 7.92125 -0 -7.13352
5.2294 -6.00602 -0 -1.22704
1.02852 -4.00288 -0 -8.93366
1.93659 -8.22853 -0 -0.445215
8.46011 9.61234 -0 0.0876452
-8.06056 5.17321 -0 2.44972
1.27984 -0.796648 -0 7.37141
9.00878 -4.85384 -9.33024 -0
-0.509931 5.13884 -5.20433 -0
0.414728 4.80657 -6.10092 -0
-8.25298 3.4382 6.17939 -0
-6.50945 4.30733 8.3449 -0
-4.2856 3.33293 -7.57172 -0
-7.4042 2.88151 -4.23939 -0
