4
26
-2.86528 7.01809 -2.51742 8.74627
9.97066 -3.62882 0.248237 6.3842
4.05155 8.89675 5.19774 0.0033404
-0.937028 -9.49629 4.8341 1.99911
0.713252 7.5781 9.94038 2.2275
-0 -6.60081 9.05116 2.01238
-0 0.20191 -4.81541 9.89687
-0 9.78556 7.00912 4.10209
-0 1.51539 7.98252 -6.23534
-0 2.85638 3.0773 -3.4759
-0 8.65474 4.93128 1.86566
-0 -8.88101 2.92895 -4.80813
7.62265 7.92333 -0 8.2092
-1.84558 -6.83007 -0 -8.19702
-7.84312 -6.43141 -0 -9.7353
-7.05498 -9.36063 -0 7.55501
-2.51071 -4.66794 -0 5.84668
9.90059 4.24209 -0 -0.440604
6.31352 8.32654 -0 -7.43592
9.00878 -4.85384 -9.33024 -0
-0.509931 5.13884 -5.20433 -0
0.414728 4.80657 -6.10092 -0
-8.25298 3.4382 6.17939 -0
-6.50945 4.30733 8.3449 -0
-4.2856 3.33293 -7.57172 -0
-7.4042 2.88151 -4.23939 -0
