4
19
-9.49829 -1.09891 -6.87646 -0.244585
-1.6848 -4.81094 -2.47334 3.89991
4.52655 -5.43956 9.17089 1.0793
2.09569 0.0862209 -2.66826 4.61392
5.2739 2.17386 4.21402 5.66024
-0 -5.53222 -7.89969 2.08725
-0 3.76732 -2.51803 2.78853
-0 5.3705 0.249163 -8.99161
-0 6.31884 3.22524 -8.91971
-0 -3.91973 -7.60669 1.84273
-0 2.26064 -0.574491 8.98862
-0 1.28522 -8.63579 -3.85223
5.11401 -0 4.00114 -6.87641
8.0268 -0 0.910321 -2.94646
4.47805 -0 9.54082 3.18951
-3.69791 -0 4.57749 -5.83016
-4.42443 -0 4.8568 1.90205
-9.79481 -0 0.230246 6.36717
-1.59263 -0 -4.88243 -9.90164
