4
33
-4.35571 5.07849 6.94481 -4.53746
-4.45396 1.96949 7.10909 0.480914
-6.77343 6.30838 -6.51169 6.1
-0.965994 0.0623231 -3.58556 -9.53798
6.19988 2.66072 3.57104 -0.550797
7.516 -0 6.03868 8.20995
2.29285 -0 9.53211 0.428607
-8.41968 -0 1.93777 1.67048
9.69844 -0 5.33585 -9.41484
-9.45175 -0 -9.56624 -1.15337
-4.39351 -0 5.19674 7.5724
0.935886 -0 9.42008 4.1533
-0 -5.53222 -7.89969 2.08725
-0 3.76732 -2.51803 2.78853
-0 5.3705 0.249163 -8.99161
-0 6.31884 3.22524 -8.91971
-0 -3.91973 -7.60669 1.84273
-0 2.26064 -0.574491 8.98862
-0 1.28522 -8.63579 -3.85223
-2.01397 8.16249 -0 -3.34527
8.81388 -8.182 -0 1.3581
7.18694 4.71563 -0 -0.705323
2.66248 7.02523 -0 -2.10233
3.78061 7.77844 -0 -8.11049
-9.9651 -5.90251 -0 6.56063
-0.984394 -0.771205 -0 9.60655
0.221383 -3.14713 -8.82895 -0
-7.68015 -1.00141 7.12317 -0
-9.76581 9.25325 -0.777119 -0
-6.1988 -2.04929 4.47617 -0
-6.78587 -5.91536 -8.63955 -0
-4.1541 -6.86326 -7.85496 -0
7.71113 -0.582229 9.05248 -0
