4
26
-9.58477 8.67093 -9.50095 0.945964
2.73906 -3.6435 9.86555 -9.43084
3.07716 -8.58127 1.33008 -5.95044
-8.95181 4.66932 4.53499 -3.26783
3.64163 2.315 9.98807 -9.36651
-7.81856 -0 9.04134 -6.84769
-2.72288 -0 -0.27766 2.6462
-1.839 -0 -0.347747 1.85156
-7.21323 -0 -1.92162 1.90655
1.58782 -0 -0.72424 3.20691
-1.61138 -0 0.730558 -2.69626
6.77675 -0 7.83061 0.924186
-2.01397 8.16249 -0 -3.34527
8.81388 -8.182 -0 1.3581
7.18694 4.71563 -0 -0.705323
2.66248 7.02523 -0 -2.10233
3.78061 7.77844 -0 -8.11049
-9.9651 -5.90251 -0 6.56063
-0.984394 -0.771205 -0 9.60655
-8.73029 -4.28826 0.466583 -0
3.13038 -6.17843 8.65804 -0
-6.93078 7.34727 -2.62861 -0
-8.8942 -9.53357 5.01392 -0
-4.90616 -6.49919 7.72921 -0
-5.12783 1.16691 -5.88165 -0
-0.41452 -6.43046 -5.55427 -0
