4
26
9.56761 4.40688 0.0546946 1.04276
-9.37992 1.64419 -1.664 0.527127
6.50522 -3.25399 -4.10887 -4.95683
9.59585 4.55467 5.13548 1.25267
2.89011 -2.62436 3.87373 4.54478
-9.73857 -0 1.47731 5.77202
6.06655 -0 -4.53161 3.05893
-6.11033 -0 5.24933 8.24775
-6.00448 -0 6.63044 -6.33857
0.92983 -0 0.368357 2.60964
6.96765 -0 1.04442 4.42908
-9.1948 -0 1.83128 -4.46362
0.221383 -3.14713 -8.82895 -0
-7.68015 -1.00141 7.12317 -0
-9.76581 9.25325 -0.777119 -0
-6.1988 -2.04929 4.47617 -0
-6.78587 -5.91536 -8.63955 -0
-4.1541 -6.86326 -7.85496 -0
7.71113 -0.582229 9.05248 -0
-2.48428 -7.96218 -0 7.98737
9.10946 -2.02669 -0 8.07367
7.4718 3.72497 -0 -6.06866
4.31601 -2.13822 -0 5.21141
-3.45058 9.32556 -0 -1.36451
2.56767 -1.398 -0 -1.71612
3.34068 -9.11315 -0 -7.08902
