4
26
5.40661 6.96049 -6.2215 -3.61607
-3.34935 8.31233 4.23398 3.40914
8.93866 -5.97708 9.80346 2.14684
3.75659 4.73025 9.0097 -7.57979
-1.78056 2.51496 -2.04235 -2.40874
-0 -4.10848 3.08909 -2.21919
-0 -4.12842 4.96627 -2.93893
-0 4.97697 -3.13746 -4.30256
-0 2.67497 1.31558 -9.7666
-0 3.48821 4.42236 3.34128
-0 -5.39348 -0.454641 -2.1374
-0 -9.60401 -6.52712 3.27436
8.28587 5.70795 0.852386 -0
-7.48151 -0.472208 9.86612 -0
-5.32901 -8.11131 -3.07102 -0
-4.64144 -0.452672 3.95432 -0
-4.11688 -1.78952 3.77369 -0
4.93125 8.08298 -0.598807 -0
9.12127 -2.45364 -0.308517 -0
3.17393 7.92125 -0 -7.13352
5.2294 -6.00602 -0 -1.22704
1.02852 -4.00288 -0 -8.93366
1.93659 -8.22853 -0 -0.445215
8.46011 9.61234 -0 0.0876452
-8.06056 5.17321 -0 2.44972
1.27984 -0.796648 -0 7.37141
