4
33
-8.33349 2.73451 9.32974 -9.51734
-1.73649 -4.96436 -9.1214 -7.2708
5.32981 -0.0569442 6.79904 8.02555
-9.94136 9.70641 -9.38063 7.66757
-9.34384 -7.55161 -8.69071 7.90076
-0 -5.30365 -1.52501 1.22901
-0 -8.57348 -4.74291 -4.04626
-0 -2.79226 8.12167 -8.78398
-0 -6.66425 -9.28414 -6.64085
-0 1.67517 -3.42435 1.759
-0 7.73486 1.33271 -5.57361
-0 -8.12082 6.55084 0.571407
7.516 -0 6.03868 8.20995
2.29285 -0 9.53211 0.428607
-8.41968 -0 1.93777 1.67048
9.69844 -0 5.33585 -9.41484
-9.45175 -0 -9.56624 -1.15337
-4.39351 -0 5.19674 7.5724
0.935886 -0 9.42008 4.1533
6.10386 1.97344 -0 -9.36271
-7.64786 2.49545 -0 3.45881
5.38063 -9.03801 -0 -6.37791
0.687007 0.307058 -0 -1.5073
4.06218 -9.62626 -0 4.04837
3.89987 -6.81594 -0 8.65035
-1.40973 -9.37262 -0 -3.6791
4.65508 3.52222 6.04297 -0
-9.41463 -4.46379 8.2906 -0
7.09561 -1.50185 6.37983 -0
-7.85968 1.17653 -5.22325 -0
-1.57525 7.94048 7.3225 -0
9.30695 -4.33187 -3.39738 -0
-0.798293 -5.31697 -1.53251 -0
