200
5 0 23 3 13 20
5 16 9 18 10 4
5 19 16 9 18 4
5 15 9 8 4 14
5 15 9 18 4 14
5 25 15 0 3 13
5 25 15 0 18 10
5 25 19 16 18 4
5 25 19 16 12 4
5 25 15 19 12 4
5 25 15 18 4 14
5 25 15 12 4 14
5 25 19 9 18 4
5 25 15 9 18 4
5 25 15 19 9 4
5 25 16 9 18 10
5 25 19 16 9 18
5 25 15 9 18 10
5 5 23 3 13 20
5 5 15 3 13 20
5 5 23 3 20 6
5 5 23 3 13 6
5 5 25 15 3 13
5 21 19 16 9 4
5 21 19 16 9 13
5 24 19 16 12 4
5 24 5 25 12 6
5 24 21 16 23 6
5 24 5 3 13 6
5 24 5 25 3 6
5 24 5 25 3 13
5 24 23 3 13 6
5 24 0 23 3 6
5 17 15 9 18 14
5 17 15 9 8 14
5 17 15 9 18 10
5 17 5 15 8 14
5 17 5 15 8 20
5 17 15 3 18 14
5 17 5 15 3 14
5 17 5 15 3 20
5 17 15 0 18 10
5 17 15 0 3 18
5 17 0 3 13 20
5 17 15 3 13 20
5 17 15 0 3 13
5 17 21 23 13 20
5 11 21 9 8 4
5 11 21 19 9 4
5 11 15 9 8 4
5 11 15 19 9 4
5 11 15 8 4 14
5 11 12 8 4 14
5 11 15 19 9 13
5 11 21 19 9 13
5 11 15 12 4 14
5 11 15 19 12 4
5 11 17 15 9 13
5 11 17 15 9 8
5 11 17 21 9 13
5 11 5 12 8 14
5 11 5 15 8 14
5 11 5 12 8 6
5 11 24 19 12 6
5 11 17 15 13 20
5 11 17 15 8 20
5 11 5 8 13 20
5 11 5 15 13 20
5 11 5 15 8 20
5 11 25 15 12 14
5 11 5 25 12 14
5 11 5 25 15 14
5 11 24 5 13 6
5 11 24 5 12 6
5 11 25 15 19 12
5 11 5 25 15 13
5 11 24 5 25 13
5 11 24 5 25 12
5 7 21 19 13 6
5 7 24 21 19 6
5 7 11 19 13 6
5 7 11 24 13 6
5 7 11 24 19 6
5 7 21 23 13 6
5 7 24 23 13 6
5 7 24 21 23 6
5 7 21 19 16 13
5 7 24 21 19 16
5 7 11 24 25 13
5 7 21 16 23 13
5 7 24 21 16 23
5 7 11 15 19 13
5 7 11 25 15 13
5 7 11 25 15 19
5 7 11 25 19 12
5 7 11 24 19 12
5 7 11 24 25 12
5 7 25 19 16 12
5 7 24 19 16 12
5 7 24 25 16 12
5 7 0 23 3 13
5 7 24 23 3 13
5 7 24 0 23 3
5 7 19 16 9 13
5 7 15 19 9 13
5 7 25 19 16 9
5 7 25 15 19 9
5 7 25 0 3 13
5 7 24 25 3 13
5 7 15 9 13 10
5 7 25 15 0 13
5 7 25 16 9 10
5 7 25 15 9 10
5 22 24 0 3 6
5 22 24 25 3 6
5 22 7 25 0 3
5 22 7 24 0 3
5 22 7 24 25 3
5 22 5 25 3 6
5 22 25 15 0 3
5 22 25 0 18 10
5 22 7 24 16 0
5 22 7 24 25 16
5 22 5 12 6 14
5 22 5 25 12 14
5 22 5 25 12 6
5 22 5 15 3 14
5 22 5 25 15 14
5 22 5 25 15 3
5 22 25 15 18 14
5 22 25 15 0 18
5 22 0 3 18 14
5 22 15 3 18 14
5 22 15 0 3 18
5 22 24 25 12 6
5 22 25 16 18 10
5 22 24 16 0 10
5 22 7 16 0 10
5 22 7 25 0 10
5 22 7 25 16 10
5 22 25 18 4 14
5 22 25 12 4 14
5 22 24 25 16 12
5 22 24 16 12 4
5 22 25 16 18 4
5 22 25 16 12 4
5 1 17 15 0 10
5 1 17 15 0 13
5 1 7 15 13 10
5 1 7 15 0 13
5 1 15 9 13 10
5 1 17 15 9 10
5 1 17 15 9 13
5 1 7 0 23 13
5 1 25 15 0 10
5 1 7 25 0 10
5 1 7 25 15 10
5 1 7 25 15 0
5 1 0 23 13 20
5 1 17 23 13 20
5 1 17 0 13 20
5 1 7 16 23 13
5 1 7 16 0 10
5 1 17 21 23 13
5 1 17 21 9 13
5 1 17 21 23 20
5 1 21 16 23 13
5 1 7 9 13 10
5 1 7 16 9 10
5 1 7 16 9 13
5 1 7 24 0 23
5 1 7 24 16 23
5 1 7 24 16 0
5 1 21 16 9 10
5 1 21 16 9 13
5 1 24 16 0 10
5 1 24 0 23 6
5 2 11 21 8 4
5 2 11 19 12 6
5 2 21 19 13 6
5 2 11 19 13 6
5 2 11 21 19 13
5 2 21 23 13 6
5 2 5 23 20 6
5 2 5 23 13 6
5 2 11 5 13 6
5 2 11 5 8 6
5 2 11 5 8 13
5 2 11 8 13 20
5 2 21 23 13 20
5 2 11 17 8 20
5 2 5 8 13 20
5 2 5 23 13 20
5 2 17 21 13 20
5 2 11 17 13 20
5 2 11 17 21 13
5 2 17 21 9 8
5 2 11 21 9 8
5 2 11 17 9 8
5 2 11 17 21 9
