298
5 32 2 29 4 17
5 32 2 9 4 17
5 6 31 26 8 1
5 18 32 2 29 17
5 18 32 2 29 4
5 30 32 2 9 17
5 30 18 32 8 17
5 30 18 32 2 17
5 30 32 2 9 4
5 14 6 26 8 1
5 14 31 26 8 1
5 28 31 26 9 3
5 28 30 31 9 3
5 28 30 18 2 17
5 28 30 18 8 17
5 13 30 32 9 17
5 24 28 30 18 2
5 24 28 30 2 3
5 24 28 18 2 17
5 24 18 2 29 17
5 20 30 2 7 3
5 21 18 32 29 17
5 21 13 32 9 17
5 21 13 14 32 9
5 21 18 32 8 17
5 21 13 30 9 17
5 21 28 6 26 8
5 21 28 30 8 17
5 21 28 30 9 17
5 21 28 18 8 17
5 25 20 14 32 1
5 25 30 32 9 4
5 25 30 9 3 4
5 25 30 32 2 4
5 25 20 32 2 4
5 25 2 7 3 4
5 25 20 2 7 4
5 25 20 2 7 3
5 25 30 2 3 4
5 25 20 30 2 3
5 15 25 20 32 1
5 15 14 31 26 1
5 15 30 31 9 3
5 15 25 30 9 3
5 15 25 20 30 3
5 11 28 30 31 8
5 11 6 31 26 8
5 11 28 31 26 8
5 11 28 6 26 8
5 11 6 31 8 1
5 11 6 31 26 1
5 16 24 30 18 2
5 16 30 2 7 3
5 16 24 30 2 3
5 16 30 18 32 8
5 16 30 18 32 2
5 16 18 32 2 4
5 16 20 2 7 4
5 16 20 32 2 4
5 16 2 7 0 29
5 16 18 7 0 29
5 16 24 18 0 29
5 16 24 18 2 29
5 16 2 7 29 4
5 16 18 7 29 4
5 16 18 2 29 4
5 16 20 18 7 4
5 16 20 18 32 4
5 23 21 18 32 8
5 23 21 13 14 32
5 23 30 32 8 17
5 23 21 32 8 17
5 23 21 30 8 17
5 23 21 28 30 8
5 23 13 30 32 17
5 23 21 13 32 17
5 23 21 13 30 17
5 23 14 31 26 8
5 23 28 30 31 8
5 23 13 30 31 8
5 23 21 28 30 9
5 23 21 13 30 9
5 23 15 14 31 26
5 23 15 13 14 31
5 23 28 31 26 8
5 23 21 28 26 8
5 23 21 13 14 9
5 23 28 30 31 9
5 23 13 30 31 9
5 23 15 13 31 9
5 23 28 31 26 9
5 23 21 28 26 9
5 23 15 14 26 1
5 12 23 21 14 26
5 12 14 6 26 1
5 12 18 7 0 29
5 12 6 7 0 1
5 12 14 6 7 1
5 12 21 18 32 29
5 12 21 14 32 29
5 12 23 21 14 32
5 12 20 14 7 1
5 12 18 7 29 4
5 12 20 18 7 4
5 12 16 18 7 0
5 12 25 14 32 29
5 12 25 20 14 32
5 12 25 7 29 4
5 12 25 20 7 4
5 12 18 32 29 4
5 12 25 32 29 4
5 19 21 18 6 8
5 19 21 28 6 8
5 19 21 28 18 8
5 19 11 28 6 8
5 19 28 30 18 8
5 19 24 28 30 18
5 19 24 28 18 17
5 19 21 28 18 17
5 19 16 24 18 0
5 19 16 30 18 8
5 19 16 24 30 18
5 19 21 28 6 26
5 19 12 18 6 0
5 19 24 28 30 3
5 19 11 6 26 3
5 19 11 28 26 3
5 19 11 28 6 26
5 10 28 30 31 3
5 10 11 28 30 31
5 10 28 31 26 3
5 10 11 28 26 3
5 10 11 28 31 26
5 10 19 11 28 3
5 10 11 31 26 1
5 10 15 7 3 1
5 10 16 30 7 3
5 10 11 6 26 1
5 10 11 6 26 3
5 10 19 11 6 3
5 22 19 16 30 8
5 22 10 16 30 7
5 22 11 28 30 8
5 22 19 28 30 8
5 22 19 11 28 8
5 22 19 16 24 30
5 22 6 7 8 1
5 22 11 6 8 1
5 22 19 11 6 8
5 22 19 16 18 8
5 22 19 16 18 0
5 22 19 16 24 0
5 22 16 7 0 3
5 22 10 7 0 3
5 22 10 16 7 3
5 22 10 11 28 30
5 22 10 19 11 28
5 22 16 24 30 3
5 22 10 16 30 3
5 22 10 11 6 1
5 22 10 19 6 0
5 22 10 19 11 6
5 22 6 7 0 1
5 22 10 7 0 1
5 22 10 6 0 1
5 22 16 24 0 3
5 22 19 28 30 3
5 22 10 28 30 3
5 22 10 19 28 3
5 22 19 24 30 3
5 22 19 24 0 3
5 22 10 19 0 3
5 27 23 30 32 8
5 27 23 13 30 8
5 27 23 13 30 32
5 27 13 30 31 8
5 27 23 13 14 32
5 27 11 30 31 8
5 27 15 13 14 32
5 27 23 14 31 8
5 27 23 13 31 8
5 27 23 13 14 31
5 27 22 11 30 8
5 27 15 13 14 31
5 27 13 30 32 9
5 27 15 13 32 9
5 27 13 30 31 9
5 27 15 30 31 9
5 27 15 13 31 9
5 27 15 14 32 1
5 27 16 30 32 8
5 27 22 16 30 8
5 27 15 20 32 1
5 27 14 31 8 1
5 27 15 14 31 1
5 27 15 25 20 32
5 27 15 25 20 30
5 27 25 30 32 9
5 27 15 25 32 9
5 27 15 25 30 9
5 27 20 14 32 1
5 27 20 32 7 8
5 27 11 31 8 1
5 27 22 11 8 1
5 27 16 32 7 8
5 27 22 16 7 8
5 27 10 11 30 31
5 27 15 20 7 1
5 27 25 30 32 2
5 27 25 20 32 2
5 27 25 20 30 2
5 27 20 7 8 1
5 27 22 7 8 1
5 27 16 20 32 7
5 27 10 11 31 1
5 27 22 10 11 1
5 27 16 30 32 2
5 27 16 20 32 2
5 27 22 16 30 7
5 27 22 10 30 7
5 27 22 10 11 30
5 27 15 30 31 3
5 27 10 30 31 3
5 27 10 15 31 3
5 27 10 15 7 1
5 27 10 15 31 1
5 27 22 10 7 1
5 27 20 30 2 7
5 27 16 30 2 7
5 27 16 20 2 7
5 27 10 30 7 3
5 27 10 15 7 3
5 27 20 30 7 3
5 27 15 20 7 3
5 27 15 20 30 3
5 5 23 21 18 8
5 5 21 18 6 8
5 5 12 21 18 6
5 5 23 18 32 8
5 5 23 21 26 8
5 5 12 23 21 26
5 5 23 21 18 32
5 5 12 21 18 32
5 5 12 23 21 32
5 5 12 18 6 0
5 5 21 6 26 8
5 5 12 21 6 26
5 5 16 18 32 8
5 5 12 23 14 32
5 5 23 14 26 8
5 5 12 23 14 26
5 5 19 18 6 8
5 5 19 18 6 0
5 5 12 6 7 0
5 5 12 16 18 0
5 5 14 6 26 8
5 5 12 14 6 26
5 5 16 32 7 8
5 5 12 16 18 7
5 5 27 23 32 8
5 5 27 23 14 8
5 5 27 23 14 32
5 5 12 20 14 32
5 5 22 19 6 8
5 5 22 19 6 0
5 5 22 19 18 8
5 5 22 19 18 0
5 5 22 6 7 8
5 5 22 6 7 0
5 5 12 16 7 0
5 5 12 14 6 7
5 5 22 16 18 8
5 5 22 16 18 0
5 5 20 32 7 8
5 5 16 20 32 7
5 5 16 20 18 7
5 5 16 20 18 32
5 5 12 20 18 7
5 5 27 20 32 8
5 5 27 20 14 32
5 5 12 20 14 7
5 5 22 16 7 8
5 5 22 16 7 0
5 5 6 7 8 1
5 5 14 6 8 1
5 5 14 6 7 1
5 5 20 18 32 4
5 5 12 18 32 4
5 5 12 20 18 4
5 5 27 14 8 1
5 5 27 20 8 1
5 5 27 20 14 1
5 5 20 7 8 1
5 5 20 14 7 1
5 5 25 20 32 4
5 5 12 25 32 4
5 5 12 25 20 4
5 5 12 25 20 32
