181
5 14 16 18 21 20
5 14 16 6 18 20
5 14 16 7 6 18
5 23 14 18 21 20
5 23 14 6 18 20
5 23 10 7 6 18
5 23 14 7 6 18
5 11 15 1 21 20
5 11 23 1 21 20
5 5 14 16 6 20
5 5 11 15 1 20
5 5 11 23 1 20
5 5 23 14 6 20
5 25 5 15 22 13
5 25 2 22 7 13
5 25 2 10 7 6
5 25 2 22 7 6
5 3 11 23 1 21
5 0 5 11 15 1
5 0 25 5 15 22
5 0 25 5 11 15
5 0 25 15 22 13
5 0 25 11 15 13
5 0 25 2 22 13
5 12 25 11 15 13
5 12 22 16 7 13
5 12 25 22 7 13
5 12 25 5 15 13
5 12 5 22 16 13
5 12 25 5 22 13
5 12 14 16 7 6
5 12 22 16 7 6
5 12 25 22 7 6
5 12 5 11 15 20
5 12 25 5 11 15
5 12 5 23 14 6
5 12 25 5 23 6
5 12 5 23 14 20
5 12 5 11 23 20
5 12 25 5 11 23
5 12 15 16 21 20
5 12 5 14 16 20
5 12 5 15 16 20
5 12 5 14 16 6
5 12 5 22 16 6
5 12 25 5 22 6
5 9 23 10 6 18
5 9 3 2 21 4
5 9 2 10 7 18
5 9 3 23 18 21
5 9 2 7 18 21
5 8 12 25 7 13
5 8 12 25 11 13
5 8 12 23 14 20
5 8 12 11 23 20
5 8 23 14 18 21
5 8 23 14 21 20
5 8 11 23 21 20
5 8 12 14 16 7
5 8 12 16 7 13
5 8 11 15 21 13
5 8 12 11 15 13
5 8 14 16 18 21
5 8 14 16 7 18
5 8 14 16 21 20
5 8 12 16 21 20
5 8 12 14 16 20
5 8 11 15 21 20
5 8 12 15 21 20
5 8 12 11 15 20
5 8 2 7 18 21
5 24 25 5 22 6
5 24 5 22 6 4
5 24 0 5 22 4
5 24 0 25 5 22
5 24 0 25 5 11
5 24 25 5 23 6
5 24 25 5 11 23
5 24 25 2 22 6
5 24 0 25 2 22
5 24 2 22 6 4
5 24 0 2 22 4
5 24 0 5 1 4
5 24 5 23 1 6
5 24 5 11 23 1
5 24 0 5 11 1
5 24 2 10 6 4
5 24 0 3 1 4
5 24 3 11 23 1
5 24 0 3 11 1
5 24 9 2 10 4
5 24 9 3 23 6
5 24 9 3 23 1
5 17 24 25 23 6
5 17 24 3 23 6
5 17 12 25 7 6
5 17 12 25 23 6
5 17 8 12 25 7
5 17 25 10 7 6
5 17 24 25 11 23
5 17 24 3 11 23
5 17 23 14 7 6
5 17 12 14 7 6
5 17 12 23 14 6
5 17 23 10 7 6
5 17 8 12 14 7
5 17 8 12 23 14
5 17 12 25 11 23
5 17 8 12 11 23
5 17 8 12 25 11
5 17 24 9 3 6
5 17 24 9 10 6
5 17 25 2 10 6
5 17 24 2 10 6
5 17 24 25 2 6
5 17 25 2 10 7
5 17 24 0 25 2
5 17 3 11 23 21
5 17 8 11 23 21
5 17 8 3 11 21
5 17 24 0 25 11
5 17 9 23 10 6
5 17 9 3 23 6
5 17 3 23 18 21
5 17 8 7 18 21
5 17 8 23 18 21
5 17 23 14 7 18
5 17 8 14 7 18
5 17 8 23 14 18
5 17 9 2 10 7
5 17 24 9 2 10
5 17 25 2 7 13
5 17 8 2 7 13
5 17 8 25 7 13
5 17 23 10 7 18
5 17 9 10 7 18
5 17 9 23 10 18
5 17 9 3 23 18
5 17 9 7 18 21
5 17 9 3 18 21
5 17 9 2 7 21
5 17 24 0 2 4
5 17 24 9 2 4
5 19 17 0 25 2
5 19 0 25 2 13
5 19 17 25 2 13
5 19 17 8 2 13
5 19 17 8 25 13
5 19 17 0 25 11
5 19 17 8 25 11
5 19 0 25 11 13
5 19 8 25 11 13
5 19 17 0 2 4
5 19 17 8 3 21
5 19 17 8 3 11
5 19 8 11 21 13
5 19 3 2 21 4
5 19 8 3 11 21
5 19 9 3 2 4
5 19 17 9 2 4
5 19 24 0 3 4
5 19 17 24 0 4
5 19 9 3 2 21
5 19 17 9 2 21
5 19 17 9 3 21
5 19 8 2 7 21
5 19 17 2 7 21
5 19 17 8 7 21
5 19 17 8 2 7
5 19 24 0 3 11
5 19 17 24 3 11
5 19 17 24 0 11
5 19 11 15 21 13
5 19 0 11 15 13
5 19 3 1 21 4
5 19 0 3 1 4
5 19 3 11 1 21
5 19 0 3 11 1
5 19 24 9 3 4
5 19 17 24 9 4
5 19 17 24 9 3
