194
5 24 16 9 2 8
5 7 24 13 2 8
5 18 22 24 13 8
5 18 24 16 9 8
5 18 24 4 6 13
5 18 22 4 6 13
5 18 22 24 6 13
5 21 18 22 13 8
5 21 18 22 4 13
5 21 18 24 13 8
5 21 18 24 4 13
5 21 22 4 6 13
5 15 14 4 0 2
5 11 15 4 13 2
5 11 15 14 4 2
5 11 15 14 4 13
5 11 7 14 1 13
5 11 15 14 1 13
5 23 24 9 2 8
5 23 7 24 2 8
5 23 25 9 2 8
5 23 25 7 2 8
5 23 25 24 9 8
5 23 25 7 24 8
5 23 0 16 9 2
5 23 24 16 9 2
5 23 11 15 7 2
5 23 11 15 7 6
5 23 15 14 0 2
5 23 11 15 14 2
5 23 11 15 14 1
5 23 7 1 6 13
5 23 11 7 6 13
5 23 11 7 1 13
5 23 15 1 6 13
5 23 11 15 6 13
5 23 11 15 1 13
5 10 18 24 16 9
5 10 18 24 4 16
5 10 21 18 16 9
5 10 21 18 4 16
5 10 18 22 4 6
5 10 21 18 22 4
5 10 21 22 4 6
5 17 21 18 16 9
5 17 18 22 9 8
5 17 21 18 22 8
5 12 23 25 1 9
5 12 17 25 22 1
5 12 10 23 1 6
5 12 18 22 9 8
5 12 25 18 9 8
5 12 25 18 22 8
5 12 17 22 9 8
5 12 10 23 0 9
5 12 17 18 22 9
5 12 17 21 22 1
5 12 10 21 18 9
5 12 17 21 18 9
5 12 10 21 18 22
5 12 17 21 18 22
5 3 7 14 1 13
5 3 25 7 1 13
5 3 21 22 1 13
5 3 25 22 1 13
5 3 21 22 13 8
5 3 25 22 13 8
5 3 17 21 22 1
5 3 17 25 22 1
5 3 25 7 13 8
5 3 17 21 22 8
5 3 12 25 1 9
5 3 12 17 1 9
5 3 12 17 25 1
5 3 12 25 22 8
5 3 12 17 22 8
5 3 12 17 25 22
5 3 12 25 9 8
5 3 12 17 9 8
5 3 23 25 1 9
5 20 23 7 24 2
5 20 7 24 13 2
5 20 23 15 7 2
5 20 11 7 13 2
5 20 11 7 6 13
5 20 23 15 0 2
5 20 23 15 0 6
5 20 23 0 16 2
5 20 23 24 16 2
5 20 11 15 7 2
5 20 11 15 7 6
5 20 11 15 13 2
5 20 11 15 6 13
5 20 24 4 13 2
5 20 15 4 13 2
5 20 24 4 6 13
5 20 15 4 6 13
5 20 15 4 0 2
5 20 15 4 0 6
5 20 4 0 16 2
5 20 24 4 16 2
5 20 10 23 0 6
5 20 23 24 16 9
5 20 10 4 0 16
5 20 10 4 0 6
5 20 10 24 4 16
5 20 23 0 16 9
5 20 10 0 16 9
5 20 10 23 0 9
5 20 10 24 16 9
5 20 18 24 4 6
5 20 10 18 4 6
5 20 10 18 24 6
5 20 10 18 24 4
5 19 12 17 21 1
5 19 15 14 4 0
5 19 21 14 1 13
5 19 15 4 0 6
5 19 23 15 14 0
5 19 23 15 14 1
5 19 10 21 4 0
5 19 12 10 21 0
5 19 21 4 6 13
5 19 12 23 0 9
5 19 12 23 1 9
5 19 10 4 0 6
5 19 23 15 0 6
5 19 23 15 1 6
5 19 15 4 6 13
5 19 15 14 4 13
5 19 15 1 6 13
5 19 15 14 1 13
5 19 12 10 23 0
5 19 12 10 23 1
5 19 10 21 4 6
5 19 12 10 1 6
5 19 22 1 6 13
5 19 21 22 6 13
5 19 21 22 1 13
5 19 10 23 0 6
5 19 10 23 1 6
5 19 12 22 1 6
5 19 12 21 22 1
5 19 10 21 22 6
5 19 12 10 22 6
5 19 12 10 21 22
5 5 12 22 1 6
5 5 12 25 22 1
5 5 22 1 6 13
5 5 25 22 1 13
5 5 12 23 1 6
5 5 12 23 25 1
5 5 12 25 18 22
5 5 7 1 6 13
5 5 25 7 1 13
5 5 25 22 13 8
5 5 23 7 1 6
5 5 23 25 7 1
5 5 12 23 25 9
5 5 25 18 22 8
5 5 10 18 22 6
5 5 12 10 22 6
5 5 12 10 18 22
5 5 12 25 18 9
5 5 25 7 13 8
5 5 22 24 13 8
5 5 22 24 6 13
5 5 23 25 7 24
5 5 23 25 24 9
5 5 12 10 23 9
5 5 12 10 23 6
5 5 18 22 24 8
5 5 18 22 24 6
5 5 12 10 18 9
5 5 7 24 13 8
5 5 25 7 24 8
5 5 20 23 7 24
5 5 20 23 24 9
5 5 20 10 23 9
5 5 20 10 23 6
5 5 18 24 9 8
5 5 25 24 9 8
5 5 25 18 9 8
5 5 10 18 24 9
5 5 10 18 24 6
5 5 20 24 6 13
5 5 20 7 6 13
5 5 20 7 24 13
5 5 23 15 7 6
5 5 20 15 7 6
5 5 20 23 15 6
5 5 20 23 15 7
5 5 20 10 24 9
5 5 20 10 24 6
