320
5 28 2 30 27 1
5 28 2 30 26 1
5 28 19 30 26 27
5 7 28 2 26 1
5 7 28 2 27 1
5 7 12 0 27 1
5 7 28 12 27 1
5 7 28 12 0 27
5 10 19 2 30 22
5 10 19 2 30 27
5 10 2 30 27 1
5 10 7 2 27 1
5 21 19 2 30 22
5 21 28 2 30 26
5 21 28 19 30 26
5 21 7 2 26 1
5 21 7 28 2 26
5 21 19 2 30 27
5 21 28 2 30 27
5 21 28 19 30 27
5 21 28 19 2 27
5 14 21 26 13 22
5 14 21 19 13 22
5 14 21 30 26 22
5 14 21 19 30 22
5 14 21 19 30 26
5 14 21 28 19 26
5 14 21 28 19 2
5 6 10 19 2 22
5 6 21 2 13 22
5 6 21 19 13 22
5 6 21 19 2 22
5 6 16 2 13 22
5 6 14 21 19 13
5 6 14 21 19 2
5 6 28 19 2 27
5 6 10 19 2 27
5 3 28 12 0 17
5 3 28 12 0 27
5 3 16 10 0 17
5 3 6 16 0 17
5 3 6 16 10 0
5 3 7 0 27 1
5 3 10 7 27 1
5 3 7 28 0 27
5 5 10 19 30 22
5 5 10 19 30 27
5 5 3 24 10 19
5 5 3 24 12 27
5 5 10 30 27 1
5 15 14 30 26 22
5 15 14 19 30 22
5 15 5 19 30 27
5 15 28 12 26 8
5 15 19 30 26 27
5 15 14 19 30 26
5 15 5 24 12 27
5 15 28 30 12 26
5 15 28 19 26 27
5 15 14 28 19 27
5 15 14 28 19 26
5 15 28 30 26 27
5 15 28 30 12 27
5 15 5 30 12 27
5 9 6 14 21 2
5 9 21 7 28 26
5 9 14 7 28 26
5 9 14 21 28 26
5 9 21 7 28 2
5 9 14 21 28 2
5 9 6 16 2 0
5 9 6 10 2 0
5 9 7 28 2 27
5 9 6 28 2 27
5 9 14 28 19 2
5 9 6 28 19 2
5 9 6 14 19 2
5 9 6 14 28 19
5 9 3 6 10 0
5 9 10 2 0 1
5 9 10 7 2 1
5 9 10 7 2 27
5 9 6 10 2 27
5 9 3 7 28 27
5 9 3 6 28 27
5 9 3 7 0 1
5 9 3 10 0 1
5 9 3 10 7 1
5 9 3 10 7 27
5 9 3 6 10 27
5 29 3 6 16 10
5 29 6 16 10 22
5 29 3 16 10 17
5 29 3 6 16 17
5 29 24 10 19 22
5 29 6 10 19 22
5 29 3 24 12 17
5 23 26 13 8 22
5 23 15 26 13 8
5 23 29 24 19 22
5 23 15 30 26 22
5 23 15 30 26 8
5 23 14 19 13 22
5 23 15 19 30 22
5 23 29 24 10 22
5 23 24 12 17 8
5 23 29 24 12 17
5 23 15 5 30 12
5 23 15 5 24 12
5 23 5 19 30 22
5 23 15 5 19 30
5 23 15 5 24 19
5 23 29 3 24 12
5 23 29 3 24 10
5 23 5 10 30 22
5 23 24 10 19 22
5 23 5 10 19 22
5 23 5 24 10 19
5 23 5 3 24 12
5 23 5 3 24 10
5 18 24 12 17 8
5 18 15 24 12 17
5 18 23 15 24 19
5 18 23 24 12 8
5 18 23 15 12 8
5 18 23 15 24 12
5 18 23 15 13 8
5 18 31 23 13 8
5 18 15 26 13 8
5 18 31 26 13 8
5 18 31 14 26 13
5 18 15 14 19 22
5 18 23 14 19 22
5 18 23 15 19 22
5 18 23 14 13 22
5 18 14 26 13 22
5 18 15 14 26 22
5 18 23 26 13 22
5 18 23 15 26 22
5 18 23 15 26 13
5 4 9 6 14 21
5 4 9 6 16 14
5 4 6 14 21 13
5 4 6 21 2 13
5 4 9 6 21 2
5 4 6 16 2 13
5 4 9 6 16 2
5 4 14 21 26 13
5 4 31 14 26 13
5 4 9 16 2 0
5 4 31 26 13 8
5 20 29 6 10 19
5 20 29 3 6 10
5 20 6 10 19 27
5 20 3 6 10 27
5 20 3 24 10 19
5 20 29 24 10 19
5 20 29 3 24 10
5 20 5 10 19 27
5 20 5 3 10 27
5 20 5 3 10 19
5 20 6 28 19 27
5 20 3 6 28 27
5 20 6 14 28 19
5 20 29 3 6 17
5 20 5 3 24 27
5 20 5 3 24 19
5 20 14 28 19 27
5 20 29 3 24 17
5 20 9 6 14 28
5 20 9 3 6 28
5 20 29 6 16 17
5 20 3 6 0 17
5 20 15 5 19 27
5 20 15 5 24 27
5 20 15 5 24 19
5 20 15 14 19 27
5 20 9 3 6 0
5 20 6 16 0 17
5 20 15 14 28 27
5 20 3 28 12 27
5 20 3 24 12 27
5 20 18 14 24 19
5 20 18 15 24 19
5 20 18 15 14 19
5 20 3 24 12 17
5 20 9 6 16 14
5 20 15 28 12 27
5 20 15 24 12 27
5 32 15 28 26 8
5 32 18 15 26 8
5 32 12 0 17 8
5 32 28 12 0 17
5 32 15 28 12 8
5 32 18 12 17 8
5 32 18 15 12 8
5 32 18 15 12 17
5 32 15 14 28 26
5 32 18 15 14 26
5 32 7 28 12 0
5 32 20 15 28 12
5 32 28 26 1 8
5 32 7 28 26 1
5 32 14 7 28 26
5 32 18 31 26 8
5 32 18 31 14 26
5 32 18 31 17 8
5 32 20 15 14 28
5 32 20 18 15 14
5 32 3 28 0 17
5 32 20 3 0 17
5 32 18 15 24 17
5 32 20 18 24 17
5 32 20 18 15 24
5 32 12 0 1 8
5 32 7 12 0 1
5 32 28 12 1 8
5 32 7 28 12 1
5 32 3 28 12 17
5 32 20 3 12 17
5 32 20 3 28 12
5 32 15 24 12 17
5 32 20 24 12 17
5 32 20 15 24 12
5 32 4 31 26 8
5 32 4 31 0 8
5 32 4 0 1 8
5 32 9 14 7 26
5 32 4 31 14 26
5 32 16 0 17 8
5 32 31 16 17 8
5 32 31 16 0 8
5 32 20 16 0 17
5 32 3 7 28 0
5 32 9 14 7 28
5 32 20 9 14 28
5 32 4 31 16 0
5 32 4 31 16 14
5 32 20 9 16 14
5 32 9 3 7 0
5 32 20 9 3 0
5 32 9 3 7 28
5 32 20 9 3 28
5 32 4 9 16 0
5 32 4 9 16 14
5 32 9 6 16 0
5 32 20 6 16 0
5 32 20 9 6 0
5 32 20 9 6 16
5 11 20 18 14 24
5 11 20 18 24 17
5 11 32 20 16 14
5 11 32 20 18 14
5 11 32 31 16 14
5 11 32 18 31 14
5 11 20 14 24 19
5 11 20 29 24 19
5 11 20 29 24 17
5 11 20 29 16 17
5 11 32 20 16 17
5 11 32 20 18 17
5 11 18 14 24 19
5 11 18 23 24 19
5 11 18 23 14 19
5 11 18 23 24 8
5 11 18 31 23 8
5 11 18 23 14 13
5 11 18 31 14 13
5 11 18 31 23 13
5 11 18 24 17 8
5 11 18 31 17 8
5 11 32 31 16 17
5 11 32 18 31 17
5 11 20 6 14 19
5 11 20 6 16 14
5 11 20 29 6 19
5 11 20 29 6 16
5 11 31 16 17 8
5 11 23 14 19 13
5 11 6 14 19 13
5 11 29 6 19 22
5 11 29 6 16 22
5 11 23 29 24 19
5 11 23 24 17 8
5 11 23 29 24 17
5 11 4 31 14 13
5 11 4 31 16 13
5 11 4 31 16 14
5 11 6 19 13 22
5 11 6 16 13 22
5 11 4 6 14 13
5 11 4 6 16 13
5 11 4 6 16 14
5 11 23 19 13 22
5 11 23 29 19 22
5 25 32 26 1 8
5 25 32 4 1 8
5 25 32 4 26 8
5 25 32 7 26 1
5 25 4 21 26 13
5 25 32 9 7 26
5 25 21 7 26 1
5 25 9 21 7 26
5 25 4 9 2 1
5 25 4 9 21 2
5 25 9 14 21 26
5 25 4 14 21 26
5 25 4 9 14 21
5 25 9 7 0 1
5 25 32 7 0 1
5 25 32 9 7 0
5 25 4 9 0 1
5 25 32 4 0 1
5 25 32 4 9 0
5 25 32 9 14 26
5 25 32 4 14 26
5 25 32 4 9 14
5 25 21 7 2 1
5 25 9 7 2 1
5 25 9 21 7 2
