359
5 29 32 19 2 12
5 27 29 32 19 6
5 27 29 32 19 2
5 30 29 32 19 12
5 11 32 19 2 12
5 11 27 19 2 12
5 11 27 32 19 2
5 7 30 9 19 6
5 7 27 32 19 6
5 7 11 27 32 19
5 20 30 9 31 15
5 18 7 11 32 6
5 18 7 32 19 6
5 18 7 30 19 6
5 18 9 19 6 15
5 18 30 9 19 15
5 18 30 9 19 6
5 18 30 32 19 12
5 18 7 11 32 19
5 18 29 32 19 6
5 18 30 29 19 15
5 18 30 29 32 15
5 18 30 29 32 19
5 4 20 9 31 15
5 4 22 9 31 6
5 4 18 9 6 15
5 4 18 9 31 6
5 4 30 9 31 15
5 4 18 30 31 15
5 4 18 30 9 15
5 4 18 30 9 31
5 4 9 19 6 15
5 4 18 29 32 6
5 4 18 19 6 15
5 4 18 29 19 15
5 4 18 29 19 6
5 8 18 30 31 15
5 8 18 30 32 15
5 8 18 29 32 15
5 8 4 18 29 15
5 8 4 18 29 32
5 8 4 18 32 6
5 8 4 29 32 6
5 1 0 30 9 31
5 1 18 7 30 6
5 1 7 30 9 6
5 1 18 9 31 6
5 1 18 30 9 6
5 1 18 30 9 31
5 1 22 9 31 6
5 1 22 7 9 6
5 5 7 30 9 19
5 5 1 18 7 30
5 5 1 7 30 9
5 5 1 0 30 9
5 5 1 22 7 9
5 5 18 30 19 12
5 5 18 7 19 12
5 5 18 7 30 19
5 17 11 27 2 12
5 17 0 27 2 12
5 17 11 27 19 12
5 17 7 11 27 19
5 17 5 18 7 12
5 17 18 7 19 12
5 17 18 7 11 19
5 17 5 18 30 12
5 17 11 32 19 12
5 17 18 32 19 12
5 17 18 11 32 19
5 10 17 11 2 12
5 10 17 0 2 12
5 26 8 29 32 6
5 26 27 29 19 6
5 26 22 27 19 6
5 26 8 4 29 6
5 26 4 29 19 6
5 26 4 22 19 6
5 26 4 20 22 9
5 26 8 20 29 15
5 26 8 4 29 15
5 26 4 20 9 15
5 13 17 7 11 27
5 13 17 5 7 27
5 13 5 1 22 7
5 13 7 27 32 6
5 13 7 11 32 6
5 13 7 11 27 32
5 13 26 22 27 6
5 13 7 27 19 6
5 13 22 27 19 6
5 13 22 7 19 6
5 13 22 7 27 19
5 13 18 7 11 6
5 13 1 22 7 6
5 13 27 29 32 6
5 13 26 29 32 6
5 13 26 27 29 6
5 13 26 27 29 32
5 13 26 8 32 6
5 13 26 4 22 6
5 13 26 8 4 6
5 13 18 11 32 6
5 13 8 18 32 6
5 13 1 22 31 6
5 13 1 18 31 6
5 13 4 22 31 6
5 13 4 18 31 6
5 14 0 20 27 2
5 14 10 0 20 2
5 14 26 22 27 2
5 14 26 4 20 22
5 14 8 20 31 15
5 14 26 8 20 15
5 14 20 22 9 31
5 14 4 22 9 31
5 14 4 20 9 31
5 14 4 20 22 9
5 14 4 20 31 15
5 14 26 4 20 15
5 14 26 8 4 15
5 21 8 20 29 15
5 21 20 30 31 15
5 21 8 30 31 15
5 21 8 20 31 15
5 21 0 20 30 31
5 21 18 30 32 12
5 21 1 0 30 31
5 21 1 0 20 31
5 21 10 1 0 20
5 21 1 18 30 31
5 21 14 1 20 31
5 21 17 18 32 12
5 21 17 18 30 12
5 21 5 1 18 30
5 21 5 1 0 30
5 21 17 5 30 12
5 21 17 5 18 30
5 21 5 0 30 12
5 21 17 5 0 12
5 21 10 17 0 12
5 16 13 4 22 31
5 16 14 4 22 31
5 16 13 26 4 22
5 16 13 26 8 4
5 16 14 26 4 22
5 16 13 1 22 31
5 16 1 20 22 31
5 16 14 20 22 31
5 16 14 1 20 31
5 16 13 5 1 22
5 16 13 26 22 27
5 16 14 26 22 27
5 16 5 1 20 22
5 16 5 0 20 27
5 16 14 0 20 27
5 28 14 0 27 2
5 28 14 10 27 2
5 28 14 10 0 2
5 28 17 0 27 2
5 28 10 17 0 2
5 28 17 11 27 2
5 28 10 11 27 2
5 28 10 17 11 2
5 28 17 5 0 27
5 28 14 10 11 27
5 28 16 5 0 27
5 28 16 14 0 27
5 28 21 17 5 0
5 28 21 10 17 0
5 28 16 5 0 20
5 28 16 14 0 20
5 28 13 17 11 27
5 28 13 17 5 27
5 28 21 10 17 11
5 28 21 5 1 0
5 28 21 10 1 0
5 28 5 1 0 20
5 28 10 1 0 20
5 28 14 10 0 20
5 28 16 13 11 27
5 28 16 13 5 27
5 28 16 5 1 20
5 28 16 14 1 20
5 28 13 17 7 11
5 28 13 17 5 7
5 28 21 17 18 11
5 28 21 17 5 18
5 28 21 10 1 20
5 28 21 14 1 20
5 28 21 14 10 20
5 28 16 13 5 1
5 28 17 18 7 11
5 28 17 5 18 7
5 28 13 18 7 11
5 28 21 5 1 18
5 28 5 1 18 7
5 28 13 5 1 7
5 28 1 18 7 6
5 28 13 18 7 6
5 28 13 1 7 6
5 28 13 1 18 6
5 28 13 1 18 31
5 28 16 13 1 31
5 25 14 26 27 2
5 25 14 10 20 2
5 25 14 26 20 2
5 25 26 8 29 32
5 25 16 14 26 27
5 25 27 29 32 2
5 25 26 27 29 2
5 25 26 27 29 32
5 25 13 11 27 32
5 25 13 26 27 32
5 25 13 26 8 32
5 25 16 13 26 27
5 24 25 26 29 2
5 24 10 20 29 2
5 24 26 20 29 2
5 24 25 29 32 2
5 24 25 10 20 2
5 24 25 26 20 2
5 24 25 26 8 29
5 24 26 8 20 29
5 24 29 32 2 12
5 24 10 29 2 12
5 24 25 8 29 32
5 24 25 26 8 20
5 24 21 8 20 29
5 24 21 10 20 29
5 24 21 10 8 20
5 24 11 32 2 12
5 24 10 11 2 12
5 24 21 10 29 12
5 24 11 27 32 2
5 24 25 27 32 2
5 24 25 11 27 2
5 24 25 11 27 32
5 24 17 11 32 12
5 24 10 17 11 12
5 24 30 29 32 12
5 24 21 30 32 12
5 24 21 30 29 12
5 24 21 17 32 12
5 24 21 10 17 12
5 24 30 29 32 15
5 24 8 29 32 15
5 24 8 30 32 15
5 24 8 18 30 32
5 24 21 18 30 32
5 24 21 8 18 30
5 24 21 30 29 15
5 24 21 8 29 15
5 24 21 8 30 15
5 3 10 11 27 2
5 3 25 11 27 2
5 3 25 10 11 2
5 3 14 10 27 2
5 3 25 14 27 2
5 3 25 14 10 2
5 3 14 10 11 27
5 3 25 16 14 27
5 3 28 14 10 11
5 3 28 14 11 27
5 3 28 16 11 27
5 3 28 16 14 27
5 3 16 13 11 27
5 3 25 13 11 27
5 3 25 16 13 27
5 3 28 21 14 10
5 3 21 14 10 20
5 3 25 14 10 20
5 3 25 21 10 20
5 3 28 16 13 11
5 3 25 13 11 32
5 3 25 13 8 32
5 3 16 13 26 8
5 3 25 13 26 8
5 3 25 16 13 26
5 3 25 16 14 26
5 3 25 21 8 20
5 3 28 13 18 11
5 3 13 18 11 32
5 3 13 8 18 32
5 3 16 14 4 31
5 3 16 14 1 31
5 3 28 16 1 31
5 3 28 16 14 1
5 3 14 26 8 4
5 3 16 26 8 4
5 3 16 14 26 4
5 3 14 26 8 20
5 3 25 26 8 20
5 3 25 14 26 20
5 3 14 8 20 31
5 3 21 8 20 31
5 3 21 14 20 31
5 3 21 14 1 31
5 3 28 21 14 1
5 3 16 13 8 4
5 3 28 13 18 31
5 3 28 16 13 31
5 3 14 4 31 15
5 3 14 8 31 15
5 3 14 8 4 15
5 3 8 18 30 31
5 3 21 18 30 31
5 3 21 8 30 31
5 3 21 8 18 30
5 3 21 1 18 31
5 3 28 1 18 31
5 3 28 21 1 18
5 3 8 4 18 6
5 3 13 4 18 6
5 3 13 8 18 6
5 3 13 8 4 6
5 3 13 4 18 31
5 3 16 13 4 31
5 3 4 18 31 15
5 3 8 18 31 15
5 3 8 4 18 15
5 23 25 10 11 2
5 23 24 10 11 2
5 23 24 25 11 2
5 23 24 25 10 2
5 23 3 25 10 11
5 23 24 25 11 32
5 23 3 25 11 32
5 23 3 25 21 10
5 23 21 10 17 11
5 23 24 10 17 11
5 23 24 21 10 17
5 23 28 21 10 11
5 23 3 28 10 11
5 23 3 28 21 10
5 23 3 18 11 32
5 23 24 25 8 32
5 23 3 25 8 32
5 23 24 21 10 8
5 23 3 25 21 8
5 23 21 17 18 11
5 23 28 21 18 11
5 23 3 28 18 11
5 23 3 28 21 18
5 23 24 21 8 18
5 23 3 21 8 18
5 23 17 18 11 32
5 23 24 17 11 32
5 23 24 8 18 32
5 23 3 8 18 32
5 23 21 10 8 20
5 23 25 21 8 20
5 23 25 21 10 20
5 23 24 10 8 20
5 23 24 25 8 20
5 23 24 25 10 20
5 23 21 17 18 32
5 23 24 21 18 32
5 23 24 21 17 32
