214
5 23 21 12 9 3
5 6 23 7 9 3
5 19 23 21 9 3
5 2 23 21 17 3
5 2 23 21 12 3
5 2 23 21 12 17
5 11 6 7 9 3
5 11 21 12 9 3
5 11 19 21 9 3
5 11 19 6 12 9
5 22 6 23 7 3
5 22 11 6 7 3
5 22 23 12 9 3
5 22 6 23 9 3
5 22 11 12 9 3
5 22 11 6 9 3
5 22 11 6 12 9
5 22 19 23 12 9
5 22 19 6 12 9
5 22 19 6 23 9
5 22 2 23 12 17
5 22 2 23 7 17
5 1 2 21 12 17
5 15 11 20 24 3
5 15 11 6 7 9
5 15 11 7 9 3
5 4 2 23 7 13
5 4 2 23 7 17
5 4 6 23 7 9
5 4 19 6 23 9
5 4 22 23 7 17
5 4 22 6 23 7
5 4 15 7 9 13
5 4 15 6 7 13
5 4 15 6 7 9
5 16 11 21 12 9
5 16 11 19 12 9
5 16 11 19 21 9
5 16 23 21 12 9
5 16 19 23 12 9
5 16 19 23 21 9
5 16 11 19 6 12
5 16 23 21 12 17
5 16 22 19 23 12
5 16 19 23 21 3
5 16 1 21 12 17
5 16 22 23 12 17
5 16 22 19 6 12
5 16 4 19 23 5
5 16 4 23 5 17
5 16 4 22 23 17
5 16 4 19 6 5
5 16 22 19 6 23
5 16 4 19 6 23
5 16 4 22 6 23
5 16 4 22 6 17
5 14 16 11 6 12
5 14 4 15 6 13
5 14 16 22 12 17
5 14 16 22 6 17
5 14 16 22 6 12
5 14 15 6 7 13
5 14 4 6 7 13
5 14 15 11 24 9
5 14 11 19 6 9
5 14 15 11 6 9
5 14 4 22 6 17
5 14 4 22 6 7
5 14 16 4 5 17
5 14 16 4 6 17
5 14 16 4 6 5
5 14 16 11 19 6
5 14 4 19 6 5
5 14 4 19 6 9
5 14 4 15 6 9
5 14 16 19 6 5
5 14 4 19 9 13
5 14 4 15 9 13
5 10 11 21 24 3
5 10 19 21 8 3
5 10 11 19 8 3
5 10 11 19 21 3
5 10 16 19 21 8
5 10 16 11 19 21
5 10 1 21 24 8
5 10 11 19 24 8
5 10 14 16 11 19
5 10 16 1 21 8
5 10 16 11 21 12
5 10 14 11 21 12
5 10 14 16 11 12
5 10 16 19 5 8
5 10 14 19 5 8
5 10 14 16 19 5
5 25 2 21 12 3
5 25 11 21 12 3
5 25 15 11 20 3
5 25 14 11 21 12
5 25 2 20 24 3
5 25 11 21 24 3
5 25 11 20 24 3
5 25 1 2 21 12
5 25 15 11 20 24
5 25 14 15 20 24
5 25 14 15 11 24
5 25 1 21 24 3
5 25 1 2 24 3
5 25 1 2 21 3
5 25 1 2 20 24
5 25 10 14 21 12
5 25 1 2 12 17
5 25 22 2 12 17
5 25 14 22 12 17
5 25 10 11 21 24
5 25 10 14 11 24
5 25 10 14 11 21
5 25 1 2 20 17
5 25 16 1 21 12
5 25 10 16 21 12
5 25 10 16 1 21
5 25 10 14 16 12
5 25 10 14 16 1
5 25 10 1 21 24
5 25 16 1 12 17
5 25 14 16 12 17
5 25 14 16 1 17
5 25 14 4 20 17
5 25 14 4 22 17
5 18 16 1 17 8
5 18 14 16 1 17
5 18 1 5 17 8
5 18 16 5 17 8
5 18 14 16 5 17
5 18 10 16 1 8
5 18 10 14 16 1
5 18 10 16 5 8
5 18 10 14 5 8
5 18 10 14 16 5
5 18 10 1 24 8
5 18 14 4 5 17
5 18 14 4 20 17
5 18 25 1 20 17
5 18 25 14 20 17
5 18 25 14 1 17
5 18 10 19 24 8
5 18 10 14 19 8
5 18 25 10 1 24
5 18 25 10 14 24
5 18 25 10 14 1
5 18 14 19 5 8
5 18 25 1 20 24
5 18 25 14 20 24
5 18 14 4 20 13
5 18 10 11 19 24
5 18 10 14 11 24
5 18 10 14 11 19
5 18 15 20 24 13
5 18 14 15 20 13
5 18 14 15 20 24
5 18 14 4 19 13
5 18 14 4 19 5
5 18 11 19 24 9
5 18 14 11 24 9
5 18 14 11 19 9
5 18 14 15 24 9
5 18 14 19 9 13
5 18 14 15 9 13
5 0 25 2 12 3
5 0 25 11 12 3
5 0 25 15 11 3
5 0 25 2 20 3
5 0 25 15 20 3
5 0 25 22 2 12
5 0 2 23 12 3
5 0 22 23 12 3
5 0 22 2 23 12
5 0 22 11 12 3
5 0 25 14 11 12
5 0 25 14 15 11
5 0 22 11 7 3
5 0 15 11 7 3
5 0 22 11 6 12
5 0 22 23 7 3
5 0 15 23 7 3
5 0 14 11 6 12
5 0 14 15 11 6
5 0 2 20 17 13
5 0 25 2 20 17
5 0 14 15 20 13
5 0 25 14 15 20
5 0 14 22 6 12
5 0 25 14 22 12
5 0 22 11 6 7
5 0 15 11 6 7
5 0 15 23 7 13
5 0 2 23 7 13
5 0 22 2 23 7
5 0 14 15 6 7
5 0 4 20 17 13
5 0 25 4 20 17
5 0 14 4 20 13
5 0 25 14 4 20
5 0 14 15 7 13
5 0 14 22 6 7
5 0 22 2 7 17
5 0 25 22 2 17
5 0 4 2 17 13
5 0 4 2 7 13
5 0 4 2 7 17
5 0 14 4 7 13
5 0 14 4 22 7
5 0 25 14 4 22
5 0 4 22 7 17
5 0 25 4 22 17
