213
5 9 16 23 13 6
5 24 3 16 19 2
5 24 9 16 23 13
5 24 3 16 13 6
5 24 3 16 7 6
5 24 9 7 13 6
5 24 9 16 13 6
5 24 9 16 7 6
5 4 24 16 19 2
5 12 3 16 19 2
5 12 4 22 19 2
5 0 4 24 3 19
5 0 21 3 19 7
5 0 4 3 19 7
5 0 4 24 19 2
5 0 4 24 3 7
5 0 21 3 7 6
5 0 24 7 13 6
5 0 24 3 13 6
5 0 24 3 7 6
5 14 12 21 19 15
5 14 12 4 22 7
5 14 12 4 22 19
5 14 12 21 19 7
5 14 12 4 19 7
5 11 0 7 13 6
5 11 0 21 13 6
5 11 0 21 7 6
5 11 0 24 7 13
5 11 0 4 24 7
5 18 9 16 7 6
5 18 3 16 7 6
5 18 9 16 6 15
5 18 21 3 7 6
5 18 3 16 6 15
5 18 12 3 16 15
5 18 12 3 16 19
5 18 12 16 15 2
5 18 21 3 6 15
5 18 12 21 3 15
5 18 21 3 19 7
5 18 12 21 19 7
5 18 12 21 3 19
5 18 4 3 19 7
5 18 12 4 19 7
5 18 16 23 15 2
5 18 9 16 23 15
5 18 4 24 16 2
5 18 12 4 22 2
5 18 12 4 22 7
5 18 4 16 19 2
5 18 12 16 19 2
5 18 12 4 19 2
5 18 24 3 16 7
5 18 4 24 3 7
5 18 24 3 16 19
5 18 4 24 16 19
5 18 4 24 3 19
5 8 14 0 21 13
5 8 11 0 21 13
5 8 14 0 21 19
5 8 0 4 24 13
5 8 11 4 24 13
5 8 11 0 24 13
5 8 11 0 4 24
5 8 14 0 4 19
5 8 0 21 19 7
5 8 11 0 21 7
5 8 14 4 22 7
5 8 0 4 19 7
5 8 11 0 4 7
5 8 14 21 19 7
5 8 14 4 19 7
5 10 18 23 15 2
5 10 18 12 15 2
5 10 18 12 22 2
5 10 18 9 16 23
5 10 18 16 23 2
5 25 24 9 16 7
5 25 18 9 16 7
5 25 18 24 16 7
5 25 10 18 9 7
5 25 10 18 9 16
5 25 18 4 24 7
5 25 24 9 16 23
5 25 10 9 16 23
5 25 18 24 16 2
5 25 10 18 16 2
5 25 24 9 7 13
5 25 11 9 7 13
5 25 11 24 7 13
5 25 11 4 24 7
5 25 18 4 22 7
5 25 18 4 24 2
5 25 24 16 23 2
5 25 10 16 23 2
5 25 24 9 23 13
5 25 8 11 4 7
5 25 10 9 23 13
5 25 10 11 9 13
5 25 8 4 22 7
5 25 18 4 22 2
5 25 10 18 22 2
5 17 14 12 22 7
5 17 8 14 22 7
5 17 18 12 22 7
5 17 14 12 21 15
5 17 14 12 21 7
5 17 10 18 9 7
5 17 25 18 22 7
5 17 25 10 18 7
5 17 25 10 18 22
5 17 25 8 22 7
5 17 25 10 8 22
5 17 18 12 21 15
5 17 18 12 21 7
5 17 18 9 6 15
5 17 18 9 7 6
5 17 11 21 7 6
5 17 8 14 21 7
5 17 8 11 21 7
5 17 25 11 9 7
5 17 25 10 9 7
5 17 25 10 11 9
5 17 10 11 9 13
5 17 25 8 11 7
5 17 25 10 8 11
5 17 10 9 23 13
5 17 18 21 6 15
5 17 18 21 7 6
5 17 11 21 13 6
5 17 8 14 21 13
5 17 8 11 21 13
5 17 9 7 13 6
5 17 11 7 13 6
5 17 11 9 7 13
5 17 9 23 13 6
5 20 14 12 22 15
5 20 17 14 12 15
5 20 17 14 12 22
5 20 17 18 12 15
5 20 17 18 12 22
5 20 10 18 12 15
5 20 10 18 12 22
5 20 17 10 18 22
5 20 12 22 15 2
5 20 10 12 15 2
5 20 10 12 22 2
5 20 17 18 9 15
5 20 17 10 18 9
5 20 10 23 15 2
5 20 10 22 23 2
5 20 17 10 9 23
5 20 18 9 23 15
5 20 10 18 23 15
5 20 10 18 9 23
5 20 17 9 6 15
5 5 4 22 19 2
5 5 14 4 22 19
5 5 25 4 22 2
5 5 8 14 4 22
5 5 10 22 23 2
5 5 20 10 22 23
5 5 20 17 14 22
5 5 20 17 10 22
5 5 0 4 19 2
5 5 14 0 4 19
5 5 0 4 24 2
5 5 8 14 0 4
5 5 25 10 22 2
5 5 25 8 4 22
5 5 25 10 8 22
5 5 17 8 14 22
5 5 17 10 8 22
5 1 5 0 24 2
5 1 25 24 23 2
5 1 25 24 23 13
5 1 0 4 24 13
5 1 5 0 4 24
5 1 25 10 23 2
5 1 5 10 23 2
5 1 5 25 10 2
5 1 25 4 24 2
5 1 5 4 24 2
5 1 5 25 4 2
5 1 25 10 23 13
5 1 8 0 4 13
5 1 5 8 0 4
5 1 5 20 10 23
5 1 25 10 11 13
5 1 11 4 24 13
5 1 25 11 24 13
5 1 25 11 4 24
5 1 5 25 8 4
5 1 8 14 0 13
5 1 5 14 0 13
5 1 5 8 14 0
5 1 17 10 23 13
5 1 20 17 23 13
5 1 20 17 10 23
5 1 5 20 17 10
5 1 17 10 11 13
5 1 25 10 8 11
5 1 5 25 10 8
5 1 8 11 4 13
5 1 25 8 11 4
5 1 17 8 14 13
5 1 5 17 8 14
5 1 20 17 14 13
5 1 5 20 17 14
5 1 17 8 11 13
5 1 17 10 8 11
5 1 5 17 10 8
