291
5 1 9 22 17 15
5 7 1 22 17 15
5 7 1 32 22 17
5 2 20 14 28 27
5 2 9 28 17 27
5 2 9 22 17 27
5 8 6 17 27 3
5 8 1 32 22 17
5 8 2 22 17 27
5 8 2 20 22 27
5 8 2 6 17 27
5 30 8 1 32 22
5 30 7 22 15 31
5 30 7 32 22 31
5 30 7 1 22 15
5 30 7 1 32 22
5 18 2 20 14 31
5 18 2 20 22 31
5 18 9 22 17 15
5 18 2 9 22 17
5 18 2 20 22 27
5 18 2 9 28 27
5 18 2 9 22 27
5 13 14 28 27 10
5 13 2 20 14 27
5 13 2 20 6 27
5 13 2 20 6 14
5 11 18 2 9 28
5 11 18 2 14 28
5 24 13 7 6 12
5 24 13 2 6 14
5 24 13 7 14 12
5 24 2 6 17 27
5 24 13 2 6 27
5 24 11 2 9 17
5 24 2 14 28 27
5 24 13 14 28 27
5 24 13 2 14 27
5 24 11 2 14 28
5 26 2 20 6 14
5 26 24 2 6 14
5 26 24 2 7 17
5 26 2 7 22 17
5 26 2 20 22 31
5 26 24 13 6 14
5 26 24 13 7 14
5 26 24 13 7 6
5 26 2 20 14 31
5 26 13 20 6 14
5 26 7 32 22 31
5 26 18 2 22 31
5 26 18 2 7 22
5 26 18 2 14 31
5 26 13 7 14 12
5 26 7 22 15 31
5 26 18 22 15 31
5 26 18 7 22 15
5 23 30 25 16 3
5 23 30 8 32 3
5 23 13 8 20 6
5 23 8 6 32 3
5 23 13 14 12 31
5 23 13 20 14 31
5 23 7 32 12 31
5 23 30 7 12 31
5 23 30 7 32 31
5 23 30 7 16 12
5 5 11 9 17 15
5 5 11 2 9 17
5 5 18 9 17 15
5 5 18 2 9 17
5 5 11 18 9 15
5 5 11 18 2 9
5 5 24 2 7 17
5 5 24 11 2 17
5 5 7 22 17 15
5 5 18 22 17 15
5 5 18 7 22 15
5 5 2 7 22 17
5 5 18 2 22 17
5 5 18 2 7 22
5 5 7 1 17 15
5 5 11 18 2 14
5 5 24 11 2 14
5 5 24 11 16 12
5 5 26 18 2 14
5 5 26 18 2 7
5 5 26 24 7 14
5 5 26 24 2 14
5 5 26 24 2 7
5 5 24 7 14 12
5 5 24 11 14 12
5 5 30 7 1 15
5 5 30 7 16 12
5 5 26 7 15 31
5 5 26 18 15 31
5 5 26 18 7 15
5 5 26 7 12 31
5 5 26 7 14 12
5 5 26 14 12 31
5 5 26 18 14 31
5 4 11 25 16 10
5 4 24 11 25 16
5 4 25 16 12 10
5 4 24 25 16 12
5 4 11 16 12 10
5 4 24 11 16 12
5 4 11 14 28 10
5 4 24 11 14 28
5 4 13 25 12 10
5 4 24 13 25 12
5 4 11 14 12 10
5 4 24 11 14 12
5 4 13 6 27 10
5 4 24 13 6 27
5 4 13 28 27 10
5 4 24 13 28 27
5 4 13 14 28 10
5 4 24 13 14 28
5 4 13 14 12 10
5 4 24 13 14 12
5 19 26 2 20 6
5 19 2 20 6 27
5 19 8 20 6 27
5 19 8 2 6 27
5 19 8 2 20 27
5 19 8 2 6 17
5 19 8 2 20 22
5 19 26 2 20 22
5 19 23 8 20 31
5 19 23 8 20 6
5 19 26 13 20 6
5 19 8 20 22 31
5 19 26 20 22 31
5 19 24 2 6 17
5 19 26 24 2 17
5 19 26 24 2 6
5 19 8 6 32 17
5 19 8 2 22 17
5 19 26 2 22 17
5 19 23 13 20 31
5 19 23 13 20 6
5 19 23 8 32 31
5 19 23 8 6 32
5 19 13 20 14 31
5 19 26 20 14 31
5 19 26 13 20 14
5 19 8 32 22 31
5 19 26 32 22 31
5 19 24 7 6 17
5 19 26 24 7 17
5 19 26 24 7 6
5 19 7 6 32 17
5 19 8 32 22 17
5 19 26 13 7 6
5 19 13 14 12 31
5 19 26 14 12 31
5 19 26 13 14 12
5 19 7 32 22 17
5 19 26 7 22 17
5 19 26 7 32 22
5 19 23 32 12 31
5 19 23 13 12 31
5 19 23 13 6 12
5 19 7 32 12 31
5 19 26 7 12 31
5 19 26 7 32 31
5 19 26 13 7 12
5 19 13 7 6 12
5 19 23 7 32 12
5 19 23 7 6 12
5 19 23 7 6 32
5 21 24 7 6 12
5 21 23 7 6 12
5 21 23 7 16 12
5 21 5 7 16 12
5 21 5 24 16 12
5 21 5 24 7 12
5 21 23 30 7 16
5 21 24 7 6 17
5 21 23 6 32 3
5 21 23 7 6 32
5 21 23 30 32 3
5 21 23 30 7 32
5 21 23 25 16 3
5 21 5 30 7 16
5 21 5 30 7 1
5 21 5 24 11 16
5 21 5 7 1 17
5 21 5 24 7 17
5 21 23 30 16 3
5 21 7 6 32 17
5 21 7 1 32 17
5 21 30 7 1 32
5 21 5 30 16 15
5 21 5 30 1 15
5 21 5 11 16 15
5 21 5 24 11 17
5 21 30 25 16 3
5 21 8 6 17 3
5 21 8 6 32 3
5 21 8 6 32 17
5 21 8 1 17 3
5 21 8 1 32 17
5 21 30 8 32 3
5 21 30 8 1 3
5 21 30 8 1 32
5 21 30 25 16 15
5 21 11 25 16 15
5 21 5 1 17 15
5 21 5 11 17 15
5 21 30 25 15 3
5 21 30 1 15 3
5 21 25 9 15 3
5 21 1 9 15 3
5 29 24 6 17 27
5 29 4 24 6 27
5 29 6 17 27 3
5 29 4 24 28 27
5 29 2 28 17 27
5 29 24 2 17 27
5 29 24 2 28 27
5 29 4 28 27 10
5 29 28 27 3 10
5 29 2 9 28 17
5 29 24 2 9 17
5 29 24 11 9 17
5 29 4 24 11 28
5 29 4 24 11 25
5 29 9 28 17 27
5 29 11 2 9 28
5 29 24 11 2 28
5 29 24 11 2 9
5 29 11 9 28 10
5 29 4 11 28 10
5 29 21 25 9 3
5 29 21 24 11 17
5 29 4 11 25 10
5 29 1 9 17 3
5 29 21 1 17 3
5 29 21 1 9 3
5 29 24 11 25 16
5 29 21 11 25 16
5 29 21 24 25 16
5 29 21 24 11 16
5 29 11 9 17 15
5 29 21 11 17 15
5 29 11 25 9 15
5 29 21 25 9 15
5 29 21 11 25 15
5 29 1 9 17 15
5 29 21 1 17 15
5 29 21 1 9 15
5 0 23 13 6 12
5 0 21 23 6 12
5 0 24 13 6 12
5 0 21 24 6 12
5 0 24 13 25 12
5 0 23 13 25 12
5 0 21 24 16 12
5 0 21 23 16 12
5 0 21 23 6 3
5 0 21 23 25 3
5 0 4 24 13 6
5 0 4 24 13 25
5 0 24 25 16 12
5 0 23 25 16 12
5 0 21 24 25 16
5 0 21 23 25 16
5 0 4 13 6 10
5 0 4 13 25 10
5 0 21 6 17 3
5 0 21 24 6 17
5 0 29 21 25 3
5 0 29 21 24 25
5 0 13 6 27 10
5 0 8 6 27 3
5 0 23 8 6 3
5 0 29 4 24 6
5 0 29 4 24 25
5 0 29 6 17 3
5 0 29 24 6 17
5 0 29 21 17 3
5 0 29 21 24 17
5 0 29 25 3 10
5 0 29 4 25 10
5 0 29 27 3 10
5 0 29 6 27 3
5 0 4 6 27 10
5 0 29 4 27 10
5 0 29 4 6 27
