331
5 7 0 27 1 30
5 7 23 27 1 30
5 32 7 0 1 30
5 32 7 23 1 30
5 25 32 23 2 9
5 25 32 9 1 30
5 25 32 23 1 30
5 25 32 23 9 30
5 25 23 27 1 30
5 24 32 23 2 9
5 24 25 23 2 9
5 24 25 4 2 9
5 24 32 23 9 30
5 18 0 13 1 30
5 18 32 0 1 30
5 18 32 9 1 30
5 18 32 7 0 30
5 18 32 7 0 13
5 18 29 0 13 1
5 18 32 29 0 1
5 18 29 13 9 1
5 18 32 29 9 1
5 18 24 3 9 30
5 26 18 29 13 9
5 26 18 24 3 9
5 26 18 32 29 9
5 26 4 29 3 9
5 26 24 4 3 9
5 26 32 29 2 9
5 26 4 29 2 9
5 26 24 4 2 9
5 22 32 7 0 2
5 22 14 7 0 27
5 22 26 29 2 20
5 22 26 32 29 2
5 22 32 29 0 1
5 31 4 29 2 20
5 31 22 29 2 20
5 31 22 4 1 20
5 31 14 0 27 1
5 31 22 0 27 1
5 31 22 14 0 27
5 21 4 29 2 9
5 21 25 4 2 9
5 21 25 4 29 9
5 21 25 29 9 1
5 21 31 4 29 2
5 21 31 25 4 2
5 21 32 29 9 1
5 21 32 29 2 9
5 21 25 32 9 1
5 21 25 32 2 9
5 21 25 4 29 1
5 21 31 25 4 1
5 21 22 32 29 1
5 21 22 32 29 2
5 21 25 32 23 1
5 21 25 32 23 2
5 21 31 22 29 2
5 21 4 29 1 20
5 21 31 4 1 20
5 21 31 4 29 20
5 21 22 32 0 1
5 21 22 32 0 2
5 21 32 7 23 1
5 21 31 22 0 1
5 21 22 29 1 20
5 21 31 22 1 20
5 21 31 22 29 20
5 21 31 14 0 1
5 21 31 14 27 1
5 21 31 25 27 1
5 21 32 7 0 1
5 21 32 7 0 2
5 21 7 23 27 1
5 21 25 23 27 1
5 21 31 22 14 2
5 21 31 22 14 0
5 21 22 7 0 2
5 21 22 14 7 2
5 21 22 14 7 0
5 21 7 0 27 1
5 21 14 0 27 1
5 21 14 7 0 27
5 28 26 24 4 3
5 28 26 29 3 20
5 28 26 4 29 20
5 28 26 4 29 3
5 28 31 22 14 20
5 28 31 22 14 27
5 28 22 14 7 27
5 12 24 25 4 2
5 12 31 25 4 2
5 12 31 25 4 27
5 12 28 31 4 27
5 12 24 25 23 2
5 12 21 31 25 27
5 12 21 31 25 2
5 12 28 31 14 27
5 12 28 24 4 3
5 12 21 23 2 27
5 12 21 25 23 27
5 12 21 25 23 2
5 8 28 26 24 3
5 8 24 32 2 9
5 8 26 32 2 9
5 8 26 24 2 9
5 8 26 24 32 9
5 8 26 24 4 2
5 8 28 26 24 4
5 8 12 24 4 2
5 8 12 28 24 4
5 8 28 26 4 20
5 8 4 29 2 20
5 8 26 29 2 20
5 8 26 4 29 20
5 8 26 4 29 2
5 8 31 4 2 20
5 8 28 31 4 20
5 8 31 22 2 20
5 8 31 22 14 2
5 6 28 7 3 27
5 6 28 14 7 27
5 6 28 22 14 7
5 6 8 28 26 3
5 6 8 22 14 2
5 6 28 22 14 20
5 6 31 22 14 20
5 6 8 31 22 20
5 6 8 31 22 14
5 6 28 31 14 20
5 6 8 28 31 20
5 6 8 28 31 14
5 6 8 28 26 20
5 15 6 7 13 3
5 15 18 32 7 30
5 15 7 13 27 30
5 15 7 0 13 30
5 15 18 0 13 30
5 15 18 7 0 30
5 15 18 7 0 13
5 15 18 32 7 13
5 5 8 28 24 3
5 5 8 12 28 24
5 5 12 24 23 2
5 5 8 24 23 2
5 5 8 12 24 2
5 5 6 28 3 27
5 5 6 8 28 3
5 5 12 23 2 27
5 5 6 28 14 27
5 5 6 8 28 14
5 5 12 28 31 14
5 5 8 28 31 14
5 5 6 14 7 27
5 5 12 31 14 27
5 5 8 31 14 2
5 5 12 28 31 4
5 5 8 28 31 4
5 5 8 12 28 4
5 5 21 14 2 27
5 5 21 31 14 27
5 5 21 31 14 2
5 5 12 21 2 27
5 5 12 21 31 27
5 5 12 21 31 2
5 5 12 31 4 2
5 5 8 31 4 2
5 5 8 12 4 2
5 10 6 7 13 3
5 10 6 28 22 20
5 10 28 26 3 20
5 10 32 7 0 13
5 10 22 7 0 13
5 10 22 32 7 0
5 10 15 32 7 13
5 10 15 6 7 13
5 10 15 6 13 3
5 10 22 26 29 20
5 10 15 18 32 13
5 10 26 18 13 3
5 10 15 18 13 3
5 10 22 29 0 13
5 10 18 32 0 13
5 10 22 32 29 0
5 10 22 26 32 29
5 10 18 29 0 13
5 10 26 18 29 13
5 10 18 32 29 0
5 10 26 18 32 29
5 17 5 12 23 27
5 17 12 25 23 27
5 17 5 28 3 27
5 17 5 12 24 23
5 17 12 24 25 23
5 17 12 28 4 3
5 17 12 28 14 27
5 17 5 28 14 27
5 17 5 12 14 27
5 17 5 12 28 14
5 17 12 28 24 3
5 17 5 28 24 3
5 17 5 12 28 24
5 16 5 6 7 27
5 16 6 7 3 27
5 16 15 7 3 27
5 16 15 6 7 3
5 16 5 6 3 27
5 16 7 23 27 30
5 16 15 7 27 30
5 16 5 14 7 27
5 16 6 8 14 7
5 16 5 6 14 7
5 16 5 6 8 14
5 16 23 3 27 30
5 16 15 3 27 30
5 16 32 7 23 30
5 16 15 32 7 30
5 16 21 7 23 27
5 16 21 14 7 27
5 16 5 23 2 27
5 16 5 14 2 27
5 16 10 15 6 7
5 16 8 14 7 2
5 16 5 8 14 2
5 16 21 23 2 27
5 16 21 14 2 27
5 16 21 14 7 2
5 16 8 32 7 2
5 16 15 18 32 30
5 16 21 32 23 2
5 16 21 32 7 2
5 16 21 32 7 23
5 11 6 28 26 20
5 11 10 28 26 20
5 11 10 6 28 20
5 11 10 22 26 20
5 11 10 6 22 20
5 11 6 28 26 3
5 11 10 28 26 3
5 11 10 6 28 3
5 11 6 8 26 20
5 11 6 8 22 20
5 11 22 26 2 20
5 11 8 26 2 20
5 11 8 22 2 20
5 11 6 8 22 2
5 11 8 26 24 3
5 11 6 8 26 3
5 11 26 18 24 3
5 11 10 26 18 3
5 11 22 26 32 2
5 11 10 22 26 32
5 11 8 26 32 2
5 11 10 6 22 7
5 11 22 32 7 2
5 11 10 22 32 7
5 11 10 26 18 32
5 11 22 14 7 2
5 11 6 22 14 2
5 11 6 22 14 7
5 11 8 32 7 2
5 11 10 15 18 3
5 11 16 8 32 7
5 11 16 6 8 7
5 11 16 10 6 7
5 11 8 14 7 2
5 11 6 8 14 2
5 11 6 8 14 7
5 11 10 15 18 32
5 11 16 15 18 32
5 11 10 15 32 7
5 11 16 15 32 7
5 11 16 10 15 7
5 19 17 5 3 27
5 19 16 5 3 27
5 19 17 23 3 27
5 19 16 23 3 27
5 19 17 5 23 27
5 19 16 5 23 27
5 19 17 24 23 3
5 19 17 5 24 3
5 19 17 5 24 23
5 19 24 23 3 30
5 19 16 23 3 30
5 19 5 8 24 3
5 19 5 8 24 23
5 19 18 24 3 30
5 19 24 32 23 30
5 19 16 32 23 30
5 19 11 8 24 3
5 19 5 6 8 3
5 19 16 5 6 3
5 19 16 5 6 8
5 19 5 8 23 2
5 19 16 5 23 2
5 19 16 5 8 2
5 19 15 18 3 30
5 19 16 15 3 30
5 19 16 15 18 30
5 19 16 18 32 30
5 19 11 18 24 3
5 19 11 6 8 3
5 19 11 16 6 8
5 19 24 32 23 2
5 19 8 24 23 2
5 19 8 24 32 2
5 19 16 32 23 2
5 19 16 8 32 2
5 19 11 15 18 3
5 19 11 16 15 18
5 19 24 32 9 30
5 19 18 32 9 30
5 19 18 24 9 30
5 19 16 15 6 3
5 19 11 16 18 32
5 19 11 16 8 32
5 19 10 15 6 3
5 19 11 10 6 3
5 19 11 10 15 3
5 19 16 10 15 6
5 19 11 16 10 6
5 19 11 16 10 15
5 19 8 26 24 32
5 19 11 8 26 32
5 19 11 8 26 24
5 19 26 24 32 9
5 19 26 18 32 9
5 19 11 26 18 32
5 19 26 18 24 9
5 19 11 26 18 24
