321
5 8 16 18 10 1
5 19 8 18 10 1
5 19 8 18 28 10
5 21 20 4 28 15
5 5 8 14 4 1
5 0 12 21 4 15
5 26 31 16 18 10
5 29 0 14 22 4
5 29 0 12 14 4
5 29 0 12 14 22
5 29 0 12 4 15
5 29 0 12 22 15
5 29 12 16 22 15
5 29 8 14 4 1
5 29 32 8 14 4
5 9 29 19 4 28
5 9 21 20 4 28
5 9 29 14 22 4
5 9 29 32 14 4
5 9 29 32 14 22
5 9 29 0 22 4
5 9 0 14 22 4
5 13 8 16 14 10
5 13 29 16 14 1
5 13 29 32 14 22
5 13 29 12 14 22
5 13 29 12 16 22
5 13 26 12 16 22
5 13 0 12 14 22
5 25 8 18 28 10
5 25 31 18 28 10
5 25 8 16 18 10
5 25 31 16 18 10
5 25 13 32 31 22
5 25 13 8 16 10
5 25 29 32 8 1
5 25 9 29 32 22
5 25 29 32 8 14
5 25 13 32 8 14
5 25 13 29 32 14
5 25 13 29 16 22
5 25 13 29 32 22
5 25 13 26 16 22
5 25 13 26 31 22
5 25 13 29 16 1
5 25 8 16 14 1
5 25 13 16 14 1
5 25 13 8 16 14
5 25 29 8 14 1
5 25 13 29 14 1
5 3 9 24 21 20
5 3 9 0 21 22
5 3 26 12 31 22
5 3 0 12 21 15
5 3 24 12 21 15
5 3 13 0 12 22
5 3 13 26 12 22
5 3 26 12 31 15
5 3 24 26 12 15
5 11 26 16 18 10
5 11 31 18 28 10
5 11 26 31 18 10
5 11 25 26 16 22
5 11 25 26 31 22
5 11 26 31 16 18
5 11 25 31 16 18
5 11 25 26 31 16
5 17 24 26 20 15
5 17 3 24 21 20
5 17 21 20 28 15
5 17 24 21 20 15
5 17 3 26 31 15
5 17 9 21 20 28
5 17 3 9 21 20
5 17 3 24 21 15
5 17 11 26 31 22
5 17 3 9 21 22
5 17 3 0 21 15
5 17 26 12 31 15
5 17 26 12 31 22
5 17 9 0 21 22
5 17 3 0 21 22
5 17 21 4 28 15
5 17 0 21 4 15
5 17 3 12 31 15
5 17 3 12 31 22
5 17 11 25 31 22
5 17 12 16 22 15
5 17 26 12 16 15
5 17 11 26 16 15
5 17 26 12 16 22
5 17 11 26 16 22
5 17 9 21 4 28
5 17 9 0 21 4
5 17 25 9 29 28
5 17 25 9 29 22
5 17 0 12 22 15
5 17 3 0 12 15
5 17 3 0 12 22
5 17 25 31 18 28
5 17 11 31 18 28
5 17 11 25 31 18
5 17 29 0 22 15
5 17 9 29 0 22
5 17 9 29 4 28
5 17 29 0 4 15
5 17 9 29 0 4
5 17 19 4 28 15
5 17 29 19 4 15
5 17 29 19 4 28
5 17 25 29 19 28
5 7 24 21 20 4
5 7 9 21 20 4
5 7 9 24 21 20
5 7 3 9 24 21
5 7 3 24 12 21
5 7 9 0 14 4
5 7 9 0 21 4
5 7 3 9 0 21
5 7 0 12 14 4
5 7 0 12 21 4
5 7 3 0 12 21
5 7 9 0 14 22
5 7 3 9 0 22
5 7 9 32 14 22
5 7 3 9 32 22
5 7 13 0 12 14
5 7 13 0 14 22
5 7 3 13 0 22
5 27 25 32 8 1
5 27 25 32 31 8
5 27 25 29 32 1
5 27 5 32 31 8
5 27 5 8 4 1
5 27 29 8 4 1
5 27 29 32 8 1
5 27 29 32 8 4
5 27 9 29 32 4
5 27 32 8 14 4
5 27 9 32 14 4
5 27 5 32 8 14
5 27 25 9 32 22
5 27 5 8 14 4
5 27 25 31 28 10
5 27 25 31 8 10
5 27 7 5 14 4
5 27 7 9 14 4
5 27 7 9 20 4
5 27 5 31 8 10
5 27 7 24 20 4
5 27 7 9 24 20
5 6 8 16 18 1
5 6 25 8 16 1
5 6 25 8 16 18
5 6 25 29 16 1
5 6 19 8 18 1
5 6 25 19 8 1
5 6 29 19 16 1
5 6 25 29 19 1
5 6 11 25 16 18
5 6 19 8 18 28
5 6 25 8 18 28
5 6 17 25 29 19
5 6 17 11 25 18
5 6 25 29 16 22
5 6 11 25 16 22
5 6 17 25 18 28
5 6 17 25 19 28
5 6 29 19 16 15
5 6 11 19 16 15
5 6 17 25 29 22
5 6 17 11 25 22
5 6 17 11 16 22
5 6 11 19 18 28
5 6 17 11 18 28
5 6 17 11 19 28
5 6 17 29 19 15
5 6 17 11 19 15
5 6 17 11 16 15
5 6 29 16 22 15
5 6 17 16 22 15
5 6 17 29 22 15
5 23 17 24 26 20
5 23 17 26 20 28
5 23 17 3 24 20
5 23 17 3 26 31
5 23 17 11 31 28
5 23 17 11 26 28
5 23 17 11 26 31
5 23 3 24 26 15
5 23 17 24 26 15
5 23 17 3 26 15
5 23 17 3 24 15
5 23 11 31 28 10
5 23 11 26 28 10
5 23 11 26 31 10
5 23 24 5 20 10
5 23 27 5 20 10
5 23 27 24 5 20
5 23 27 5 31 10
5 23 17 9 20 28
5 23 17 3 9 20
5 23 3 9 24 20
5 23 27 9 24 20
5 23 17 25 31 28
5 23 27 25 31 28
5 23 7 3 9 24
5 23 27 7 9 24
5 23 17 3 9 22
5 23 17 25 31 22
5 23 17 3 31 22
5 23 3 32 31 22
5 23 3 9 32 22
5 23 27 9 32 22
5 23 17 25 9 22
5 23 27 25 9 22
5 23 25 32 31 22
5 23 27 25 32 22
5 23 27 25 32 31
5 2 23 7 3 24
5 2 23 3 26 31
5 2 7 5 14 4
5 2 27 7 24 5
5 2 23 27 24 5
5 2 23 27 7 24
5 2 23 5 31 10
5 2 23 26 31 10
5 2 27 7 5 14
5 2 13 26 12 14
5 2 7 13 12 14
5 2 7 13 14 22
5 2 7 3 13 22
5 2 3 13 26 12
5 2 7 3 26 12
5 2 23 3 32 31
5 2 13 26 31 22
5 2 3 26 31 22
5 2 3 13 26 22
5 2 27 5 32 14
5 2 7 32 14 22
5 2 7 3 32 22
5 2 7 3 9 32
5 2 23 3 9 32
5 2 23 7 3 9
5 2 13 32 14 22
5 2 3 13 0 12
5 2 7 13 0 12
5 2 7 3 0 12
5 2 7 3 13 0
5 2 27 5 32 31
5 2 23 27 32 31
5 2 23 27 5 31
5 2 13 16 14 10
5 2 5 8 14 10
5 2 13 8 14 10
5 2 5 31 8 10
5 2 26 31 16 10
5 2 13 32 31 22
5 2 3 32 31 22
5 2 7 9 32 14
5 2 27 9 32 14
5 2 27 7 9 14
5 2 23 27 9 32
5 2 23 27 7 9
5 2 5 32 8 14
5 2 13 32 8 14
5 2 5 32 31 8
5 2 25 31 8 10
5 2 25 13 8 10
5 2 25 31 16 10
5 2 25 13 16 10
5 2 25 26 31 16
5 2 25 13 26 16
5 2 25 13 26 31
5 2 25 32 31 8
5 2 25 13 32 8
5 2 25 13 32 31
5 30 25 19 8 1
5 30 27 25 8 1
5 30 19 8 10 1
5 30 25 29 19 1
5 30 27 25 29 1
5 30 5 8 10 1
5 30 27 5 8 1
5 30 27 5 8 10
5 30 19 8 28 10
5 30 29 19 4 1
5 30 27 29 4 1
5 30 6 19 8 28
5 30 6 25 8 28
5 30 6 25 19 28
5 30 6 25 19 8
5 30 25 8 28 10
5 30 27 25 28 10
5 30 27 25 8 10
5 30 9 29 19 4
5 30 27 9 29 4
5 30 9 29 19 28
5 30 25 29 19 28
5 30 25 9 29 28
5 30 25 9 29 32
5 30 27 9 29 32
5 30 27 25 29 32
5 30 27 25 9 32
5 30 9 19 4 28
5 30 17 25 9 28
5 30 23 20 28 10
5 30 23 27 20 10
5 30 9 20 4 28
5 30 27 9 20 4
5 30 23 17 9 28
5 30 23 17 25 28
5 30 23 27 25 28
5 30 23 17 25 9
5 30 23 27 25 9
5 30 27 31 28 10
5 30 23 31 28 10
5 30 23 27 31 10
5 30 23 27 31 28
5 30 23 9 20 28
5 30 23 27 9 20
