4
33
-2.91816 7.94946 3.75796 7.26229
-5.61072 7.09318 -1.63999 -4.13566
2.53796 -7.33142 -1.37372 -3.45192
-4.2704 9.8649 4.19599 4.3203
7.01067 -0.45258 2.2708 7.93421
-1.55494 -0 -8.51807 0.257317
-3.54773 -0 4.56921 4.26863
-5.70881 -0 -5.27469 0.815204
-7.60029 -0 5.17841 -0.304152
7.57138 -0 -0.83497 -8.55774
9.63589 -0 2.72945 9.9754
9.41656 -0 -5.41919 -0.947677
-0 0.878527 -5.86791 9.42377
-0 -2.24459 1.97734 9.30536
-0 -8.06139 -4.65079 7.50569
-0 4.74379 -8.80384 -8.29037
-0 9.06722 -4.11762 9.36356
-0 2.32715 3.14722 -3.62156
-0 -5.73536 -8.41337 -7.77651
-8.00119 -1.17117 -0 0.644231
-8.17415 -8.98376 -0 0.388893
-3.84175 9.07504 -0 3.07502
-7.72841 -1.3746 -0 -6.97644
-5.48399 9.13134 -0 8.02275
3.69462 -0.446488 -0 4.01155
1.56662 9.63321 -0 9.99934
-6.67078 -4.24819 -4.25663 -0
0.919911 -7.67647 8.89723 -0
8.56111 -7.83086 6.46843 -0
7.55673 1.64538 3.26044 -0
-7.87429 9.1609 -3.08414 -0
-9.21943 -7.16106 -2.30509 -0
-8.62316 1.4547 -1.38586 -0
