4
33
5.07737 -3.80038 -3.27553 -9.33028
-9.451 -1.24377 0.203043 -3.80077
9.06816 5.04091 1.06616 -7.94837
4.58084 -9.52533 9.01445 -8.4367
1.61732 8.98361 -0.152215 -5.99213
-0 -2.66194 -4.76902 0.216174
-0 -7.24909 -2.10054 -3.14597
-0 4.08656 -0.604091 -9.62336
-0 -4.58636 -0.841629 0.144878
-0 -0.980582 9.65681 8.68987
-0 -8.76563 4.77106 -7.18664
-0 -8.09115 2.54336 -4.26094
-1.55494 -0 -8.51807 0.257317
-3.54773 -0 4.56921 4.26863
-5.70881 -0 -5.27469 0.815204
-7.60029 -0 5.17841 -0.304152
7.57138 -0 -0.83497 -8.55774
9.63589 -0 2.72945 9.9754
9.41656 -0 -5.41919 -0.947677
7.78168 -7.3157 -0 -5.83954
-1.58019 6.00974 -0 -6.84675
2.04191 -3.14963 -0 9.69529
2.21633 -5.92631 -0 -7.1994
-1.67393 -3.03217 -0 5.8738
9.09253 -4.64669 -0 -8.08172
0.451135 8.53923 -0 -5.84734
-4.87839 -7.56099 -0.56118 -0
-2.77989 -0.0930013 4.59472 -0
6.77232 -7.20478 6.63539 -0
9.51798 6.85135 -9.22695 -0
5.30178 -3.62373 8.45616 -0
-6.05125 -3.92736 4.43575 -0
-1.24664 5.729 0.62045 -0
