4
26
2.78304 -7.51276 -4.3445 -3.88008
-1.22426 2.18702 -8.20593 5.71254
-2.37129 -7.15785 -8.94322 2.0789
-9.46649 0.931353 -6.46321 -7.98997
1.51652 -4.06678 9.07962 4.09258
-0 6.74804 4.66089 8.51925
-0 -2.74644 7.51992 -1.56656
-0 -6.15426 7.03523 -1.74019
-0 9.29502 1.18797 7.46308
-0 7.25187 9.1754 -6.4726
-0 7.86224 -2.82808 1.53706
-0 7.0491 -0.0840986 -7.29856
-5.7999 -2.41632 -0 0.102909
9.80224 -8.41982 -0 -4.55136
5.29718 3.73825 -0 -0.0589362
8.72289 -5.54752 -0 -7.4416
-5.48919 3.23165 -0 4.31538
-3.77675 -2.69091 -0 8.68394
5.5173 7.59606 -0 5.57266
-0.209028 9.1235 8.62422 -0
9.54984 -4.42433 -8.62679 -0
-7.01395 3.35537 -4.24109 -0
-4.89423 -4.67571 2.7762 -0
-8.16224 -6.8003 3.16695 -0
5.91187 8.90041 -8.05979 -0
1.91654 -0.591464 -7.09491 -0
