4
26
-3.47092 2.41592 -8.97186 5.18402
-0.307141 3.55812 -3.3971 8.25045
0.660132 5.44209 3.07493 -7.21561
-3.98242 2.29763 -9.9473 -0.378024
0.998258 -7.34906 8.14172 3.12622
-6.34992 -0 -4.52278 -7.81339
8.30871 -0 -7.3136 -7.0819
5.51261 -0 -1.78049 2.94441
-4.71357 -0 3.0672 -9.34608
-4.41774 -0 4.71204 5.11442
-3.30908 -0 -1.87726 9.45415
0.0927578 -0 3.63189 -5.79219
3.5992 -8.05107 -0 -3.01128
1.33228 5.53859 -0 -0.492544
-8.27394 -8.37557 -0 -2.77076
-7.30143 -3.15693 -0 -0.735227
5.52773 -0.890448 -0 5.78539
-7.05015 7.43191 -0 2.64409
-6.60341 -3.79764 -0 8.75937
4.23327 -3.35893 3.44557 -0
-4.8438 9.63734 -0.817837 -0
3.19936 4.8761 6.29995 -0
-3.4584 -7.40351 -8.33777 -0
1.72458 8.24104 -0.99631 -0
7.93271 -2.58522 -5.29966 -0
-3.77164 -6.90423 -4.68629 -0
