4
26
-7.1222 -1.40847 -4.18978 7.9537
-1.15224 -0.820976 -8.78238 -5.15791
-9.7517 -6.73932 3.60906 -7.71502
-9.14974 1.97006 5.62808 7.90372
-6.40979 -4.32073 -1.58861 0.166682
-0 -6.68892 -7.79704 -6.6662
-0 8.80422 2.14841 7.22248
-0 0.995922 0.332995 2.26778
-0 -0.438403 -6.60826 1.20647
-0 5.24765 3.0003 -2.69702
-0 0.477994 0.0856925 -8.05974
-0 0.311137 -6.3066 1.12816
4.66757 -9.98633 5.96616 -0
-0.87172 4.98706 -9.99504 -0
3.91961 -8.04497 -7.29325 -0
8.59573 -9.4757 6.10677 -0
-9.00614 2.90594 7.06908 -0
6.4346 0.587712 -3.20004 -0
-0.309566 -0.130413 4.96757 -0
-6.23513 -9.25713 -0 4.55336
7.46386 -4.34534 -0 -7.8758
4.14219 -4.91271 -0 9.53236
2.1385 -8.10494 -0 -7.67754
-2.24864 5.13868 -0 -9.53366
-9.51947 -1.10704 -0 0.351938
-3.38319 0.107976 -0 -4.52469
