4
19
7.39704 -4.23677 6.17225 -4.95417
-4.97077 6.6259 -3.58305 7.16574
7.90777 -8.3429 8.1532 3.59178
-5.78999 -1.57427 -5.99104 -4.95707
-3.9574 8.84038 1.21837 -9.67053
-0 0.878527 -5.86791 9.42377
-0 -2.24459 1.97734 9.30536
-0 -8.06139 -4.65079 7.50569
-0 4.74379 -8.80384 -8.29037
-0 9.06722 -4.11762 9.36356
-0 2.32715 3.14722 -3.62156
-0 -5.73536 -8.41337 -7.77651
2.66128 -0 -7.32823 6.45997
-8.45511 -0 9.78535 -8.98863
3.63645 -0 -5.11812 -3.49014
-8.99308 -0 7.58421 -6.37131
-6.48428 -0 0.312161 -1.48999
-0.17939 -0 -9.143 5.97565
-6.40196 -0 9.73714 -2.46025
