4
33
6.91949 8.75933 0.105477 9.13989
1.9368 -0.515165 -1.21061 9.00166
8.2277 9.9393 -6.34752 -9.11101
-0.0550889 2.789 -3.54679 -1.95345
-7.72188 -5.25334 -1.55732 -0.773262
6.14759 -1.30593 -0 7.8016
-0.447981 -9.4546 -0 0.315163
2.77975 -9.12099 -0 0.911082
-4.11127 1.09598 -0 -3.71918
-8.12495 -6.67665 -0 7.91367
3.21101 8.21316 -0 1.58055
6.23604 0.209164 -0 -3.12386
9.05095 5.21539 7.49691 -0
3.9432 -6.21125 -5.95354 -0
0.846009 3.69669 -9.75013 -0
-8.19468 -1.82618 2.23626 -0
1.84275 -2.99004 -9.63863 -0
8.41891 1.53383 2.77885 -0
-1.52422 -2.82816 3.92146 -0
-0 -7.47201 9.5568 -7.53725
-0 9.85419 -8.30332 9.32084
-0 5.39817 1.23702 2.89338
-0 -6.67133 -9.96898 0.437604
-0 3.99524 0.142803 -3.39997
-0 4.18598 1.12638 -4.64149
-0 3.8499 -5.28307 -6.09645
-6.34992 -0 -4.52278 -7.81339
8.30871 -0 -7.3136 -7.0819
5.51261 -0 -1.78049 2.94441
-4.71357 -0 3.0672 -9.34608
-4.41774 -0 4.71204 5.11442
-3.30908 -0 -1.87726 9.45415
0.0927578 -0 3.63189 -5.79219
