293
5 10 25 22 1 3
5 10 22 1 24 29
5 10 25 22 1 29
5 8 22 17 24 29
5 8 16 17 15 29
5 8 20 22 17 24
5 27 14 22 3 2
5 18 10 25 1 3
5 18 10 25 1 29
5 18 27 9 31 3
5 13 18 31 1 15
5 13 18 27 9 11
5 13 18 27 9 31
5 13 18 10 1 29
5 13 18 27 31 3
5 13 10 31 14 3
5 13 27 31 14 3
5 13 27 10 14 3
5 21 27 9 31 2
5 21 27 20 14 2
5 21 20 14 22 2
5 21 20 14 22 24
5 23 13 10 1 29
5 23 13 1 15 29
5 23 13 31 1 15
5 23 16 17 15 29
5 23 16 17 4 15
5 5 9 31 4 15
5 5 13 27 31 11
5 5 13 27 9 11
5 5 13 27 9 31
5 5 16 17 4 15
5 5 9 17 4 15
5 5 21 9 31 4
5 5 16 17 11 4
5 5 21 27 9 31
5 5 21 27 9 2
5 5 21 20 11 4
5 5 20 17 11 4
5 26 8 20 22 17
5 28 8 16 17 15
5 28 5 16 17 15
5 28 5 9 17 15
5 28 8 16 17 11
5 28 5 16 17 11
5 28 5 9 17 4
5 28 8 20 17 11
5 28 26 8 20 17
5 28 5 20 17 11
5 28 5 20 17 4
5 32 5 13 31 11
5 32 23 13 31 15
5 32 28 5 16 15
5 32 28 5 16 11
5 32 5 31 4 15
5 32 5 16 4 15
5 32 5 13 9 11
5 32 5 9 31 15
5 32 5 13 9 31
5 32 8 16 15 29
5 32 8 16 11 29
5 32 23 16 15 29
5 32 23 13 15 29
5 32 23 31 4 15
5 32 23 16 4 15
5 32 28 8 16 15
5 32 28 8 16 11
5 32 28 5 9 15
5 32 13 18 9 11
5 32 18 9 31 15
5 32 13 18 31 15
5 32 13 18 9 31
5 32 8 25 11 29
5 32 13 1 15 29
5 32 13 18 1 29
5 32 13 18 1 15
5 32 13 18 10 29
5 32 23 13 10 29
5 32 23 13 10 11
5 32 28 8 25 11
5 32 18 25 1 29
5 32 18 10 25 29
5 19 21 14 24 4
5 19 21 20 24 4
5 19 21 20 14 24
5 19 16 17 11 4
5 19 20 17 11 4
5 19 20 17 24 4
5 19 20 17 24 11
5 19 23 16 17 4
5 19 8 17 24 11
5 19 8 16 17 11
5 19 23 16 17 29
5 19 8 16 11 29
5 19 32 16 11 29
5 19 32 23 16 29
5 19 32 23 16 11
5 19 32 23 10 29
5 19 32 23 10 11
5 19 8 17 24 29
5 19 8 16 17 29
5 0 20 17 24 4
5 0 26 20 22 17
5 0 28 20 17 4
5 0 28 26 20 17
5 0 21 20 24 4
5 0 20 22 17 24
5 0 28 9 17 4
5 0 28 26 9 17
5 0 5 21 20 4
5 0 28 5 20 4
5 0 28 26 5 20
5 0 21 20 22 2
5 0 21 20 22 24
5 0 28 5 9 4
5 0 26 5 9 2
5 0 28 26 5 9
5 0 5 21 9 2
5 0 5 21 9 4
5 0 21 9 31 2
5 30 26 8 25 22
5 30 28 26 8 25
5 30 28 8 25 11
5 30 26 25 22 2
5 30 26 8 20 22
5 30 28 26 8 20
5 30 28 5 20 11
5 30 28 26 5 20
5 30 28 26 9 25
5 30 28 26 5 9
5 30 0 20 22 2
5 30 0 26 22 2
5 30 0 26 20 22
5 30 0 26 5 2
5 30 26 9 25 2
5 30 26 5 9 2
5 30 32 28 25 11
5 30 32 28 9 25
5 30 32 5 9 11
5 30 32 28 5 11
5 30 32 28 5 9
5 30 0 26 5 20
5 30 25 22 3 2
5 30 27 22 3 2
5 30 20 14 22 2
5 30 27 14 22 2
5 30 27 20 14 2
5 30 5 27 9 2
5 30 5 27 9 11
5 30 32 18 25 11
5 30 32 18 9 11
5 30 32 18 9 25
5 30 5 21 20 11
5 30 0 5 21 20
5 30 9 25 3 2
5 30 27 9 3 2
5 30 18 27 9 11
5 30 21 27 20 2
5 30 0 21 20 2
5 30 27 14 22 3
5 30 5 21 27 2
5 30 0 5 21 2
5 30 5 21 27 11
5 30 18 9 25 3
5 30 18 27 9 3
5 6 32 28 8 25
5 6 28 26 8 25
5 6 32 25 1 29
5 6 32 8 25 29
5 6 32 28 8 15
5 6 28 26 9 25
5 6 28 26 8 17
5 6 32 1 15 29
5 6 32 8 15 29
5 6 32 18 1 15
5 6 32 18 25 1
5 6 32 28 9 15
5 6 32 28 9 25
5 6 28 8 17 15
5 6 25 22 1 29
5 6 8 25 22 29
5 6 26 8 25 22
5 6 8 17 15 29
5 6 18 9 1 15
5 6 32 18 9 15
5 6 32 18 9 25
5 7 19 20 14 24
5 7 19 21 20 14
5 7 21 20 11 4
5 7 19 20 11 4
5 7 19 21 20 4
5 7 19 23 10 11
5 7 21 27 20 14
5 7 23 10 31 14
5 7 19 23 10 14
5 7 21 27 31 14
5 7 30 21 27 11
5 7 19 21 14 4
5 7 19 16 11 4
5 7 19 23 16 4
5 7 19 23 16 11
5 7 23 13 10 11
5 7 23 13 10 31
5 7 5 27 31 11
5 7 5 21 27 11
5 7 5 21 27 31
5 7 13 27 31 11
5 7 13 10 31 14
5 7 13 27 31 14
5 7 13 27 10 14
5 7 5 21 11 4
5 7 5 21 31 4
5 7 32 23 31 4
5 7 32 23 16 4
5 7 32 23 16 11
5 7 32 13 31 11
5 7 32 23 13 11
5 7 32 23 13 31
5 7 32 5 31 4
5 7 32 5 31 11
5 7 5 16 11 4
5 7 32 5 16 4
5 7 32 5 16 11
5 12 7 19 10 11
5 12 19 20 24 11
5 12 7 19 20 11
5 12 7 19 20 24
5 12 19 10 14 24
5 12 7 19 14 24
5 12 7 19 10 14
5 12 10 22 24 29
5 12 19 10 24 29
5 12 7 20 14 24
5 12 8 20 22 24
5 12 20 14 22 24
5 12 10 14 22 24
5 12 8 22 24 29
5 12 19 8 11 29
5 12 19 8 24 29
5 12 19 8 24 11
5 12 10 25 22 29
5 12 19 32 11 29
5 12 19 32 10 29
5 12 19 32 10 11
5 12 7 27 10 14
5 12 20 17 24 11
5 12 8 17 24 11
5 12 8 20 17 11
5 12 8 20 17 24
5 12 30 8 20 22
5 12 30 20 14 22
5 12 8 25 11 29
5 12 8 25 22 29
5 12 32 25 11 29
5 12 32 10 25 29
5 12 7 30 27 11
5 12 30 21 20 11
5 12 7 21 20 11
5 12 7 30 21 11
5 12 30 27 20 14
5 12 7 27 20 14
5 12 7 13 10 11
5 12 7 13 27 11
5 12 7 13 27 10
5 12 30 8 25 11
5 12 30 8 25 22
5 12 28 8 20 11
5 12 30 28 20 11
5 12 30 28 8 11
5 12 30 28 8 20
5 12 10 14 22 3
5 12 30 14 22 3
5 12 32 18 25 11
5 12 32 18 10 25
5 12 10 25 22 3
5 12 30 25 22 3
5 12 30 21 27 20
5 12 7 21 27 20
5 12 7 30 21 27
5 12 27 10 14 3
5 12 30 27 14 3
5 12 32 13 10 11
5 12 32 13 18 11
5 12 32 13 18 10
5 12 30 18 25 11
5 12 13 18 27 11
5 12 30 18 27 11
5 12 13 27 10 3
5 12 18 10 25 3
5 12 13 18 10 3
5 12 30 18 25 3
5 12 13 18 27 3
5 12 30 18 27 3
