322
5 8 5 6 31 15
5 8 28 6 31 15
5 14 5 6 31 26
5 14 5 6 31 15
5 14 28 6 31 15
5 19 8 5 6 26
5 19 8 27 6 26
5 16 8 5 31 15
5 16 8 28 31 15
5 16 14 5 31 15
5 12 27 6 18 26
5 20 19 8 5 26
5 7 14 5 6 15
5 7 14 5 6 26
5 7 19 5 6 26
5 7 14 6 18 26
5 7 8 5 6 15
5 7 19 8 5 6
5 7 27 6 18 26
5 7 19 27 6 26
5 7 19 8 27 6
5 29 7 27 6 18
5 29 14 28 6 15
5 29 7 14 6 15
5 29 7 14 6 18
5 29 2 14 18 15
5 29 2 7 14 15
5 29 2 7 14 18
5 17 16 1 31 26
5 17 16 5 31 26
5 17 16 8 5 31
5 17 20 16 5 26
5 17 20 16 8 5
5 17 19 8 27 26
5 10 30 19 27 32
5 10 20 19 27 32
5 10 7 30 19 27
5 10 7 20 19 27
5 10 29 28 27 6
5 10 29 30 28 27
5 10 29 7 30 27
5 10 29 2 7 30
5 23 17 12 1 26
5 23 12 1 18 26
5 23 12 27 18 26
5 23 30 19 27 32
5 23 12 30 27 18
5 13 29 28 27 6
5 13 12 27 6 18
5 13 29 27 6 18
5 13 29 30 28 27
5 13 10 30 28 27
5 13 12 30 27 18
5 13 29 14 6 18
5 13 29 14 28 6
5 13 14 6 18 26
5 13 12 6 18 26
5 13 23 12 30 18
5 13 14 1 18 26
5 13 12 1 18 26
5 13 17 12 1 26
5 13 3 14 1 18
5 13 3 22 1 18
5 13 23 12 1 18
5 13 23 22 1 18
5 13 23 22 12 1
5 13 14 1 31 26
5 13 17 1 31 26
5 13 17 14 31 26
5 13 3 14 1 31
5 13 17 3 1 31
5 0 16 28 31 15
5 0 10 22 20 28
5 0 29 2 28 15
5 0 10 29 2 28
5 0 2 20 16 15
5 0 10 22 30 32
5 0 20 16 28 31
5 0 22 20 28 31
5 0 22 20 16 31
5 0 10 22 20 32
5 25 13 29 14 18
5 25 13 29 14 28
5 25 13 3 14 18
5 25 13 3 22 18
5 25 13 3 14 28
5 25 13 3 22 28
5 25 29 14 18 15
5 25 0 22 28 31
5 25 29 14 28 15
5 25 3 14 28 31
5 25 3 22 28 31
5 25 0 3 22 31
5 25 2 14 18 15
5 25 29 2 18 15
5 25 14 28 31 15
5 25 0 28 31 15
5 25 3 14 31 15
5 25 0 3 31 15
5 11 20 16 28 31
5 11 22 20 28 31
5 11 17 16 8 31
5 11 17 20 16 8
5 11 13 17 3 31
5 11 10 22 20 28
5 11 3 22 28 31
5 11 3 14 28 31
5 11 13 3 14 28
5 11 13 3 22 28
5 11 3 22 1 31
5 11 17 3 1 31
5 11 22 20 16 31
5 11 17 16 1 31
5 11 23 17 16 1
5 11 13 3 22 1
5 11 13 17 3 1
5 11 13 22 12 1
5 11 13 17 12 1
5 11 23 17 12 1
5 24 10 29 28 6
5 24 10 29 2 28
5 24 29 28 6 15
5 24 29 7 6 15
5 24 10 20 27 6
5 24 10 7 20 27
5 24 29 7 27 6
5 24 10 29 27 6
5 24 10 29 7 27
5 24 10 2 7 20
5 24 10 29 2 7
5 24 0 10 20 28
5 24 0 10 2 28
5 24 0 10 2 20
5 24 8 28 6 15
5 24 7 8 6 15
5 24 7 8 27 6
5 24 29 2 28 15
5 24 29 2 7 15
5 24 0 2 28 15
5 24 0 2 20 15
5 24 8 28 6 31
5 24 11 20 16 28
5 24 11 20 16 8
5 24 20 19 8 27
5 24 7 19 8 27
5 24 7 20 19 27
5 24 2 7 20 16
5 24 0 16 28 15
5 24 0 20 16 15
5 24 0 20 16 28
5 24 16 8 28 31
5 24 11 16 28 31
5 24 11 16 8 31
5 24 16 8 28 15
5 24 7 8 5 15
5 24 2 7 5 15
5 24 20 19 8 5
5 24 7 19 8 5
5 24 7 20 19 5
5 24 2 20 16 15
5 24 20 16 8 5
5 24 7 20 16 5
5 24 2 7 16 5
5 24 16 8 5 15
5 24 2 16 5 15
5 9 13 12 6 26
5 9 13 17 12 26
5 9 12 27 6 26
5 9 17 12 27 26
5 9 13 14 6 26
5 9 13 17 14 26
5 9 11 13 17 12
5 9 8 27 6 26
5 9 17 8 27 26
5 9 11 17 12 27
5 9 14 6 31 26
5 9 17 14 31 26
5 9 13 17 14 31
5 9 13 12 27 6
5 9 11 13 17 31
5 9 8 5 6 26
5 9 17 8 5 26
5 9 11 17 8 27
5 9 5 6 31 26
5 9 17 5 31 26
5 9 13 28 27 6
5 9 11 17 8 31
5 9 8 5 6 31
5 9 17 8 5 31
5 9 24 8 27 6
5 9 14 28 6 31
5 9 11 14 28 31
5 9 13 3 14 31
5 9 11 3 14 31
5 9 11 13 3 31
5 9 11 13 3 14
5 9 13 14 28 6
5 9 11 13 14 28
5 9 10 28 27 6
5 9 13 10 28 27
5 9 24 8 6 31
5 9 24 11 8 31
5 9 24 20 27 6
5 9 11 20 8 27
5 9 24 20 8 27
5 9 24 11 20 8
5 9 24 28 6 31
5 9 24 11 28 31
5 9 11 10 20 28
5 9 24 11 20 28
5 9 24 10 28 6
5 9 24 10 20 6
5 9 24 10 20 28
5 4 29 2 7 30
5 4 23 30 27 18
5 4 25 29 2 18
5 4 10 29 2 30
5 4 0 10 29 2
5 4 13 23 30 18
5 4 13 23 22 18
5 4 23 22 1 18
5 4 0 22 30 32
5 4 29 7 27 18
5 4 29 7 30 27
5 4 25 13 29 18
5 4 0 29 2 15
5 4 25 29 2 15
5 4 10 29 30 28
5 4 0 10 29 28
5 4 25 13 22 18
5 4 25 3 22 18
5 4 25 0 3 22
5 4 3 22 1 18
5 4 13 30 27 18
5 4 13 29 27 18
5 4 13 29 30 27
5 4 13 29 30 28
5 4 25 13 29 28
5 4 25 0 22 28
5 4 0 29 28 15
5 4 25 29 28 15
5 4 25 0 28 15
5 4 10 22 30 28
5 4 0 10 22 28
5 4 0 10 22 30
5 4 13 22 30 28
5 4 25 13 22 28
5 21 23 22 12 1
5 21 11 22 12 1
5 21 11 23 12 1
5 21 11 22 1 31
5 21 13 23 22 12
5 21 11 13 22 12
5 21 22 16 1 31
5 21 23 22 16 1
5 21 11 16 1 31
5 21 11 23 16 1
5 21 11 22 16 31
5 21 23 22 20 16
5 21 11 22 20 16
5 21 13 23 12 30
5 21 23 22 20 32
5 21 11 17 20 16
5 21 11 23 17 16
5 21 23 30 27 32
5 21 23 12 30 27
5 21 11 17 12 27
5 21 11 23 17 12
5 21 13 12 30 27
5 21 4 22 30 32
5 21 4 23 30 32
5 21 4 23 22 32
5 21 4 13 22 30
5 21 4 13 23 30
5 21 4 13 23 22
5 21 10 22 20 32
5 21 11 10 22 20
5 21 10 22 30 32
5 21 13 22 30 28
5 21 11 13 22 28
5 21 17 20 16 26
5 21 23 20 16 26
5 21 23 17 16 26
5 21 10 30 27 32
5 21 23 19 27 32
5 21 11 17 8 27
5 21 17 12 27 26
5 21 23 12 27 26
5 21 23 17 12 26
5 21 9 13 12 27
5 21 9 11 12 27
5 21 9 11 13 12
5 21 10 20 27 32
5 21 11 17 20 8
5 21 10 22 30 28
5 21 11 10 22 28
5 21 13 10 30 28
5 21 17 19 8 27
5 21 17 19 27 26
5 21 23 19 27 26
5 21 11 20 8 27
5 21 13 10 30 27
5 21 9 13 10 27
5 21 9 11 20 27
5 21 9 11 10 20
5 21 23 20 19 26
5 21 23 20 19 32
5 21 9 13 10 28
5 21 9 11 10 28
5 21 9 11 13 28
5 21 20 19 27 32
5 21 20 19 8 27
5 21 10 20 27 6
5 21 9 20 27 6
5 21 9 10 27 6
5 21 9 10 20 6
5 21 20 19 8 26
5 21 17 19 8 26
5 21 20 8 5 26
5 21 17 8 5 26
5 21 17 20 5 26
5 21 17 20 8 5
