321
5 30 24 32 0 23
5 30 2 32 0 23
5 30 2 24 32 23
5 10 17 22 1 6
5 15 10 2 32 0
5 15 22 1 0 6
5 15 10 22 1 6
5 15 10 17 22 6
5 11 10 2 28 32
5 8 22 1 32 12
5 8 15 22 1 0
5 8 10 22 1 32
5 8 15 10 22 1
5 8 15 1 0 6
5 8 15 10 0 6
5 8 15 10 1 6
5 7 30 24 32 0
5 7 30 24 0 23
5 7 8 15 22 0
5 7 15 10 32 0
5 7 8 10 32 0
5 7 8 15 10 0
5 7 15 10 22 32
5 7 8 10 22 32
5 7 8 15 10 22
5 7 15 22 0 6
5 13 30 16 24 25
5 13 24 25 23 3
5 13 30 24 25 23
5 13 30 2 0 23
5 13 30 2 24 23
5 13 16 2 24 32
5 4 11 2 28 32
5 4 15 2 28 32
5 4 17 28 6 3
5 4 16 2 24 32
5 4 11 16 2 32
5 4 2 24 32 23
5 4 21 24 25 32
5 4 16 24 25 32
5 4 13 2 24 23
5 4 13 24 23 3
5 4 13 11 24 3
5 4 13 16 2 24
5 4 13 11 16 24
5 4 13 11 16 2
5 4 7 15 22 6
5 4 7 21 24 32
5 4 7 15 0 6
5 4 2 32 0 23
5 4 15 2 32 0
5 4 7 21 24 23
5 4 21 24 25 23
5 4 24 25 23 3
5 4 11 24 25 3
5 4 24 32 0 23
5 4 7 24 0 23
5 4 7 24 32 0
5 4 7 15 32 0
5 4 22 0 6 23
5 4 7 22 0 23
5 4 7 22 0 6
5 4 7 21 22 23
5 20 10 1 32 12
5 20 10 17 1 12
5 20 10 17 28 3
5 20 11 17 28 3
5 9 7 8 22 12
5 9 7 22 0 23
5 9 7 8 22 0
5 9 7 30 0 23
5 9 7 8 30 0
5 9 7 21 22 23
5 9 7 30 24 23
5 9 7 21 24 23
5 9 30 24 25 23
5 9 21 24 25 23
5 9 21 24 25 32
5 9 7 21 24 32
5 27 7 30 32 0
5 27 7 8 32 0
5 27 7 8 30 0
5 27 30 2 32 0
5 27 9 7 8 30
5 27 10 2 32 0
5 27 8 10 32 0
5 27 8 10 2 0
5 27 7 30 24 32
5 27 9 7 24 32
5 27 9 7 30 24
5 27 13 16 2 32
5 27 8 22 32 12
5 27 7 8 22 12
5 27 7 8 22 32
5 27 9 7 21 32
5 27 30 2 24 32
5 27 13 2 24 32
5 27 13 30 2 24
5 27 13 16 24 32
5 27 13 30 16 24
5 27 16 24 25 32
5 27 9 24 25 32
5 27 30 16 24 25
5 27 9 30 24 25
5 27 21 22 32 12
5 27 7 21 22 32
5 27 9 21 25 32
5 27 9 21 22 12
5 27 9 7 22 12
5 27 9 7 21 22
5 31 8 10 2 0
5 31 11 2 28 3
5 31 13 11 2 3
5 31 8 10 0 6
5 31 4 28 6 3
5 31 4 11 28 3
5 31 4 13 11 3
5 31 4 11 2 28
5 31 4 13 11 2
5 31 4 15 2 0
5 31 4 15 2 28
5 31 13 2 0 23
5 31 4 2 0 23
5 31 4 13 2 23
5 31 4 13 23 3
5 31 4 0 6 23
5 31 8 10 1 6
5 31 15 10 0 6
5 31 15 10 2 0
5 31 15 10 28 6
5 31 15 10 2 28
5 31 4 15 0 6
5 31 4 15 28 6
5 18 4 15 28 6
5 18 4 15 28 32
5 18 15 10 28 6
5 18 10 17 28 6
5 18 15 10 17 6
5 18 10 2 28 32
5 18 15 2 28 32
5 18 15 10 2 32
5 18 15 10 2 28
5 18 4 11 28 32
5 18 15 17 22 6
5 18 4 17 22 6
5 18 4 15 22 6
5 18 4 7 15 32
5 18 11 10 28 32
5 18 15 10 22 32
5 18 15 10 17 22
5 18 4 7 15 22
5 18 7 15 22 32
5 18 20 11 10 32
5 18 20 10 17 28
5 18 20 11 10 28
5 18 7 21 22 32
5 18 4 7 21 22
5 18 20 10 32 12
5 18 20 10 17 12
5 18 10 22 1 32
5 18 10 17 22 1
5 18 22 1 32 12
5 18 21 22 32 12
5 18 10 1 32 12
5 18 10 17 1 12
5 18 17 22 1 12
5 18 21 17 22 12
5 19 11 10 2 28
5 19 20 11 10 28
5 19 20 10 28 3
5 19 11 2 28 3
5 19 20 11 28 3
5 19 31 2 28 3
5 19 31 10 28 3
5 19 31 10 2 28
5 19 13 11 2 3
5 19 20 13 11 3
5 19 11 16 2 32
5 19 11 10 2 32
5 19 13 11 16 2
5 19 20 13 11 16
5 19 20 11 16 32
5 19 20 11 10 32
5 19 31 13 2 3
5 19 27 16 2 32
5 19 27 13 16 2
5 5 9 8 30 12
5 5 27 9 8 30
5 5 27 9 30 25
5 5 9 7 8 12
5 5 27 7 8 12
5 5 27 9 7 12
5 5 27 9 7 8
5 5 9 21 25 12
5 5 27 9 21 12
5 5 27 9 21 25
5 5 20 16 25 12
5 5 27 30 16 25
5 5 8 1 32 12
5 5 27 8 32 12
5 5 20 1 32 12
5 5 21 25 32 12
5 5 27 21 32 12
5 5 27 21 25 32
5 5 13 30 16 25
5 5 20 13 16 25
5 5 16 25 32 12
5 5 27 16 25 32
5 5 20 16 32 12
5 5 27 13 30 16
5 5 8 10 1 32
5 5 27 8 10 32
5 5 19 20 13 16
5 5 19 27 13 16
5 14 4 11 25 3
5 14 20 11 17 3
5 14 4 16 24 25
5 14 4 11 24 25
5 14 4 11 16 24
5 14 4 16 25 32
5 14 4 11 16 32
5 14 20 13 25 3
5 14 20 13 11 3
5 14 20 13 16 25
5 14 20 13 11 16
5 14 20 11 16 32
5 14 18 20 11 32
5 14 13 16 24 25
5 14 13 11 16 24
5 14 11 24 25 3
5 14 13 24 25 3
5 14 13 11 24 3
5 14 21 25 32 12
5 14 16 25 32 12
5 14 20 16 32 12
5 14 20 16 25 12
5 26 5 27 13 30
5 26 5 19 27 13
5 26 27 13 30 2
5 26 19 27 13 2
5 26 5 27 8 30
5 26 13 30 2 0
5 26 13 8 30 0
5 26 19 31 13 2
5 26 5 8 1 12
5 26 5 8 10 1
5 26 5 19 20 13
5 26 27 30 2 0
5 26 27 8 2 0
5 26 27 8 30 0
5 26 27 8 10 2
5 26 5 27 8 10
5 26 27 10 2 32
5 26 19 10 2 32
5 26 19 27 2 32
5 26 5 27 10 32
5 26 31 8 2 0
5 26 31 13 2 0
5 26 31 13 8 0
5 26 31 8 10 2
5 26 19 31 10 2
5 26 19 31 13 3
5 26 5 20 1 12
5 26 19 20 13 3
5 26 31 8 10 1
5 26 19 20 10 32
5 26 19 27 16 32
5 26 5 27 16 32
5 26 5 19 27 16
5 26 19 31 10 3
5 26 19 20 10 3
5 26 20 10 1 32
5 26 5 10 1 32
5 26 5 20 1 32
5 26 19 20 16 32
5 26 5 20 16 32
5 26 5 19 20 16
5 29 18 4 11 32
5 29 14 4 11 32
5 29 14 18 11 32
5 29 14 4 25 32
5 29 4 21 25 32
5 29 14 21 25 32
5 29 14 4 17 25
5 29 18 4 11 28
5 29 14 11 17 3
5 29 14 4 17 3
5 29 14 4 11 3
5 29 14 20 11 17
5 29 14 18 20 11
5 29 4 7 21 32
5 29 18 7 21 32
5 29 18 4 7 32
5 29 18 4 7 21
5 29 4 21 17 25
5 29 14 18 20 32
5 29 11 17 28 3
5 29 4 17 28 3
5 29 4 11 28 3
5 29 20 11 17 28
5 29 18 20 17 28
5 29 18 20 11 28
5 29 4 17 28 6
5 29 18 17 28 6
5 29 18 4 28 6
5 29 18 4 17 6
5 29 4 21 17 22
5 29 18 21 17 22
5 29 18 4 17 22
5 29 18 4 21 22
5 29 18 21 32 12
5 29 18 20 32 12
5 29 14 21 32 12
5 29 14 20 32 12
5 29 21 17 25 12
5 29 14 21 25 12
5 29 18 21 17 12
5 29 18 20 17 12
5 29 20 17 25 12
5 29 14 20 25 12
5 29 14 20 17 25
