323
5 5 25 1 13 27
5 2 17 1 22 27
5 2 1 22 28 27
5 7 25 1 6 13
5 7 25 15 6 13
5 7 15 1 13 28
5 7 15 4 13 28
5 31 25 1 13 27
5 31 1 13 28 27
5 31 15 1 13 28
5 31 2 15 1 28
5 31 25 1 6 13
5 31 25 15 6 13
5 31 7 1 6 13
5 31 7 15 6 13
5 31 7 15 1 13
5 32 25 0 4 3
5 26 17 1 22 27
5 26 5 1 22 27
5 19 2 17 22 6
5 19 2 17 1 22
5 19 2 1 22 28
5 19 31 2 15 6
5 19 31 2 15 1
5 19 31 7 1 6
5 19 31 7 15 6
5 19 31 7 15 1
5 19 2 15 1 28
5 19 7 15 1 28
5 19 26 17 22 6
5 19 26 17 1 6
5 19 26 17 1 22
5 19 26 5 1 22
5 19 17 1 6 27
5 10 31 25 15 6
5 10 31 15 4 13
5 10 31 25 15 13
5 10 25 4 20 3
5 10 32 4 20 3
5 10 32 25 4 3
5 10 32 25 0 4
5 10 7 15 4 13
5 10 7 25 15 13
5 10 7 25 15 6
5 24 2 1 28 27
5 24 31 1 28 27
5 24 31 2 1 28
5 24 2 17 20 27
5 24 31 25 20 27
5 24 19 1 6 27
5 24 25 1 6 27
5 24 31 25 1 27
5 24 31 25 1 6
5 24 19 31 1 6
5 24 19 31 2 6
5 24 19 31 2 1
5 24 19 17 6 27
5 24 19 2 17 6
5 24 31 2 15 20
5 24 31 2 15 6
5 24 2 17 1 27
5 24 19 17 1 27
5 24 19 2 17 1
5 24 10 31 25 20
5 24 10 31 15 20
5 29 32 0 4 3
5 29 32 23 0 3
5 16 23 0 6 3
5 16 32 23 6 3
5 16 32 23 0 3
5 16 29 32 23 0
5 16 10 32 25 0
5 16 10 32 0 4
5 16 29 32 0 4
5 16 7 23 0 4
5 16 29 23 0 4
5 16 29 7 23 4
5 16 10 7 25 6
5 16 10 7 15 6
5 16 7 25 0 13
5 16 10 7 25 13
5 16 10 7 15 4
5 16 7 0 4 13
5 16 10 7 4 13
5 16 25 0 4 13
5 16 10 25 4 13
5 16 10 25 0 4
5 14 26 32 23 3
5 14 24 2 17 20
5 14 2 17 22 20
5 14 19 26 22 6
5 18 14 24 17 20
5 18 14 24 2 17
5 18 14 2 17 22
5 18 24 2 15 6
5 18 24 10 15 20
5 18 19 2 22 6
5 18 14 19 22 6
5 18 19 2 15 6
5 18 24 2 15 20
5 18 14 24 2 20
5 18 10 31 25 6
5 18 24 31 25 6
5 18 24 10 31 25
5 18 10 31 15 6
5 18 24 31 15 6
5 18 24 10 31 15
5 8 26 5 17 27
5 8 17 1 6 27
5 8 26 17 1 27
5 8 26 17 1 6
5 8 26 5 1 27
5 8 25 1 6 27
5 8 5 25 1 27
5 8 19 26 1 6
5 8 19 26 5 1
5 8 7 25 1 6
5 8 19 7 1 6
5 8 19 7 5 1
5 8 19 26 23 6
5 8 19 26 5 23
5 8 5 25 0 3
5 8 5 25 1 13
5 8 7 25 1 13
5 8 7 5 1 13
5 8 16 19 7 6
5 8 16 19 23 6
5 8 23 0 6 3
5 8 26 23 6 3
5 8 5 23 0 3
5 8 26 5 23 3
5 8 16 25 0 6
5 8 16 7 25 6
5 8 16 7 25 0
5 8 5 25 0 13
5 8 7 25 0 13
5 8 7 5 0 13
5 8 16 19 7 23
5 8 16 23 0 6
5 8 7 5 23 0
5 8 16 7 23 0
5 30 19 2 22 28
5 30 2 15 22 28
5 30 19 1 22 28
5 30 19 7 1 28
5 30 19 2 15 28
5 30 19 7 15 28
5 30 18 19 2 22
5 30 18 19 2 15
5 30 7 15 4 28
5 30 19 5 1 22
5 30 19 7 5 1
5 30 16 19 7 23
5 30 29 7 23 4
5 30 26 5 23 22
5 30 19 26 23 22
5 30 19 26 5 22
5 30 19 26 5 23
5 30 8 7 5 23
5 30 8 19 5 23
5 30 8 19 7 23
5 30 8 19 7 5
5 30 16 29 7 23
5 30 16 7 15 4
5 30 16 29 7 4
5 21 19 26 23 6
5 21 14 19 26 6
5 21 18 14 19 6
5 21 19 26 23 22
5 21 14 26 23 22
5 21 14 19 26 22
5 21 18 14 19 22
5 21 18 14 32 20
5 21 30 19 23 22
5 21 30 18 19 22
5 21 18 14 2 22
5 21 14 2 22 20
5 21 18 2 15 20
5 21 18 14 2 20
5 21 30 2 15 22
5 21 30 18 2 22
5 9 18 14 22 6
5 9 18 14 17 22
5 9 18 24 25 6
5 9 21 18 14 6
5 9 21 18 14 32
5 9 8 26 6 3
5 9 8 26 17 6
5 9 26 17 22 6
5 9 14 26 22 6
5 9 14 26 17 22
5 9 2 17 22 6
5 9 18 2 22 6
5 9 18 2 17 22
5 9 8 0 6 3
5 9 8 25 0 6
5 9 8 17 6 27
5 9 8 25 6 27
5 9 24 17 6 27
5 9 24 25 6 27
5 9 24 2 17 6
5 9 18 24 2 6
5 9 18 24 2 17
5 9 32 23 6 3
5 9 26 23 6 3
5 9 26 32 23 3
5 9 21 14 26 6
5 9 16 0 6 3
5 9 16 32 6 3
5 9 16 32 0 3
5 9 16 25 0 6
5 9 21 26 23 6
5 9 14 26 32 23
5 9 21 14 32 23
5 9 21 14 26 23
5 12 16 10 32 25
5 12 16 10 25 6
5 12 18 10 25 6
5 12 9 16 25 6
5 12 9 18 25 6
5 12 9 16 32 6
5 12 16 10 15 6
5 12 18 10 15 6
5 12 16 10 32 4
5 12 16 29 32 4
5 12 9 21 18 6
5 12 9 21 18 32
5 12 18 19 15 6
5 12 10 32 4 20
5 12 29 32 4 20
5 12 16 10 15 4
5 12 21 29 32 20
5 12 18 10 32 20
5 12 21 18 32 20
5 12 21 29 32 23
5 12 16 32 23 6
5 12 16 29 32 23
5 12 9 32 23 6
5 12 9 21 23 6
5 12 9 21 32 23
5 12 19 7 15 6
5 12 16 7 15 6
5 12 16 19 7 6
5 12 16 19 23 6
5 12 30 18 19 15
5 12 21 29 4 20
5 12 30 29 15 4
5 12 30 16 15 4
5 12 30 16 29 4
5 12 18 10 15 20
5 12 21 18 15 20
5 12 21 19 23 6
5 12 21 18 19 6
5 12 30 19 7 15
5 12 30 16 7 15
5 12 30 16 19 7
5 12 21 30 18 19
5 12 10 15 4 20
5 12 21 15 4 20
5 12 30 16 29 23
5 12 30 29 23 15
5 12 21 30 23 15
5 12 30 18 2 15
5 12 21 18 2 15
5 12 21 30 2 15
5 12 21 30 18 2
5 12 30 16 19 23
5 12 21 30 19 23
5 11 24 10 25 20
5 11 18 24 10 20
5 11 18 24 10 25
5 11 18 10 32 20
5 11 9 18 24 25
5 11 10 25 20 3
5 11 10 32 20 3
5 11 10 32 25 3
5 11 12 10 32 25
5 11 12 18 10 25
5 11 12 18 10 32
5 11 24 25 20 27
5 11 9 24 25 27
5 11 18 24 17 20
5 11 9 18 24 17
5 11 18 14 32 20
5 11 9 18 14 32
5 11 12 9 18 25
5 11 12 9 18 32
5 11 24 17 20 27
5 11 9 24 17 27
5 11 18 14 17 20
5 11 9 18 14 17
5 11 14 32 20 3
5 11 32 25 0 3
5 11 9 32 0 3
5 11 12 16 32 25
5 11 12 9 16 25
5 11 12 9 16 32
5 11 17 20 3 27
5 11 25 20 3 27
5 11 14 17 20 3
5 11 14 26 32 3
5 11 9 26 32 3
5 11 9 14 26 32
5 11 8 25 0 3
5 11 9 8 0 3
5 11 9 8 25 0
5 11 16 32 25 0
5 11 9 16 25 0
5 11 9 16 32 0
5 11 9 8 17 27
5 11 9 8 25 27
5 11 14 26 17 3
5 11 9 14 26 17
5 11 5 17 3 27
5 11 8 5 17 27
5 11 9 8 26 3
5 11 9 8 26 17
5 11 5 25 3 27
5 11 8 5 25 27
5 11 8 5 25 3
5 11 26 5 17 3
5 11 8 26 5 3
5 11 8 26 5 17
