219
5 14 6 3 12 15
5 4 14 6 3 15
5 17 14 19 3 12
5 17 14 6 3 12
5 7 17 20 19 12
5 8 14 6 12 15
5 8 20 6 12 15
5 0 17 14 19 12
5 0 17 14 6 12
5 0 8 14 19 12
5 0 8 14 6 12
5 24 0 17 19 12
5 1 4 14 3 15
5 22 4 2 20 15
5 22 4 2 20 13
5 18 0 17 14 6
5 18 0 16 14 6
5 18 17 14 6 3
5 18 16 14 6 3
5 18 22 17 6 3
5 18 17 14 19 3
5 18 1 14 19 3
5 18 1 16 14 3
5 18 1 16 7 13
5 5 1 7 2 13
5 5 24 7 2 13
5 5 24 16 7 13
5 5 0 8 14 2
5 5 1 0 14 2
5 5 8 14 2 15
5 5 1 14 2 15
5 5 0 16 14 6
5 5 22 2 6 13
5 5 24 2 6 15
5 5 8 14 6 15
5 5 0 8 14 6
5 21 7 2 20 13
5 21 24 7 2 13
5 21 24 7 2 20
5 21 22 2 20 13
5 21 5 24 2 13
5 21 5 22 2 13
5 21 24 16 7 13
5 21 5 24 16 13
5 21 5 22 16 13
5 21 5 24 2 6
5 21 5 22 2 6
5 21 24 2 6 15
5 21 24 2 20 15
5 21 22 20 6 15
5 21 22 2 6 15
5 21 22 2 20 15
5 21 22 20 6 12
5 21 18 16 7 13
5 21 18 24 16 7
5 21 24 7 20 19
5 21 18 24 7 19
5 21 5 24 16 6
5 21 5 22 16 6
5 21 22 17 6 12
5 21 18 22 16 6
5 21 7 17 20 19
5 21 18 7 17 19
5 21 18 7 17 20
5 21 18 22 17 6
5 21 0 17 6 12
5 21 24 0 6 12
5 21 24 0 17 12
5 21 17 20 19 12
5 21 24 20 19 12
5 21 24 17 19 12
5 11 0 8 6 12
5 11 24 0 6 12
5 11 21 24 6 12
5 11 0 8 19 12
5 11 24 0 19 12
5 11 5 0 8 6
5 11 5 24 0 6
5 11 8 20 6 12
5 11 21 20 6 12
5 11 21 24 20 12
5 11 21 24 6 15
5 11 24 20 19 12
5 11 5 8 6 15
5 11 5 24 6 15
5 11 5 0 8 2
5 11 8 20 6 15
5 11 21 20 6 15
5 11 21 24 20 15
5 11 5 8 2 15
5 11 5 24 2 15
5 11 24 2 20 15
5 11 24 7 2 20
5 25 22 2 6 13
5 25 22 4 2 13
5 25 5 22 6 13
5 25 5 22 16 13
5 25 5 22 16 6
5 25 18 22 16 6
5 25 5 2 6 13
5 25 1 16 4 13
5 25 5 1 16 13
5 25 22 2 6 15
5 25 22 4 6 15
5 25 22 4 2 15
5 25 18 16 6 3
5 25 22 4 6 3
5 25 18 22 6 3
5 25 1 4 2 13
5 25 5 1 2 13
5 25 5 2 6 15
5 25 1 16 4 3
5 25 5 16 14 6
5 25 5 1 16 14
5 25 1 4 2 15
5 25 5 1 2 15
5 25 4 14 6 3
5 25 1 4 14 3
5 25 16 14 6 3
5 25 1 16 14 3
5 25 4 14 6 15
5 25 1 4 14 15
5 25 5 14 6 15
5 25 5 1 14 15
5 23 18 24 7 19
5 23 18 24 16 7
5 23 24 0 17 19
5 23 18 0 16 6
5 23 5 24 16 7
5 23 11 24 0 19
5 23 11 5 24 0
5 23 5 0 16 6
5 23 5 24 16 6
5 23 5 24 0 6
5 23 18 1 7 19
5 23 18 1 16 7
5 23 18 1 14 19
5 23 18 0 16 14
5 23 18 1 16 14
5 23 0 17 14 19
5 23 18 17 14 19
5 23 18 0 17 14
5 23 21 24 17 19
5 23 21 18 17 19
5 23 21 18 24 19
5 23 21 24 0 17
5 23 21 24 16 6
5 23 21 18 16 6
5 23 21 18 24 16
5 23 21 24 0 6
5 23 5 1 0 2
5 23 5 0 16 14
5 23 5 1 16 14
5 23 5 1 0 14
5 23 11 24 7 19
5 23 11 0 2 19
5 23 11 5 0 2
5 23 1 0 14 2
5 23 18 0 17 6
5 23 21 0 17 6
5 23 21 18 17 6
5 23 1 7 2 19
5 23 5 1 7 2
5 23 1 16 7 13
5 23 5 16 7 13
5 23 5 1 7 13
5 23 5 1 16 13
5 23 11 7 2 19
5 23 5 24 7 2
5 23 11 24 7 2
5 23 11 5 24 2
5 10 22 4 20 15
5 10 4 6 3 15
5 10 22 4 6 15
5 10 22 4 6 3
5 10 21 18 17 20
5 10 21 18 22 20
5 10 21 18 22 17
5 10 6 3 12 15
5 10 20 6 12 15
5 10 22 20 6 15
5 10 22 20 6 12
5 10 17 6 3 12
5 10 22 17 6 12
5 10 22 17 6 3
5 10 21 17 20 12
5 10 21 22 20 12
5 10 21 22 17 12
5 9 25 16 4 13
5 9 25 22 4 13
5 9 25 22 16 13
5 9 1 16 4 13
5 9 18 1 16 13
5 9 21 22 16 13
5 9 21 18 16 13
5 9 21 18 22 16
5 9 25 18 22 16
5 9 18 1 13 3
5 9 1 16 4 3
5 9 18 1 16 3
5 9 22 4 20 13
5 9 10 22 4 20
5 9 10 18 22 20
5 9 10 22 4 3
5 9 21 22 20 13
5 9 21 18 22 20
5 9 25 16 4 3
5 9 25 18 16 3
5 9 25 22 4 3
5 9 25 18 22 3
5 9 18 22 17 3
5 9 10 22 17 3
5 9 10 18 22 17
5 9 21 7 20 13
5 9 21 18 7 13
5 9 21 18 7 20
5 9 18 7 17 20
5 9 10 7 17 20
5 9 10 18 17 20
