215
5 0 10 23 7 6
5 22 0 7 18 12
5 1 22 0 7 12
5 19 21 10 23 6
5 19 21 23 25 6
5 15 0 23 25 6
5 15 19 23 25 6
5 15 19 21 25 6
5 4 1 11 7 18
5 4 1 24 25 18
5 4 1 0 7 18
5 3 22 24 25 18
5 3 1 24 25 18
5 3 1 22 25 18
5 3 2 24 21 12
5 3 2 22 21 12
5 3 2 22 24 21
5 3 4 1 11 18
5 3 4 1 24 18
5 3 22 7 18 12
5 3 1 11 7 12
5 3 1 22 7 12
5 3 1 11 7 18
5 3 22 24 21 25
5 3 22 0 7 18
5 3 1 0 7 18
5 3 1 22 0 18
5 3 1 22 0 7
5 9 0 10 23 7
5 9 1 0 23 7
5 9 0 10 7 12
5 9 1 0 7 12
5 9 0 10 23 25
5 9 1 0 23 25
5 9 1 11 7 12
5 9 2 0 10 12
5 9 2 0 10 25
5 9 2 1 25 12
5 9 1 22 0 12
5 9 2 22 0 12
5 9 2 1 22 12
5 9 1 22 0 25
5 9 2 22 0 25
5 9 2 1 22 25
5 9 2 21 25 12
5 9 2 21 10 12
5 9 2 21 10 25
5 9 21 10 23 25
5 9 19 21 23 25
5 9 19 21 10 23
5 9 19 21 10 12
5 13 15 0 25 6
5 13 2 22 0 6
5 13 2 22 0 25
5 13 15 21 25 6
5 13 2 0 10 6
5 13 2 0 10 25
5 13 2 22 21 6
5 13 2 22 21 25
5 13 22 24 21 6
5 13 22 24 21 25
5 13 15 24 21 25
5 13 1 22 25 18
5 13 1 22 0 18
5 13 1 22 0 25
5 13 22 24 25 18
5 13 0 23 25 6
5 13 0 10 23 6
5 13 0 10 23 25
5 13 2 21 10 6
5 13 2 21 10 25
5 13 4 1 25 18
5 13 21 23 25 6
5 13 21 10 23 6
5 13 21 10 23 25
5 14 15 19 23 25
5 14 19 17 23 20
5 14 15 19 23 20
5 14 9 1 23 25
5 14 1 0 23 25
5 14 15 0 23 25
5 14 17 23 7 20
5 14 15 23 7 20
5 14 9 17 23 7
5 14 9 1 23 7
5 14 13 1 0 25
5 14 13 15 0 25
5 14 1 0 23 7
5 14 17 11 7 20
5 14 9 17 11 7
5 14 9 1 11 7
5 14 9 1 17 11
5 14 0 23 7 6
5 14 15 23 7 6
5 14 15 0 7 6
5 14 15 0 23 6
5 14 4 17 11 20
5 14 4 1 17 11
5 14 4 1 11 7
5 14 4 11 7 20
5 8 3 1 11 12
5 8 9 17 11 12
5 8 9 1 11 12
5 8 9 1 17 11
5 8 4 1 17 11
5 8 3 4 1 11
5 8 9 1 25 12
5 8 3 1 22 12
5 8 4 17 24 11
5 8 3 17 24 11
5 8 3 4 24 11
5 8 3 4 1 24
5 8 3 24 21 12
5 8 2 22 25 12
5 8 2 1 25 12
5 8 2 1 22 12
5 8 2 1 22 25
5 8 4 17 24 20
5 8 9 19 21 12
5 8 14 4 17 20
5 8 14 4 1 17
5 16 13 24 25 18
5 16 13 15 24 25
5 16 14 13 15 25
5 16 4 24 25 18
5 16 13 4 25 18
5 16 14 13 15 0
5 16 22 24 6 18
5 16 13 22 24 18
5 16 13 22 24 6
5 16 13 15 0 6
5 16 13 24 21 6
5 16 13 15 21 6
5 16 13 15 24 21
5 16 4 24 18 20
5 16 14 4 24 20
5 16 13 4 1 25
5 16 14 4 1 25
5 16 14 13 1 25
5 16 14 15 0 7
5 16 22 0 6 18
5 16 13 22 0 18
5 16 13 22 0 6
5 16 0 7 6 18
5 16 15 0 7 6
5 16 4 7 18 20
5 16 4 0 7 18
5 16 14 15 7 20
5 16 14 4 7 20
5 16 4 1 0 18
5 16 13 1 0 18
5 16 13 4 1 18
5 16 14 13 1 0
5 16 4 1 0 7
5 16 14 1 0 7
5 16 14 4 1 7
5 5 8 3 21 12
5 5 3 22 21 12
5 5 3 22 21 25
5 5 9 21 25 12
5 5 8 9 25 12
5 5 8 9 21 12
5 5 8 22 25 12
5 5 8 3 22 12
5 5 3 24 21 25
5 5 8 3 24 21
5 5 2 21 25 12
5 5 2 22 25 12
5 5 2 22 21 12
5 5 2 22 21 25
5 5 9 19 21 25
5 5 8 9 19 21
5 5 3 1 22 25
5 5 8 1 22 25
5 5 8 3 1 22
5 5 8 19 24 21
5 5 3 1 24 25
5 5 8 3 1 24
5 5 9 19 23 25
5 5 15 24 21 25
5 5 15 19 21 25
5 5 15 19 24 21
5 5 8 19 24 20
5 5 4 1 24 25
5 5 8 4 1 24
5 5 14 19 23 25
5 5 14 9 23 25
5 5 9 19 17 23
5 5 8 9 19 17
5 5 15 19 24 20
5 5 14 4 1 25
5 5 8 14 4 1
5 5 14 19 17 23
5 5 14 9 1 25
5 5 8 9 1 25
5 5 14 9 17 23
5 5 14 15 19 20
5 5 14 15 19 25
5 5 14 4 24 20
5 5 8 4 24 20
5 5 8 14 4 20
5 5 14 19 17 20
5 5 8 19 17 20
5 5 8 14 17 20
5 5 16 4 24 25
5 5 16 14 4 25
5 5 16 14 4 24
5 5 14 9 1 17
5 5 8 9 1 17
5 5 8 14 1 17
5 5 16 15 24 20
5 5 16 14 24 20
5 5 16 14 15 20
5 5 16 15 24 25
5 5 16 14 15 25
