118
5 7 5 16 1 15
5 11 5 16 1 15
5 11 7 5 16 1
5 0 11 16 1 15
5 0 11 5 1 15
5 0 9 11 8 3
5 0 11 5 1 3
5 0 9 11 5 3
5 12 9 18 1 3
5 12 7 5 18 1
5 12 0 5 1 3
5 12 0 9 1 3
5 12 0 9 5 3
5 10 9 18 1 3
5 10 0 9 1 3
5 10 0 9 8 3
5 10 0 5 1 15
5 10 0 5 18 1
5 10 0 9 5 18
5 10 12 9 18 1
5 10 12 0 18 1
5 10 12 0 9 1
5 17 11 7 5 16
5 17 11 5 1 3
5 17 11 7 5 1
5 17 12 5 1 3
5 17 12 7 1 3
5 17 12 7 5 1
5 17 7 16 1 3
5 17 11 16 1 3
5 17 11 7 16 1
5 14 10 5 1 15
5 14 10 5 18 1
5 14 7 5 16 15
5 14 17 7 5 16
5 14 11 5 16 15
5 14 10 0 5 15
5 14 7 5 1 15
5 14 7 5 18 1
5 4 0 11 8 3
5 4 0 11 16 15
5 4 0 9 11 8
5 4 10 0 9 8
5 4 0 9 11 5
5 13 0 9 5 18
5 13 12 0 9 5
5 13 12 7 5 18
5 13 14 7 5 18
5 13 0 5 18 1
5 13 12 5 18 1
5 13 12 0 18 1
5 13 12 0 5 1
5 13 10 0 9 18
5 13 10 12 9 18
5 13 10 12 0 18
5 13 10 12 0 9
5 13 17 12 7 5
5 13 14 17 7 5
5 2 14 11 16 15
5 2 4 11 16 15
5 2 4 14 16 15
5 2 14 11 5 15
5 2 0 11 5 15
5 2 4 0 11 15
5 2 4 0 11 5
5 2 4 0 9 5
5 2 14 0 5 15
5 2 4 9 11 5
5 2 4 10 0 15
5 2 4 10 0 9
5 2 14 10 0 15
5 2 10 0 9 5
5 2 14 10 0 5
5 2 4 10 9 8
5 2 4 9 11 8
5 2 10 9 5 18
5 2 14 10 5 18
5 2 13 9 5 18
5 2 13 14 5 18
5 2 13 14 9 18
5 6 2 14 11 16
5 6 2 4 11 16
5 6 2 4 14 16
5 6 17 11 5 16
5 6 14 11 5 16
5 6 14 17 5 16
5 6 4 11 8 16
5 6 2 14 11 5
5 6 2 4 11 8
5 6 2 4 14 8
5 6 11 8 16 3
5 6 17 11 16 3
5 6 14 17 7 16
5 6 2 9 11 5
5 6 13 14 17 5
5 6 2 13 14 5
5 6 2 9 11 8
5 6 9 11 8 3
5 6 2 13 9 5
5 6 2 14 9 8
5 6 2 13 14 9
5 6 13 14 7 18
5 6 13 14 17 7
5 6 9 11 5 3
5 6 12 9 5 3
5 6 17 11 5 3
5 6 17 12 5 3
5 6 13 12 9 5
5 6 13 17 12 5
5 6 14 9 8 18
5 6 13 14 9 18
5 6 12 7 18 3
5 6 17 12 7 3
5 6 9 8 18 3
5 6 12 9 18 3
5 6 13 12 7 18
5 6 13 17 12 7
5 6 13 12 9 18
