313
5 2 4 17 14 16
5 9 26 17 16 7
5 32 15 23 31 12
5 11 2 17 16 8
5 1 32 19 3 30
5 1 32 23 30 12
5 1 19 9 26 12
5 1 32 23 31 12
5 1 32 23 26 31
5 1 15 19 31 12
5 1 15 19 26 12
5 1 15 19 26 31
5 1 15 23 31 12
5 1 15 23 26 12
5 1 15 23 26 31
5 5 23 26 12 7
5 5 9 26 16 7
5 5 9 26 12 7
5 5 11 15 4 12
5 5 9 17 16 7
5 5 9 26 17 16
5 5 26 17 16 8
5 5 11 17 16 8
5 5 11 19 12 8
5 5 11 19 26 8
5 5 11 19 26 12
5 5 9 26 17 8
5 5 4 17 14 16
5 5 27 4 12 14
5 10 32 27 3 30
5 10 1 32 3 30
5 10 1 32 19 3
5 18 32 27 30 6
5 18 32 27 4 30
5 18 27 4 30 12
5 18 5 27 4 6
5 18 5 27 4 12
5 18 32 15 4 31
5 18 32 4 30 12
5 18 32 15 4 12
5 18 32 2 4 14
5 18 32 2 4 31
5 18 5 4 16 6
5 18 5 15 4 16
5 18 4 14 16 6
5 28 32 27 2 14
5 28 18 32 2 14
5 28 18 32 27 6
5 28 18 4 14 6
5 28 18 27 4 6
5 28 32 27 4 14
5 28 18 32 4 14
5 28 18 32 27 4
5 28 10 17 7 6
5 28 27 2 3 14
5 28 5 27 4 6
5 28 5 27 4 14
5 28 32 27 2 3
5 28 10 32 27 3
5 28 13 17 14 7
5 28 10 13 17 7
5 28 10 13 17 14
5 28 17 14 16 6
5 28 27 17 16 6
5 28 10 3 13 14
5 28 4 14 16 6
5 28 5 4 16 6
5 28 5 4 14 16
5 28 5 27 16 6
5 28 5 17 14 16
5 28 5 27 17 16
5 29 1 32 19 31
5 29 1 19 31 12
5 29 1 32 31 12
5 29 32 2 4 31
5 29 32 19 3 31
5 29 1 11 4 12
5 29 1 11 19 12
5 29 32 15 31 12
5 29 32 15 4 12
5 29 32 15 4 31
5 29 32 4 30 12
5 29 1 4 30 12
5 29 1 32 30 12
5 29 1 32 19 30
5 29 11 15 4 12
5 29 15 19 31 12
5 29 32 2 3 31
5 29 19 3 31 8
5 29 11 19 3 8
5 29 5 11 15 4
5 29 15 19 26 12
5 29 11 19 26 12
5 29 15 19 26 31
5 29 5 11 4 16
5 29 2 3 31 8
5 29 11 2 3 8
5 29 19 26 31 8
5 29 11 19 26 8
5 29 5 15 4 16
5 29 5 15 26 12
5 29 5 11 26 12
5 29 5 11 15 12
5 29 5 11 16 8
5 29 5 11 26 8
5 24 15 23 26 12
5 24 5 23 26 12
5 24 5 15 26 12
5 24 5 15 26 16
5 24 5 26 16 7
5 24 5 23 26 7
5 24 5 27 12 6
5 24 18 5 27 6
5 24 18 5 27 12
5 24 18 15 16 6
5 24 18 5 16 6
5 24 18 5 15 16
5 24 5 15 4 12
5 24 18 15 4 12
5 24 18 5 4 12
5 24 18 5 15 4
5 24 18 27 30 6
5 24 18 27 30 12
5 24 32 23 30 6
5 24 18 32 30 6
5 24 18 32 15 6
5 24 32 23 30 12
5 24 32 15 23 12
5 24 18 32 30 12
5 24 18 32 15 12
5 0 10 32 19 3
5 0 1 9 26 7
5 0 1 19 26 7
5 0 1 19 9 26
5 0 19 9 26 8
5 25 10 27 3 30
5 25 27 4 30 12
5 25 1 4 30 12
5 25 32 27 4 14
5 25 32 27 4 30
5 25 27 2 3 14
5 25 27 4 12 14
5 25 29 1 4 30
5 25 29 1 11 4
5 25 1 19 3 30
5 25 1 11 4 12
5 25 28 27 3 14
5 25 28 10 3 14
5 25 28 10 27 3
5 25 32 2 4 14
5 25 32 27 2 14
5 25 32 27 3 30
5 25 32 27 2 3
5 25 29 32 4 30
5 25 32 19 3 30
5 25 29 1 19 30
5 25 29 1 11 19
5 25 0 1 19 3
5 25 10 3 13 14
5 25 1 11 19 12
5 25 2 4 17 14
5 25 2 3 17 14
5 25 5 4 12 14
5 25 29 32 19 30
5 25 29 32 2 4
5 25 29 11 2 4
5 25 29 32 19 3
5 25 29 11 19 3
5 25 29 32 2 3
5 25 29 11 2 3
5 25 11 19 3 8
5 25 0 19 3 8
5 25 5 11 4 12
5 25 3 13 17 14
5 25 0 3 13 17
5 25 11 19 12 8
5 25 1 19 9 12
5 25 0 1 9 12
5 25 0 1 19 9
5 25 2 4 17 16
5 25 11 2 17 16
5 25 11 2 4 16
5 25 2 3 17 8
5 25 11 2 17 8
5 25 11 2 3 8
5 25 5 4 17 14
5 25 0 3 17 8
5 25 0 19 9 8
5 25 5 4 17 16
5 25 5 11 17 16
5 25 5 11 4 16
5 25 5 9 17 12
5 25 5 11 17 8
5 25 5 11 12 8
5 25 5 19 12 8
5 25 5 9 17 8
5 25 0 9 17 8
5 25 19 9 26 8
5 25 5 9 26 8
5 25 5 19 26 8
5 25 19 9 26 12
5 25 5 9 26 12
5 25 5 19 26 12
5 20 24 27 30 12
5 20 24 23 30 12
5 20 1 9 26 12
5 20 1 23 26 12
5 20 24 27 12 6
5 20 24 27 30 6
5 20 24 23 30 6
5 20 9 26 12 7
5 20 23 26 12 7
5 20 5 27 12 6
5 20 28 27 17 6
5 20 28 10 27 6
5 20 5 9 12 7
5 20 5 9 17 7
5 20 5 9 17 12
5 20 24 5 12 6
5 20 5 23 12 7
5 20 24 5 23 7
5 20 24 5 23 12
5 20 27 17 16 6
5 20 5 27 16 6
5 20 5 27 17 16
5 20 24 16 7 6
5 20 24 5 16 6
5 20 24 5 16 7
5 20 17 16 7 6
5 20 5 17 16 7
5 22 10 1 3 30
5 22 25 1 3 30
5 22 25 10 3 30
5 22 25 1 30 12
5 22 25 0 1 3
5 22 25 27 30 12
5 22 25 10 27 30
5 22 25 0 1 12
5 22 10 1 19 3
5 22 0 1 19 3
5 22 0 10 19 3
5 22 0 10 3 13
5 22 25 10 3 13
5 22 25 0 3 13
5 22 1 23 30 12
5 22 20 23 30 12
5 22 20 1 23 12
5 22 20 1 23 30
5 22 20 27 30 12
5 22 20 10 27 30
5 22 10 1 32 30
5 22 25 27 12 14
5 22 0 1 19 7
5 22 0 1 9 12
5 22 20 1 9 12
5 22 25 28 27 14
5 22 25 28 10 14
5 22 25 28 10 27
5 22 10 1 32 19
5 22 0 10 32 19
5 22 0 10 13 7
5 22 20 9 17 12
5 22 0 1 9 7
5 22 25 5 12 14
5 22 25 5 17 14
5 22 25 5 17 12
5 22 10 13 17 14
5 22 25 13 17 14
5 22 25 10 13 14
5 22 28 10 17 14
5 22 25 0 13 17
5 22 10 13 17 7
5 22 0 9 13 7
5 22 5 27 12 14
5 22 20 5 17 12
5 22 20 5 27 12
5 22 20 5 27 17
5 22 20 28 27 17
5 22 20 28 10 27
5 22 25 9 17 12
5 22 25 0 9 12
5 22 25 0 9 17
5 22 0 9 13 17
5 22 28 5 17 14
5 22 28 5 27 14
5 22 28 5 27 17
5 22 9 13 17 7
5 22 20 9 17 7
5 22 10 17 7 6
5 22 20 17 7 6
5 22 28 10 17 6
5 22 20 28 17 6
5 22 20 28 10 6
5 21 20 1 9 26
5 21 22 20 1 9
5 21 1 9 26 7
5 21 22 1 9 7
5 21 20 9 26 7
5 21 22 20 9 7
5 21 20 23 26 7
5 21 20 1 23 26
5 21 22 1 32 30
5 21 22 20 1 30
5 21 1 32 23 30
5 21 20 1 23 30
5 21 22 10 7 6
5 21 22 20 7 6
5 21 22 20 10 6
5 21 22 10 32 30
5 21 22 20 10 30
5 21 20 27 30 6
5 21 20 10 27 6
5 21 20 10 27 30
