4
26
-9.86028 4.01615 -4.98283 7.12592
-8.59772 7.0687 -0.404434 4.54435
-3.10837 -9.89449 -1.6656 -5.46367
6.09318 7.00859 -0.14429 -3.63089
-4.75215 -5.50669 -8.32399 -0.530693
-6.47414 -0 4.00162 -3.51965
-5.2325 -0 -1.95569 -8.00303
5.83331 -0 -9.27104 4.7337
5.26912 -0 -7.45985 7.26594
9.48323 -0 5.78614 -1.01066
8.26244 -0 3.18006 -2.86252
8.23689 -0 -5.4824 -7.74562
-4.09265 1.32629 -0 8.89097
2.14035 -4.00628 -0 7.69501
6.97533 -3.00016 -0 7.79403
-5.31822 -9.06062 -0 4.58596
-2.47067 8.53268 -0 5.53815
-6.14453 -5.50819 -0 8.52789
-2.80134 -7.03956 -0 -6.50264
4.01195 7.70276 9.69183 -0
9.44519 -3.90775 -0.6759 -0
5.10643 -0.73297 2.65492 -0
5.23681 -1.87877 -2.98959 -0
-1.08469 5.24232 6.80335 -0
2.23478 0.0630534 6.72168 -0
-4.98795 -1.01308 -5.32322 -0
