4
26
-8.98895 8.06695 -9.24671 -5.10554
-1.77064 -5.50346 0.27721 4.97328
-7.43649 1.87503 -6.40412 -5.97077
4.83166 -1.38249 -4.10388 6.02741
-1.54404 -0.709254 -3.77584 6.35092
-0 6.84974 -5.0811 5.20724
-0 -9.42044 -7.88701 7.56759
-0 -0.41861 3.45188 -2.25376
-0 6.77608 -2.21993 5.12427
-0 -0.281488 8.05689 -2.96005
-0 5.22734 4.0715 -1.64696
-0 -1.54162 1.55169 -2.91677
-8.52594 -8.63477 -0 -6.38976
-9.52733 8.27393 -0 -5.31456
5.25639 -9.96092 -0 -6.56981
8.68455 -1.38675 -0 0.281867
-4.25367 -7.73181 -0 6.03707
7.65813 7.91918 -0 -9.4413
2.23329 -3.88834 -0 -2.36217
7.78189 -7.83929 6.18377 -0
0.311412 4.65978 -5.06091 -0
3.17762 8.84463 6.68596 -0
1.32148 -8.57669 -7.18908 -0
3.43356 0.932443 9.88567 -0
-2.94737 -2.18505 8.97713 -0
8.92814 4.34076 -9.98232 -0
