4
33
-7.62899 -2.60211 -2.44945 -1.40433
-6.23304 -3.99158 8.06023 3.13853
1.47268 -6.36388 -9.01779 -6.33337
-1.97577 1.45199 3.56661 -5.58053
-1.10824 -2.21524 6.6511 0.246695
4.32632 -7.34736 -0 -7.91692
-6.97417 7.57992 -0 2.0171
-6.51323 7.88005 -0 4.53703
8.97662 3.61008 -0 -2.7598
-3.55438 7.69464 -0 -5.1432
8.74439 6.50622 -0 -5.13048
0.637233 9.39077 -0 -6.37221
-6.75882 -5.68888 1.95031 -0
1.12745 -3.67914 0.84138 -0
-5.83201 8.07386 3.78244 -0
0.849032 7.45309 -6.80796 -0
4.61402 -5.07993 4.3491 -0
-5.73705 6.94879 8.24043 -0
0.734033 1.00616 -1.20162 -0
-0 6.84974 -5.0811 5.20724
-0 -9.42044 -7.88701 7.56759
-0 -0.41861 3.45188 -2.25376
-0 6.77608 -2.21993 5.12427
-0 -0.281488 8.05689 -2.96005
-0 5.22734 4.0715 -1.64696
-0 -1.54162 1.55169 -2.91677
-6.35819 -0 3.4521 3.09238
-0.602012 -0 -0.501552 -4.25539
3.22844 -0 9.36789 8.85993
-4.91909 -0 6.65427 -8.45596
5.58492 -0 -6.79397 4.46231
9.4322 -0 -5.96376 -1.23984
-3.03131 -0 8.16121 -5.75615
