4
33
1.83971 -4.4366 8.05443 1.95274
3.60723 -0.496825 2.06795 -6.44814
8.35288 4.73775 2.55415 5.4447
5.68888 3.14273 6.39734 4.98366
2.83659 4.16425 -6.47256 3.63247
1.56978 -5.7844 -7.31078 -0
-9.94651 4.64015 -8.13406 -0
-7.66284 -9.68363 9.37191 -0
9.6734 0.314137 2.18075 -0
1.29187 -9.51648 5.13028 -0
-7.96461 3.51636 6.0267 -0
8.88487 1.76006 0.586008 -0
-0 -2.34498 -3.58535 -4.81164
-0 -2.79238 9.03689 4.96504
-0 4.84952 -0.399794 9.46466
-0 -1.10036 -8.84204 -4.32669
-0 -7.2763 -9.40827 5.20034
-0 -9.91822 -1.89342 8.16281
-0 6.43188 -7.44634 2.98696
5.67671 -0 2.43367 -5.50719
-9.0601 -0 1.08277 -4.88805
-9.52647 -0 4.23143 -4.34005
-6.88176 -0 6.27129 -1.24399
-3.80795 -0 -3.05304 -8.2369
-3.10163 -0 -8.0543 -4.83376
4.54677 -0 3.26539 4.01076
4.32632 -7.34736 -0 -7.91692
-6.97417 7.57992 -0 2.0171
-6.51323 7.88005 -0 4.53703
8.97662 3.61008 -0 -2.7598
-3.55438 7.69464 -0 -5.1432
8.74439 6.50622 -0 -5.13048
0.637233 9.39077 -0 -6.37221
