4
33
7.52304 -6.62731 3.48821 4.0814
-9.15845 5.7267 5.65484 -9.80967
7.77634 -8.16678 3.21871 2.27186
0.877688 -8.35283 -9.8704 -4.34968
4.40782 0.940719 4.64637 9.21774
5.86074 -0 2.99869 2.12189
-6.03979 -0 9.44548 -9.32255
2.59564 -0 -3.87447 6.73571
-2.55346 -0 9.32523 1.25144
7.39599 -0 3.34107 -3.88585
-2.75707 -0 -7.95495 4.05969
1.0625 -0 -0.518122 3.85364
-0 -1.82509 -1.90202 4.466
-0 3.91646 -7.76243 -0.596233
-0 -4.85186 -9.51802 6.42526
-0 8.88734 2.99271 -3.42614
-0 4.38568 3.81192 3.9848
-0 0.776329 9.44563 6.55662
-0 2.83495 -5.66964 -7.23496
-4.09265 1.32629 -0 8.89097
2.14035 -4.00628 -0 7.69501
6.97533 -3.00016 -0 7.79403
-5.31822 -9.06062 -0 4.58596
-2.47067 8.53268 -0 5.53815
-6.14453 -5.50819 -0 8.52789
-2.80134 -7.03956 -0 -6.50264
4.00561 -6.48863 7.19713 -0
5.65408 -5.70322 -9.06524 -0
2.63707 -0.982025 7.66095 -0
-9.37034 3.4974 8.50104 -0
3.00515 -7.1665 0.673328 -0
6.87373 6.46317 -9.10719 -0
1.57771 4.54993 1.26057 -0
