4
33
8.95422 1.11964 1.23225 -7.2175
-5.56464 -9.08954 2.91039 -6.90011
-5.13502 -4.98639 2.78773 6.29434
9.91173 2.9675 -6.10485 -6.11346
7.84559 7.3645 8.86337 -5.60966
-0 -7.23518 -7.39779 -8.64296
-0 -3.24726 -1.63824 -0.805162
-0 -7.52538 6.8198 -5.38107
-0 -4.30699 -4.49512 -7.26426
-0 -1.48486 -3.82905 -0.183608
-0 5.87296 6.89934 -2.14925
-0 2.85645 -5.79443 -0.279859
5.86074 -0 2.99869 2.12189
-6.03979 -0 9.44548 -9.32255
2.59564 -0 -3.87447 6.73571
-2.55346 -0 9.32523 1.25144
7.39599 -0 3.34107 -3.88585
-2.75707 -0 -7.95495 4.05969
1.0625 -0 -0.518122 3.85364
-0.291256 -6.19442 -0 -0.527077
-1.44878 9.74054 -0 7.64193
4.91873 -0.56473 -0 5.71901
-2.00573 -8.44095 -0 6.61347
8.70419 -5.62682 -0 1.71539
-7.36085 2.31044 -0 3.98204
-1.73903 4.2595 -0 -7.49278
1.56978 -5.7844 -7.31078 -0
-9.94651 4.64015 -8.13406 -0
-7.66284 -9.68363 9.37191 -0
9.6734 0.314137 2.18075 -0
1.29187 -9.51648 5.13028 -0
-7.96461 3.51636 6.0267 -0
8.88487 1.76006 0.586008 -0
