4
33
3.50921 0.032268 3.11935 7.75287
-5.81979 -8.67274 -4.54692 7.34433
-3.84654 2.98244 4.6757 0.413098
-7.89674 6.76391 7.89472 -9.07246
4.93977 7.78345 2.61668 -0.71687
-0.291256 -6.19442 -0 -0.527077
-1.44878 9.74054 -0 7.64193
4.91873 -0.56473 -0 5.71901
-2.00573 -8.44095 -0 6.61347
8.70419 -5.62682 -0 1.71539
-7.36085 2.31044 -0 3.98204
-1.73903 4.2595 -0 -7.49278
-0 -9.61658 -9.49858 4.07584
-0 -0.624501 9.50682 -5.24316
-0 3.27778 -2.55725 -8.24247
-0 5.34016 1.0232 7.20533
-0 0.627671 -0.0110571 -5.06278
-0 9.116 -9.00333 2.38452
-0 6.96962 -5.68565 1.66437
-6.47414 -0 4.00162 -3.51965
-5.2325 -0 -1.95569 -8.00303
5.83331 -0 -9.27104 4.7337
5.26912 -0 -7.45985 7.26594
9.48323 -0 5.78614 -1.01066
8.26244 -0 3.18006 -2.86252
8.23689 -0 -5.4824 -7.74562
-6.75882 -5.68888 1.95031 -0
1.12745 -3.67914 0.84138 -0
-5.83201 8.07386 3.78244 -0
0.849032 7.45309 -6.80796 -0
4.61402 -5.07993 4.3491 -0
-5.73705 6.94879 8.24043 -0
0.734033 1.00616 -1.20162 -0
