4
26
-2.80394 5.38034 5.67929 -4.03008
-9.48709 2.42643 -4.76661 1.87908
-9.06065 -5.93449 6.88701 7.24895
3.60614 9.0407 -9.56669 -4.09514
-4.27569 -1.89307 -7.86387 -0.252264
-6.35819 -0 3.4521 3.09238
-0.602012 -0 -0.501552 -4.25539
3.22844 -0 9.36789 8.85993
-4.91909 -0 6.65427 -8.45596
5.58492 -0 -6.79397 4.46231
9.4322 -0 -5.96376 -1.23984
-3.03131 -0 8.16121 -5.75615
9.44793 6.46951 -0 -7.4738
-4.33932 -2.95474 -0 9.67175
-5.54535 6.86125 -0 -6.75609
-9.7056 -5.07573 -0 -8.01748
-1.94794 2.20403 -0 4.70673
7.52139 8.27251 -0 -1.9419
2.89154 4.78734 -0 4.93571
4.01195 7.70276 9.69183 -0
9.44519 -3.90775 -0.6759 -0
5.10643 -0.73297 2.65492 -0
5.23681 -1.87877 -2.98959 -0
-1.08469 5.24232 6.80335 -0
2.23478 0.0630534 6.72168 -0
-4.98795 -1.01308 -5.32322 -0
