4
26
3.11522 -0.325616 1.7498 7.00538
2.29546 4.02572 -5.68238 1.08087
9.0794 -7.3862 -1.85853 0.836899
9.70195 5.07714 -4.91647 -3.32505
0.536461 9.82668 -2.75043 -0.809163
-0 -2.34498 -3.58535 -4.81164
-0 -2.79238 9.03689 4.96504
-0 4.84952 -0.399794 9.46466
-0 -1.10036 -8.84204 -4.32669
-0 -7.2763 -9.40827 5.20034
-0 -9.91822 -1.89342 8.16281
-0 6.43188 -7.44634 2.98696
9.91409 -8.17304 -8.71873 -0
5.14583 -3.03179 2.38562 -0
-5.2724 1.24435 0.34945 -0
-4.05596 -0.261078 7.61653 -0
1.17736 6.312 7.58602 -0
-6.62649 1.07913 -9.83667 -0
6.86887 9.98008 2.76917 -0
-8.52594 -8.63477 -0 -6.38976
-9.52733 8.27393 -0 -5.31456
5.25639 -9.96092 -0 -6.56981
8.68455 -1.38675 -0 0.281867
-4.25367 -7.73181 -0 6.03707
7.65813 7.91918 -0 -9.4413
2.23329 -3.88834 -0 -2.36217
