200
5 10 14 12 11 18
5 10 23 12 11 6
5 10 2 23 11 6
5 4 2 3 16 0
5 1 9 23 6 17
5 1 10 23 12 6
5 1 10 14 12 18
5 1 10 12 11 18
5 1 10 12 11 6
5 24 2 3 16 0
5 24 10 2 11 6
5 24 2 23 11 6
5 24 9 23 6 0
5 24 9 23 16 0
5 8 10 23 12 11
5 8 10 2 23 11
5 8 10 14 12 11
5 8 10 2 14 11
5 8 10 2 14 0
5 8 1 10 23 12
5 8 10 2 6 0
5 8 10 2 23 6
5 8 4 2 14 0
5 8 4 2 14 11
5 8 24 2 16 0
5 8 1 10 14 12
5 8 1 23 6 0
5 8 1 10 23 6
5 8 24 23 6 0
5 8 24 2 6 0
5 8 24 2 23 6
5 19 4 2 14 3
5 19 10 14 11 18
5 19 1 10 14 18
5 19 1 10 3 6
5 25 15 23 12 11
5 25 8 23 12 11
5 25 15 12 11 18
5 25 8 14 12 11
5 25 8 4 14 11
5 25 14 12 11 18
5 25 4 14 11 18
5 25 8 4 14 0
5 25 4 7 16 0
5 25 8 4 2 0
5 25 8 4 2 11
5 5 24 9 3 16
5 5 9 7 3 16
5 5 15 9 7 17
5 5 24 9 23 6
5 5 15 7 17 18
5 5 1 9 6 17
5 5 9 23 6 17
5 5 15 9 23 17
5 5 24 23 11 6
5 5 19 7 3 18
5 5 19 1 3 6
5 5 15 23 12 17
5 5 23 12 11 6
5 5 15 23 12 11
5 5 1 12 11 6
5 5 1 10 11 6
5 5 19 1 10 6
5 5 1 23 6 17
5 5 1 23 12 17
5 5 1 23 12 6
5 5 1 10 11 18
5 5 19 10 11 18
5 5 19 1 10 18
5 5 15 12 17 18
5 5 15 12 11 18
5 5 1 12 17 18
5 5 1 12 11 18
5 21 24 2 3 16
5 21 4 2 3 16
5 21 4 7 3 16
5 21 4 7 3 18
5 21 19 7 3 18
5 21 19 4 3 18
5 21 25 4 2 11
5 21 4 2 14 11
5 21 5 19 7 3
5 21 25 4 7 18
5 21 4 2 16 0
5 21 25 4 16 0
5 21 25 4 2 0
5 21 4 14 11 18
5 21 19 14 11 18
5 21 19 4 14 18
5 21 5 15 11 18
5 21 5 19 11 18
5 21 5 15 7 18
5 21 5 19 7 18
5 21 25 4 11 18
5 21 25 15 11 18
5 21 25 15 7 18
5 13 25 15 23 11
5 13 25 8 23 11
5 13 21 25 15 11
5 13 24 2 23 11
5 13 24 9 23 16
5 13 5 15 23 11
5 13 5 24 23 11
5 13 8 2 23 11
5 13 25 8 2 11
5 13 25 8 23 0
5 13 21 25 2 11
5 13 21 25 15 7
5 13 9 23 16 0
5 13 25 15 9 7
5 13 21 24 2 16
5 13 21 24 2 11
5 13 8 24 2 16
5 13 8 24 2 23
5 13 21 5 15 11
5 13 21 5 24 11
5 13 5 24 9 16
5 13 5 15 9 23
5 13 5 24 9 23
5 13 8 2 16 0
5 13 25 8 2 0
5 13 24 23 16 0
5 13 8 24 16 0
5 13 8 24 23 0
5 13 21 2 16 0
5 13 21 25 16 0
5 13 21 25 2 0
5 13 21 7 3 16
5 13 25 4 7 16
5 13 21 4 7 16
5 13 21 25 4 16
5 13 21 25 4 7
5 13 9 7 16 0
5 13 25 7 16 0
5 13 25 9 7 0
5 13 5 9 7 16
5 13 5 15 9 7
5 13 5 24 3 16
5 13 21 24 3 16
5 13 21 5 24 3
5 13 5 7 3 16
5 13 21 5 7 3
5 13 21 5 15 7
5 22 15 23 12 17
5 22 25 15 23 12
5 22 15 12 17 18
5 22 25 15 12 18
5 22 15 9 23 17
5 22 9 23 17 0
5 22 25 8 23 0
5 22 25 8 23 12
5 22 25 14 12 18
5 22 15 7 17 18
5 22 25 15 7 18
5 22 15 9 7 17
5 22 25 15 9 7
5 22 13 15 9 23
5 22 13 25 15 23
5 22 13 25 15 9
5 22 1 23 12 17
5 22 8 1 23 12
5 22 25 4 7 0
5 22 25 4 14 0
5 22 25 9 7 0
5 22 13 9 23 0
5 22 13 25 23 0
5 22 13 25 9 0
5 22 25 8 14 0
5 22 25 8 14 12
5 22 25 4 14 18
5 22 25 4 7 18
5 20 21 24 2 3
5 20 24 10 2 3
5 20 19 10 2 3
5 20 19 4 2 3
5 20 21 4 2 3
5 20 21 19 4 3
5 20 21 5 24 3
5 20 21 5 19 3
5 20 21 24 2 11
5 20 24 10 3 6
5 20 19 10 3 6
5 20 24 10 2 11
5 20 19 4 2 14
5 20 21 4 2 14
5 20 21 19 4 14
5 20 5 24 3 6
5 20 5 19 3 6
5 20 21 5 24 11
5 20 21 5 19 11
5 20 21 2 14 11
5 20 21 19 14 11
5 20 24 10 11 6
5 20 10 2 14 11
5 20 19 10 14 11
5 20 19 10 2 14
5 20 5 24 11 6
5 20 5 10 11 6
5 20 5 19 10 6
5 20 5 19 10 11
