323
5 26 25 32 23 18
5 8 26 6 23 18
5 8 26 32 23 18
5 8 26 32 6 18
5 10 8 23 5 18
5 10 25 32 23 18
5 10 8 32 23 18
5 20 10 25 32 18
5 9 20 25 32 18
5 9 20 4 32 18
5 9 20 4 25 18
5 24 20 7 4 13
5 27 26 1 6 23
5 0 27 7 29 17
5 22 10 23 5 18
5 22 10 8 5 18
5 22 20 10 32 18
5 22 24 20 7 4
5 22 10 7 29 5
5 22 24 7 29 13
5 22 24 20 7 13
5 19 27 1 25 17
5 19 9 4 25 18
5 19 27 26 1 25
5 19 26 25 32 18
5 19 9 25 32 18
5 11 7 4 25 17
5 11 19 4 25 17
5 11 19 9 25 17
5 11 19 9 4 17
5 11 19 9 4 25
5 11 7 4 13 17
5 11 20 7 4 25
5 11 9 20 4 25
5 11 20 10 7 25
5 11 20 10 25 32
5 11 9 20 25 32
5 16 8 6 5 18
5 16 24 8 6 18
5 16 0 29 13 17
5 16 22 24 29 13
5 16 24 7 29 13
5 16 24 7 4 13
5 16 7 29 13 17
5 16 7 4 13 17
5 16 22 24 7 29
5 16 22 24 7 4
5 3 24 8 6 18
5 3 16 8 13 6
5 3 16 24 13 6
5 3 16 24 8 6
5 3 22 20 32 18
5 3 22 24 20 18
5 3 16 22 24 13
5 3 22 24 20 13
5 3 20 4 32 18
5 3 24 20 4 18
5 3 16 22 29 13
5 3 22 20 10 32
5 3 24 20 4 13
5 3 22 20 7 13
5 3 9 4 32 18
5 3 24 9 32 18
5 3 24 9 4 18
5 3 9 20 4 32
5 3 22 7 29 13
5 31 0 27 7 29
5 31 11 10 25 32
5 31 10 25 32 23
5 31 26 25 32 23
5 31 27 26 32 23
5 31 11 10 7 25
5 31 10 8 32 23
5 31 26 1 25 23
5 31 27 1 25 23
5 31 27 26 1 23
5 31 27 26 1 25
5 31 10 8 23 5
5 31 0 8 23 5
5 31 0 10 8 5
5 31 10 25 23 5
5 31 10 7 25 5
5 31 10 7 29 5
5 31 0 7 29 5
5 31 0 10 29 5
5 12 8 26 32 6
5 12 8 26 6 23
5 12 8 26 32 23
5 12 16 8 13 6
5 12 27 26 6 23
5 12 8 6 23 5
5 12 16 8 6 5
5 12 0 8 23 5
5 12 16 0 29 13
5 12 16 0 13 17
5 12 16 0 29 5
5 15 9 4 13 17
5 15 11 4 13 17
5 15 11 9 4 17
5 15 3 24 9 32
5 15 24 9 32 18
5 15 3 24 4 13
5 15 3 24 9 4
5 15 11 9 20 32
5 15 3 9 20 32
5 15 3 20 4 13
5 15 11 9 20 4
5 15 3 9 20 4
5 15 3 7 29 13
5 15 11 20 10 32
5 15 3 20 10 32
5 15 3 24 32 18
5 15 20 7 4 13
5 15 11 7 4 13
5 15 11 20 7 4
5 15 3 20 7 13
5 15 11 10 7 29
5 15 3 22 20 10
5 15 3 22 20 7
5 15 22 10 7 29
5 15 3 22 7 29
5 15 3 22 10 29
5 15 22 20 10 7
5 15 11 20 10 7
5 14 19 26 25 32
5 14 19 27 26 25
5 14 31 26 25 32
5 14 31 27 26 32
5 14 31 27 26 25
5 14 19 9 25 32
5 14 19 9 26 32
5 14 31 11 25 32
5 14 11 9 25 32
5 14 19 9 25 17
5 14 19 27 25 17
5 14 15 9 26 32
5 14 31 27 7 25
5 14 31 11 7 25
5 14 15 11 9 32
5 14 11 9 25 17
5 14 15 19 9 17
5 14 15 19 9 26
5 14 27 26 1 17
5 14 19 27 1 17
5 14 19 27 26 1
5 14 31 0 27 29
5 14 31 11 10 32
5 14 31 27 7 29
5 14 27 7 25 17
5 14 11 7 25 17
5 14 15 11 9 17
5 14 31 11 10 7
5 14 27 7 29 17
5 14 0 27 29 17
5 14 15 11 7 29
5 14 12 0 13 17
5 14 12 0 27 17
5 14 0 29 13 17
5 14 7 29 13 17
5 14 15 7 29 13
5 14 11 7 13 17
5 14 15 11 13 17
5 14 15 11 7 13
5 28 24 9 4 18
5 28 19 9 4 18
5 28 16 24 13 6
5 28 19 26 1 18
5 28 15 24 9 18
5 28 15 24 9 4
5 28 15 24 4 13
5 28 26 32 6 18
5 28 3 24 6 18
5 28 15 3 24 18
5 28 15 19 9 26
5 28 3 24 13 6
5 28 15 3 24 13
5 28 15 3 32 18
5 28 15 9 32 18
5 28 15 9 26 32
5 28 19 26 32 18
5 28 19 9 32 18
5 28 19 9 26 32
5 21 3 16 24 8
5 21 16 8 5 18
5 21 16 24 5 18
5 21 16 24 8 18
5 21 3 24 8 18
5 21 3 16 8 13
5 21 16 22 24 5
5 21 3 16 22 24
5 21 22 8 5 18
5 21 3 22 24 18
5 21 3 16 29 13
5 21 16 22 29 5
5 21 3 16 22 29
5 21 3 8 32 18
5 21 3 22 32 18
5 21 22 10 8 5
5 21 12 16 29 5
5 21 12 16 8 5
5 21 22 10 29 5
5 21 3 22 10 29
5 21 10 8 32 18
5 21 22 10 32 18
5 21 22 10 8 18
5 21 3 22 10 32
5 2 3 8 13 6
5 2 28 15 3 32
5 2 28 3 13 6
5 2 28 15 13 6
5 2 28 15 3 13
5 2 12 8 32 6
5 2 12 8 13 6
5 2 8 32 6 18
5 2 3 8 6 18
5 2 3 8 32 18
5 2 21 3 8 32
5 2 21 3 8 13
5 2 12 26 32 6
5 2 28 32 6 18
5 2 28 3 6 18
5 2 28 3 32 18
5 2 28 26 32 6
5 2 28 15 26 6
5 2 28 15 26 32
5 2 15 3 10 32
5 2 21 3 10 32
5 2 15 3 29 13
5 2 21 3 29 13
5 2 14 15 26 32
5 2 14 15 29 13
5 2 15 3 10 29
5 2 21 3 10 29
5 2 12 16 8 13
5 2 21 16 8 13
5 2 21 12 16 8
5 2 14 27 26 32
5 2 14 12 27 26
5 2 12 0 29 13
5 2 14 0 29 13
5 2 14 12 0 13
5 2 12 16 29 13
5 2 21 16 29 13
5 2 21 12 16 29
5 2 21 10 8 32
5 2 21 12 29 5
5 2 21 12 8 5
5 2 27 26 32 23
5 2 12 26 32 23
5 2 12 27 26 23
5 2 14 12 0 27
5 2 14 31 0 29
5 2 14 31 10 32
5 2 15 11 10 32
5 2 14 11 10 32
5 2 14 15 11 32
5 2 15 11 10 29
5 2 14 15 11 29
5 2 21 10 29 5
5 2 21 10 8 5
5 2 12 8 32 23
5 2 12 0 8 23
5 2 12 0 29 5
5 2 12 0 8 5
5 2 12 0 27 23
5 2 14 31 27 32
5 2 14 31 0 27
5 2 31 0 10 29
5 2 31 10 7 29
5 2 14 31 7 29
5 2 14 31 10 7
5 2 11 10 7 29
5 2 14 11 7 29
5 2 14 11 10 7
5 2 31 10 8 32
5 2 31 0 10 8
5 2 0 10 29 5
5 2 0 10 8 5
5 2 31 8 32 23
5 2 31 0 8 23
5 2 31 27 32 23
5 2 31 0 27 23
5 30 28 16 13 6
5 30 28 26 1 6
5 30 14 26 1 17
5 30 12 16 13 17
5 30 12 16 13 6
5 30 28 15 13 6
5 30 28 15 26 6
5 30 16 24 4 13
5 30 28 24 4 13
5 30 28 16 24 13
5 30 9 4 13 17
5 30 19 9 4 17
5 30 28 15 4 13
5 30 27 26 1 17
5 30 27 26 1 6
5 30 12 27 26 6
5 30 14 12 13 17
5 30 14 15 13 17
5 30 14 19 1 17
5 30 14 15 19 17
5 30 15 9 13 17
5 30 15 19 9 17
5 30 28 19 26 1
5 30 28 15 19 26
5 30 2 15 13 6
5 30 2 15 26 6
5 30 15 9 4 13
5 30 28 19 9 4
5 30 28 15 9 4
5 30 28 15 19 9
5 30 14 27 26 17
5 30 14 12 27 17
5 30 14 12 27 26
5 30 2 12 26 6
5 30 2 14 12 26
5 30 2 12 13 6
5 30 2 14 12 13
5 30 2 14 15 13
5 30 2 14 15 26
5 30 14 19 26 1
5 30 14 15 19 26
