101
5 1 5 4 9 12
5 13 1 10 9 12
5 8 2 5 4 0
5 8 2 5 4 12
5 14 1 5 4 9
5 14 1 5 17 12
5 14 1 5 4 12
5 16 1 3 9 17
5 16 14 5 0 17
5 16 8 15 5 0
5 16 14 15 5 0
5 16 8 15 5 4
5 16 14 1 9 17
5 11 16 3 10 0
5 11 8 13 15 0
5 11 16 8 15 0
5 11 8 13 2 0
5 11 8 13 2 4
5 11 13 2 4 12
5 11 8 13 15 4
5 11 16 8 15 4
5 6 16 1 3 10
5 6 11 16 3 10
5 6 13 1 10 12
5 6 11 13 4 12
5 6 11 13 4 10
5 6 13 2 10 12
5 6 11 13 2 12
5 6 11 13 2 10
5 6 2 3 10 0
5 6 11 3 10 0
5 6 11 2 10 0
5 6 11 2 3 0
5 18 11 2 3 0
5 18 11 16 3 0
5 18 16 3 0 17
5 18 8 2 4 0
5 18 11 8 2 0
5 18 11 8 2 4
5 18 11 16 8 0
5 18 11 16 8 4
5 18 6 11 2 3
5 18 6 11 16 4
5 18 6 11 16 3
5 18 2 5 4 0
5 18 16 5 0 17
5 18 1 3 17 12
5 18 16 1 3 17
5 18 8 5 4 0
5 18 16 8 5 0
5 18 16 8 5 4
5 18 6 2 3 12
5 18 11 2 4 12
5 18 6 11 4 12
5 18 6 11 2 12
5 18 2 5 4 12
5 18 16 14 5 17
5 18 16 14 5 4
5 18 14 1 17 12
5 18 16 14 1 17
5 18 6 1 3 12
5 18 6 16 1 3
5 18 6 1 4 12
5 18 6 16 1 4
5 18 14 5 17 12
5 18 14 5 4 12
5 18 14 1 4 12
5 18 16 14 1 4
5 7 11 16 15 4
5 7 6 16 1 4
5 7 6 11 16 4
5 7 11 16 15 10
5 7 13 15 4 9
5 7 16 14 15 9
5 7 14 1 4 9
5 7 16 14 1 9
5 7 16 14 1 4
5 7 11 13 4 10
5 7 11 13 15 10
5 7 11 13 15 4
5 7 6 11 4 10
5 7 6 16 1 10
5 7 6 11 16 10
5 7 1 4 9 12
5 7 13 4 9 12
5 7 13 1 9 12
5 7 13 1 10 9
5 7 15 5 4 9
5 7 14 5 4 9
5 7 14 15 5 9
5 7 16 15 5 4
5 7 16 14 5 4
5 7 16 14 15 5
5 7 1 3 10 9
5 7 16 1 3 9
5 7 16 1 3 10
5 7 6 13 4 10
5 7 6 13 1 10
5 7 6 1 4 12
5 7 6 13 4 12
5 7 6 13 1 12
