323
5 13 30 20 9 5
5 32 30 0 21 5
5 32 18 9 5 22
5 2 7 8 21 31
5 25 2 20 1 31
5 25 2 20 1 9
5 29 2 7 8 21
5 29 2 8 21 31
5 29 2 7 8 31
5 19 2 20 1 9
5 19 18 1 9 22
5 19 25 20 1 9
5 19 2 20 1 31
5 19 25 20 1 31
5 23 13 30 9 5
5 23 32 13 9 5
5 23 13 30 21 5
5 23 32 30 21 5
5 23 32 13 21 5
5 23 13 30 20 9
5 23 32 7 10 21
5 23 32 13 10 21
5 23 29 13 10 21
5 23 32 7 10 22
5 23 32 13 10 22
5 16 32 13 10 21
5 16 29 13 10 21
5 16 32 13 21 5
5 16 32 13 10 22
5 16 32 18 10 22
5 16 32 13 9 5
5 16 32 18 9 5
5 16 19 18 10 22
5 16 32 13 9 22
5 16 32 18 9 22
5 16 19 10 9 22
5 16 19 18 9 22
5 16 19 29 13 20
5 16 13 20 9 5
5 16 19 13 20 9
5 12 18 9 5 22
5 12 18 1 9 22
5 12 19 25 18 1
5 14 19 2 1 9
5 14 2 7 1 9
5 14 19 10 9 22
5 14 19 1 9 22
5 14 7 10 9 22
5 14 7 1 9 22
5 14 19 18 10 22
5 14 19 18 1 22
5 14 12 18 10 22
5 14 12 18 1 22
5 14 16 13 10 9
5 14 16 19 10 9
5 14 16 19 13 9
5 14 16 29 13 10
5 14 16 19 29 10
5 14 16 19 29 13
5 14 2 13 20 9
5 14 19 13 20 9
5 14 19 2 20 9
5 14 29 2 13 20
5 14 19 29 13 20
5 3 2 13 20 9
5 3 23 13 20 9
5 3 29 2 13 20
5 3 14 2 7 9
5 3 14 2 13 9
5 3 23 2 20 21
5 3 14 7 10 9
5 3 14 13 10 9
5 3 14 29 2 7
5 3 14 29 2 13
5 3 7 10 9 22
5 3 23 32 7 22
5 3 32 13 9 22
5 3 23 32 13 22
5 3 23 32 13 9
5 3 23 7 10 22
5 3 23 13 10 22
5 3 29 2 7 21
5 3 16 10 9 22
5 3 16 13 9 22
5 3 16 13 10 22
5 3 16 13 10 9
5 3 14 29 7 10
5 3 23 29 13 10
5 3 14 29 13 10
5 3 29 7 10 21
5 3 23 7 10 21
5 3 23 29 10 21
5 15 12 18 5 22
5 15 32 0 5 22
5 15 32 18 5 22
5 15 32 18 0 22
5 15 32 0 21 5
5 15 16 32 21 5
5 15 16 32 18 5
5 15 30 0 21 5
5 15 11 29 18 8
5 15 16 32 10 21
5 15 16 32 18 10
5 15 11 30 8 21
5 15 29 18 8 10
5 15 11 12 25 8
5 15 16 29 10 21
5 15 16 29 18 10
5 4 12 18 10 22
5 4 32 7 0 21
5 4 29 7 10 21
5 4 29 7 8 21
5 4 29 7 8 10
5 27 13 30 20 5
5 27 16 13 21 5
5 27 16 29 13 21
5 27 23 30 20 21
5 27 23 13 30 21
5 27 23 13 30 20
5 27 3 29 13 20
5 27 13 30 21 5
5 27 15 16 21 5
5 27 15 16 29 21
5 27 15 16 18 5
5 27 15 16 29 18
5 27 15 11 18 5
5 27 15 11 29 18
5 27 3 23 20 21
5 27 3 23 13 20
5 27 3 2 20 21
5 27 3 29 2 21
5 27 3 29 2 20
5 27 23 29 13 21
5 27 3 23 29 21
5 27 3 23 29 13
5 27 29 2 21 31
5 27 29 8 21 31
5 27 11 8 21 31
5 27 11 29 8 31
5 27 15 30 21 5
5 27 15 11 30 5
5 27 15 11 30 21
5 27 15 29 8 21
5 27 15 11 8 21
5 27 15 11 29 8
5 28 19 25 20 31
5 28 19 25 1 31
5 28 11 29 18 8
5 28 12 19 25 18
5 28 27 11 29 18
5 28 14 19 18 10
5 28 14 19 29 10
5 28 27 11 29 31
5 28 11 29 8 31
5 28 19 2 1 31
5 28 14 19 2 1
5 28 12 19 25 1
5 28 14 29 2 20
5 28 19 2 20 31
5 28 14 19 2 20
5 28 11 12 25 8
5 28 11 12 25 18
5 28 14 12 18 10
5 28 12 19 18 1
5 28 14 19 18 1
5 28 14 12 18 1
5 28 27 16 29 18
5 28 16 29 18 10
5 28 16 19 18 10
5 28 16 19 29 10
5 28 29 2 7 31
5 28 14 29 2 7
5 28 2 7 1 31
5 28 14 2 7 1
5 28 29 18 8 10
5 28 15 12 18 8
5 28 15 11 18 8
5 28 15 11 12 8
5 28 15 11 12 18
5 26 15 11 12 25
5 26 11 12 25 18
5 26 15 11 30 5
5 26 15 12 18 5
5 26 15 11 18 5
5 26 15 11 12 18
5 26 12 25 18 1
5 26 12 18 9 5
5 26 12 18 1 9
5 26 28 19 25 18
5 26 28 11 25 18
5 26 12 9 5 22
5 26 30 20 9 5
5 26 11 25 30 31
5 26 19 18 1 9
5 26 19 25 1 9
5 26 19 25 18 1
5 26 16 18 9 5
5 26 16 19 18 9
5 26 19 25 20 9
5 26 16 20 9 5
5 26 16 19 20 9
5 17 14 7 1 22
5 17 14 12 1 22
5 17 14 7 10 22
5 17 4 7 10 22
5 17 14 12 10 22
5 17 4 12 10 22
5 17 28 14 7 1
5 17 28 14 12 1
5 17 4 7 8 10
5 17 28 14 12 10
5 17 15 12 25 8
5 17 4 15 12 8
5 17 28 7 1 31
5 17 29 7 8 10
5 17 14 29 7 10
5 17 28 14 29 7
5 17 28 12 25 8
5 17 28 25 1 31
5 17 28 12 25 1
5 17 28 29 8 10
5 17 28 14 29 10
5 17 4 18 8 10
5 17 4 12 18 10
5 17 28 18 8 10
5 17 28 12 18 10
5 17 28 12 18 8
5 17 29 7 8 31
5 17 28 29 8 31
5 17 28 29 7 31
5 17 11 25 8 31
5 17 28 11 8 31
5 17 28 11 25 31
5 17 28 11 25 8
5 6 32 18 0 22
5 6 4 32 0 22
5 6 15 18 0 22
5 6 32 18 10 22
5 6 4 18 10 22
5 6 15 12 0 22
5 6 4 12 0 22
5 6 4 15 12 0
5 6 15 12 18 22
5 6 4 12 18 22
5 6 32 7 10 22
5 6 4 7 10 22
5 6 4 32 7 22
5 6 15 32 18 10
5 6 15 32 18 0
5 6 4 32 0 21
5 6 15 12 18 8
5 6 4 15 12 8
5 6 4 15 0 8
5 6 15 18 8 10
5 6 4 18 8 10
5 6 32 7 10 21
5 6 4 7 10 21
5 6 4 32 7 21
5 6 15 32 10 21
5 6 15 32 0 21
5 6 4 0 8 21
5 6 17 12 18 8
5 6 17 4 18 8
5 6 17 4 12 8
5 6 17 4 12 18
5 6 15 0 8 21
5 6 4 29 10 21
5 6 4 29 8 21
5 6 4 29 8 10
5 6 15 29 10 21
5 6 15 29 8 21
5 6 15 29 8 10
5 24 16 29 13 20
5 24 27 29 13 20
5 24 27 16 29 13
5 24 16 13 20 5
5 24 27 13 20 5
5 24 27 16 13 5
5 24 16 19 29 20
5 24 26 16 20 5
5 24 26 16 19 20
5 24 28 16 19 29
5 24 28 27 16 29
5 24 27 16 18 5
5 24 26 16 18 5
5 24 14 19 29 20
5 24 28 14 29 20
5 24 28 14 19 20
5 24 28 14 19 29
5 24 28 27 29 31
5 24 26 16 19 18
5 24 28 16 19 18
5 24 28 27 16 18
5 24 27 30 20 5
5 24 27 11 30 5
5 24 26 30 20 5
5 24 26 11 30 5
5 24 27 11 18 5
5 24 26 11 18 5
5 24 27 29 2 31
5 24 27 29 2 20
5 24 28 2 20 31
5 24 28 29 2 31
5 24 28 29 2 20
5 24 28 27 11 31
5 24 28 27 11 18
5 24 27 11 30 31
5 24 26 11 30 31
5 24 2 30 20 31
5 24 27 2 30 31
5 24 27 2 30 20
5 24 28 25 20 31
5 24 28 11 25 31
5 24 28 19 25 20
5 24 26 19 25 20
5 24 26 28 19 25
5 24 26 28 11 25
5 24 26 28 19 18
5 24 26 28 11 18
5 24 25 30 20 31
5 24 26 25 30 31
5 24 26 25 30 20
5 24 26 11 25 31
