327
5 27 6 4 11 25
5 26 15 29 4 0
5 26 28 6 4 13
5 26 28 6 31 13
5 26 15 6 4 13
5 26 29 27 4 0
5 26 28 6 4 25
5 26 28 6 31 11
5 26 6 4 11 25
5 26 28 6 11 25
5 9 8 28 18 25
5 3 19 7 10 0
5 3 19 29 31 0
5 3 19 8 7 10
5 3 26 29 10 0
5 3 26 29 31 0
5 3 26 28 11 25
5 3 26 28 31 11
5 3 26 29 31 11
5 3 28 6 11 25
5 21 3 26 29 10
5 21 26 29 11 25
5 21 3 26 11 25
5 21 3 26 29 11
5 21 8 7 18 10
5 21 3 8 7 10
5 14 21 24 27 25
5 23 3 29 31 11
5 23 3 19 29 31
5 23 26 29 31 11
5 23 19 29 31 0
5 23 19 15 29 0
5 23 28 6 31 11
5 23 3 28 31 11
5 23 26 6 31 11
5 23 15 29 4 11
5 23 26 29 4 11
5 23 26 15 29 4
5 23 26 29 31 0
5 23 26 15 29 0
5 23 19 31 13 0
5 23 19 15 13 0
5 23 9 15 6 13
5 23 28 6 31 13
5 23 9 28 6 13
5 23 15 6 4 11
5 23 26 6 4 11
5 23 26 15 6 4
5 23 26 6 31 13
5 23 26 15 6 13
5 23 26 31 13 0
5 23 26 15 13 0
5 2 14 24 27 20
5 2 14 27 4 20
5 2 19 7 10 0
5 2 19 15 13 0
5 2 19 15 29 0
5 2 26 15 4 0
5 2 15 29 4 0
5 17 29 27 4 0
5 17 2 27 4 0
5 17 2 29 4 0
5 17 2 14 27 4
5 17 21 29 11 25
5 17 21 24 27 10
5 17 14 21 24 27
5 17 14 27 11 25
5 17 14 21 11 25
5 17 14 21 27 25
5 17 27 4 11 25
5 17 21 26 27 25
5 17 21 26 29 25
5 17 26 4 11 25
5 17 26 29 11 25
5 17 26 29 4 11
5 17 26 27 4 25
5 17 26 29 27 4
5 30 19 8 7 10
5 30 3 19 8 10
5 30 3 19 8 7
5 30 2 19 7 13
5 30 2 19 15 13
5 30 9 8 18 25
5 30 7 18 20 13
5 30 9 18 20 13
5 30 8 7 18 13
5 30 9 8 18 13
5 30 23 9 15 13
5 30 23 19 15 13
5 30 9 15 20 13
5 30 2 7 20 13
5 30 2 15 20 13
5 16 23 15 29 11
5 16 2 15 29 4
5 16 17 2 29 4
5 16 15 29 4 11
5 16 17 29 4 11
5 16 17 2 14 4
5 16 30 23 19 15
5 16 30 2 19 15
5 16 2 15 4 20
5 16 2 14 4 20
5 16 15 6 4 11
5 16 17 27 4 11
5 16 17 14 27 11
5 16 17 14 27 4
5 16 27 6 4 11
5 16 17 14 21 11
5 16 14 21 11 25
5 5 17 2 14 27
5 5 2 24 27 10
5 5 2 14 24 10
5 5 2 14 24 27
5 5 17 24 27 10
5 5 17 14 24 27
5 5 17 2 27 0
5 5 16 17 2 14
5 5 17 21 24 10
5 5 17 29 27 0
5 5 2 19 10 0
5 5 26 27 10 0
5 5 26 29 10 0
5 5 26 29 27 0
5 5 17 26 29 27
5 5 2 19 7 10
5 5 16 17 21 11
5 5 3 29 10 0
5 5 3 19 10 0
5 5 3 19 29 0
5 5 21 26 27 10
5 5 17 21 27 10
5 5 17 21 26 27
5 5 21 26 29 10
5 5 17 21 26 29
5 5 2 19 29 0
5 5 17 2 29 0
5 5 16 17 2 29
5 5 17 21 29 11
5 5 23 3 19 29
5 5 2 19 15 29
5 5 16 2 15 29
5 5 16 2 19 15
5 5 16 30 23 19
5 5 21 3 29 10
5 5 21 3 29 11
5 5 16 30 23 11
5 5 16 23 29 11
5 5 16 17 29 11
5 5 23 3 29 11
5 5 30 3 19 10
5 5 30 23 3 19
5 5 23 19 15 29
5 5 16 23 15 29
5 5 16 23 19 15
5 22 2 7 18 20
5 22 30 7 18 20
5 22 30 2 7 20
5 22 2 24 18 20
5 22 2 14 24 20
5 22 16 2 14 20
5 22 5 16 2 14
5 22 30 2 19 7
5 22 16 30 2 19
5 22 30 9 18 20
5 22 30 2 15 20
5 22 16 2 15 20
5 22 16 30 2 15
5 22 5 2 19 7
5 22 5 16 2 19
5 22 30 9 15 20
5 22 14 21 24 25
5 22 16 14 21 25
5 22 16 14 4 20
5 22 14 24 27 25
5 22 14 24 27 20
5 22 14 27 4 20
5 32 21 3 11 25
5 32 30 21 3 11
5 32 3 6 11 25
5 32 21 3 8 25
5 32 30 21 8 25
5 32 30 21 3 8
5 32 3 28 6 25
5 32 30 23 3 11
5 32 3 8 28 25
5 32 9 28 6 25
5 32 3 28 6 11
5 32 23 28 6 11
5 32 23 3 28 11
5 32 9 8 28 25
5 32 30 9 8 25
5 32 3 8 28 7
5 32 30 3 8 7
5 32 23 9 28 6
5 32 23 3 28 31
5 32 9 8 28 13
5 32 30 9 8 13
5 32 8 28 7 13
5 32 30 8 7 13
5 32 3 28 7 13
5 32 23 9 28 13
5 32 30 23 9 13
5 32 3 28 31 13
5 32 23 28 31 13
5 32 3 19 7 13
5 32 30 19 7 13
5 32 30 3 19 7
5 32 3 19 31 13
5 32 23 19 31 13
5 32 23 3 19 31
5 32 30 23 19 13
5 32 30 23 3 19
5 1 23 15 6 11
5 1 16 15 6 11
5 1 16 23 15 11
5 1 16 30 23 11
5 1 16 30 23 15
5 1 32 23 6 11
5 1 32 30 23 11
5 1 23 9 15 6
5 1 30 23 9 15
5 1 32 6 11 25
5 1 32 23 9 6
5 1 32 30 23 9
5 1 22 30 9 15
5 1 22 16 30 15
5 1 32 21 11 25
5 1 32 30 21 25
5 1 32 30 21 11
5 1 32 9 6 25
5 1 32 30 9 25
5 1 16 14 11 25
5 1 16 21 11 25
5 1 22 16 21 25
5 1 22 16 14 25
5 1 9 15 6 20
5 1 22 9 15 20
5 1 16 15 6 4
5 1 30 9 18 25
5 1 22 30 9 18
5 1 27 6 11 25
5 1 14 27 11 25
5 1 16 27 6 11
5 1 16 14 27 11
5 1 22 14 27 25
5 1 22 16 14 4
5 1 15 6 4 20
5 1 16 15 4 20
5 1 22 16 4 20
5 1 22 16 15 20
5 1 9 18 20 25
5 1 22 9 18 20
5 1 16 27 6 4
5 1 16 14 27 4
5 1 22 14 27 4
5 1 27 6 4 20
5 1 22 27 4 20
5 1 24 18 20 25
5 1 22 24 18 20
5 1 24 27 20 25
5 1 22 24 27 25
5 1 22 24 27 20
5 12 2 7 18 10
5 12 22 2 7 18
5 12 22 30 7 18
5 12 5 2 7 10
5 12 22 5 2 7
5 12 8 7 18 10
5 12 30 8 7 10
5 12 30 8 7 18
5 12 2 24 18 10
5 12 2 14 24 10
5 12 5 2 14 10
5 12 22 5 2 14
5 12 22 2 24 18
5 12 22 2 14 24
5 12 21 8 18 10
5 12 22 30 19 7
5 12 22 16 30 19
5 12 21 24 18 10
5 12 22 5 16 14
5 12 22 5 19 7
5 12 22 5 16 19
5 12 21 3 8 10
5 12 30 3 8 10
5 12 30 21 3 8
5 12 21 8 18 25
5 12 30 8 18 25
5 12 30 21 8 25
5 12 30 19 7 10
5 12 5 19 7 10
5 12 5 30 19 10
5 12 5 16 30 19
5 12 1 22 16 21
5 12 1 22 16 30
5 12 22 14 21 24
5 12 22 16 14 21
5 12 5 21 3 10
5 12 5 30 3 10
5 12 1 30 18 25
5 12 1 30 21 25
5 12 1 22 24 18
5 12 1 22 30 18
5 12 5 16 21 11
5 12 5 16 30 11
5 12 1 30 21 11
5 12 1 16 21 11
5 12 1 16 30 11
5 12 5 21 24 10
5 12 5 14 24 10
5 12 16 17 14 21
5 12 5 16 17 21
5 12 5 16 17 14
5 12 30 21 3 11
5 12 5 21 3 11
5 12 21 24 18 25
5 12 1 24 18 25
5 12 22 21 24 25
5 12 1 22 24 25
5 12 1 22 21 25
5 12 17 14 21 24
5 12 5 17 21 24
5 12 5 17 14 24
5 12 30 23 3 11
5 12 5 23 3 11
5 12 5 30 23 11
5 12 5 30 23 3
