282
5 16 4 6 1 24
5 17 4 6 1 24
5 0 16 32 1 24
5 0 16 4 1 24
5 0 16 4 6 24
5 2 17 4 6 1
5 2 17 4 1 24
5 23 0 4 1 3
5 14 16 32 1 24
5 14 16 6 1 24
5 14 17 6 1 24
5 14 17 16 6 24
5 14 2 17 6 1
5 30 0 16 32 24
5 30 14 29 17 25
5 30 14 16 32 24
5 30 14 17 16 24
5 10 30 14 29 25
5 10 30 29 16 32
5 10 30 14 16 32
5 10 30 14 29 16
5 10 2 31 1 25
5 10 14 2 1 25
5 10 14 2 6 1
5 18 2 17 4 6
5 18 2 4 6 3
5 18 5 4 6 3
5 18 5 2 6 3
5 18 17 16 6 24
5 18 0 16 6 24
5 18 5 30 29 0
5 18 5 0 4 3
5 18 17 4 6 24
5 18 0 4 6 24
5 18 30 0 16 24
5 28 23 0 1 15
5 28 23 26 1 15
5 28 14 16 6 1
5 28 0 16 32 1
5 28 0 32 1 15
5 28 26 32 1 15
5 28 10 26 6 1
5 28 10 14 6 1
5 28 10 14 26 1
5 28 14 16 32 1
5 28 14 26 32 1
5 28 10 14 16 6
5 28 10 14 16 32
5 28 10 14 26 32
5 28 10 29 16 32
5 28 21 10 6 19
5 28 21 5 6 19
5 28 21 10 31 19
5 28 21 10 26 31
5 27 28 10 31 19
5 11 18 2 17 6
5 11 18 5 2 6
5 11 10 14 6 25
5 11 10 14 2 25
5 11 10 14 2 6
5 11 14 2 17 25
5 11 14 2 17 6
5 22 30 14 17 16
5 22 30 14 29 16
5 22 30 14 29 17
5 22 30 17 16 24
5 22 18 17 16 24
5 22 18 30 16 24
5 22 18 30 17 24
5 22 18 5 30 29
5 22 14 29 17 25
5 22 11 18 17 25
5 22 18 30 0 16
5 22 18 5 30 0
5 22 11 14 17 25
5 22 10 14 29 25
5 22 10 14 29 16
5 22 18 17 16 6
5 22 11 18 17 6
5 22 11 14 6 25
5 22 14 17 16 6
5 22 11 14 17 6
5 22 10 14 6 25
5 22 10 14 16 6
5 22 28 10 29 19
5 22 28 10 29 16
5 22 28 5 6 19
5 22 28 5 29 19
5 22 28 10 6 19
5 22 28 10 16 6
5 12 21 10 6 19
5 12 21 10 31 19
5 12 27 2 31 19
5 12 27 21 31 19
5 12 10 2 6 1
5 12 10 2 31 1
5 12 21 10 26 31
5 12 27 21 5 19
5 12 5 2 6 3
5 12 27 2 31 3
5 12 2 4 6 1
5 12 10 26 6 1
5 12 10 26 31 1
5 12 28 10 26 6
5 12 28 21 10 6
5 12 28 21 10 26
5 12 27 5 2 3
5 12 2 4 6 3
5 12 5 4 6 3
5 12 21 5 31 3
5 12 27 5 31 3
5 12 27 21 5 31
5 12 28 26 6 1
5 12 23 26 31 1
5 12 21 23 26 31
5 12 23 31 1 3
5 12 21 23 31 3
5 12 23 4 1 3
5 8 23 0 4 3
5 8 5 0 4 3
5 8 5 23 0 3
5 8 23 0 4 1
5 8 28 23 0 1
5 8 5 23 0 15
5 8 28 23 0 15
5 8 12 23 4 3
5 8 12 5 4 3
5 8 0 16 4 1
5 8 28 0 16 1
5 8 18 0 4 6
5 8 18 5 4 6
5 8 18 5 0 4
5 8 0 16 4 6
5 8 12 5 4 6
5 8 28 21 5 6
5 8 28 0 32 15
5 8 16 4 6 1
5 8 28 16 6 1
5 8 18 0 16 6
5 8 22 28 16 6
5 8 22 28 5 6
5 8 28 0 16 32
5 8 12 21 5 6
5 8 30 0 32 15
5 8 5 30 0 15
5 8 22 18 16 6
5 8 22 18 5 6
5 8 22 18 0 16
5 8 22 18 5 0
5 8 22 28 29 16
5 8 22 28 5 29
5 8 30 0 16 32
5 8 22 30 0 16
5 8 22 5 30 0
5 8 22 30 29 16
5 8 22 5 30 29
5 8 30 29 16 32
5 20 27 10 29 25
5 20 22 10 29 25
5 20 22 10 29 19
5 7 28 5 29 19
5 7 20 5 29 19
5 7 20 27 5 19
5 7 20 27 5 29
5 7 8 28 5 29
5 7 27 28 31 19
5 7 28 10 29 19
5 7 27 28 10 19
5 7 20 10 29 19
5 7 20 27 10 19
5 7 20 27 10 29
5 7 28 21 31 19
5 7 5 30 29 15
5 7 8 5 30 15
5 7 8 5 30 29
5 7 8 28 32 15
5 7 27 28 10 31
5 7 28 10 29 32
5 7 27 10 29 25
5 7 28 21 26 31
5 7 8 30 32 15
5 7 8 30 29 32
5 7 28 29 16 32
5 7 8 29 16 32
5 7 8 28 16 32
5 7 8 28 29 16
5 7 28 10 26 31
5 7 28 26 32 15
5 7 28 10 26 32
5 7 10 30 29 32
5 13 8 28 23 1
5 13 28 23 26 1
5 13 12 23 26 1
5 13 12 28 26 1
5 13 12 23 4 1
5 13 8 23 4 1
5 13 8 12 23 4
5 13 12 21 23 26
5 13 12 28 21 26
5 13 12 4 6 1
5 13 12 28 6 1
5 13 8 4 6 1
5 13 8 28 6 1
5 13 8 12 4 6
5 13 8 28 23 15
5 13 8 12 21 5
5 13 12 28 21 6
5 13 8 28 21 6
5 13 8 12 21 6
5 13 28 23 26 15
5 13 8 5 23 15
5 13 8 28 21 5
5 13 12 21 23 3
5 13 12 21 5 3
5 13 8 5 23 3
5 13 8 12 23 3
5 13 8 12 5 3
5 13 23 26 31 15
5 13 21 23 26 31
5 13 7 28 26 15
5 13 7 28 21 26
5 13 7 8 5 15
5 13 7 8 28 15
5 13 7 8 28 5
5 13 21 23 31 3
5 13 21 5 31 3
5 13 7 26 31 15
5 13 7 21 26 31
5 13 27 21 5 31
5 13 28 21 5 19
5 13 7 28 5 19
5 13 7 28 21 19
5 13 7 27 31 15
5 13 27 21 5 19
5 13 7 27 5 15
5 13 7 27 5 19
5 13 27 21 31 19
5 13 7 21 31 19
5 13 7 27 31 19
5 9 20 27 10 25
5 9 20 27 10 19
5 9 27 10 31 25
5 9 27 10 31 19
5 9 10 2 31 25
5 9 27 2 31 25
5 9 27 2 31 19
5 9 11 10 2 25
5 9 11 27 2 25
5 9 20 11 27 25
5 9 20 27 5 19
5 9 12 2 31 19
5 9 12 10 31 19
5 9 12 10 2 31
5 9 20 22 10 25
5 9 11 10 2 6
5 9 12 27 2 19
5 9 12 27 5 19
5 9 12 27 5 2
5 9 12 10 6 19
5 9 12 10 2 6
5 9 11 10 6 25
5 9 22 10 6 25
5 9 22 11 6 25
5 9 22 11 18 25
5 9 11 5 2 6
5 9 22 10 6 19
5 9 20 22 10 19
5 9 12 5 2 6
5 9 22 18 29 25
5 9 20 22 29 25
5 9 22 11 18 6
5 9 22 5 6 19
5 9 11 18 5 6
5 9 21 5 6 19
5 9 12 21 6 19
5 9 12 21 5 19
5 9 12 21 5 6
5 9 22 18 5 29
5 9 22 18 5 6
5 9 22 5 29 19
5 9 20 5 29 19
5 9 20 22 29 19
