216
5 25 11 6 22 4
5 21 25 11 22 4
5 21 1 11 22 4
5 3 25 11 6 4
5 3 25 11 6 22
5 5 21 25 11 4
5 5 21 1 11 4
5 5 21 25 11 22
5 5 21 1 11 22
5 5 21 1 25 22
5 5 3 25 11 22
5 20 25 6 22 4
5 20 21 6 22 4
5 20 21 25 22 4
5 20 21 25 6 22
5 20 0 12 6 4
5 20 3 25 6 4
5 20 3 12 6 4
5 20 5 21 25 4
5 20 3 24 12 4
5 20 3 25 11 4
5 20 5 25 11 4
5 20 5 3 11 4
5 20 5 3 25 11
5 17 20 3 12 25
5 17 20 3 24 25
5 17 20 3 24 12
5 17 9 3 12 25
5 17 9 3 24 25
5 17 9 3 24 12
5 19 20 21 6 4
5 19 20 0 6 4
5 19 20 0 21 6
5 19 5 21 1 4
5 19 20 5 21 4
5 19 5 1 11 4
5 19 20 5 21 25
5 19 20 0 12 4
5 19 20 24 12 4
5 19 17 24 12 4
5 19 17 20 24 12
5 23 5 1 25 22
5 23 21 1 25 22
5 23 9 21 25 22
5 23 5 3 25 22
5 23 5 1 11 22
5 23 5 3 11 22
5 2 17 20 24 25
5 2 20 3 24 25
5 2 20 5 3 25
5 2 19 20 5 25
5 2 19 17 20 25
5 2 19 17 20 24
5 2 23 5 3 25
5 2 20 3 24 4
5 2 20 5 3 4
5 2 19 20 24 4
5 2 19 20 5 4
5 2 9 3 24 25
5 2 23 9 3 25
5 2 23 9 3 24
5 2 23 5 3 11
5 2 3 24 11 4
5 2 5 3 11 4
5 2 19 5 21 25
5 2 19 5 11 4
5 2 23 5 1 11
5 2 19 5 21 1
5 2 19 5 1 11
5 14 19 20 0 12
5 14 19 20 0 21
5 14 20 0 12 6
5 14 20 0 21 6
5 14 19 17 0 12
5 14 19 20 21 25
5 14 20 21 25 6
5 14 19 0 21 13
5 14 19 17 0 13
5 14 17 20 12 25
5 14 19 17 20 25
5 14 19 17 20 12
5 14 20 3 12 6
5 14 20 3 12 25
5 14 17 9 12 25
5 14 19 21 25 13
5 14 19 17 25 13
5 14 9 21 25 13
5 14 17 9 25 13
5 14 17 9 24 12
5 14 9 3 12 25
5 14 9 3 24 12
5 7 23 9 3 24
5 7 17 9 24 13
5 7 14 17 9 24
5 7 2 23 3 11
5 7 2 23 3 24
5 15 14 0 21 13
5 15 14 9 21 13
5 15 7 16 23 1
5 15 7 16 23 9
5 15 23 9 21 1
5 15 9 21 25 22
5 15 16 21 25 22
5 15 16 9 25 22
5 15 23 21 1 22
5 15 16 23 1 22
5 15 23 9 21 22
5 15 16 23 9 22
5 8 14 9 3 25
5 8 15 16 9 25
5 8 23 3 25 22
5 8 23 9 25 22
5 8 23 9 3 25
5 8 3 25 6 22
5 8 20 3 25 6
5 8 14 20 25 6
5 8 14 20 3 6
5 8 14 20 3 25
5 8 14 3 12 6
5 8 14 9 21 25
5 8 15 9 21 25
5 8 15 14 9 21
5 8 15 7 16 9
5 8 7 23 9 3
5 8 7 16 23 9
5 8 14 9 3 24
5 8 7 9 3 24
5 8 7 14 9 24
5 8 14 0 12 6
5 8 14 3 24 12
5 8 15 14 0 13
5 8 15 14 9 13
5 8 15 7 0 13
5 8 15 7 9 13
5 8 14 17 0 13
5 8 14 17 9 13
5 8 7 17 9 13
5 8 7 14 17 9
5 8 17 0 24 12
5 8 14 17 24 12
5 8 14 17 0 12
5 8 7 14 17 24
5 8 17 0 24 13
5 8 7 0 24 13
5 8 7 17 24 13
5 10 7 2 23 24
5 10 2 23 9 24
5 10 7 9 24 13
5 10 7 23 9 24
5 10 2 24 1 13
5 10 7 24 1 13
5 10 7 2 24 1
5 10 7 2 23 1
5 10 17 9 24 13
5 10 2 17 24 13
5 10 17 9 25 13
5 10 17 9 24 25
5 10 2 9 24 25
5 10 2 17 24 25
5 10 23 9 21 1
5 10 15 7 1 13
5 10 15 7 9 13
5 10 15 23 9 1
5 10 15 7 23 1
5 10 15 7 23 9
5 10 9 21 25 13
5 10 19 17 25 13
5 10 2 19 17 13
5 10 2 19 17 25
5 10 15 21 1 13
5 10 15 9 21 13
5 10 15 9 21 1
5 10 19 21 1 13
5 10 2 19 1 13
5 10 2 19 21 1
5 10 23 21 1 25
5 10 23 9 21 25
5 10 2 23 9 25
5 10 19 21 25 13
5 10 2 19 21 25
5 10 5 21 1 25
5 10 2 5 21 25
5 10 2 5 21 1
5 10 23 5 1 25
5 10 2 23 5 25
5 10 2 23 5 1
5 18 16 9 25 22
5 18 8 9 25 22
5 18 8 16 9 25
5 18 8 25 6 22
5 18 16 23 9 22
5 18 8 23 9 22
5 18 8 16 23 9
5 18 21 25 6 22
5 18 16 21 6 22
5 18 16 21 25 22
5 18 3 11 6 22
5 18 8 3 6 22
5 18 8 3 11 6
5 18 14 21 25 6
5 18 8 14 25 6
5 18 8 14 21 25
5 18 15 16 21 25
5 18 8 15 21 25
5 18 8 15 16 25
5 18 23 3 11 22
5 18 8 23 3 22
5 18 8 7 16 23
5 18 8 14 0 6
5 18 16 0 21 6
5 18 14 0 21 6
5 18 8 15 14 21
5 18 8 7 23 3
5 18 8 15 14 0
5 18 15 16 0 21
5 18 15 14 0 21
