312
5 1 12 21 24 23
5 13 25 14 7 3
5 13 1 12 24 7
5 27 13 25 14 7
5 28 31 17 21 15
5 10 1 12 21 23
5 10 1 12 24 23
5 10 1 12 24 7
5 10 26 12 24 7
5 10 1 14 23 2
5 10 27 14 23 2
5 10 27 1 14 23
5 10 27 1 14 7
5 19 11 31 25 5
5 19 27 25 14 7
5 19 10 14 7 2
5 19 10 27 14 2
5 19 10 27 14 7
5 19 27 14 23 2
5 19 11 14 23 2
5 19 27 25 14 23
5 19 11 25 14 23
5 20 31 17 5 15
5 20 26 31 17 15
5 20 26 31 17 5
5 20 19 26 17 5
5 20 19 26 7 2
5 20 10 12 7 2
5 20 10 26 7 2
5 20 10 26 12 2
5 20 10 26 12 7
5 0 11 31 25 5
5 0 19 11 25 5
5 0 27 25 14 3
5 6 0 11 31 25
5 6 0 31 25 5
5 6 19 27 25 23
5 6 19 11 25 23
5 6 11 25 14 23
5 6 27 25 14 23
5 30 1 12 21 24
5 30 13 1 12 24
5 30 13 1 12 21
5 30 13 1 24 7
5 30 27 1 24 7
5 30 27 13 24 7
5 30 13 14 7 3
5 30 0 27 14 3
5 30 27 1 24 23
5 30 27 1 14 7
5 30 27 13 14 7
5 30 0 27 25 3
5 30 27 1 14 23
5 30 6 27 24 23
5 30 6 27 14 23
5 32 20 19 26 5
5 32 10 26 24 7
5 32 20 19 26 7
5 32 20 19 13 7
5 32 26 12 24 7
5 32 20 26 12 7
5 32 20 26 12 24
5 32 13 12 24 7
5 32 20 13 12 7
5 32 20 13 12 24
5 32 6 27 25 24
5 32 6 19 27 25
5 32 27 13 24 7
5 32 27 13 25 7
5 32 19 27 25 7
5 32 19 10 27 7
5 32 10 26 7 2
5 32 19 26 7 2
5 32 19 10 7 2
5 32 6 27 24 23
5 32 6 19 27 23
5 32 27 1 24 7
5 32 10 1 24 7
5 32 10 27 1 7
5 32 19 11 23 2
5 32 6 19 11 23
5 32 27 1 24 23
5 32 10 1 24 23
5 32 10 27 1 23
5 32 10 27 23 2
5 32 19 27 23 2
5 32 19 10 27 2
5 22 13 25 7 3
5 22 32 19 25 5
5 22 13 25 14 3
5 22 27 25 14 3
5 22 27 13 25 14
5 22 32 27 13 25
5 22 20 19 17 5
5 22 32 20 19 5
5 22 32 20 19 13
5 22 32 13 25 7
5 22 32 19 25 7
5 22 32 19 13 7
5 22 0 25 5 3
5 22 30 13 14 3
5 22 30 27 14 3
5 22 30 27 13 14
5 22 30 13 21 3
5 22 20 12 17 15
5 22 20 13 12 17
5 22 12 17 21 3
5 22 13 12 21 3
5 22 13 12 17 3
5 29 6 0 31 5
5 29 0 28 31 17
5 29 6 0 25 5
5 29 6 27 25 24
5 29 30 6 24 23
5 29 30 6 27 24
5 29 30 0 27 25
5 29 0 27 25 14
5 29 6 27 25 14
5 29 6 0 25 14
5 29 30 0 27 14
5 29 30 6 27 14
5 29 6 0 14 23
5 29 30 0 14 23
5 29 30 6 14 23
5 29 1 21 24 23
5 29 30 1 24 23
5 29 30 1 21 23
5 29 30 1 21 24
5 18 29 21 24 23
5 18 29 6 24 23
5 18 29 28 21 23
5 18 29 6 28 23
5 18 6 28 11 31
5 18 12 21 24 23
5 18 6 11 26 31
5 18 11 26 31 15
5 18 10 12 24 23
5 18 10 26 12 24
5 18 10 12 21 23
5 18 11 26 2 15
5 18 26 12 2 15
5 18 10 26 12 2
5 9 32 10 26 24
5 9 18 10 26 24
5 9 32 6 24 23
5 9 18 6 24 23
5 9 18 6 11 26
5 9 32 19 26 5
5 9 32 10 24 23
5 9 18 10 24 23
5 9 32 10 26 2
5 9 18 10 26 2
5 9 32 6 11 23
5 9 18 6 11 23
5 9 32 6 19 11
5 9 18 11 26 2
5 9 26 31 17 5
5 9 19 31 17 5
5 9 19 26 17 5
5 9 19 31 25 5
5 9 6 31 25 5
5 9 32 19 25 5
5 9 32 6 19 25
5 9 6 11 26 31
5 9 32 10 23 2
5 9 18 10 23 2
5 9 32 11 23 2
5 9 18 11 23 2
5 9 32 19 26 2
5 9 32 19 11 2
5 9 11 26 31 17
5 9 19 11 31 17
5 9 19 11 31 25
5 9 6 11 31 25
5 9 6 19 11 25
5 16 32 20 13 24
5 16 22 32 13 24
5 16 22 32 20 13
5 16 22 32 20 5
5 16 32 20 26 24
5 16 32 20 26 5
5 16 9 32 26 24
5 16 9 32 26 5
5 16 20 26 12 15
5 16 20 26 12 24
5 16 20 31 5 15
5 16 20 26 31 15
5 16 20 26 31 5
5 16 9 26 31 5
5 16 9 32 6 24
5 16 18 26 12 15
5 16 18 26 12 24
5 16 18 26 31 15
5 16 9 6 31 5
5 16 9 6 26 31
5 16 32 6 25 24
5 16 9 6 25 5
5 16 9 32 25 5
5 16 9 32 6 25
5 16 18 12 21 15
5 16 18 12 21 24
5 16 18 6 26 31
5 16 29 6 31 5
5 16 9 18 26 24
5 16 9 18 6 24
5 16 9 18 6 26
5 16 28 31 21 15
5 16 18 31 21 15
5 16 18 28 31 21
5 16 18 6 28 31
5 16 29 6 28 31
5 16 18 29 21 24
5 16 18 29 28 21
5 16 18 29 6 24
5 16 18 29 6 28
5 4 29 30 0 25
5 4 22 32 25 5
5 4 29 27 25 24
5 4 29 0 28 21
5 4 30 0 25 3
5 4 22 0 25 3
5 4 29 30 27 25
5 4 29 30 0 21
5 4 16 32 25 24
5 4 16 32 25 5
5 4 16 22 32 24
5 4 16 22 32 5
5 4 32 27 25 24
5 4 22 32 27 25
5 4 29 6 25 24
5 4 16 6 25 24
5 4 16 29 6 24
5 4 29 6 25 5
5 4 16 6 25 5
5 4 16 29 6 5
5 4 29 30 27 24
5 4 16 29 31 5
5 4 16 29 28 31
5 4 30 27 25 3
5 4 22 27 25 3
5 4 22 30 27 3
5 4 30 0 21 3
5 4 22 30 21 3
5 4 29 30 21 24
5 4 32 27 13 24
5 4 22 32 13 24
5 4 22 32 27 13
5 4 16 29 21 24
5 4 16 29 28 21
5 4 30 27 13 24
5 4 22 30 27 13
5 4 16 31 5 15
5 4 16 28 31 15
5 4 22 30 13 21
5 4 16 12 21 24
5 4 16 22 13 24
5 4 16 20 5 15
5 4 16 20 12 15
5 4 16 22 20 5
5 4 16 12 21 15
5 4 16 28 21 15
5 4 22 13 12 21
5 4 30 12 21 24
5 4 30 13 12 24
5 4 30 13 12 21
5 4 20 13 12 24
5 4 16 20 12 24
5 4 16 20 13 24
5 4 22 20 13 12
5 4 16 22 20 13
5 8 29 0 25 5
5 8 4 29 25 5
5 8 4 29 0 25
5 8 22 0 25 5
5 8 4 22 25 5
5 8 4 22 0 25
5 8 4 29 0 28
5 8 29 0 28 17
5 8 4 29 31 5
5 8 4 29 28 31
5 8 22 0 17 5
5 8 4 0 28 21
5 8 29 28 31 17
5 8 0 31 17 5
5 8 29 0 31 5
5 8 29 0 31 17
5 8 0 28 17 21
5 8 4 28 21 15
5 8 4 0 21 3
5 8 4 22 21 3
5 8 4 22 0 3
5 8 31 17 5 15
5 8 4 31 5 15
5 8 28 31 17 15
5 8 4 28 31 15
5 8 28 17 21 15
5 8 0 17 21 3
5 8 22 17 21 3
5 8 22 0 17 3
5 8 20 17 5 15
5 8 22 20 17 15
5 8 22 20 17 5
5 8 4 20 5 15
5 8 4 22 20 5
5 8 4 12 21 15
5 8 4 22 12 21
5 8 12 17 21 15
5 8 22 12 17 15
5 8 22 12 17 21
5 8 22 20 12 15
5 8 4 20 12 15
5 8 4 22 20 12
