183
5 1 0 12 11 23
5 15 1 0 11 23
5 10 6 2 18 7
5 16 10 18 7 23
5 16 0 12 11 23
5 16 1 0 12 23
5 16 15 1 12 23
5 16 15 1 0 23
5 22 10 6 15 23
5 22 16 10 7 23
5 22 16 10 15 23
5 22 16 15 12 23
5 22 16 15 1 12
5 24 16 18 11 23
5 24 16 10 18 23
5 24 16 0 18 11
5 4 16 1 0 12
5 4 1 0 12 8
5 4 16 18 12 7
5 4 16 0 18 12
5 4 22 16 12 7
5 4 22 16 1 12
5 4 2 9 12 8
5 4 2 9 12 7
5 5 16 10 15 23
5 5 24 16 10 23
5 5 15 0 11 23
5 5 16 15 0 23
5 5 16 0 11 23
5 5 24 16 11 23
5 5 24 16 0 11
5 5 15 1 0 11
5 5 22 6 15 9
5 5 22 15 1 9
5 5 16 15 1 0
5 25 22 1 9 12
5 25 4 22 1 12
5 25 1 9 12 8
5 25 4 9 12 8
5 25 4 1 12 8
5 25 22 9 12 7
5 25 4 9 12 7
5 25 4 22 12 7
5 25 5 22 1 9
5 25 5 1 9 8
5 25 4 22 16 1
5 25 22 6 9 7
5 25 22 10 6 7
5 25 4 2 9 7
5 25 22 16 10 7
5 25 4 22 16 7
5 25 5 22 6 9
5 25 22 16 15 1
5 25 5 16 15 1
5 25 5 22 15 1
5 25 4 16 1 0
5 25 5 16 1 0
5 25 5 4 1 0
5 25 6 2 9 7
5 25 10 6 2 7
5 25 10 2 18 7
5 25 4 2 18 7
5 25 16 10 18 7
5 25 4 16 18 7
5 25 22 10 6 15
5 25 5 10 6 15
5 25 5 22 6 15
5 25 22 16 10 15
5 25 5 16 10 15
5 17 10 6 15 23
5 17 5 10 15 23
5 17 5 10 6 15
5 17 5 15 11 23
5 17 5 24 10 23
5 17 5 24 11 23
5 17 24 10 18 23
5 17 5 24 11 3
5 17 10 6 2 18
5 19 5 1 11 8
5 19 5 1 0 8
5 19 5 11 3 8
5 19 1 12 11 8
5 19 1 0 12 8
5 19 1 0 12 11
5 19 4 0 12 8
5 19 4 0 18 12
5 13 17 5 11 3
5 13 5 11 3 8
5 13 5 1 9 8
5 13 5 15 1 9
5 13 5 6 15 9
5 13 17 5 6 15
5 13 17 6 2 3
5 13 19 5 3 8
5 13 25 5 9 8
5 13 25 5 6 9
5 13 17 25 5 6
5 13 25 6 2 9
5 21 5 24 16 10
5 21 17 5 24 10
5 21 24 16 10 18
5 21 17 24 10 18
5 21 25 16 10 18
5 21 25 5 16 10
5 21 17 24 18 3
5 21 17 5 24 3
5 21 25 4 16 18
5 21 25 10 2 18
5 21 17 10 2 18
5 21 13 17 25 5
5 21 25 5 10 6
5 21 17 5 10 6
5 21 17 25 5 6
5 21 24 16 0 18
5 21 5 24 16 0
5 21 13 17 5 3
5 21 25 4 16 0
5 21 25 5 16 0
5 21 25 5 4 0
5 21 17 2 18 3
5 21 25 10 6 2
5 21 17 10 6 2
5 21 4 16 0 18
5 21 25 4 2 18
5 21 13 25 5 8
5 21 13 17 2 3
5 21 13 25 6 2
5 21 13 17 6 2
5 21 13 17 25 6
5 21 13 19 5 8
5 21 19 4 0 8
5 21 19 5 0 8
5 21 25 4 2 9
5 21 13 25 2 9
5 21 25 4 1 8
5 21 25 5 1 8
5 21 25 5 4 1
5 21 25 4 9 8
5 21 13 25 9 8
5 21 4 1 0 8
5 21 5 1 0 8
5 21 5 4 1 0
5 14 4 2 12 8
5 14 19 4 12 8
5 14 21 19 4 8
5 14 4 2 18 12
5 14 19 4 18 12
5 14 13 19 3 8
5 14 4 2 9 8
5 14 21 4 9 8
5 14 21 4 2 9
5 14 21 13 19 8
5 14 21 4 2 18
5 14 21 19 4 18
5 14 21 13 2 3
5 14 21 2 18 3
5 14 13 2 9 8
5 14 21 13 9 8
5 14 21 13 2 9
5 20 21 24 0 18
5 20 19 4 0 18
5 20 21 4 0 18
5 20 21 19 4 18
5 20 21 19 4 0
5 20 14 21 19 18
5 20 21 5 24 0
5 20 21 19 5 0
5 20 5 24 0 11
5 20 21 24 18 3
5 20 14 21 18 3
5 20 21 5 24 3
5 20 5 1 0 11
5 20 19 1 0 11
5 20 19 5 1 11
5 20 19 5 1 0
5 20 5 24 11 3
5 20 19 5 11 3
5 20 14 13 19 3
5 20 14 21 13 3
5 20 14 21 13 19
5 20 13 19 5 3
5 20 21 13 5 3
5 20 21 13 19 5
