184
5 22 6 8 10 12
5 22 6 18 8 10
5 22 7 18 8 10
5 16 21 17 5 0
5 16 22 17 18 5
5 2 16 17 5 0
5 2 16 22 17 5
5 2 16 22 18 5
5 13 22 6 8 12
5 13 22 6 18 8
5 13 22 17 18 5
5 13 7 18 8 12
5 13 22 7 8 12
5 13 22 7 18 12
5 13 22 7 18 8
5 11 13 6 18 8
5 11 7 18 8 12
5 11 13 6 8 12
5 11 13 18 8 12
5 1 16 17 18 5
5 1 16 21 18 5
5 1 16 21 17 5
5 1 13 17 18 5
5 1 13 21 17 5
5 1 11 21 18 5
5 1 11 13 18 5
5 1 11 13 21 5
5 1 13 21 17 12
5 1 11 13 18 12
5 1 11 13 21 12
5 1 13 22 18 12
5 1 13 22 17 12
5 1 13 22 17 18
5 19 22 6 18 10
5 19 2 22 18 5
5 19 13 22 18 5
5 19 13 22 6 18
5 19 11 13 6 5
5 19 11 13 6 18
5 9 11 7 8 12
5 9 1 11 21 18
5 9 1 11 21 12
5 23 1 16 21 17
5 23 16 21 17 0
5 23 9 1 7 12
5 23 9 1 21 12
5 15 19 6 8 10
5 15 19 11 6 18
5 15 23 2 16 0
5 4 16 22 17 18
5 4 1 16 17 18
5 4 22 7 18 10
5 4 22 7 18 12
5 4 1 7 18 12
5 20 15 19 2 10
5 20 15 19 2 18
5 20 19 22 18 10
5 20 19 2 22 10
5 20 19 2 22 18
5 20 15 2 16 18
5 20 2 16 22 18
5 20 7 18 8 10
5 20 4 22 18 10
5 20 4 16 22 18
5 20 2 22 17 10
5 20 2 16 22 17
5 20 4 7 18 10
5 20 15 23 2 16
5 20 4 16 22 17
5 25 11 21 18 5
5 25 15 16 18 0
5 25 16 21 5 0
5 25 16 21 18 0
5 25 16 21 18 5
5 25 15 9 11 8
5 14 11 6 18 8
5 14 15 11 6 8
5 14 15 11 6 18
5 14 15 19 6 8
5 14 15 19 6 18
5 14 11 7 18 8
5 14 6 18 8 10
5 14 19 6 8 10
5 14 19 6 18 10
5 14 20 15 19 18
5 14 20 7 18 8
5 14 20 15 7 8
5 14 9 11 7 8
5 14 15 9 11 8
5 14 20 18 8 10
5 14 20 19 18 10
5 14 15 19 8 10
5 14 20 15 8 10
5 14 20 15 19 10
5 14 20 4 7 18
5 14 11 7 18 12
5 14 9 11 7 12
5 14 25 15 11 18
5 14 25 15 9 11
5 14 20 15 16 18
5 14 20 4 16 18
5 14 20 15 23 7
5 14 20 4 23 7
5 14 23 9 7 0
5 14 1 7 18 12
5 14 9 1 7 12
5 14 1 11 18 12
5 14 9 1 11 12
5 14 9 1 11 18
5 14 23 9 1 7
5 14 9 11 21 18
5 14 25 11 21 18
5 14 25 9 11 21
5 14 25 15 18 0
5 14 25 15 9 0
5 14 4 1 7 18
5 14 4 23 1 7
5 14 20 15 23 16
5 14 20 4 23 16
5 14 23 9 21 0
5 14 9 1 21 18
5 14 23 9 1 21
5 14 25 21 18 0
5 14 25 9 21 0
5 14 4 1 16 18
5 14 4 23 1 16
5 14 23 16 21 0
5 14 15 23 16 0
5 14 1 16 21 18
5 14 23 1 16 21
5 14 16 21 18 0
5 14 15 16 18 0
5 3 19 2 18 5
5 3 15 19 2 18
5 3 2 16 18 5
5 3 15 2 16 18
5 3 25 16 18 5
5 3 25 15 16 18
5 3 25 11 18 5
5 3 15 19 11 18
5 3 25 15 11 18
5 3 2 16 5 0
5 3 25 16 5 0
5 3 15 2 16 0
5 3 25 15 16 0
5 3 25 15 2 0
5 3 11 13 18 5
5 3 19 13 18 5
5 3 19 11 13 5
5 3 19 11 13 18
5 3 19 11 6 5
5 3 15 19 11 6
5 3 25 15 11 6
5 3 25 15 19 6
5 24 20 23 16 17
5 24 20 4 16 17
5 24 20 4 23 16
5 24 23 1 16 17
5 24 4 1 16 17
5 24 4 23 1 16
5 24 20 22 17 10
5 24 20 4 22 10
5 24 20 4 22 17
5 24 20 23 7 10
5 24 20 4 7 10
5 24 20 4 23 7
5 24 1 21 17 12
5 24 23 1 21 12
5 24 23 1 21 17
5 24 1 22 17 12
5 24 23 1 7 12
5 24 4 1 7 12
5 24 4 23 1 7
5 24 1 22 18 12
5 24 4 22 18 12
5 24 4 1 18 12
5 24 1 22 17 18
5 24 4 22 17 18
5 24 4 1 17 18
5 24 4 22 7 12
5 24 4 22 7 10
5 24 22 8 10 12
5 24 22 7 8 12
5 24 22 7 8 10
