4
26
9.82968 -4.37578 -8.60333 -7.14977
-3.89963 -6.39838 -3.55322 -0.747469
5.86944 6.32648 2.57992 -8.11163
5.19133 9.07528 -4.44244 -2.419
-0.305978 -4.40793 5.03035 0.0990468
-0 9.14485 -3.49869 -5.64433
-0 5.52912 4.35686 9.25005
-0 -4.84244 3.81779 6.5375
-0 -0.189449 4.18397 9.57965
-0 -7.19343 -9.74303 5.6617
-0 -0.196721 8.83997 0.603327
-0 5.82224 -7.73737 7.26358
-8.66875 -5.35738 -0 6.29607
-6.4957 4.97236 -0 3.48435
4.47866 -2.08296 -0 2.75372
9.35407 4.19101 -0 -0.428812
1.03112 -3.12712 -0 -7.2389
-5.48514 -5.17306 -0 -7.87643
-0.196501 2.56227 -0 -0.203921
3.98124 8.24622 4.38338 -0
0.460006 -1.12143 8.25138 -0
-2.29267 -7.58357 -7.67753 -0
-5.56152 3.72232 3.80132 -0
1.03445 -8.93598 3.46951 -0
-4.28077 -6.74134 4.90368 -0
6.88348 6.57858 -9.5889 -0
