4
19
5.76245 9.64383 -1.25487 6.21619
0.826881 -9.15677 1.16711 -7.846
-6.03287 4.64548 -7.77104 5.09087
7.08125 -6.00481 -7.28371 -2.72901
-2.95543 3.07385 4.36298 -2.71502
-0 5.71047 4.29866 -9.81024
-0 -8.96232 -4.68779 1.80633
-0 -4.32661 9.01536 -1.80683
-0 8.53535 3.73175 4.49668
-0 -6.03265 9.74939 -9.93467
-0 -9.49914 -1.04838 5.44298
-0 -1.8225 2.96744 7.4535
-8.11749 -0 -6.15944 -2.26593
-6.43502 -0 0.707957 6.63102
4.93156 -0 3.41951 -9.90945
-1.15569 -0 9.76559 5.65251
7.29355 -0 1.75272 -5.71692
8.34183 -0 -1.65473 -8.79796
6.63642 -0 -6.0349 -4.73705
