4
33
-7.72631 -5.60979 1.84368 8.36452
-1.39445 3.14156 -6.54533 -6.08012
6.02385 8.07405 1.80585 -7.18967
-4.75364 4.50536 7.77638 -5.63895
-7.84469 -0.474691 -1.32629 8.15647
5.68416 -8.48337 -0 -0.451897
-7.0662 -2.69174 -0 7.08659
-7.94494 8.37816 -0 -2.74881
1.2787 1.8002 -0 9.46781
-0.586605 0.482704 -0 -9.65712
-0.656828 0.817407 -0 -1.30857
8.56043 -2.8419 -0 2.48099
-0 -1.91913 -9.19974 2.40707
-0 -1.50837 4.31846 -4.57334
-0 2.06082 -1.1221 -2.42714
-0 -6.97761 -1.83788 6.8908
-0 -2.16106 1.1904 -3.80545
-0 4.79214 -7.24297 6.86505
-0 -3.36667 -3.23655 -0.520449
0.594913 -0 -1.89064 -4.09508
7.12959 -0 2.66043 -5.13423
-1.24978 -0 9.99179 4.28187
-9.23431 -0 -3.00527 -1.48419
-4.77283 -0 9.56849 -3.19426
7.35529 -0 2.34743 -2.78276
6.41667 -0 -9.15812 0.314446
6.78755 -6.98646 -3.19543 -0
6.08599 -0.253258 3.86581 -0
3.21104 2.27211 -2.62133 -0
2.3195 2.23227 2.09913 -0
9.59227 -7.08455 2.03921 -0
9.89696 7.17862 -4.37885 -0
-7.94608 -4.56768 6.14959 -0
