4
26
7.94939 -4.83272 3.97462 -1.77188
-8.28952 4.10733 -4.62174 -3.08178
8.44964 -0.744784 0.229566 5.5861
-8.2219 8.23315 -9.39446 2.57852
-5.49737 2.45094 0.190657 1.4933
-6.10389 -0 -1.55714 5.59405
-0.569506 -0 9.81726 -9.81436
3.20168 -0 -8.5332 -3.29019
0.672267 -0 2.86785 -7.98921
-0.89857 -0 1.29084 5.74787
1.96502 -0 -7.51588 -9.37888
9.29092 -0 -5.38229 -2.37239
-2.78707 9.48753 -1.20982 -0
2.89081 -5.20609 0.493754 -0
3.11181 6.569 -0.231536 -0
9.5682 3.18729 -6.61927 -0
8.26124 9.66223 -9.47881 -0
-2.89012 4.5618 3.53132 -0
8.17789 -9.34968 2.87286 -0
2.47085 -7.22524 -0 2.55976
2.59649 4.31579 -0 -4.12392
-8.38288 -2.27733 -0 7.26253
1.65286 -1.64719 -0 -7.30007
2.80537 9.34454 -0 -3.81179
4.91325 -8.49759 -0 -7.91036
-9.80991 -3.66433 -0 -1.80008
