4
33
-4.33094 7.01144 -0.682344 4.55909
-1.02476 7.71808 4.01435 -8.72172
3.83024 -8.24021 6.93474 -9.14401
-1.30518 5.0403 -4.88644 -7.50307
8.01177 2.71302 -9.24336 7.17394
-8.3056 -0 3.61567 3.15056
-1.32352 -0 6.63805 6.55667
9.68036 -0 6.76421 -0.0479269
-9.81018 -0 -2.69415 4.25644
-1.72299 -0 -2.58858 -0.442331
-8.61181 -0 -7.97093 9.31344
-2.95426 -0 -3.67213 -7.01557
-0 5.71047 4.29866 -9.81024
-0 -8.96232 -4.68779 1.80633
-0 -4.32661 9.01536 -1.80683
-0 8.53535 3.73175 4.49668
-0 -6.03265 9.74939 -9.93467
-0 -9.49914 -1.04838 5.44298
-0 -1.8225 2.96744 7.4535
-8.66197 -6.45249 -0 8.00716
-5.69538 5.81637 -0 -8.13287
-8.27579 8.60567 -0 -2.94496
4.96873 -5.86878 -0 -0.808289
3.61701 1.55542 -0 5.11767
6.82711 1.68535 -0 -6.16786
2.58857 7.76205 -0 6.75352
-2.78707 9.48753 -1.20982 -0
2.89081 -5.20609 0.493754 -0
3.11181 6.569 -0.231536 -0
9.5682 3.18729 -6.61927 -0
8.26124 9.66223 -9.47881 -0
-2.89012 4.5618 3.53132 -0
8.17789 -9.34968 2.87286 -0
