4
33
-6.90887 -9.15679 -1.86195 7.20174
4.78048 2.01511 4.00256 -3.75448
-4.11719 -3.65692 8.66645 -8.1065
-0.570188 2.37529 -4.84019 6.58267
5.63544 -9.18458 4.4225 -1.81813
-4.42311 -6.2216 -2.90983 -0
7.02875 -0.633063 3.61776 -0
-4.91821 8.51476 -6.87152 -0
0.401409 7.35577 -6.05884 -0
4.93395 6.76925 5.56309 -0
-5.09473 -1.98994 -9.04586 -0
2.68879 -4.40545 1.12346 -0
-0 2.91058 -6.03755 -6.61941
-0 9.31172 9.23547 6.16127
-0 -4.19195 1.51494 -7.43397
-0 0.453972 9.79834 -2.71162
-0 -3.36731 2.62347 -4.23047
-0 -7.0716 -0.21685 -3.01048
-0 6.36268 -8.53438 -7.80156
-6.10389 -0 -1.55714 5.59405
-0.569506 -0 9.81726 -9.81436
3.20168 -0 -8.5332 -3.29019
0.672267 -0 2.86785 -7.98921
-0.89857 -0 1.29084 5.74787
1.96502 -0 -7.51588 -9.37888
9.29092 -0 -5.38229 -2.37239
3.02202 -9.36258 -0 8.75568
3.91999 -7.8939 -0 -9.77267
6.82955 4.67104 -0 7.99834
-0.635814 -8.29718 -0 4.51225
0.202092 7.28428 -0 -0.142788
0.263463 0.227938 -0 9.36969
2.0302 6.72401 -0 3.00082
