4
33
3.79905 9.60838 -3.10192 8.79178
-8.82759 9.94207 -1.98046 -6.33613
-2.17711 -7.26913 -6.86674 -7.05357
-8.99335 7.26543 -9.43596 2.99043
-4.21118 8.06236 -8.84109 -3.09413
-0 0.324466 -4.58698 7.86474
-0 -0.0854967 -5.94582 -5.31166
-0 -2.99211 8.45927 3.03471
-0 3.76411 -4.15473 7.6829
-0 -7.24885 -3.58526 -2.58636
-0 -6.22065 4.99809 -5.89386
-0 -7.17047 -6.2141 -7.06129
-8.11749 -0 -6.15944 -2.26593
-6.43502 -0 0.707957 6.63102
4.93156 -0 3.41951 -9.90945
-1.15569 -0 9.76559 5.65251
7.29355 -0 1.75272 -5.71692
8.34183 -0 -1.65473 -8.79796
6.63642 -0 -6.0349 -4.73705
-3.01519 -7.16373 -0 0.679632
-0.198248 -8.74381 -0 -0.977864
-7.18436 -3.58944 -0 2.27975
6.94203 -2.69798 -0 -4.32931
-8.59712 4.79242 -0 7.67443
9.28142 4.80597 -0 -8.89759
1.4851 -9.97124 -0 -7.56797
-7.37957 -0.556885 7.37316 -0
-3.24277 -9.74041 0.797328 -0
-4.45393 -0.752053 7.55241 -0
6.62611 -4.3428 4.85271 -0
8.36966 -1.30036 6.87368 -0
-7.25325 -7.93328 1.82558 -0
6.4067 1.29898 9.74428 -0
