4
26
-2.28801 -0.826154 -4.66338 5.46252
-3.24535 -7.02545 -2.35255 2.37877
-8.31116 8.62236 8.06104 -3.62553
-3.20842 9.83115 -2.72777 -8.36948
-3.79508 1.63828 3.47548 4.93046
0.594913 -0 -1.89064 -4.09508
7.12959 -0 2.66043 -5.13423
-1.24978 -0 9.99179 4.28187
-9.23431 -0 -3.00527 -1.48419
-4.77283 -0 9.56849 -3.19426
7.35529 -0 2.34743 -2.78276
6.41667 -0 -9.15812 0.314446
-8.66197 -6.45249 -0 8.00716
-5.69538 5.81637 -0 -8.13287
-8.27579 8.60567 -0 -2.94496
4.96873 -5.86878 -0 -0.808289
3.61701 1.55542 -0 5.11767
6.82711 1.68535 -0 -6.16786
2.58857 7.76205 -0 6.75352
-6.79033 3.17964 -5.00018 -0
-4.47788 4.17987 -5.17063 -0
-2.66614 4.94761 -1.86582 -0
2.27644 -5.74917 5.59627 -0
8.51562 -2.48508 -2.02859 -0
4.83171 4.66372 -6.85515 -0
-0.501427 -1.36272 5.42198 -0
