4
26
8.70642 8.45944 6.48988 6.33718
7.49976 -7.74006 -8.69796 4.2464
2.76888 4.46565 -4.97246 4.48435
-5.10782 8.32151 -6.53536 -4.98214
-7.2127 5.61127 7.38439 2.57445
0.216158 -0 -5.37742 -7.23326
5.91267 -0 -8.9522 2.33027
-1.45441 -0 6.53125 -8.63271
7.79907 -0 -0.362174 6.5578
8.1999 -0 0.0972424 -9.30666
2.69447 -0 -8.30539 5.82247
-1.52138 -0 -2.07055 1.34759
2.47085 -7.22524 -0 2.55976
2.59649 4.31579 -0 -4.12392
-8.38288 -2.27733 -0 7.26253
1.65286 -1.64719 -0 -7.30007
2.80537 9.34454 -0 -3.81179
4.91325 -8.49759 -0 -7.91036
-9.80991 -3.66433 -0 -1.80008
-6.79033 3.17964 -5.00018 -0
-4.47788 4.17987 -5.17063 -0
-2.66614 4.94761 -1.86582 -0
2.27644 -5.74917 5.59627 -0
8.51562 -2.48508 -2.02859 -0
4.83171 4.66372 -6.85515 -0
-0.501427 -1.36272 5.42198 -0
