4
26
3.34081 2.4129 2.35296 -0.982213
4.83215 -9.77164 9.20371 4.09173
2.73918 3.6117 7.29738 -4.41972
2.06855 -5.83058 -2.04131 7.69465
-9.27397 -5.23448 7.35666 -0.286172
-0 -1.91913 -9.19974 2.40707
-0 -1.50837 4.31846 -4.57334
-0 2.06082 -1.1221 -2.42714
-0 -6.97761 -1.83788 6.8908
-0 -2.16106 1.1904 -3.80545
-0 4.79214 -7.24297 6.86505
-0 -3.36667 -3.23655 -0.520449
-3.01519 -7.16373 -0 0.679632
-0.198248 -8.74381 -0 -0.977864
-7.18436 -3.58944 -0 2.27975
6.94203 -2.69798 -0 -4.32931
-8.59712 4.79242 -0 7.67443
9.28142 4.80597 -0 -8.89759
1.4851 -9.97124 -0 -7.56797
3.98124 8.24622 4.38338 -0
0.460006 -1.12143 8.25138 -0
-2.29267 -7.58357 -7.67753 -0
-5.56152 3.72232 3.80132 -0
1.03445 -8.93598 3.46951 -0
-4.28077 -6.74134 4.90368 -0
6.88348 6.57858 -9.5889 -0
