20 10
1354.77 8350.09
9688.68 2210.34
3081.67 5472.21
1883.82 9928.81
9964.61 9676.95
7258.39 9811.1
1098.62 7981.06
2970.29 47.8348
1124.65 6397.63
8784.31 5036.63
7979.29 3612.94
2119.24 6813.6
4747.59 4220.88
7972.8 3165.5
8724.29 1491.14
9940.68 8219.03
1251.83 7637.5
4905.89 6636.06
1258.97 2102.09
512.164 364.413
10
7327.82 7387.74
7459.37 6292.17
9363.91 6005.77
7733.4 5653.52
7479.03 5373.26
7186.41 4942.85
6069.61 5247.65
6749.95 6123.29
5194.61 7555.95
7003.73 6267.89
8
1056.72 5331.32
1188.99 3684.88
1691.29 3676.63
3000.34 2659.38
1932.81 1602.72
922.653 2701.67
-412.272 2498.67
609.104 3723.14
10
2899.19 9132.39
3297.41 10167.7
3849.14 9942.61
3423.82 9213.83
4154.22 8483.34
3252.79 8209.53
2915.04 8849.03
1878.03 8115.3
530.982 9376.13
2826.87 9173.5
4
7066.04 7409.61
6010.51 9403.81
8517.84 10005.4
9491.81 7514.89
6
4643.23 6375.24
5857.45 6113.32
6085.04 5825.79
5915.56 5746.5
5375.49 4365.56
3542.69 5598.77
10
4583.17 4037.3
4483.36 3738.96
4788.68 3649.54
6137.9 2331.9
4700.66 2027.04
3660.08 2368.21
3358.01 3204.16
2233.75 4185.07
3183.58 5594.63
4369.08 4918.22
3
7730.75 3305.53
7822.87 2525.88
7351.74 2493.11
3
7927.3 884.263
8230.06 2349.01
8433.68 923.171
3
5652.2 8874.37
4538.58 6826.76
2919.24 8081.88
3
3603.81 10711.8
4067.03 9644.84
4798.02 8964.32
4000 9000
