219
5 9 18 11 15 1
5 9 18 6 11 15
5 14 4 0 11 15
5 14 9 6 11 15
5 14 18 6 11 15
5 17 14 4 0 11
5 17 14 7 0 11
5 22 14 18 6 15
5 22 14 18 7 15
5 22 17 14 7 0
5 16 22 18 6 15
5 12 17 14 6 11
5 12 17 14 7 11
5 12 17 14 7 6
5 12 14 18 6 11
5 12 14 18 7 11
5 12 14 18 7 6
5 12 9 18 11 1
5 12 9 18 6 1
5 12 9 18 6 11
5 12 9 4 11 1
5 12 17 9 4 11
5 12 17 10 4 11
5 12 16 18 6 1
5 23 17 14 4 11
5 23 17 14 7 6
5 23 22 14 7 6
5 23 22 17 14 7
5 23 14 9 6 11
5 23 17 14 6 11
5 23 12 9 6 11
5 23 12 17 6 11
5 23 12 17 9 11
5 23 12 17 7 6
5 3 10 13 4 0
5 3 17 10 4 0
5 3 17 14 4 0
5 3 23 17 14 4
5 3 14 4 0 15
5 3 13 4 0 15
5 3 22 17 14 0
5 3 23 22 17 14
5 3 17 10 7 0
5 3 22 17 7 0
5 3 22 14 0 15
5 3 22 13 0 15
5 3 22 14 6 15
5 3 23 14 6 15
5 3 23 22 14 6
5 3 16 22 6 15
5 5 12 16 6 1
5 5 12 9 4 1
5 5 12 10 4 1
5 5 10 13 4 0
5 5 23 12 17 10
5 5 12 17 10 4
5 5 3 23 17 10
5 2 12 17 10 7
5 2 23 12 17 7
5 2 23 12 7 6
5 2 5 12 10 1
5 2 12 18 7 6
5 2 23 22 7 6
5 2 5 23 12 6
5 2 16 18 24 1
5 2 12 16 18 1
5 2 5 16 24 1
5 2 5 12 16 1
5 2 12 16 18 6
5 2 5 12 16 6
5 2 14 18 7 6
5 2 22 14 7 6
5 2 22 14 18 6
5 2 22 14 18 7
5 8 3 10 7 0
5 8 5 10 13 0
5 8 2 5 10 24
5 8 5 3 23 10
5 8 3 17 10 7
5 8 3 23 17 10
5 8 2 17 10 7
5 8 2 23 17 7
5 8 2 5 23 6
5 8 5 23 12 10
5 8 2 5 12 10
5 8 2 5 23 12
5 8 23 12 17 10
5 8 2 12 17 10
5 8 2 23 12 17
5 19 5 16 6 1
5 19 9 18 15 1
5 19 16 18 15 1
5 19 9 18 6 1
5 19 16 18 6 1
5 19 12 9 6 1
5 19 5 12 6 1
5 19 5 12 9 1
5 19 9 18 6 15
5 19 16 18 6 15
5 19 23 12 9 6
5 19 5 23 12 6
5 19 23 12 17 9
5 19 5 23 12 17
5 19 14 9 6 15
5 19 23 14 9 6
5 19 14 9 11 15
5 19 12 17 9 4
5 19 5 12 9 4
5 19 5 12 17 4
5 19 23 14 4 11
5 19 23 14 9 11
5 19 17 9 4 11
5 19 23 17 4 11
5 19 23 17 9 11
5 25 3 17 10 4
5 25 5 17 10 4
5 25 5 3 17 10
5 25 3 10 13 4
5 25 5 10 13 4
5 25 5 3 10 13
5 25 3 23 17 4
5 25 5 3 23 17
5 25 19 23 17 4
5 25 19 5 17 4
5 25 19 5 23 17
5 25 3 13 4 15
5 25 3 23 14 4
5 25 19 23 14 4
5 25 19 5 23 6
5 25 3 14 4 15
5 25 5 16 13 1
5 25 19 5 16 1
5 25 19 5 16 6
5 25 3 23 14 15
5 25 19 16 15 1
5 25 14 4 11 15
5 25 19 14 11 15
5 25 19 14 4 11
5 25 5 9 4 1
5 25 19 5 9 1
5 25 19 5 9 4
5 25 23 14 6 15
5 25 19 14 6 15
5 25 19 23 14 6
5 25 3 16 6 15
5 25 3 23 6 15
5 25 19 16 6 15
5 25 19 9 15 1
5 25 19 9 11 15
5 25 19 9 4 11
5 25 9 11 15 1
5 25 9 4 11 1
5 20 3 23 22 17
5 20 8 3 23 17
5 20 23 22 17 7
5 20 8 23 17 7
5 20 3 22 17 7
5 20 8 3 17 7
5 20 3 23 22 6
5 20 2 23 22 7
5 20 8 2 23 7
5 20 3 22 7 0
5 20 8 3 7 0
5 20 2 23 22 6
5 20 8 2 23 6
5 20 2 22 7 24
5 20 8 2 7 24
5 20 3 22 13 0
5 20 8 3 13 0
5 20 3 16 22 6
5 20 2 22 18 24
5 20 2 22 18 6
5 20 16 22 18 6
5 20 2 16 6 24
5 20 2 16 18 24
5 20 2 16 18 6
5 20 16 18 24 15
5 20 16 22 18 15
5 20 3 16 22 15
5 21 25 5 16 13
5 21 25 5 3 13
5 21 25 16 13 15
5 21 25 3 13 15
5 21 25 3 16 15
5 21 25 3 16 6
5 21 25 5 16 6
5 21 20 16 13 15
5 21 20 3 16 15
5 21 20 8 3 13
5 21 20 3 16 6
5 21 25 3 23 6
5 21 25 5 23 6
5 21 25 5 3 23
5 21 3 22 13 15
5 21 20 22 13 15
5 21 20 3 22 15
5 21 20 3 22 13
5 21 20 8 13 24
5 21 5 3 10 13
5 21 8 5 10 13
5 21 8 5 3 10
5 21 20 16 6 24
5 21 8 5 23 6
5 21 8 5 3 23
5 21 3 10 13 0
5 21 8 10 13 0
5 21 8 3 13 0
5 21 8 3 10 0
5 21 20 3 23 6
5 21 20 8 23 6
5 21 20 8 3 23
5 21 2 16 6 24
5 21 2 5 16 24
5 21 2 5 16 6
5 21 8 2 5 24
5 21 8 2 5 6
5 21 20 2 6 24
5 21 20 8 2 24
5 21 20 8 2 6
