219
5 9 10 24 16 15
5 23 9 4 6 18
5 11 4 18 7 15
5 11 9 4 6 18
5 11 9 4 18 15
5 11 23 25 4 7
5 11 23 9 4 6
5 12 10 7 16 15
5 12 10 24 16 15
5 19 12 10 24 15
5 19 9 10 24 15
5 19 12 10 7 15
5 22 14 23 6 3
5 22 11 23 4 7
5 22 11 23 4 6
5 22 13 14 23 3
5 1 9 10 24 16
5 1 12 10 24 16
5 1 19 9 10 3
5 1 19 9 10 24
5 21 11 18 7 15
5 21 19 11 7 15
5 21 19 11 18 15
5 21 19 14 18 3
5 21 11 4 18 7
5 21 22 11 4 7
5 21 19 11 6 18
5 21 11 4 6 18
5 21 22 4 6 18
5 21 22 11 4 6
5 21 22 14 6 18
5 5 19 11 7 15
5 5 19 12 7 15
5 5 11 4 7 15
5 5 19 12 24 15
5 5 19 12 11 24
5 5 19 9 24 15
5 5 12 24 16 15
5 5 11 9 4 15
5 5 11 25 4 16
5 5 11 9 18 15
5 5 19 9 18 15
5 5 19 11 18 15
5 5 11 9 24 18
5 5 19 9 24 18
5 5 19 11 24 18
5 5 9 24 16 15
5 5 9 4 16 15
5 5 9 4 24 16
5 20 23 9 6 18
5 20 19 9 24 18
5 20 19 9 18 3
5 20 19 14 18 3
5 20 23 6 18 3
5 20 14 6 18 3
5 20 14 23 6 3
5 20 11 9 24 18
5 20 11 9 6 18
5 20 1 19 9 3
5 20 13 14 23 3
5 20 11 23 9 6
5 20 1 19 9 24
5 20 11 23 9 4
5 20 1 19 10 24
5 20 1 9 24 16
5 20 1 23 9 16
5 20 1 13 23 16
5 20 9 4 24 16
5 20 23 9 4 16
5 20 5 9 4 24
5 20 5 11 9 24
5 20 5 11 9 4
5 20 1 12 24 16
5 20 13 23 25 16
5 20 13 12 23 25
5 20 5 12 24 16
5 20 5 12 11 24
5 20 12 11 23 25
5 20 5 4 24 16
5 20 5 11 4 16
5 20 23 25 4 16
5 20 11 25 4 16
5 20 11 23 25 4
5 20 1 12 25 16
5 20 1 13 25 16
5 20 1 13 12 25
5 20 5 11 25 16
5 20 5 12 25 16
5 20 5 12 11 25
5 17 19 12 10 24
5 17 1 12 10 24
5 17 20 1 12 24
5 17 20 1 13 12
5 17 1 13 25 10
5 17 1 13 12 25
5 17 13 12 23 25
5 17 1 13 10 3
5 17 12 25 10 16
5 17 1 25 10 16
5 17 1 12 10 16
5 17 1 12 25 16
5 2 5 19 12 11
5 2 19 12 11 24
5 2 21 19 11 7
5 2 5 19 11 7
5 2 21 22 11 6
5 2 21 22 11 7
5 2 19 12 10 7
5 2 17 19 12 10
5 2 22 11 23 6
5 2 11 23 25 7
5 2 22 23 25 7
5 2 22 11 23 7
5 2 17 25 10 7
5 2 17 19 14 10
5 2 17 12 23 25
5 2 19 14 10 3
5 2 21 19 10 3
5 2 21 19 14 3
5 2 17 14 10 3
5 2 21 22 14 3
5 2 22 13 23 3
5 2 17 13 23 3
5 2 22 13 14 3
5 2 17 13 14 3
5 0 12 7 16 15
5 0 5 12 16 15
5 0 5 12 7 15
5 0 4 7 16 15
5 0 5 4 16 15
5 0 5 4 7 15
5 0 5 12 25 16
5 0 25 4 7 16
5 0 5 25 4 16
5 0 25 10 7 16
5 0 12 10 7 16
5 0 12 25 10 16
5 0 5 12 11 25
5 0 11 25 4 7
5 0 5 11 4 7
5 0 5 11 25 4
5 0 17 25 10 7
5 0 17 12 25 10
5 0 2 11 25 7
5 0 2 5 11 7
5 0 2 5 12 11
5 0 2 12 10 7
5 0 2 17 10 7
5 0 2 17 12 10
5 0 2 17 25 7
5 0 2 17 12 25
5 0 12 11 23 25
5 0 2 11 23 25
5 0 2 12 23 25
5 0 2 12 11 23
5 0 5 19 12 7
5 0 2 19 12 7
5 0 2 5 19 7
5 0 2 5 19 12
5 8 20 14 6 18
5 8 20 19 14 18
5 8 21 14 6 18
5 8 21 19 6 18
5 8 21 19 14 18
5 8 19 11 6 18
5 8 20 11 6 18
5 8 2 21 19 14
5 8 19 11 24 18
5 8 20 11 24 18
5 8 20 19 24 18
5 8 2 17 19 14
5 8 17 19 14 10
5 8 21 22 14 6
5 8 2 21 22 6
5 8 2 21 22 14
5 8 21 19 11 6
5 8 2 21 11 6
5 8 2 21 19 11
5 8 2 19 11 24
5 8 20 12 11 24
5 8 20 14 23 6
5 8 20 13 14 23
5 8 17 20 1 13
5 8 19 14 10 3
5 8 20 19 14 3
5 8 20 19 10 24
5 8 17 19 10 24
5 8 2 12 11 24
5 8 20 11 23 6
5 8 20 12 11 23
5 8 2 22 13 14
5 8 2 17 13 14
5 8 22 14 23 6
5 8 22 13 14 23
5 8 17 20 13 12
5 8 20 13 14 3
5 8 20 1 13 3
5 8 17 13 14 3
5 8 17 1 13 3
5 8 17 19 12 24
5 8 2 19 12 24
5 8 2 17 19 12
5 8 17 20 12 24
5 8 1 19 10 3
5 8 20 1 19 3
5 8 20 1 19 10
5 8 17 14 10 3
5 8 17 1 10 3
5 8 20 1 10 24
5 8 17 1 10 24
5 8 17 20 1 24
5 8 2 11 23 6
5 8 2 12 11 23
5 8 2 22 23 6
5 8 2 22 13 23
5 8 20 13 12 23
5 8 17 13 12 23
5 8 2 17 12 23
5 8 2 17 13 23
