105
5 1 5 8 15 0
5 1 5 3 11 15
5 14 18 3 11 6
5 7 1 5 8 0
5 7 14 18 11 4
5 10 7 8 4 0
5 10 7 14 18 4
5 16 1 3 11 15
5 16 1 5 3 11
5 16 2 8 15 0
5 16 5 2 3 15
5 16 1 5 3 15
5 12 7 1 8 0
5 12 16 1 2 17
5 12 16 2 8 0
5 12 10 7 8 0
5 12 10 2 17 6
5 12 2 8 6 0
5 12 10 8 6 0
5 12 10 2 8 6
5 12 7 1 11 0
5 12 7 1 17 11
5 12 1 8 15 0
5 12 16 8 15 0
5 12 16 1 15 0
5 12 16 1 8 15
5 12 10 7 18 0
5 12 10 7 18 17
5 12 10 18 6 0
5 12 10 18 17 6
5 12 7 18 11 0
5 12 7 18 17 11
5 12 18 17 11 6
5 9 12 1 2 17
5 9 16 1 2 17
5 9 5 2 8 6
5 9 14 5 8 6
5 9 12 10 2 17
5 9 12 10 2 8
5 9 12 7 1 17
5 9 12 7 1 8
5 9 12 16 2 8
5 9 12 16 1 8
5 9 12 16 1 2
5 9 7 1 17 11
5 9 16 1 5 11
5 9 7 1 5 11
5 9 7 1 5 8
5 9 16 5 2 3
5 9 5 2 8 15
5 9 16 2 8 15
5 9 16 5 2 15
5 9 1 5 8 15
5 9 16 1 8 15
5 9 16 1 5 15
5 9 10 2 8 6
5 9 10 14 8 6
5 9 14 5 8 4
5 9 5 2 3 6
5 9 14 5 3 6
5 9 12 10 7 17
5 9 12 10 7 8
5 9 7 18 17 11
5 9 16 5 3 11
5 9 7 5 11 4
5 9 7 5 8 4
5 9 10 7 18 17
5 9 10 14 8 4
5 9 10 14 18 4
5 9 10 18 17 6
5 9 10 2 17 6
5 9 10 14 18 6
5 9 18 3 17 11
5 9 14 18 3 11
5 9 14 18 11 4
5 9 5 3 11 4
5 9 14 3 11 4
5 9 14 5 3 4
5 9 18 3 17 6
5 9 2 3 17 6
5 9 14 18 3 6
5 9 7 18 11 4
5 9 10 7 8 4
5 9 10 7 18 4
5 13 12 1 17 11
5 13 12 16 1 17
5 13 9 1 17 11
5 13 9 16 1 11
5 13 9 16 1 17
5 13 12 17 11 6
5 13 16 1 11 0
5 13 12 1 11 0
5 13 12 16 1 0
5 13 9 3 17 11
5 13 9 16 3 11
5 13 12 2 17 6
5 13 12 16 2 17
5 13 9 2 3 17
5 13 9 16 2 17
5 13 9 16 2 3
5 13 18 17 11 6
5 13 18 3 11 6
5 13 18 3 17 6
5 13 18 3 17 11
5 13 2 3 17 6
