326
5 22 27 29 24 4
5 1 22 29 24 4
5 19 27 9 29 20
5 19 7 27 20 17
5 18 7 12 2 32
5 13 10 12 2 21
5 13 16 12 2 21
5 13 10 12 2 17
5 31 7 27 20 17
5 31 27 9 15 0
5 31 16 27 9 15
5 31 13 16 20 17
5 31 19 27 9 20
5 31 19 16 9 20
5 31 19 16 27 9
5 31 22 27 0 4
5 31 27 15 0 4
5 31 16 27 15 4
5 31 1 22 0 4
5 31 13 1 0 4
5 6 18 7 29 32
5 6 18 29 2 32
5 3 31 16 9 15
5 3 31 16 9 20
5 3 7 12 20 17
5 3 7 12 32 21
5 3 31 9 15 0
5 8 7 12 2 32
5 8 18 7 12 2
5 8 18 7 2 32
5 8 10 12 2 17
5 8 18 12 2 17
5 8 18 10 2 17
5 8 18 7 12 17
5 8 1 10 24 2
5 8 18 27 10 24
5 25 19 27 10 24
5 25 19 27 9 24
5 25 19 9 20 21
5 25 19 16 9 20
5 25 13 10 12 21
5 25 13 10 12 17
5 25 13 16 12 21
5 25 3 16 12 21
5 25 3 9 15 21
5 25 3 16 15 21
5 25 3 16 9 15
5 25 3 9 20 21
5 25 3 16 9 20
5 25 10 12 2 21
5 25 8 12 2 21
5 25 8 10 2 21
5 25 8 10 12 2
5 25 8 10 12 17
5 25 3 16 20 17
5 25 13 16 12 17
5 25 3 16 12 17
5 25 13 16 20 17
5 25 3 12 20 17
5 25 7 12 20 17
5 25 19 7 20 17
5 25 3 7 12 21
5 25 3 7 12 20
5 28 18 7 27 17
5 28 31 7 27 17
5 28 31 18 27 17
5 28 18 7 12 17
5 28 6 18 12 17
5 28 31 22 27 4
5 28 18 7 12 32
5 28 6 7 12 32
5 28 6 18 12 32
5 28 6 18 7 32
5 28 6 18 7 29
5 28 22 27 29 0
5 28 31 22 27 0
5 28 6 1 22 29
5 28 6 22 29 0
5 28 31 27 9 0
5 28 27 9 29 20
5 28 31 27 9 20
5 28 31 7 27 20
5 28 19 27 29 20
5 28 19 7 29 20
5 28 19 7 27 20
5 28 19 7 27 29
5 23 18 12 2 32
5 23 18 12 2 17
5 23 6 18 2 32
5 23 6 18 12 32
5 23 6 18 12 17
5 23 6 18 1 2
5 23 18 10 2 17
5 23 13 10 2 17
5 23 18 1 10 2
5 23 28 6 18 17
5 23 28 6 18 1
5 23 31 13 1 0
5 23 28 31 18 17
5 23 31 13 1 4
5 23 28 18 1 22
5 23 31 1 22 4
5 23 31 1 22 0
5 23 28 31 22 0
5 23 6 1 22 0
5 23 28 6 22 0
5 23 28 6 1 22
5 23 28 18 22 4
5 23 28 31 22 4
5 23 28 31 18 4
5 30 6 7 29 32
5 30 8 7 29 32
5 30 25 7 20 21
5 30 25 19 20 21
5 30 25 19 7 20
5 30 19 27 29 24
5 30 19 7 27 29
5 30 25 19 7 17
5 30 19 27 10 24
5 30 8 27 10 24
5 30 7 12 32 21
5 30 25 7 12 21
5 30 25 8 12 21
5 30 8 7 12 32
5 30 25 10 24 21
5 30 25 8 10 21
5 30 25 19 10 24
5 30 8 7 12 17
5 30 25 7 12 17
5 30 25 8 12 17
5 30 25 19 10 17
5 30 25 8 10 17
5 30 12 2 32 21
5 30 8 12 2 21
5 30 8 12 2 32
5 30 8 18 27 10
5 30 19 27 10 17
5 30 19 7 27 17
5 30 8 18 10 17
5 30 8 18 7 17
5 30 18 27 10 17
5 30 18 7 27 17
5 26 3 16 12 17
5 26 3 7 12 17
5 26 31 16 20 17
5 26 3 16 20 17
5 26 3 31 16 20
5 26 13 16 12 17
5 26 31 13 16 0
5 26 31 13 16 17
5 26 28 7 12 17
5 26 28 31 7 17
5 26 31 7 20 17
5 26 3 7 20 17
5 26 3 31 7 20
5 26 31 16 15 0
5 26 3 31 15 0
5 26 3 31 16 15
5 26 28 6 12 17
5 26 23 31 13 0
5 26 23 31 13 17
5 26 3 6 15 0
5 26 3 16 12 15
5 26 23 6 12 17
5 26 13 12 2 17
5 26 23 12 2 17
5 26 23 13 2 17
5 26 13 16 12 2
5 26 28 6 7 12
5 26 23 28 31 0
5 26 23 28 6 0
5 26 23 28 31 17
5 26 23 28 6 17
5 26 16 12 15 32
5 26 3 12 15 32
5 26 3 6 15 32
5 26 3 6 12 32
5 26 23 6 2 0
5 26 23 12 2 32
5 26 23 6 2 32
5 26 23 6 12 32
5 11 6 7 12 32
5 11 3 7 12 32
5 11 3 6 12 32
5 11 3 7 32 21
5 11 26 6 7 12
5 11 26 3 7 12
5 11 26 3 6 12
5 11 30 7 32 21
5 11 30 6 7 32
5 11 26 3 6 0
5 11 30 7 20 21
5 11 25 7 20 21
5 11 25 3 20 21
5 11 25 3 7 21
5 11 25 3 7 20
5 11 3 9 20 21
5 11 26 28 6 0
5 11 26 28 6 7
5 11 26 3 31 0
5 11 26 3 31 7
5 11 30 6 7 29
5 11 3 9 15 21
5 11 3 9 15 0
5 11 3 6 15 0
5 11 26 28 31 0
5 11 26 28 31 7
5 11 3 31 7 20
5 11 30 19 20 21
5 11 19 7 29 20
5 11 30 19 7 20
5 11 30 19 7 29
5 11 28 9 29 20
5 11 28 7 29 20
5 11 28 6 7 29
5 11 3 31 9 0
5 11 3 31 9 20
5 11 28 6 29 0
5 11 28 31 7 20
5 11 19 9 29 20
5 11 28 31 9 0
5 11 28 31 9 20
5 11 27 9 29 0
5 11 28 27 29 0
5 11 28 27 9 0
5 11 28 27 9 29
5 14 18 7 29 32
5 14 8 7 29 32
5 14 8 18 7 32
5 14 18 29 2 32
5 14 8 29 2 32
5 14 8 18 2 32
5 14 30 8 7 29
5 14 30 8 18 7
5 14 30 8 29 24
5 14 6 1 29 2
5 14 6 18 29 2
5 14 6 18 1 2
5 14 18 1 10 2
5 14 8 1 10 2
5 14 8 18 10 2
5 14 30 27 29 24
5 14 30 7 27 29
5 14 30 18 7 27
5 14 8 18 27 24
5 14 30 8 27 24
5 14 30 8 18 27
5 14 28 6 1 29
5 14 28 6 18 29
5 14 28 6 18 1
5 14 8 1 10 24
5 14 8 18 10 24
5 14 1 22 29 24
5 14 28 7 27 29
5 14 28 18 7 29
5 14 28 18 7 27
5 14 28 1 22 29
5 14 28 18 1 22
5 14 1 10 24 4
5 14 22 27 29 24
5 14 28 22 27 29
5 14 18 27 10 24
5 14 22 27 24 4
5 14 1 22 24 4
5 14 28 22 27 4
5 14 28 18 22 4
5 14 23 1 22 4
5 14 23 18 22 4
5 14 23 18 1 4
5 14 23 18 1 22
5 14 31 18 27 4
5 14 28 31 27 4
5 14 28 31 18 4
5 14 28 31 18 27
5 5 13 16 10 21
5 5 25 13 10 21
5 5 25 13 16 21
5 5 25 10 24 21
5 5 25 27 10 24
5 5 25 16 15 21
5 5 25 13 10 17
5 5 27 9 15 21
5 5 25 9 15 21
5 5 25 27 9 21
5 5 16 27 9 15
5 5 25 16 9 15
5 5 31 16 27 4
5 5 31 13 16 4
5 5 23 13 10 17
5 5 19 27 10 17
5 5 25 19 10 17
5 5 25 19 27 10
5 5 31 19 16 27
5 5 19 16 27 9
5 5 25 19 27 9
5 5 25 19 16 9
5 5 25 19 16 20
5 5 25 13 16 20
5 5 16 27 15 4
5 5 14 10 24 4
5 5 14 27 24 4
5 5 14 27 10 24
5 5 23 13 1 4
5 5 18 27 10 17
5 5 23 18 10 17
5 5 25 19 20 17
5 5 25 13 20 17
5 5 31 19 16 20
5 5 31 13 16 20
5 5 14 18 27 4
5 5 14 18 27 10
5 5 23 18 1 4
5 5 23 18 1 10
5 5 31 18 27 4
5 5 23 31 18 4
5 5 23 31 13 4
5 5 23 31 13 17
5 5 31 18 27 17
5 5 23 31 18 17
5 5 19 27 20 17
5 5 31 27 20 17
5 5 31 19 27 20
5 5 31 13 20 17
5 5 14 1 10 4
5 5 14 18 1 4
5 5 14 18 1 10
