185
5 21 20 13 7 11
5 5 18 6 15 23
5 5 0 18 6 22
5 14 16 20 13 11
5 14 16 6 15 11
5 14 16 18 6 13
5 14 0 18 17 13
5 14 0 18 6 13
5 14 0 18 6 17
5 14 20 13 7 11
5 14 16 18 6 15
5 14 21 13 7 11
5 14 21 17 13 7
5 14 16 20 7 15
5 19 16 18 6 13
5 19 18 6 15 23
5 19 16 6 15 23
5 19 16 18 6 15
5 19 0 18 6 13
5 19 0 18 17 13
5 1 5 0 6 22
5 1 14 25 6 17
5 1 14 0 6 17
5 1 14 0 25 17
5 2 1 0 25 22
5 24 14 16 18 13
5 24 19 16 18 13
5 24 14 18 17 13
5 24 19 18 17 13
5 24 14 17 13 7
5 24 14 18 17 7
5 24 14 20 13 7
5 24 14 16 20 7
5 24 14 16 20 13
5 24 14 18 7 15
5 24 14 16 7 15
5 24 14 16 18 15
5 24 19 16 18 15
5 24 21 17 13 7
5 24 16 20 7 15
5 24 19 0 17 13
5 24 19 0 18 17
5 24 16 20 3 15
5 24 19 16 20 3
5 24 19 18 15 23
5 24 16 3 15 23
5 24 19 16 15 23
5 24 19 16 3 23
5 8 2 3 23 22
5 8 2 5 23 22
5 8 5 18 23 22
5 8 24 18 3 23
5 8 24 19 3 23
5 8 24 19 18 23
5 8 2 1 5 22
5 8 2 5 6 23
5 8 5 0 18 22
5 8 5 18 6 23
5 8 19 18 6 23
5 8 24 0 18 22
5 8 24 19 0 18
5 8 1 5 0 22
5 8 2 1 5 6
5 8 2 1 0 22
5 8 5 0 18 6
5 8 19 0 18 6
5 8 24 19 0 13
5 8 1 5 0 6
5 8 19 0 6 13
5 9 16 20 13 11
5 9 2 20 13 11
5 9 2 16 20 13
5 9 2 16 6 13
5 9 2 21 25 11
5 9 16 6 15 11
5 9 16 6 15 23
5 9 2 16 6 23
5 9 2 5 6 23
5 9 14 16 13 11
5 9 14 16 6 11
5 9 14 16 6 13
5 9 2 1 6 13
5 9 2 1 5 6
5 9 2 1 25 22
5 9 2 1 5 22
5 9 14 25 6 11
5 9 1 14 25 6
5 9 2 1 0 13
5 9 2 1 0 25
5 9 14 0 6 13
5 9 1 0 6 13
5 9 1 14 0 6
5 9 1 14 0 25
5 9 14 0 25 17
5 12 2 21 20 3
5 12 21 20 13 7
5 12 24 20 13 7
5 12 24 21 13 7
5 12 21 20 3 7
5 12 24 20 3 7
5 12 24 21 3 7
5 12 2 21 25 3
5 12 21 20 13 11
5 12 2 20 13 11
5 12 2 21 20 11
5 12 2 25 3 22
5 12 8 2 3 22
5 12 9 2 13 11
5 12 8 2 0 22
5 10 8 24 19 3
5 10 12 8 24 3
5 10 24 19 20 3
5 10 12 24 20 3
5 10 12 8 2 3
5 10 8 24 19 13
5 10 19 16 20 3
5 10 12 24 20 13
5 10 8 19 3 23
5 10 8 2 3 23
5 10 2 16 20 3
5 10 12 2 20 3
5 10 24 16 20 13
5 10 24 19 16 13
5 10 24 19 16 20
5 10 19 16 3 23
5 10 2 16 3 23
5 10 8 19 6 23
5 10 8 2 6 23
5 10 8 19 6 13
5 10 12 2 0 13
5 10 12 8 2 0
5 10 2 16 20 13
5 10 12 2 20 13
5 10 19 16 6 23
5 10 2 16 6 23
5 10 19 16 6 13
5 10 2 16 6 13
5 10 2 1 6 13
5 10 8 2 1 6
5 10 2 1 0 13
5 10 8 2 1 0
5 10 1 0 6 13
5 10 8 0 6 13
5 10 8 1 0 6
5 4 8 24 0 13
5 4 24 0 17 13
5 4 10 8 0 13
5 4 10 12 0 13
5 4 10 12 8 0
5 4 10 8 24 13
5 4 10 12 24 13
5 4 10 12 8 24
5 4 8 24 0 22
5 4 12 8 0 22
5 4 12 8 24 22
5 4 24 21 17 13
5 4 12 24 21 13
5 4 9 0 25 17
5 4 12 2 0 13
5 4 9 14 25 17
5 4 14 0 17 13
5 4 9 14 0 13
5 4 9 14 0 17
5 4 9 2 0 13
5 4 9 2 0 25
5 4 21 25 17 11
5 4 12 21 13 11
5 4 12 9 2 13
5 4 2 0 25 22
5 4 12 2 25 22
5 4 12 2 0 22
5 4 12 25 3 22
5 4 12 21 25 3
5 4 14 25 17 11
5 4 9 14 13 11
5 4 9 14 25 11
5 4 14 21 13 11
5 4 14 21 17 11
5 4 14 21 17 13
5 4 12 9 13 11
5 4 2 21 25 11
5 4 12 2 21 11
5 4 12 2 21 25
5 4 9 2 25 11
5 4 12 9 2 11
