319
5 24 7 9 11 30
5 15 7 9 11 30
5 15 7 11 30 0
5 15 7 6 11 0
5 17 7 6 16 0
5 17 4 7 16 0
5 17 4 7 16 28
5 17 4 10 16 28
5 17 7 6 11 0
5 17 24 6 11 0
5 17 7 11 30 0
5 17 24 11 30 0
5 17 24 7 11 30
5 17 7 9 28 30
5 17 24 7 9 30
5 17 24 7 9 28
5 32 10 9 28 30
5 8 17 7 28 30
5 8 17 4 7 28
5 8 17 7 30 0
5 8 17 4 7 0
5 8 4 10 30 23
5 8 4 15 7 23
5 8 15 7 30 0
5 8 4 15 16 23
5 8 15 7 6 0
5 8 7 6 16 0
5 8 4 7 16 0
5 8 15 7 6 16
5 8 4 15 7 16
5 19 17 10 16 28
5 21 32 24 13 0
5 21 17 24 30 0
5 21 32 24 30 0
5 21 17 24 9 30
5 21 32 24 9 30
5 21 8 4 30 0
5 21 8 17 30 0
5 21 8 17 4 0
5 21 8 4 10 30
5 21 8 17 28 30
5 21 17 4 10 28
5 21 8 17 4 28
5 18 1 24 9 11
5 26 21 24 13 0
5 26 21 17 24 0
5 26 21 17 24 28
5 26 21 17 10 28
5 26 21 32 24 13
5 26 18 32 24 13
5 22 24 7 9 28
5 22 7 9 28 30
5 22 24 7 9 11
5 22 15 7 9 11
5 22 10 9 30 23
5 22 10 9 28 30
5 22 8 7 28 30
5 22 15 9 30 23
5 22 15 7 9 30
5 22 15 9 11 23
5 22 1 9 11 23
5 22 8 4 7 23
5 22 8 4 7 28
5 22 8 10 30 23
5 22 8 10 28 30
5 22 8 15 30 23
5 22 8 15 7 23
5 22 8 15 7 30
5 22 8 4 10 23
5 22 8 4 10 28
5 27 17 7 6 11
5 27 17 7 6 16
5 27 15 7 6 11
5 27 17 24 6 11
5 27 29 24 6 11
5 27 17 24 7 11
5 27 15 7 6 16
5 27 17 7 16 28
5 27 19 17 16 28
5 27 26 17 24 28
5 25 29 24 6 11
5 25 27 29 24 6
5 25 26 24 13 0
5 25 26 18 24 13
5 25 27 19 29 6
5 25 18 29 3 13
5 25 26 18 3 13
5 25 17 24 6 0
5 25 26 17 24 0
5 25 27 17 24 6
5 25 27 26 17 24
5 25 19 6 16 0
5 25 27 19 6 16
5 25 17 6 16 0
5 25 27 17 6 16
5 25 27 19 17 16
5 25 26 19 17 28
5 25 27 19 17 28
5 25 27 26 17 28
5 25 26 19 3 28
5 25 26 21 13 0
5 25 26 21 17 0
5 14 26 17 10 28
5 14 26 19 17 28
5 14 25 26 19 17
5 14 19 17 10 16
5 14 25 19 17 16
5 14 26 21 17 10
5 14 25 26 21 17
5 14 25 26 3 13
5 14 25 26 21 13
5 14 19 29 3 13
5 14 25 29 3 13
5 14 25 19 29 13
5 14 25 19 29 3
5 14 17 4 10 16
5 14 21 17 4 10
5 14 25 17 16 0
5 14 25 21 17 0
5 14 25 19 16 0
5 14 25 21 13 0
5 14 21 32 10 30
5 14 17 4 16 0
5 14 21 17 4 0
5 14 21 32 30 0
5 14 21 32 13 0
5 14 21 4 30 0
5 14 21 4 10 30
5 2 26 21 24 28
5 2 26 21 32 24
5 2 21 32 24 9
5 2 17 24 9 28
5 2 21 17 24 28
5 2 21 17 24 9
5 2 32 9 28 30
5 2 21 32 9 30
5 2 18 24 9 28
5 2 26 18 24 28
5 2 18 32 24 9
5 2 26 18 32 24
5 2 14 21 32 10
5 2 26 21 10 28
5 2 14 26 10 28
5 2 14 26 21 10
5 2 26 21 32 13
5 2 14 21 32 13
5 2 14 26 21 13
5 2 17 9 28 30
5 2 21 17 28 30
5 2 21 17 9 30
5 2 32 10 28 30
5 2 21 32 10 30
5 2 26 18 32 13
5 2 8 10 28 30
5 2 21 8 28 30
5 2 21 8 10 30
5 2 26 18 3 13
5 2 26 18 3 28
5 2 8 4 10 28
5 2 21 4 10 28
5 2 21 8 4 28
5 2 21 8 4 10
5 20 27 15 6 11
5 20 27 29 6 11
5 20 15 6 11 23
5 20 29 6 11 23
5 20 27 15 6 16
5 20 22 15 7 23
5 20 27 22 15 7
5 20 27 19 6 16
5 20 27 15 7 16
5 20 19 29 3 23
5 20 4 15 16 23
5 20 4 15 7 23
5 20 4 15 7 16
5 20 22 4 7 23
5 20 4 10 16 23
5 20 19 10 16 23
5 5 19 17 10 28
5 5 14 17 10 28
5 5 14 19 17 28
5 5 14 19 17 10
5 5 14 19 3 10
5 5 2 14 10 28
5 5 26 19 3 28
5 5 14 26 19 28
5 5 2 26 3 28
5 5 2 14 26 28
5 5 25 26 19 3
5 5 14 25 19 3
5 5 14 25 26 3
5 5 14 25 26 19
5 5 2 18 3 28
5 5 14 26 3 13
5 5 2 26 3 13
5 5 2 14 26 13
5 5 14 32 10 13
5 5 2 14 32 13
5 5 2 14 32 10
5 5 22 10 9 28
5 5 22 1 9 28
5 5 32 10 9 28
5 5 2 32 9 28
5 5 2 32 10 28
5 5 18 1 9 28
5 5 2 18 9 28
5 5 2 18 3 13
5 5 2 18 32 13
5 5 22 10 9 23
5 5 22 1 9 23
5 5 2 18 32 9
5 5 18 1 3 13
5 5 18 32 9 13
5 5 18 1 9 13
5 12 26 18 24 28
5 12 27 26 24 28
5 12 20 27 22 7
5 12 25 18 29 24
5 12 25 27 29 24
5 12 27 29 24 11
5 12 20 27 29 11
5 12 25 27 26 24
5 12 18 1 9 28
5 12 22 1 9 28
5 12 18 29 24 11
5 12 18 1 24 11
5 12 18 1 29 11
5 12 18 24 9 28
5 12 22 24 9 28
5 12 22 24 7 28
5 12 22 1 11 23
5 12 18 1 24 9
5 12 1 29 11 23
5 12 20 29 11 23
5 12 20 1 29 23
5 12 17 24 7 28
5 12 27 17 7 28
5 12 27 17 24 28
5 12 27 17 24 7
5 12 22 24 7 11
5 12 27 24 7 11
5 12 20 27 15 11
5 12 20 27 22 15
5 12 22 15 11 23
5 12 20 15 11 23
5 12 20 22 15 23
5 12 1 24 9 11
5 12 22 24 9 11
5 12 22 1 9 11
5 12 22 15 7 11
5 12 27 15 7 11
5 12 27 22 15 7
5 31 12 27 7 28
5 31 12 20 27 7
5 31 12 20 27 29
5 31 25 19 3 28
5 31 25 27 19 28
5 31 5 19 3 28
5 31 20 19 29 3
5 31 20 27 19 29
5 31 25 26 3 28
5 31 25 27 26 28
5 31 12 27 26 28
5 31 12 25 27 26
5 31 12 25 27 29
5 31 12 22 7 28
5 31 12 20 22 7
5 31 12 20 1 29
5 31 25 19 29 3
5 31 25 27 19 29
5 31 5 19 10 28
5 31 20 19 3 23
5 31 27 7 16 28
5 31 27 19 16 28
5 31 20 27 7 16
5 31 20 27 19 16
5 31 26 18 3 28
5 31 12 26 18 28
5 31 25 26 18 3
5 31 25 18 29 3
5 31 12 25 18 29
5 31 5 18 3 28
5 31 5 18 1 28
5 31 5 18 1 3
5 31 12 18 1 28
5 31 5 22 1 28
5 31 12 22 1 28
5 31 5 22 10 28
5 31 12 20 22 23
5 31 22 4 7 28
5 31 20 22 4 7
5 31 1 29 3 23
5 31 20 29 3 23
5 31 20 1 29 23
5 31 18 1 29 3
5 31 12 18 1 29
5 31 12 20 1 23
5 31 19 10 16 28
5 31 20 19 10 16
5 31 20 19 10 23
5 31 19 3 10 23
5 31 5 3 10 23
5 31 5 19 3 10
5 31 4 7 16 28
5 31 20 4 7 16
5 31 25 26 18 24
5 31 12 26 18 24
5 31 12 25 18 24
5 31 12 25 26 24
5 31 5 1 3 23
5 31 5 22 1 23
5 31 12 22 1 23
5 31 22 4 10 28
5 31 5 22 10 23
5 31 4 10 16 28
5 31 20 4 10 16
5 31 22 4 10 23
5 31 20 4 10 23
5 31 20 22 4 23
