226
5 3 24 7 9 15
5 3 17 24 7 15
5 3 17 22 24 15
5 5 3 24 7 9
5 5 3 24 9 15
5 5 3 22 24 15
5 8 5 24 9 15
5 1 5 3 7 9
5 1 5 3 9 15
5 1 5 3 22 15
5 25 3 17 22 24
5 25 3 17 22 15
5 25 3 0 22 15
5 25 3 0 17 15
5 10 5 22 24 15
5 10 8 5 24 15
5 10 17 22 24 15
5 21 8 5 24 9
5 21 10 8 5 24
5 4 1 7 9 14
5 4 1 3 7 9
5 4 3 7 9 15
5 4 1 3 9 15
5 13 1 5 3 7
5 13 1 5 3 22
5 13 4 1 7 14
5 13 4 1 3 7
5 16 10 17 22 15
5 16 25 17 22 15
5 16 25 0 22 15
5 16 25 0 17 15
5 16 8 0 22 15
5 16 10 8 22 15
5 16 8 0 17 15
5 16 10 8 17 15
5 16 10 8 0 17
5 16 21 10 5 22
5 11 16 10 0 17
5 11 16 10 8 0
5 11 10 17 22 24
5 11 16 10 22 24
5 11 16 10 17 22
5 11 25 17 22 24
5 11 16 25 17 22
5 11 16 25 0 17
5 11 25 3 17 24
5 20 21 5 7 9
5 20 21 1 5 9
5 12 5 3 22 24
5 12 13 5 22 24
5 12 13 5 3 22
5 12 25 3 22 24
5 12 13 25 3 22
5 12 5 3 24 7
5 12 13 5 24 7
5 12 13 5 3 7
5 12 11 25 22 24
5 12 11 13 22 24
5 12 11 25 3 24
5 12 3 17 24 7
5 12 11 3 17 24
5 12 11 25 3 17
5 12 11 17 24 7
5 12 11 25 0 17
5 19 13 5 24 7
5 19 12 13 24 7
5 19 12 11 24 7
5 19 12 11 13 24
5 19 21 7 9 14
5 19 21 8 24 9
5 19 21 10 8 24
5 19 5 24 7 9
5 19 21 5 7 9
5 19 21 5 24 9
5 19 13 5 22 24
5 19 11 13 22 24
5 19 20 16 21 8
5 19 16 21 10 8
5 19 11 16 10 24
5 19 11 16 22 24
5 19 21 10 5 24
5 19 16 21 10 5
5 19 16 21 5 22
5 19 20 21 5 22
5 19 20 16 21 22
5 19 10 5 22 24
5 19 16 10 22 24
5 19 16 10 5 22
5 6 13 1 5 22
5 6 20 21 5 22
5 6 20 21 1 5
5 6 21 1 5 9
5 6 21 8 5 9
5 6 20 4 21 8
5 6 20 21 1 9
5 6 20 4 1 9
5 6 20 4 21 9
5 6 8 5 9 15
5 6 1 5 9 15
5 6 1 5 22 15
5 6 4 21 8 9
5 6 21 10 5 22
5 6 21 10 8 5
5 6 20 16 21 22
5 6 20 16 21 8
5 6 20 4 8 0
5 6 1 3 22 15
5 6 4 1 3 15
5 6 25 3 0 22
5 6 4 25 3 0
5 6 4 8 9 15
5 6 4 1 9 15
5 6 10 5 22 15
5 6 10 8 22 15
5 6 10 8 5 15
5 6 16 10 8 22
5 6 16 21 10 22
5 6 16 21 10 8
5 6 16 8 0 22
5 6 20 16 8 0
5 6 8 0 22 15
5 6 4 8 0 15
5 6 3 0 22 15
5 6 4 3 0 15
5 18 19 13 5 7
5 18 12 13 7 14
5 18 19 12 13 7
5 18 12 11 7 14
5 18 19 11 7 14
5 18 19 12 11 7
5 18 19 12 11 13
5 18 12 11 25 0
5 23 19 11 16 22
5 23 19 20 16 22
5 23 11 16 25 22
5 23 19 11 13 22
5 23 18 19 13 22
5 23 18 19 11 13
5 23 11 16 25 0
5 23 12 11 25 22
5 23 18 12 11 25
5 23 16 25 0 22
5 23 12 11 13 22
5 23 18 12 11 13
5 23 12 13 25 22
5 23 6 25 0 22
5 23 6 16 0 22
5 23 6 20 16 22
5 23 6 20 16 0
5 23 13 25 3 22
5 23 6 25 3 22
5 23 6 4 25 0
5 23 6 20 4 0
5 23 13 1 3 22
5 23 6 1 3 22
5 23 6 13 1 22
5 23 6 4 1 3
5 23 6 4 25 3
5 2 19 20 5 22
5 2 23 19 20 22
5 2 23 18 19 22
5 2 23 18 13 22
5 2 19 13 5 22
5 2 18 19 13 22
5 2 18 19 13 5
5 2 18 19 5 7
5 2 6 13 5 22
5 2 6 20 5 22
5 2 18 13 5 7
5 2 23 6 13 22
5 2 23 6 20 22
5 2 20 21 5 7
5 2 19 21 5 7
5 2 19 20 21 5
5 2 18 19 7 14
5 2 18 19 11 14
5 2 23 18 19 11
5 2 6 13 1 5
5 2 6 20 1 5
5 2 13 1 5 7
5 2 18 13 7 14
5 2 23 6 13 1
5 2 19 21 7 14
5 2 19 20 21 14
5 2 23 20 4 0
5 2 19 11 0 14
5 2 19 20 16 0
5 2 23 20 16 0
5 2 23 19 20 16
5 2 18 11 0 14
5 2 1 5 7 9
5 2 20 5 7 9
5 2 20 1 5 9
5 2 13 1 7 14
5 2 6 20 4 1
5 2 23 6 4 1
5 2 23 6 20 4
5 2 13 4 1 14
5 2 12 13 25 14
5 2 18 12 13 14
5 2 23 12 13 25
5 2 23 18 12 25
5 2 23 18 12 13
5 2 21 7 9 14
5 2 20 21 9 14
5 2 20 21 7 9
5 2 23 4 25 0
5 2 19 11 16 0
5 2 23 11 16 0
5 2 23 19 11 16
5 2 18 11 25 0
5 2 23 11 25 0
5 2 23 18 11 25
5 2 1 7 9 14
5 2 13 4 1 3
5 2 23 4 1 3
5 2 23 13 1 3
5 2 4 1 9 14
5 2 20 4 9 14
5 2 20 4 1 9
5 2 12 25 0 14
5 2 18 12 0 14
5 2 18 12 25 0
5 2 13 4 25 3
5 2 23 4 25 3
5 2 23 13 25 3
