297
5 10 15 1 17 32
5 10 4 1 17 32
5 14 10 15 17 32
5 14 7 15 24 17
5 11 7 15 1 9
5 13 2 6 9 32
5 13 2 20 6 9
5 13 2 7 24 9
5 13 20 6 25 9
5 13 2 7 26 9
5 13 2 20 26 9
5 13 2 7 26 24
5 13 2 20 26 24
5 13 18 20 6 25
5 22 20 6 19 32
5 22 2 20 19 32
5 22 2 20 6 32
5 22 2 4 19 32
5 22 2 20 26 19
5 22 2 20 26 24
5 22 13 2 20 24
5 22 13 2 20 6
5 22 2 4 26 19
5 23 11 7 25 9
5 23 13 25 26 9
5 23 13 7 26 9
5 23 13 7 25 9
5 23 20 25 26 9
5 5 13 7 25 9
5 5 11 7 25 9
5 5 14 7 24 17
5 5 11 7 1 17
5 5 23 13 7 25
5 5 23 11 25 27
5 5 23 11 7 25
5 5 23 11 17 27
5 8 10 4 17 32
5 8 14 10 17 32
5 8 22 10 4 32
5 8 14 10 24 17
5 8 22 6 19 32
5 8 22 4 19 32
5 8 22 4 6 19
5 8 18 4 6 19
5 8 22 10 6 24
5 30 2 15 9 32
5 30 2 6 9 32
5 30 13 6 9 32
5 0 10 15 24 17
5 0 14 15 24 17
5 0 14 10 24 17
5 0 14 10 15 17
5 0 14 7 15 24
5 0 8 14 10 24
5 0 14 10 15 32
5 0 30 14 15 32
5 0 22 10 15 32
5 0 22 10 15 24
5 0 30 15 9 32
5 0 8 10 6 24
5 0 22 2 15 32
5 0 22 10 6 24
5 0 2 15 9 32
5 0 30 13 9 32
5 0 30 13 6 32
5 0 13 7 24 9
5 0 22 13 2 24
5 0 22 13 6 24
5 0 8 22 10 6
5 0 13 2 9 32
5 0 13 2 24 9
5 0 2 7 24 9
5 0 2 7 15 9
5 0 2 7 15 24
5 0 8 13 6 24
5 0 13 2 6 32
5 0 22 2 6 32
5 0 22 13 2 6
5 12 11 7 1 17
5 12 23 11 1 17
5 12 11 7 1 9
5 12 7 15 1 17
5 12 10 15 1 17
5 12 5 11 7 17
5 12 5 23 7 17
5 12 5 23 11 17
5 12 5 23 11 7
5 12 23 7 26 9
5 12 23 11 26 9
5 12 23 11 7 9
5 12 2 7 26 9
5 12 22 10 4 26
5 12 10 4 1 17
5 12 7 15 24 17
5 12 10 15 24 17
5 12 22 10 26 24
5 12 7 15 1 9
5 12 2 15 1 9
5 12 2 7 15 9
5 12 22 2 4 26
5 12 23 4 26 17
5 12 10 4 1 32
5 12 22 10 4 32
5 12 22 10 15 24
5 12 2 7 26 24
5 12 22 2 26 24
5 12 10 15 1 32
5 12 22 10 15 32
5 12 2 4 1 32
5 12 22 2 4 32
5 12 2 7 15 24
5 12 2 15 1 32
5 12 22 2 15 32
5 12 0 2 15 24
5 12 0 22 15 24
5 12 0 22 2 24
5 12 0 22 2 15
5 16 18 4 6 19
5 16 22 4 6 19
5 16 18 4 26 19
5 16 22 4 26 19
5 16 8 18 4 6
5 16 8 22 4 6
5 16 18 20 6 19
5 16 13 18 20 6
5 16 22 20 6 19
5 16 22 13 20 6
5 16 22 13 6 24
5 16 8 22 6 24
5 16 8 22 10 4
5 16 18 20 26 19
5 16 22 20 26 19
5 16 8 13 6 24
5 16 8 13 18 24
5 16 8 13 18 6
5 16 23 18 4 26
5 16 22 10 26 24
5 16 22 10 4 26
5 16 8 22 10 24
5 16 8 10 4 17
5 16 8 18 4 17
5 16 23 18 20 26
5 16 13 20 26 24
5 16 22 20 26 24
5 16 22 13 20 24
5 16 8 10 24 17
5 16 23 18 4 17
5 16 23 20 25 26
5 16 23 13 25 26
5 16 13 18 20 25
5 16 23 18 20 25
5 16 13 7 26 24
5 16 23 13 7 26
5 16 12 10 26 24
5 16 12 10 4 26
5 16 12 23 4 26
5 16 12 10 4 17
5 16 12 23 4 17
5 16 20 25 26 9
5 16 13 25 26 9
5 16 13 20 26 9
5 16 13 20 25 9
5 16 13 18 25 27
5 16 23 18 25 27
5 16 12 7 26 24
5 16 12 23 7 26
5 16 5 13 7 24
5 16 5 23 13 7
5 16 12 10 24 17
5 16 5 13 25 27
5 16 5 23 25 27
5 16 5 23 13 25
5 16 12 7 24 17
5 16 12 23 7 17
5 16 5 7 24 17
5 16 5 23 7 17
5 16 23 18 17 27
5 16 5 18 17 27
5 16 5 23 17 27
5 3 5 14 17 27
5 3 11 1 17 27
5 3 5 11 17 27
5 3 5 11 1 17
5 3 14 15 1 17
5 3 7 15 1 17
5 3 5 7 1 17
5 3 14 7 15 17
5 3 5 14 7 17
5 3 11 7 15 1
5 3 5 11 7 1
5 3 0 14 7 15
5 3 5 14 7 24
5 3 0 14 7 24
5 31 5 13 14 24
5 31 0 8 13 24
5 31 8 13 18 24
5 31 0 13 14 24
5 31 0 13 14 29
5 31 0 8 14 24
5 31 0 8 14 29
5 31 0 13 6 29
5 31 0 8 6 29
5 31 0 8 13 6
5 31 5 14 24 17
5 31 8 14 24 17
5 31 16 13 18 24
5 31 16 5 13 24
5 31 16 8 18 24
5 31 8 18 6 29
5 31 8 13 18 6
5 31 3 5 14 27
5 31 16 5 24 17
5 31 16 8 24 17
5 31 5 14 17 27
5 31 16 13 18 27
5 31 16 5 18 27
5 31 16 5 13 27
5 31 16 5 18 17
5 31 16 8 18 17
5 31 13 18 25 27
5 31 13 18 6 25
5 31 5 18 17 27
5 31 3 14 17 27
5 31 8 14 18 17
5 31 18 20 6 25
5 31 13 6 29 9
5 31 13 6 25 9
5 28 30 8 14 32
5 28 0 30 14 32
5 28 8 14 10 32
5 28 0 14 10 32
5 28 0 8 14 10
5 28 0 30 6 32
5 28 30 8 14 29
5 28 0 8 14 29
5 28 0 30 14 29
5 28 8 22 10 32
5 28 0 22 10 32
5 28 0 8 22 10
5 28 8 22 6 32
5 28 0 22 6 32
5 28 0 8 22 6
5 28 0 8 6 29
5 28 20 6 19 32
5 28 8 6 19 32
5 28 30 2 6 32
5 28 8 18 6 29
5 28 30 13 6 29
5 28 0 13 6 29
5 28 0 30 13 29
5 28 0 30 13 6
5 21 0 30 15 9
5 21 0 30 13 9
5 21 0 7 15 9
5 21 0 13 7 9
5 21 11 7 15 9
5 21 3 11 7 15
5 21 5 13 7 9
5 21 3 0 7 15
5 21 13 6 29 9
5 21 30 6 29 9
5 21 30 13 6 9
5 21 30 13 6 29
5 21 31 13 29 9
5 21 3 30 14 29
5 21 0 30 14 15
5 21 3 30 14 15
5 21 3 0 14 15
5 21 11 15 1 9
5 21 3 11 15 1
5 21 5 11 7 9
5 21 3 5 11 7
5 21 5 13 25 9
5 21 5 13 7 24
5 21 3 5 7 24
5 21 0 13 7 24
5 21 3 0 7 24
5 21 31 13 25 9
5 21 31 13 14 29
5 21 31 3 14 29
5 21 0 13 14 29
5 21 0 30 14 29
5 21 0 30 13 29
5 21 0 13 14 24
5 21 3 0 14 24
5 21 3 5 11 27
5 21 5 13 25 27
5 21 5 13 14 24
5 21 3 5 14 24
5 21 31 13 25 27
5 21 31 5 13 14
5 21 31 3 5 14
5 21 11 25 9 27
5 21 5 11 25 27
5 21 5 11 25 9
5 21 31 5 13 27
5 21 31 3 5 27
