213
5 16 24 12 4 1
5 16 15 24 4 1
5 18 16 24 12 19
5 18 16 24 12 1
5 18 16 12 6 1
5 18 16 12 22 6
5 2 16 15 4 1
5 2 18 16 6 1
5 2 18 16 22 6
5 13 7 15 17 4
5 13 15 24 4 1
5 21 20 12 22 6
5 21 16 12 22 6
5 21 16 12 6 4
5 21 20 12 22 19
5 21 16 12 22 19
5 21 16 24 12 4
5 21 16 24 12 19
5 23 3 11 0 19
5 23 20 12 22 19
5 23 20 17 0 19
5 23 11 6 0 19
5 23 20 6 0 19
5 23 20 12 6 19
5 23 18 12 6 19
5 23 20 12 22 6
5 23 18 12 22 6
5 9 7 15 17 4
5 9 13 2 7 15
5 9 13 7 15 17
5 9 21 2 22 4
5 9 7 3 17 0
5 9 2 7 3 0
5 9 21 20 22 6
5 9 23 11 6 0
5 9 23 20 6 0
5 9 16 15 22 4
5 9 2 16 22 4
5 9 2 16 15 4
5 9 2 16 15 22
5 9 23 20 22 6
5 9 2 3 11 0
5 9 23 3 11 0
5 9 2 11 22 6
5 9 23 11 22 6
5 9 23 2 11 22
5 8 24 17 4 19
5 8 13 24 4 1
5 8 13 24 17 4
5 8 13 7 4 1
5 8 13 7 17 4
5 8 16 15 24 1
5 8 13 15 24 1
5 8 13 16 15 1
5 8 23 17 0 19
5 8 23 3 0 19
5 8 23 3 17 0
5 8 23 3 11 19
5 8 7 17 0 19
5 8 7 3 0 19
5 8 7 3 17 0
5 10 16 15 24 4
5 10 21 16 24 4
5 10 13 15 24 4
5 10 16 15 22 4
5 10 21 16 22 4
5 10 13 24 17 4
5 10 13 15 17 4
5 10 8 13 24 17
5 10 9 15 22 4
5 10 9 21 22 4
5 10 24 17 4 19
5 10 21 17 4 19
5 10 21 24 4 19
5 10 9 15 17 4
5 10 8 24 17 19
5 10 9 21 20 22
5 10 21 20 17 4
5 10 9 21 20 4
5 10 9 13 15 17
5 10 21 20 17 19
5 10 9 2 15 22
5 10 9 13 2 15
5 10 20 17 0 4
5 10 9 17 0 4
5 10 9 20 0 4
5 10 9 23 20 22
5 10 23 20 17 0
5 10 9 23 20 0
5 14 8 23 11 19
5 14 8 23 18 19
5 14 18 11 6 19
5 14 23 11 6 19
5 14 23 18 6 19
5 14 23 18 11 6
5 14 18 24 1 19
5 14 8 24 1 19
5 14 8 18 24 19
5 14 8 23 3 11
5 14 8 3 11 19
5 14 8 7 3 19
5 14 18 16 24 1
5 14 8 16 24 1
5 14 8 18 16 24
5 14 8 13 16 1
5 14 13 2 7 1
5 14 8 13 7 1
5 14 13 2 15 1
5 14 13 16 15 1
5 5 10 16 15 24
5 5 10 13 15 24
5 5 8 16 15 24
5 5 8 13 15 24
5 5 8 13 16 15
5 5 10 8 13 24
5 5 10 16 15 22
5 5 10 8 24 19
5 5 14 8 13 16
5 5 14 16 15 22
5 5 14 13 16 15
5 5 10 2 15 22
5 5 10 13 2 15
5 5 18 16 24 19
5 5 8 18 24 19
5 5 8 18 16 24
5 5 21 16 24 19
5 5 10 21 24 19
5 5 10 21 16 24
5 5 21 16 22 19
5 5 10 21 16 22
5 5 14 18 16 22
5 5 14 8 18 16
5 5 10 8 13 17
5 5 14 8 7 3
5 5 14 8 13 7
5 5 14 8 23 3
5 5 10 9 2 22
5 5 10 9 13 2
5 5 16 12 22 19
5 5 18 16 12 19
5 5 18 16 12 22
5 5 8 23 18 19
5 5 21 20 22 19
5 5 10 21 20 19
5 5 10 21 20 22
5 5 23 20 22 19
5 5 10 20 17 19
5 5 10 8 17 19
5 5 10 23 20 22
5 5 14 23 18 22
5 5 14 8 23 18
5 5 10 9 23 22
5 5 8 7 3 17
5 5 8 13 7 17
5 5 8 23 3 17
5 5 14 13 2 7
5 5 23 12 22 19
5 5 23 18 12 19
5 5 23 18 12 22
5 5 23 20 17 19
5 5 8 23 17 19
5 5 10 23 20 17
5 5 9 7 3 17
5 5 9 13 7 17
5 5 10 9 13 17
5 5 9 2 7 3
5 5 9 13 2 7
5 5 23 3 17 0
5 5 9 3 17 0
5 5 9 23 3 0
5 5 10 23 17 0
5 5 10 9 17 0
5 5 10 9 23 0
5 25 14 23 18 22
5 25 14 23 18 11
5 25 23 11 22 6
5 25 23 18 22 6
5 25 23 18 11 6
5 25 23 2 11 22
5 25 2 11 22 6
5 25 2 18 22 6
5 25 2 18 16 22
5 25 14 18 16 22
5 25 5 14 23 22
5 25 2 16 15 22
5 25 14 16 15 22
5 25 2 18 16 1
5 25 14 18 16 1
5 25 14 2 7 1
5 25 9 23 2 22
5 25 5 9 2 22
5 25 5 9 23 22
5 25 5 2 15 22
5 25 5 14 15 22
5 25 9 23 2 11
5 25 14 23 3 11
5 25 5 14 23 3
5 25 2 16 15 1
5 25 14 16 15 1
5 25 14 2 15 1
5 25 2 7 3 11
5 25 14 7 3 11
5 25 14 13 2 15
5 25 5 13 2 15
5 25 5 14 13 15
5 25 5 14 13 2
5 25 9 2 3 11
5 25 5 9 2 3
5 25 9 23 3 11
5 25 5 9 23 3
5 25 5 2 7 3
5 25 5 14 7 3
5 25 5 14 2 7
