315
5 16 9 27 8 28
5 18 16 9 27 8
5 18 14 27 4 6
5 18 14 27 4 5
5 13 16 9 27 28
5 13 18 16 9 27
5 13 9 27 8 28
5 13 12 27 8 28
5 13 12 9 8 28
5 13 18 9 27 8
5 13 18 2 16 5
5 3 16 27 5 28
5 22 13 18 2 19
5 22 13 18 2 16
5 22 16 9 21 1
5 22 16 9 8 21
5 22 18 16 8 21
5 22 18 16 9 8
5 22 13 18 16 9
5 22 11 9 28 1
5 22 16 9 28 1
5 22 16 11 28 1
5 22 13 18 9 8
5 22 13 16 9 28
5 22 13 18 27 8
5 26 22 11 15 19
5 26 22 2 15 19
5 26 22 13 11 19
5 26 22 13 2 19
5 26 12 11 15 28
5 26 2 15 5 28
5 26 22 13 11 28
5 26 13 2 16 5
5 26 22 13 2 16
5 26 2 16 5 28
5 26 22 16 11 28
5 31 23 9 21 1
5 31 11 15 19 1
5 31 22 19 21 1
5 31 22 9 21 1
5 31 22 11 19 1
5 31 22 11 9 1
5 0 31 23 21 1
5 0 31 23 15 1
5 0 22 2 15 19
5 0 31 23 19 21
5 0 31 23 15 19
5 0 31 19 21 1
5 0 31 15 19 1
5 0 22 19 21 1
5 0 22 16 21 1
5 0 22 16 11 1
5 0 16 11 28 1
5 0 2 16 5 28
5 0 26 2 15 28
5 0 26 2 16 28
5 0 11 15 19 1
5 0 22 11 19 1
5 0 22 11 15 19
5 0 26 11 15 28
5 0 26 16 11 28
5 0 26 22 11 15
5 0 26 22 2 15
5 0 26 22 16 11
5 0 26 22 2 16
5 20 23 2 15 19
5 20 26 2 15 19
5 20 26 13 2 19
5 20 26 2 15 5
5 20 26 13 2 5
5 20 18 2 14 5
5 20 13 18 2 5
5 20 13 18 2 14
5 20 3 13 27 5
5 20 14 27 4 6
5 20 14 27 4 5
5 20 18 14 27 5
5 20 13 18 27 5
5 20 13 18 14 27
5 20 3 27 4 6
5 20 3 27 4 5
5 29 13 12 9 8
5 29 23 14 19 21
5 29 14 8 21 6
5 29 22 13 18 19
5 29 22 13 27 8
5 29 22 13 9 8
5 29 20 3 12 6
5 29 20 26 13 19
5 29 3 12 27 6
5 29 3 13 12 27
5 29 22 14 19 21
5 29 18 8 21 6
5 29 22 18 8 21
5 29 13 18 14 19
5 29 22 18 14 19
5 29 22 13 18 27
5 29 18 27 8 6
5 29 22 18 27 8
5 29 20 14 27 6
5 29 20 13 14 27
5 29 13 2 14 19
5 29 20 13 2 19
5 29 20 13 2 14
5 29 20 3 27 6
5 29 20 3 13 27
5 29 18 14 21 6
5 29 22 18 14 21
5 29 18 14 27 6
5 29 13 18 14 27
5 32 13 12 27 28
5 32 3 12 27 28
5 32 26 3 12 28
5 32 3 13 12 27
5 32 3 27 5 28
5 32 26 3 5 28
5 32 16 27 5 28
5 32 13 16 27 28
5 32 26 16 5 28
5 32 26 13 16 5
5 32 3 13 27 5
5 32 29 3 13 12
5 32 29 26 13 12
5 32 18 16 27 5
5 32 13 18 27 5
5 32 13 18 16 5
5 32 13 18 16 27
5 32 22 13 16 28
5 32 26 22 16 28
5 32 26 22 13 28
5 32 26 22 13 16
5 32 20 3 13 5
5 32 20 26 13 5
5 32 20 26 3 5
5 32 20 26 3 12
5 32 29 20 3 12
5 32 29 20 26 12
5 32 29 20 3 13
5 32 29 20 26 13
5 24 31 22 11 19
5 24 31 22 11 9
5 24 22 13 11 19
5 24 31 22 19 21
5 24 31 22 9 21
5 24 29 22 13 19
5 24 29 22 13 9
5 24 29 22 19 21
5 24 29 13 12 9
5 24 26 13 11 19
5 24 29 12 9 8
5 24 26 11 15 19
5 24 31 11 15 19
5 24 22 9 8 21
5 24 29 22 8 21
5 24 29 22 9 8
5 24 31 23 19 21
5 24 29 23 19 21
5 24 29 26 13 19
5 24 29 26 13 12
5 24 31 23 15 19
5 24 29 20 23 19
5 24 23 12 9 8
5 24 20 26 15 19
5 24 20 26 12 15
5 24 23 9 8 21
5 24 31 23 9 21
5 24 29 20 26 19
5 24 29 20 26 12
5 24 20 23 15 19
5 24 20 23 12 15
5 7 31 23 15 1
5 7 31 23 9 1
5 7 24 23 12 15
5 7 24 31 23 15
5 7 24 23 12 9
5 7 24 31 23 9
5 7 23 9 8 1
5 7 23 12 9 8
5 7 31 11 15 1
5 7 31 11 9 1
5 7 24 31 11 15
5 7 24 31 11 9
5 7 11 9 28 1
5 7 12 9 8 28
5 7 26 12 11 15
5 7 24 26 11 15
5 7 24 26 12 15
5 7 24 13 12 9
5 7 13 12 9 28
5 7 24 26 13 11
5 7 24 26 13 12
5 7 24 22 11 9
5 7 24 22 13 9
5 7 24 22 13 11
5 7 22 11 9 28
5 7 22 13 9 28
5 7 22 13 11 28
5 7 32 13 12 28
5 7 32 26 13 12
5 7 26 12 11 28
5 7 32 26 12 28
5 7 26 13 11 28
5 7 32 26 13 28
5 25 23 2 15 19
5 25 0 2 15 19
5 25 0 23 15 19
5 25 20 23 2 19
5 25 23 14 19 21
5 25 0 23 19 21
5 25 0 23 14 21
5 25 29 2 14 19
5 25 29 20 2 19
5 25 29 20 2 14
5 25 29 23 14 19
5 25 29 20 23 19
5 25 29 20 23 14
5 25 22 14 19 21
5 25 0 22 19 21
5 25 0 22 2 19
5 25 22 18 14 21
5 25 22 18 14 19
5 25 22 18 2 19
5 25 18 14 16 21
5 25 0 14 16 21
5 25 13 2 14 19
5 25 13 18 14 19
5 25 13 18 2 19
5 25 13 18 2 14
5 25 22 18 16 21
5 25 0 22 16 21
5 25 22 18 2 16
5 25 0 22 2 16
5 25 18 14 16 5
5 25 18 2 16 5
5 25 18 2 14 5
5 17 24 23 8 21
5 17 29 14 8 21
5 17 24 29 8 21
5 17 29 23 14 21
5 17 24 29 23 21
5 17 25 0 23 14
5 17 29 14 8 6
5 17 20 14 4 6
5 17 25 20 23 14
5 17 25 0 23 15
5 17 29 20 14 6
5 17 29 20 23 14
5 17 24 23 12 8
5 17 7 15 8 1
5 17 7 23 8 1
5 17 7 23 15 1
5 17 29 20 12 6
5 17 24 20 23 12
5 17 24 29 20 12
5 17 24 29 20 23
5 17 7 12 15 8
5 17 7 23 12 8
5 17 7 23 12 15
5 17 20 3 12 6
5 10 17 29 8 6
5 10 17 29 12 6
5 10 29 27 8 6
5 10 29 12 27 6
5 10 17 12 8 4
5 10 24 29 12 8
5 10 17 24 12 8
5 10 17 24 29 8
5 10 17 24 29 12
5 10 3 12 27 6
5 10 13 12 27 8
5 10 29 13 27 8
5 10 29 13 12 8
5 10 29 13 12 27
5 10 3 12 8 4
5 10 17 3 4 6
5 10 17 3 12 6
5 10 17 3 12 4
5 10 3 27 4 6
5 10 12 27 8 28
5 10 3 12 8 28
5 10 3 12 27 28
5 30 17 12 15 4
5 30 17 3 12 4
5 30 17 20 3 12
5 30 20 23 12 15
5 30 17 23 12 15
5 30 17 20 23 12
5 30 20 3 4 5
5 30 20 2 15 5
5 30 20 3 4 6
5 30 17 3 4 6
5 30 17 20 4 6
5 30 17 20 3 6
5 30 17 25 23 15
5 30 17 25 20 23
5 30 26 12 15 28
5 30 26 3 12 28
5 30 20 26 15 5
5 30 20 26 12 15
5 30 20 26 3 5
5 30 20 26 3 12
5 30 2 14 4 5
5 30 20 14 4 5
5 30 20 2 14 5
5 30 25 0 2 15
5 30 17 25 0 15
5 30 25 20 2 14
5 30 17 20 14 4
5 30 17 25 14 4
5 30 17 25 20 14
5 30 20 23 2 15
5 30 25 23 2 15
5 30 25 20 23 2
5 30 26 15 5 28
5 30 26 3 5 28
