313
5 5 4 24 2 19
5 5 24 2 29 19
5 21 5 2 27 19
5 21 5 4 2 19
5 21 5 4 20 19
5 21 5 18 2 27
5 32 21 2 27 19
5 32 21 31 20 19
5 11 22 18 24 6
5 11 4 18 2 6
5 11 5 18 24 2
5 11 5 4 24 2
5 11 5 4 18 2
5 30 10 22 18 24
5 30 10 18 24 27
5 8 32 5 29 19
5 8 32 5 27 19
5 8 21 5 27 19
5 8 32 21 27 19
5 8 32 21 20 19
5 8 32 21 31 20
5 16 5 4 20 12
5 16 21 5 4 20
5 16 25 4 20 12
5 16 11 5 4 12
5 16 25 12 6 3
5 16 11 4 12 6
5 16 25 4 12 6
5 16 21 31 27 3
5 16 11 5 24 12
5 16 10 22 24 12
5 16 11 22 24 12
5 16 22 12 6 3
5 16 11 22 12 6
5 0 5 2 29 19
5 0 32 2 29 19
5 0 32 5 29 19
5 0 5 2 27 19
5 0 32 2 27 19
5 0 32 5 27 19
5 0 5 24 2 29
5 0 8 32 5 29
5 0 5 18 2 27
5 0 8 32 5 27
5 0 18 24 2 29
5 0 30 18 2 29
5 0 30 18 24 29
5 0 8 5 24 29
5 0 5 18 24 2
5 0 5 18 24 27
5 0 30 18 24 27
5 0 8 5 24 27
5 28 8 10 31 27
5 15 21 5 20 19
5 15 8 5 20 19
5 15 8 21 20 19
5 15 8 21 5 19
5 15 16 21 5 20
5 15 8 5 20 12
5 15 16 5 20 12
5 15 8 21 31 20
5 15 8 21 5 27
5 15 16 21 5 27
5 15 8 5 24 12
5 15 16 5 24 12
5 15 25 21 31 20
5 15 16 25 21 20
5 15 8 21 31 27
5 15 16 21 31 27
5 15 8 5 24 27
5 15 16 5 24 27
5 15 16 10 24 12
5 15 25 31 20 3
5 15 25 21 31 3
5 15 16 21 31 3
5 15 16 25 21 3
5 15 8 10 31 27
5 15 8 10 24 27
5 15 16 10 24 27
5 15 25 20 12 3
5 15 16 25 12 3
5 15 16 25 20 12
5 15 10 31 27 3
5 15 16 31 27 3
5 15 16 10 27 3
5 15 16 22 12 3
5 15 16 10 22 3
5 15 16 10 22 12
5 9 32 21 2 27
5 9 32 21 2 19
5 9 25 32 20 2
5 9 25 32 31 20
5 9 30 18 2 29
5 9 28 10 22 3
5 9 28 8 32 31
5 9 32 20 2 19
5 9 32 31 20 19
5 9 28 22 29 3
5 9 28 30 22 29
5 23 9 10 22 3
5 13 21 4 2 19
5 13 9 21 2 19
5 13 16 21 4 20
5 13 16 25 4 20
5 13 16 25 21 20
5 13 4 20 2 19
5 13 21 4 20 19
5 13 9 20 2 19
5 13 9 25 20 2
5 13 25 21 31 20
5 13 9 25 31 20
5 13 25 21 31 3
5 1 15 8 31 20
5 1 28 8 32 29
5 1 28 8 32 31
5 1 15 22 12 3
5 1 28 10 31 3
5 1 15 10 31 3
5 1 28 8 10 31
5 1 15 8 10 31
5 1 22 12 6 3
5 1 15 10 22 3
5 1 10 22 24 12
5 1 15 10 24 12
5 1 15 10 22 12
5 1 15 8 10 24
5 1 0 8 24 29
5 1 28 10 22 3
5 1 28 30 22 29
5 1 0 30 24 29
5 1 30 10 22 24
5 14 9 18 2 27
5 14 9 30 18 2
5 14 0 18 2 27
5 14 0 30 18 27
5 14 0 30 18 2
5 14 30 10 18 27
5 14 0 32 2 27
5 14 9 32 2 27
5 14 0 30 2 29
5 14 9 30 2 29
5 14 30 10 22 18
5 14 9 10 22 18
5 14 9 30 22 18
5 14 0 8 32 27
5 14 0 32 2 29
5 14 9 32 2 29
5 14 30 10 24 27
5 14 0 30 24 27
5 14 9 28 30 29
5 14 9 28 10 22
5 14 9 28 30 22
5 14 9 28 8 32
5 14 9 28 32 29
5 14 8 10 24 27
5 14 0 8 24 27
5 14 1 30 10 24
5 14 1 0 30 24
5 14 28 8 10 27
5 14 1 0 30 29
5 14 1 28 30 29
5 14 1 30 10 22
5 14 1 28 10 22
5 14 1 28 30 22
5 14 0 8 32 29
5 14 28 8 32 29
5 14 1 8 10 24
5 14 1 0 8 24
5 14 9 28 8 31
5 14 1 28 8 10
5 14 1 0 8 29
5 14 1 28 8 29
5 7 13 4 2 6
5 7 13 9 18 2
5 7 9 18 2 29
5 7 13 9 25 2
5 7 13 23 9 25
5 7 23 25 6 3
5 7 23 22 6 3
5 7 23 9 22 29
5 7 23 9 22 18
5 7 30 22 18 29
5 7 9 30 18 29
5 7 9 30 22 29
5 7 9 30 22 18
5 26 16 25 4 6
5 26 13 25 4 6
5 26 13 16 25 4
5 26 16 11 4 6
5 26 11 4 18 6
5 26 13 16 21 4
5 26 16 25 6 3
5 26 23 25 6 3
5 26 7 23 25 6
5 26 7 13 25 6
5 26 7 13 23 25
5 26 13 23 25 3
5 26 7 13 4 6
5 26 16 21 5 4
5 26 16 11 5 4
5 26 16 22 6 3
5 26 23 22 6 3
5 26 16 25 21 3
5 26 13 25 21 3
5 26 13 16 25 21
5 26 4 18 2 6
5 26 7 18 2 6
5 26 7 4 2 6
5 26 7 13 18 2
5 26 7 13 4 2
5 26 11 5 4 18
5 26 13 21 18 2
5 26 13 21 4 2
5 26 16 11 22 6
5 26 16 21 5 27
5 26 16 21 27 3
5 26 13 21 27 3
5 26 7 23 22 6
5 26 13 21 18 27
5 26 11 22 18 6
5 26 21 5 18 27
5 26 5 4 18 2
5 26 21 5 18 2
5 26 21 5 4 2
5 26 16 10 27 3
5 26 16 10 22 3
5 26 23 10 27 3
5 26 23 10 22 3
5 26 23 10 22 27
5 26 7 22 18 6
5 26 23 22 18 27
5 26 7 23 18 27
5 26 7 23 22 18
5 26 11 22 18 24
5 26 16 11 22 24
5 26 5 18 24 27
5 26 16 5 24 27
5 26 11 5 18 24
5 26 16 11 5 24
5 26 16 10 24 27
5 26 16 10 22 24
5 26 10 18 24 27
5 26 10 22 18 27
5 26 10 22 18 24
5 17 23 10 27 3
5 17 23 9 10 3
5 17 14 10 18 27
5 17 14 9 18 27
5 17 14 9 10 18
5 17 10 22 18 27
5 17 23 22 18 27
5 17 23 10 22 27
5 17 9 10 22 18
5 17 23 9 22 18
5 17 23 9 10 22
5 17 28 10 31 27
5 17 10 31 27 3
5 17 26 23 27 3
5 17 26 13 27 3
5 17 26 13 23 3
5 17 9 18 2 27
5 17 13 9 18 2
5 17 7 23 18 27
5 17 7 23 9 18
5 17 7 13 9 18
5 17 7 13 23 9
5 17 23 9 25 3
5 17 13 23 25 3
5 17 13 23 9 25
5 17 14 28 10 27
5 17 14 9 28 10
5 17 14 9 28 31
5 17 28 10 31 3
5 17 9 28 31 3
5 17 9 28 10 3
5 17 21 31 27 3
5 17 13 21 27 3
5 17 13 21 31 3
5 17 9 32 21 27
5 17 9 21 2 27
5 17 13 9 21 2
5 17 13 21 31 20
5 17 13 9 31 20
5 17 9 25 31 3
5 17 13 25 31 3
5 17 13 9 25 31
5 17 26 7 23 27
5 17 26 7 13 23
5 17 21 18 2 27
5 17 13 21 18 27
5 17 13 21 18 2
5 17 26 13 18 27
5 17 26 7 18 27
5 17 26 7 13 18
5 17 28 8 31 27
5 17 14 28 8 27
5 17 14 28 8 31
5 17 14 9 8 31
5 17 8 21 31 27
5 17 8 32 21 27
5 17 8 32 21 31
5 17 9 8 32 31
5 17 32 21 31 19
5 17 9 32 31 19
5 17 9 32 21 19
5 17 21 31 20 19
5 17 9 31 20 19
5 17 13 21 20 19
5 17 13 9 20 19
5 17 13 9 21 19
5 17 14 8 32 27
5 17 14 9 32 27
5 17 14 9 8 32
