214
5 5 13 24 17 12
5 3 5 13 7 12
5 4 5 24 17 2
5 4 5 24 17 12
5 4 5 7 24 12
5 14 13 7 21 12
5 14 3 13 7 12
5 14 3 13 7 21
5 14 5 7 24 12
5 14 3 5 7 12
5 14 13 24 17 12
5 14 3 5 13 12
5 8 5 13 24 17
5 8 5 24 17 2
5 8 20 17 2 6
5 8 20 24 17 2
5 8 20 0 17 6
5 8 4 5 2 6
5 18 3 13 7 21
5 18 3 5 13 7
5 16 18 3 0 21
5 16 22 0 21 6
5 16 18 0 21 6
5 16 18 22 21 6
5 16 18 22 23 7
5 16 18 4 2 6
5 25 20 23 17 2
5 25 4 24 17 2
5 25 4 5 17 12
5 25 20 24 17 2
5 25 4 24 17 12
5 25 4 7 24 12
5 25 4 5 7 12
5 25 13 7 21 12
5 25 14 24 17 12
5 25 14 7 24 12
5 25 14 13 21 12
5 25 14 13 17 12
5 25 14 13 17 21
5 19 14 3 13 21
5 19 14 3 0 21
5 19 14 13 17 21
5 19 14 0 17 21
5 19 8 13 24 17
5 19 18 0 21 6
5 19 18 3 0 21
5 19 14 3 5 13
5 19 14 13 24 17
5 19 14 0 24 17
5 19 22 0 21 6
5 19 20 0 24 17
5 19 8 20 24 17
5 19 8 20 0 17
5 19 18 8 5 6
5 19 18 3 5 13
5 19 16 18 0 6
5 19 16 18 3 0
5 19 8 5 13 24
5 19 14 20 0 24
5 19 5 13 24 12
5 19 14 13 24 12
5 19 14 5 24 12
5 19 14 5 13 12
5 1 18 4 5 7
5 1 16 18 4 6
5 1 8 4 5 6
5 1 18 4 5 6
5 1 18 8 5 6
5 1 25 4 24 2
5 1 25 4 7 24
5 1 25 20 24 2
5 1 8 4 2 6
5 1 16 4 2 6
5 1 25 20 23 2
5 11 19 14 3 0
5 11 19 14 20 0
5 11 19 8 20 0
5 11 19 16 3 0
5 11 14 20 0 24
5 11 19 14 20 24
5 11 19 8 20 24
5 11 19 8 0 6
5 11 19 16 0 6
5 11 19 16 18 3
5 11 19 18 8 6
5 11 19 16 18 6
5 11 1 8 2 6
5 11 1 18 8 6
5 11 1 16 18 6
5 11 8 20 24 2
5 11 1 20 24 2
5 11 19 18 8 5
5 11 1 18 8 5
5 11 1 19 18 5
5 11 19 14 5 24
5 11 1 14 5 24
5 11 1 19 14 5
5 11 19 8 5 24
5 11 1 4 24 2
5 11 1 8 4 2
5 11 1 4 5 24
5 11 1 8 4 5
5 11 4 5 24 2
5 11 8 5 24 2
5 11 8 4 5 2
5 9 25 22 23 7
5 9 25 14 7 24
5 9 25 22 7 21
5 9 16 22 0 21
5 9 14 3 7 21
5 9 14 3 0 21
5 9 16 22 23 7
5 9 22 0 23 17
5 9 25 22 23 17
5 9 14 0 24 17
5 9 25 14 24 17
5 9 14 7 21 12
5 9 25 7 21 12
5 9 25 14 21 12
5 9 25 14 7 12
5 9 22 0 17 21
5 9 25 22 17 21
5 9 14 0 17 21
5 9 25 14 17 21
5 9 16 3 0 21
5 9 18 22 7 21
5 9 16 18 22 21
5 9 16 18 22 7
5 9 1 16 23 7
5 9 11 14 0 24
5 9 18 3 7 21
5 9 16 18 3 21
5 9 11 14 3 0
5 9 11 16 3 0
5 9 20 0 24 17
5 9 20 0 23 17
5 9 25 20 24 17
5 9 25 20 23 17
5 9 1 25 23 7
5 9 1 25 20 23
5 9 11 20 0 24
5 15 9 1 20 23
5 15 9 1 16 23
5 15 1 20 23 2
5 15 1 16 23 2
5 15 9 20 0 23
5 15 11 1 20 2
5 15 9 22 0 23
5 15 9 16 22 23
5 15 9 16 22 0
5 15 9 11 20 0
5 15 9 11 16 0
5 15 23 17 2 6
5 15 20 17 2 6
5 15 20 23 17 2
5 15 1 16 2 6
5 15 11 1 2 6
5 15 11 1 16 6
5 15 0 23 17 6
5 15 20 0 17 6
5 15 20 0 23 17
5 15 22 0 23 6
5 15 16 22 0 6
5 15 11 16 0 6
5 15 8 20 2 6
5 15 11 8 2 6
5 15 11 8 20 2
5 15 8 20 0 6
5 15 11 8 0 6
5 15 11 8 20 0
5 10 1 25 7 24
5 10 9 25 7 24
5 10 9 1 25 7
5 10 9 14 7 24
5 10 1 25 20 24
5 10 9 25 20 24
5 10 9 1 25 20
5 10 14 5 7 24
5 10 1 14 5 24
5 10 11 1 14 24
5 10 9 11 14 24
5 10 9 14 3 7
5 10 11 1 20 24
5 10 9 11 20 24
5 10 4 5 7 24
5 10 1 4 7 24
5 10 1 4 5 24
5 10 1 4 5 7
5 10 1 18 5 7
5 10 9 11 14 3
5 10 9 18 3 7
5 10 15 11 1 20
5 10 15 9 1 20
5 10 15 9 11 20
5 10 14 3 5 7
5 10 18 3 5 7
5 10 11 19 14 3
5 10 11 1 19 14
5 10 9 11 16 3
5 10 1 16 18 7
5 10 9 16 18 7
5 10 9 1 16 7
5 10 9 16 18 3
5 10 15 11 1 16
5 10 15 9 1 16
5 10 15 9 11 16
5 10 19 14 3 5
5 10 1 19 14 5
5 10 19 18 3 5
5 10 1 19 18 5
5 10 11 19 18 3
5 10 11 1 19 18
5 10 11 16 18 3
5 10 11 1 16 18
