4
26
6.63942 -1.34024 -6.76455 -1.72558
-2.77462 -6.02596 4.05508 4.01203
-0.869675 2.78453 -9.10515 1.7739
-9.6421 4.22829 4.61515 9.45535
6.97557 -3.97857 -4.03535 -9.14391
5.92094 -0 -1.8559 -3.48528
-6.71134 -0 -6.6995 -1.91314
8.22482 -0 -9.64641 -3.07163
-4.73111 -0 -0.819034 2.63413
-0.486216 -0 5.85735 -8.41224
3.09969 -0 2.85458 8.05692
3.48805 -0 -5.92406 -5.01448
4.76409 -1.01059 -0 1.12576
-5.10056 -5.79369 -0 4.30188
-8.3954 4.17893 -0 5.32735
9.76499 3.88615 -0 -8.19565
8.94276 -8.2912 -0 -2.67241
1.22619 -0.927107 -0 6.7466
-5.17245 7.82598 -0 -7.05532
-0.945887 7.12624 2.17888 -0
-4.38877 -3.59454 2.32388 -0
-3.56273 5.23522 -8.71037 -0
-6.70845 0.626562 -8.70592 -0
-6.42659 -6.28291 -6.50674 -0
3.24807 -0.350492 2.18741 -0
6.61486 -7.34518 -7.22347 -0
