4
26
5.20681 -2.38181 9.64188 4.6565
-8.32439 -2.27157 -7.89155 -8.99495
-5.77339 -0.637151 0.554599 7.15867
6.38003 -1.1969 0.81184 1.32505
2.72188 -0.864338 7.43354 -8.60576
-0 -6.76511 3.6902 -3.18694
-0 2.37886 -2.79389 -0.625902
-0 3.03583 6.59942 8.05453
-0 -5.24951 4.53425 7.7761
-0 1.78003 0.00386582 -7.31388
-0 -2.00097 9.53942 1.51828
-0 9.56273 -0.173933 -8.64006
-5.68759 2.88665 2.78764 -0
6.8863 -6.93825 2.80336 -0
4.87131 4.49512 -2.08283 -0
8.11885 2.92228 -6.82091 -0
0.637865 -5.79304 -8.39318 -0
0.937253 3.55626 6.08066 -0
-5.11004 1.92847 -9.89897 -0
0.520174 1.24275 -0 -6.7596
4.41355 -2.11808 -0 7.84606
3.97699 -7.13749 -0 1.32557
5.78586 0.244244 -0 6.9646
2.93059 2.46228 -0 -0.502083
-2.66153 -4.98347 -0 9.81786
4.15164 -2.93101 -0 -4.60902
