4
26
1.652 -7.44632 9.46053 8.97602
3.43051 4.96093 1.69861 -5.36405
-6.43241 -5.10438 4.3125 -3.51302
7.62936 1.02577 2.40747 -3.9379
3.40352 7.48772 3.24373 -5.31873
-0 4.76933 -4.88776 -1.92926
-0 3.37936 3.64157 -1.0449
-0 -1.78503 -9.04861 -9.87247
-0 7.12242 0.115936 5.95807
-0 8.21155 -2.58701 -4.26944
-0 3.40505 -3.31468 4.82872
-0 -9.10405 -4.88549 4.38392
0.385122 -8.98104 -0 -7.23705
-0.341766 -8.24315 -0 -7.89169
-9.04024 -9.3751 -0 -9.73968
8.11837 4.20859 -0 2.83317
-1.27448 1.14531 -0 5.97047
7.94218 -7.87984 -0 4.67911
-4.13882 -9.31871 -0 -6.91044
-6.59567 -1.43997 -9.20046 -0
-5.69767 3.19767 2.94354 -0
-4.79706 5.61185 -0.00955362 -0
0.687733 1.15926 3.0804 -0
-2.89265 -2.62822 5.1535 -0
0.400697 2.03202 -9.3103 -0
4.11512 -6.22939 4.76813 -0
