4
33
3.96526 0.792935 0.83514 1.98962
-2.82065 -7.86133 7.57515 3.84615
7.80083 -8.08361 -6.92924 -3.82828
-5.53528 0.441024 3.36392 9.25953
9.03361 1.92745 5.38192 -7.32955
-6.49619 -0.979197 1.14611 -0
3.95055 5.59318 -3.4175 -0
-2.23785 -3.37373 1.20731 -0
7.1394 7.47464 4.68676 -0
-3.6403 -9.8078 -7.78021 -0
5.32212 0.515275 3.94039 -0
-8.40764 -7.1925 2.58205 -0
-0 -6.76511 3.6902 -3.18694
-0 2.37886 -2.79389 -0.625902
-0 3.03583 6.59942 8.05453
-0 -5.24951 4.53425 7.7761
-0 1.78003 0.00386582 -7.31388
-0 -2.00097 9.53942 1.51828
-0 9.56273 -0.173933 -8.64006
8.36452 -0 -3.50471 -9.8798
6.48746 -0 -6.06737 -9.09634
-5.97958 -0 -0.652226 8.21754
6.58115 -0 1.59582 -1.0399
-4.47826 -0 0.640638 -8.71219
2.5754 -0 1.19849 0.0524065
-9.04692 -0 -2.82877 -3.12264
1.77017 -3.15417 -0 -9.81461
-9.95818 2.45869 -0 -0.382941
6.41265 5.70122 -0 5.17984
-4.11273 9.41937 -0 7.09206
2.96754 4.92176 -0 9.80914
-6.48969 8.41842 -0 3.70208
9.69954 0.895672 -0 2.77993
