4
26
-4.80527 -6.93741 9.13123 5.79725
9.71159 -3.54843 -2.81071 0.844713
5.87829 -4.40194 8.34579 3.96159
-1.34704 -8.50189 7.05083 4.50149
3.73488 9.81386 -9.01836 7.81789
-0 -3.6174 1.01589 4.89479
-0 -1.27665 4.84407 -7.25311
-0 -9.71718 3.72836 9.67328
-0 -6.52172 -2.49589 5.40446
-0 -2.16831 8.35467 5.34118
-0 0.618449 1.67974 6.18743
-0 -7.60448 8.58326 -0.33246
0.520174 1.24275 -0 -6.7596
4.41355 -2.11808 -0 7.84606
3.97699 -7.13749 -0 1.32557
5.78586 0.244244 -0 6.9646
2.93059 2.46228 -0 -0.502083
-2.66153 -4.98347 -0 9.81786
4.15164 -2.93101 -0 -4.60902
-6.59567 -1.43997 -9.20046 -0
-5.69767 3.19767 2.94354 -0
-4.79706 5.61185 -0.00955362 -0
0.687733 1.15926 3.0804 -0
-2.89265 -2.62822 5.1535 -0
0.400697 2.03202 -9.3103 -0
4.11512 -6.22939 4.76813 -0
