4
33
-9.99968 6.51431 -9.89882 1.26812
5.32051 -2.32542 6.23558 -7.29623
-4.82593 -4.28596 1.82639 0.578434
3.78685 1.84103 7.82282 3.9635
0.419542 -3.83609 -7.71162 4.03637
-0 -3.97929 3.73979 6.16075
-0 8.50951 -8.83715 -3.36039
-0 -1.13213 -6.35922 -2.4786
-0 -4.62993 -8.11766 2.81641
-0 -8.32887 2.15111 -9.5631
-0 -5.13131 -0.0669113 7.76388
-0 4.5512 -6.59847 -9.56766
4.09611 -0 2.54804 -5.97269
-9.55853 -0 9.97768 6.92282
-6.25415 -0 2.92208 9.7085
3.74645 -0 -7.69751 -5.78298
2.27202 -0 -7.21657 6.13348
-3.86634 -0 -4.33771 -0.363307
-0.414292 -0 9.08025 -6.84794
5.18207 3.79615 -0 6.03471
8.17561 2.48543 -0 -0.867746
-7.77483 -3.47997 -0 1.01634
4.56165 -3.42875 -0 -5.84009
9.73469 -3.16009 -0 -4.76066
-5.69388 2.5688 -0 -7.86863
-5.90966 8.36455 -0 2.43294
-6.49619 -0.979197 1.14611 -0
3.95055 5.59318 -3.4175 -0
-2.23785 -3.37373 1.20731 -0
7.1394 7.47464 4.68676 -0
-3.6403 -9.8078 -7.78021 -0
5.32212 0.515275 3.94039 -0
-8.40764 -7.1925 2.58205 -0
