4
26
5.01217 5.20011 -4.7681 -5.6601
5.67899 2.10746 -4.0559 -9.79028
-0.639048 -1.56063 5.08585 -6.60741
3.40976 -5.81277 8.45918 2.5834
-3.66449 7.05382 0.171909 -2.86606
8.36452 -0 -3.50471 -9.8798
6.48746 -0 -6.06737 -9.09634
-5.97958 -0 -0.652226 8.21754
6.58115 -0 1.59582 -1.0399
-4.47826 -0 0.640638 -8.71219
2.5754 -0 1.19849 0.0524065
-9.04692 -0 -2.82877 -3.12264
-0.530898 1.46547 3.57191 -0
0.29927 1.05362 -1.00089 -0
-2.85229 2.5471 -9.69506 -0
6.15005 -8.20431 -9.85467 -0
0.267618 -7.83795 -4.92467 -0
-1.54739 5.12492 -9.27326 -0
8.57212 -0.201457 -9.475 -0
4.76409 -1.01059 -0 1.12576
-5.10056 -5.79369 -0 4.30188
-8.3954 4.17893 -0 5.32735
9.76499 3.88615 -0 -8.19565
8.94276 -8.2912 -0 -2.67241
1.22619 -0.927107 -0 6.7466
-5.17245 7.82598 -0 -7.05532
