4
33
2.89337 -7.13506 -6.04647 -2.92129
-3.51257 0.0961029 -8.49759 -6.93292
8.85689 -2.13856 -2.95432 6.73574
-9.82709 4.56205 -3.93552 4.87157
8.22212 5.77439 5.30891 -0.640524
4.09611 -0 2.54804 -5.97269
-9.55853 -0 9.97768 6.92282
-6.25415 -0 2.92208 9.7085
3.74645 -0 -7.69751 -5.78298
2.27202 -0 -7.21657 6.13348
-3.86634 -0 -4.33771 -0.363307
-0.414292 -0 9.08025 -6.84794
-0 1.78354 6.9979 -8.76765
-0 4.51462 0.587325 7.59882
-0 -4.2701 -7.37564 -1.02519
-0 4.13262 -0.707257 -7.90341
-0 2.93577 3.14098 -4.77729
-0 2.29309 -3.78688 3.9758
-0 -6.61639 -0.806853 3.32438
9.89573 4.46233 -0 -1.39456
8.89524 7.69148 -0 -3.44085
2.89908 3.59758 -0 1.07012
-8.87921 -2.82294 -0 3.92985
-7.31815 1.43895 -0 7.92518
0.144088 -7.78021 -0 -6.98703
-5.0627 6.00149 -0 9.92675
-0.530898 1.46547 3.57191 -0
0.29927 1.05362 -1.00089 -0
-2.85229 2.5471 -9.69506 -0
6.15005 -8.20431 -9.85467 -0
0.267618 -7.83795 -4.92467 -0
-1.54739 5.12492 -9.27326 -0
8.57212 -0.201457 -9.475 -0
