4
33
5.4655 -9.57774 9.52942 3.98494
9.77177 -0.774259 3.90312 9.91275
2.91437 -5.40992 5.84381 -5.48229
-5.36243 5.66337 -0.682375 -8.5407
-9.93329 5.31039 5.34664 -9.67862
1.77017 -3.15417 -0 -9.81461
-9.95818 2.45869 -0 -0.382941
6.41265 5.70122 -0 5.17984
-4.11273 9.41937 -0 7.09206
2.96754 4.92176 -0 9.80914
-6.48969 8.41842 -0 3.70208
9.69954 0.895672 -0 2.77993
1.279 7.98628 0.0242467 -0
-2.2753 -2.0858 -5.67283 -0
-8.23604 -5.99782 7.63226 -0
8.60986 -1.22917 6.28633 -0
-0.729439 -8.87183 -9.41727 -0
-8.21083 1.71961 9.13439 -0
-3.83562 -7.74256 -7.48144 -0
-0 -3.6174 1.01589 4.89479
-0 -1.27665 4.84407 -7.25311
-0 -9.71718 3.72836 9.67328
-0 -6.52172 -2.49589 5.40446
-0 -2.16831 8.35467 5.34118
-0 0.618449 1.67974 6.18743
-0 -7.60448 8.58326 -0.33246
5.92094 -0 -1.8559 -3.48528
-6.71134 -0 -6.6995 -1.91314
8.22482 -0 -9.64641 -3.07163
-4.73111 -0 -0.819034 2.63413
-0.486216 -0 5.85735 -8.41224
3.09969 -0 2.85458 8.05692
3.48805 -0 -5.92406 -5.01448
