4
19
-9.60372 -1.76726 -9.22804 -5.6612
-7.42902 -2.92129 1.46389 -5.81664
-3.55622 3.76197 6.24393 1.39049
3.83221 -5.0809 7.02797 5.95403
6.26104 -2.35901 -6.83832 0.273869
-0 1.78354 6.9979 -8.76765
-0 4.51462 0.587325 7.59882
-0 -4.2701 -7.37564 -1.02519
-0 4.13262 -0.707257 -7.90341
-0 2.93577 3.14098 -4.77729
-0 2.29309 -3.78688 3.9758
-0 -6.61639 -0.806853 3.32438
-6.85023 -0 -3.45739 -0.176023
-4.35257 -0 4.54991 4.26784
5.16797 -0 -3.97061 4.40972
-7.63119 -0 9.38716 -9.53927
-7.8913 -0 7.78952 -2.90604
-3.80219 -0 0.527001 2.83935
0.796595 -0 -3.36203 4.81353
