4
33
1.3013 9.17736 6.44528 -4.96983
6.9991 2.46289 -0.700875 6.70085
-5.03266 0.282148 -8.06029 5.54346
-7.88243 -2.09594 1.17822 -7.41048
8.24084 -1.1207 4.8023 5.17194
-0 -3.97929 3.73979 6.16075
-0 8.50951 -8.83715 -3.36039
-0 -1.13213 -6.35922 -2.4786
-0 -4.62993 -8.11766 2.81641
-0 -8.32887 2.15111 -9.5631
-0 -5.13131 -0.0669113 7.76388
-0 4.5512 -6.59847 -9.56766
-6.85023 -0 -3.45739 -0.176023
-4.35257 -0 4.54991 4.26784
5.16797 -0 -3.97061 4.40972
-7.63119 -0 9.38716 -9.53927
-7.8913 -0 7.78952 -2.90604
-3.80219 -0 0.527001 2.83935
0.796595 -0 -3.36203 4.81353
0.385122 -8.98104 -0 -7.23705
-0.341766 -8.24315 -0 -7.89169
-9.04024 -9.3751 -0 -9.73968
8.11837 4.20859 -0 2.83317
-1.27448 1.14531 -0 5.97047
7.94218 -7.87984 -0 4.67911
-4.13882 -9.31871 -0 -6.91044
-5.68759 2.88665 2.78764 -0
6.8863 -6.93825 2.80336 -0
4.87131 4.49512 -2.08283 -0
8.11885 2.92228 -6.82091 -0
0.637865 -5.79304 -8.39318 -0
0.937253 3.55626 6.08066 -0
-5.11004 1.92847 -9.89897 -0
