317
5 7 13 18 23 21
5 0 25 30 23 28
5 0 25 20 23 28
5 0 25 30 2 28
5 15 0 4 18 28
5 15 0 4 20 28
5 15 4 19 18 21
5 15 0 4 13 18
5 15 7 13 18 21
5 15 0 13 18 23
5 15 0 13 20 23
5 15 7 13 18 23
5 14 15 4 19 21
5 14 15 4 19 20
5 14 15 13 18 21
5 14 15 4 18 21
5 14 15 4 13 18
5 5 0 4 13 2
5 5 14 4 13 2
5 5 0 25 13 2
5 5 0 4 2 28
5 5 0 4 20 28
5 5 15 0 13 20
5 5 15 0 4 20
5 5 15 0 4 13
5 5 14 15 13 20
5 5 14 15 4 20
5 5 14 15 4 13
5 5 0 25 2 28
5 5 0 25 20 28
5 5 0 13 20 23
5 5 0 25 20 23
5 5 0 25 13 23
5 5 26 25 20 28
5 5 25 30 2 28
5 9 0 4 18 28
5 9 15 4 19 18
5 9 5 4 20 28
5 9 12 3 19 18
5 9 5 30 2 28
5 9 5 4 2 28
5 9 26 3 20 28
5 9 5 26 20 28
5 9 3 25 30 28
5 9 5 25 30 28
5 9 26 3 25 28
5 9 5 26 25 28
5 9 26 3 25 30
5 9 26 25 30 2
5 9 5 25 30 2
5 9 5 26 25 2
5 16 5 14 13 2
5 29 9 26 3 30
5 10 12 3 18 28
5 10 9 3 18 28
5 10 15 0 18 28
5 10 12 3 19 18
5 10 15 4 18 28
5 10 9 4 18 28
5 10 9 15 4 18
5 10 9 3 20 28
5 10 9 15 19 18
5 10 9 3 19 18
5 10 15 19 18 21
5 10 15 4 20 28
5 10 9 4 20 28
5 10 15 7 18 21
5 10 15 4 19 20
5 10 9 4 19 20
5 10 9 15 4 19
5 10 15 19 20 21
5 10 15 7 20 21
5 31 26 25 20 23
5 31 29 26 25 23
5 31 29 26 25 30
5 31 12 26 3 30
5 31 29 26 3 30
5 31 29 9 3 30
5 17 9 5 26 20
5 17 29 5 26 20
5 17 9 5 4 20
5 17 9 26 3 20
5 17 14 4 19 20
5 17 9 4 19 20
5 17 9 14 4 19
5 17 10 9 19 20
5 17 10 9 3 20
5 17 10 9 3 19
5 17 31 29 26 20
5 17 14 15 19 20
5 27 9 26 30 2
5 27 29 9 26 30
5 27 26 25 30 2
5 27 29 26 25 30
5 27 17 29 9 26
5 27 5 26 25 2
5 27 9 5 26 2
5 27 17 29 5 26
5 27 5 25 13 2
5 27 5 25 13 23
5 27 16 5 13 2
5 32 12 0 18 28
5 32 10 0 18 28
5 32 10 12 18 28
5 32 10 15 7 18
5 32 10 15 0 18
5 32 0 30 23 28
5 32 0 20 23 28
5 32 10 3 20 28
5 32 10 12 3 28
5 32 10 12 3 20
5 32 0 7 18 23
5 32 15 7 18 23
5 32 15 0 18 23
5 32 25 20 23 28
5 32 25 30 23 28
5 32 15 7 20 23
5 32 10 15 7 20
5 32 15 0 20 28
5 32 10 15 20 28
5 32 10 15 0 28
5 32 15 0 20 23
5 32 31 29 7 20
5 32 31 7 20 23
5 32 31 25 20 23
5 32 3 25 30 28
5 32 12 3 30 28
5 32 31 25 30 23
5 32 26 25 20 28
5 32 26 3 20 28
5 32 26 3 25 28
5 32 12 26 3 20
5 32 31 26 25 20
5 32 31 12 26 20
5 32 26 3 25 30
5 32 12 26 3 30
5 32 31 26 25 30
5 32 31 12 26 30
5 24 10 19 18 21
5 24 10 12 19 18
5 24 10 7 18 21
5 24 32 12 7 18
5 24 32 10 7 18
5 24 32 10 12 18
5 24 14 4 19 21
5 24 9 14 4 19
5 24 17 14 19 21
5 24 17 9 14 19
5 24 17 10 19 20
5 24 17 10 7 20
5 22 12 26 3 20
5 22 10 12 3 20
5 22 17 26 3 20
5 22 17 10 3 20
5 22 31 12 26 20
5 22 17 31 26 20
5 22 32 10 12 20
5 22 32 31 12 20
5 22 31 12 26 3
5 22 10 12 3 19
5 22 17 10 3 19
5 22 24 32 10 12
5 22 31 29 26 3
5 22 17 31 29 26
5 22 9 12 3 19
5 22 17 9 3 19
5 22 24 10 12 19
5 22 24 17 10 19
5 22 17 10 7 20
5 22 32 10 7 20
5 22 17 31 29 20
5 22 32 31 29 20
5 22 32 31 12 7
5 22 24 31 12 7
5 22 24 32 12 7
5 22 29 9 26 3
5 22 17 9 26 3
5 22 17 29 9 26
5 22 31 29 9 3
5 22 31 12 3 30
5 22 31 9 3 30
5 22 24 17 9 19
5 22 32 29 7 20
5 22 24 17 10 7
5 22 24 32 10 7
5 22 32 31 29 7
5 22 24 31 29 7
5 22 31 29 9 30
5 22 24 17 29 7
5 8 22 29 7 20
5 8 22 17 7 20
5 8 22 17 29 20
5 8 22 17 29 7
5 8 17 29 5 20
5 8 24 17 29 7
5 8 31 7 20 23
5 8 31 29 7 20
5 8 15 13 20 23
5 8 15 7 20 23
5 8 15 7 13 23
5 8 5 13 20 23
5 8 31 26 20 23
5 8 31 29 26 23
5 8 31 29 26 20
5 8 29 5 26 20
5 8 14 15 13 20
5 8 5 14 13 20
5 8 16 5 14 20
5 8 16 5 14 13
5 8 15 7 20 21
5 8 24 17 7 20
5 8 17 14 15 20
5 8 27 5 13 23
5 8 27 16 5 13
5 8 26 25 20 23
5 8 5 25 20 23
5 8 5 26 25 20
5 8 29 26 25 23
5 8 27 5 25 23
5 8 27 29 25 23
5 8 15 7 13 21
5 8 14 15 13 21
5 8 10 7 20 21
5 8 24 10 7 21
5 8 24 10 7 20
5 8 24 17 19 21
5 8 24 17 19 20
5 8 15 19 20 21
5 8 17 15 19 20
5 8 14 15 19 21
5 8 17 14 19 21
5 8 17 14 15 19
5 8 27 5 26 25
5 8 27 29 26 25
5 8 27 29 5 26
5 8 10 19 20 21
5 8 24 10 19 21
5 8 24 10 19 20
5 1 9 5 4 2
5 1 27 9 5 2
5 1 5 14 4 2
5 1 17 9 5 4
5 1 16 5 14 2
5 1 27 16 14 2
5 1 27 16 5 2
5 1 17 9 5 26
5 1 27 9 5 26
5 1 27 17 5 26
5 1 27 17 9 26
5 1 8 27 16 5
5 6 24 31 29 7
5 6 8 31 7 23
5 6 8 31 29 23
5 6 8 31 29 7
5 6 8 7 13 23
5 6 7 13 23 21
5 6 7 18 23 21
5 6 31 29 25 23
5 6 8 27 13 23
5 6 8 27 29 23
5 6 8 24 7 21
5 6 8 24 16 21
5 6 8 24 29 7
5 6 8 27 16 13
5 6 8 27 29 16
5 6 8 7 13 21
5 6 13 18 23 21
5 6 8 24 17 29
5 6 27 29 25 23
5 6 27 25 13 2
5 6 27 25 13 23
5 6 8 14 13 21
5 6 8 16 14 21
5 6 8 16 14 13
5 6 27 16 13 2
5 11 8 16 14 20
5 11 8 17 14 20
5 11 16 5 14 20
5 11 8 16 5 20
5 11 8 17 5 20
5 11 8 16 14 21
5 11 8 17 14 21
5 11 5 14 4 20
5 11 17 14 4 20
5 11 17 5 4 20
5 11 1 16 5 14
5 11 1 8 16 5
5 11 24 16 14 21
5 11 24 17 14 21
5 11 8 24 16 21
5 11 8 24 17 21
5 11 1 5 14 4
5 11 1 17 5 4
5 11 1 27 16 14
5 11 1 27 17 5
5 11 1 8 27 5
5 11 1 8 27 16
5 11 6 8 24 16
5 11 6 8 24 17
5 11 17 9 14 4
5 11 1 17 9 4
5 11 1 27 17 9
5 11 27 17 29 5
5 11 8 17 29 5
5 11 8 27 29 5
5 11 8 27 29 16
5 11 24 17 9 14
5 11 6 24 17 29
5 11 6 8 29 16
5 11 6 8 17 29
5 11 9 14 4 2
5 11 1 14 4 2
5 11 1 9 4 2
5 11 1 27 14 2
5 11 1 27 9 2
5 11 6 27 29 16
5 11 22 24 17 29
