300
5 8 19 16 6 11
5 2 22 27 20 1
5 2 22 9 20 1
5 13 17 4 20 12
5 13 19 16 20 12
5 13 4 19 20 12
5 13 18 4 19 12
5 13 19 16 6 11
5 13 18 19 6 11
5 21 13 16 20 12
5 21 13 17 20 12
5 21 17 4 20 12
5 14 31 15 6 11
5 14 8 15 6 11
5 14 8 15 11 30
5 14 31 16 6 11
5 14 8 16 11 30
5 14 8 16 6 30
5 14 8 16 6 11
5 14 31 9 15 11
5 14 21 31 9 16
5 14 13 31 16 6
5 14 13 31 17 6
5 14 13 16 20 30
5 14 13 17 20 30
5 14 21 13 31 16
5 14 21 13 31 17
5 14 21 13 16 20
5 14 21 13 17 20
5 26 13 4 19 20
5 26 13 17 4 20
5 26 13 17 20 30
5 26 4 19 20 12
5 26 19 16 20 30
5 26 13 16 20 30
5 26 13 19 16 20
5 26 13 18 19 6
5 26 13 18 4 19
5 26 4 27 20 12
5 26 14 8 6 30
5 26 8 19 16 30
5 26 13 19 16 6
5 26 14 13 17 30
5 26 14 13 17 6
5 26 8 16 6 30
5 26 14 16 6 30
5 26 14 13 16 30
5 26 14 13 16 6
5 10 22 8 15 25
5 10 2 22 9 15
5 10 14 9 15 30
5 10 14 8 15 30
5 10 2 31 9 15
5 10 2 22 9 20
5 10 14 9 20 30
5 10 14 31 9 15
5 10 14 31 15 6
5 10 14 8 15 6
5 10 2 31 15 6
5 10 2 31 17 6
5 10 21 2 31 17
5 10 21 2 31 9
5 10 14 17 20 30
5 10 26 17 20 30
5 10 26 14 17 30
5 10 14 21 17 20
5 10 14 21 9 20
5 10 14 31 17 6
5 10 14 21 31 17
5 10 14 21 31 9
5 7 21 17 4 20
5 7 2 27 20 1
5 7 21 20 1 12
5 7 21 4 20 12
5 7 21 17 4 12
5 7 4 27 20 12
5 7 18 4 27 12
5 7 13 17 4 12
5 7 21 0 1 12
5 7 21 13 17 12
5 7 18 27 0 12
5 28 18 27 0 25
5 28 7 18 27 0
5 28 2 31 9 15
5 28 7 27 0 1
5 28 7 2 27 1
5 28 9 15 0 1
5 28 2 22 27 1
5 28 2 22 15 27
5 28 22 9 15 1
5 28 2 22 9 1
5 28 2 22 9 15
5 23 13 18 6 11
5 23 21 13 31 16
5 23 31 16 6 11
5 23 13 16 6 11
5 23 13 31 16 6
5 23 18 19 11 12
5 23 13 18 19 12
5 23 13 18 19 11
5 23 21 13 16 12
5 23 18 15 6 11
5 23 18 15 0 6
5 23 31 15 6 11
5 23 31 15 0 11
5 23 31 15 0 6
5 23 7 18 0 12
5 23 7 21 0 12
5 23 19 16 11 12
5 23 13 19 16 12
5 23 13 19 16 11
5 23 15 0 11 25
5 23 18 15 11 25
5 23 18 27 12 25
5 23 18 27 0 25
5 23 18 27 0 12
5 23 28 15 0 25
5 23 28 18 0 25
5 23 28 18 15 25
5 23 28 18 15 0
5 24 18 4 27 12
5 24 18 4 19 12
5 24 26 4 27 12
5 24 26 4 19 12
5 24 18 27 12 25
5 24 18 19 11 12
5 24 18 19 6 11
5 24 23 18 12 25
5 24 23 18 11 25
5 24 23 18 11 12
5 24 8 19 6 11
5 24 18 15 11 25
5 24 18 15 6 11
5 24 22 8 15 25
5 24 8 15 11 25
5 24 8 15 6 11
5 24 8 19 16 11
5 24 8 16 11 30
5 24 8 19 16 30
5 5 28 7 18 27
5 5 28 7 2 27
5 5 28 7 18 0
5 5 7 21 2 17
5 5 7 13 17 4
5 5 2 31 17 6
5 5 21 2 31 17
5 5 28 21 2 31
5 5 13 18 4 12
5 5 7 18 4 12
5 5 7 13 4 12
5 5 7 21 13 17
5 5 18 15 0 6
5 5 28 18 15 6
5 5 28 18 15 0
5 5 2 31 15 6
5 5 28 2 31 15
5 5 23 7 18 0
5 5 23 7 21 0
5 5 28 21 31 0
5 5 7 21 13 12
5 5 21 13 31 17
5 5 13 31 17 6
5 5 23 18 0 6
5 5 23 31 0 6
5 5 31 15 0 6
5 5 28 31 15 0
5 5 23 21 31 0
5 5 23 7 18 12
5 5 23 7 21 12
5 5 23 13 18 12
5 5 23 21 13 12
5 5 23 21 13 31
5 5 23 13 18 6
5 5 23 13 31 6
5 3 28 2 9 1
5 3 2 9 20 1
5 3 28 9 0 1
5 3 28 7 2 1
5 3 21 2 31 9
5 3 28 2 31 9
5 3 28 21 2 31
5 3 7 2 20 1
5 3 7 21 20 1
5 3 10 2 9 20
5 3 10 21 9 20
5 3 10 21 2 9
5 3 7 21 0 1
5 3 28 7 0 1
5 3 28 21 31 0
5 3 5 7 21 2
5 3 5 28 21 2
5 3 5 28 7 2
5 3 7 2 17 20
5 3 7 21 17 20
5 3 7 21 2 17
5 3 10 2 17 20
5 3 10 21 17 20
5 3 10 21 2 17
5 3 5 7 21 0
5 3 5 28 21 0
5 3 5 28 7 0
5 3 31 9 15 0
5 3 28 9 15 0
5 3 28 31 15 0
5 3 28 31 9 15
5 29 24 26 22 27
5 29 2 22 27 20
5 29 26 22 27 20
5 29 2 22 15 27
5 29 5 28 2 27
5 29 24 18 4 27
5 29 24 26 4 27
5 29 5 28 18 27
5 29 7 2 27 20
5 29 5 7 2 27
5 29 5 2 17 6
5 29 22 15 27 25
5 29 24 22 27 25
5 29 24 22 15 25
5 29 28 2 15 27
5 29 26 18 4 19
5 29 24 18 4 19
5 29 24 26 4 19
5 29 7 18 4 27
5 29 5 7 18 27
5 29 5 7 18 4
5 29 26 13 18 4
5 29 5 13 18 4
5 29 28 18 27 25
5 29 24 18 27 25
5 29 5 28 18 6
5 29 26 18 19 6
5 29 24 18 19 6
5 29 24 26 19 6
5 29 26 13 18 6
5 29 5 13 18 6
5 29 26 4 27 20
5 29 7 4 27 20
5 29 10 2 17 20
5 29 5 7 17 4
5 29 5 7 2 17
5 29 26 17 4 20
5 29 26 13 17 4
5 29 5 13 17 4
5 29 26 13 17 6
5 29 5 13 17 6
5 29 28 15 27 25
5 29 10 2 15 6
5 29 10 2 22 15
5 29 5 2 15 6
5 29 5 28 15 6
5 29 5 28 2 15
5 29 28 18 15 25
5 29 24 18 15 25
5 29 28 18 15 6
5 29 24 18 15 6
5 29 7 17 4 20
5 29 7 2 17 20
5 29 10 2 17 6
5 32 29 24 26 22
5 32 24 26 22 19
5 32 24 22 8 15
5 32 29 24 22 15
5 32 29 24 26 6
5 32 24 8 19 6
5 32 24 26 19 6
5 32 10 22 8 20
5 32 10 22 8 15
5 32 29 10 22 15
5 32 29 26 22 20
5 32 24 8 15 6
5 32 29 24 15 6
5 32 29 26 17 6
5 32 8 19 20 30
5 32 26 19 20 30
5 32 26 8 19 30
5 32 8 19 16 6
5 32 26 19 16 6
5 32 26 8 16 6
5 32 26 8 19 16
5 32 10 8 20 30
5 32 10 26 20 30
5 32 10 8 15 6
5 32 29 10 15 6
5 32 10 26 14 17
5 32 29 10 17 6
5 32 10 26 17 20
5 32 29 26 17 20
5 32 29 10 17 20
5 32 10 2 22 20
5 32 29 2 22 20
5 32 29 10 2 20
5 32 29 10 2 22
5 32 26 14 17 6
5 32 26 14 8 6
5 32 26 14 8 30
5 32 10 14 8 30
5 32 10 26 14 30
5 32 10 14 17 6
5 32 10 14 8 6
