228
5 4 16 23 7 1
5 11 4 16 23 1
5 13 22 9 21 17
5 13 11 16 9 17
5 13 11 16 23 17
5 10 4 25 8 21
5 2 10 25 7 0
5 2 10 25 8 0
5 2 10 25 7 1
5 2 10 25 8 1
5 5 13 11 16 9
5 5 13 16 9 21
5 5 13 22 9 21
5 5 13 22 16 21
5 5 4 12 16 9
5 5 8 22 9 21
5 5 4 16 9 21
5 5 11 12 16 9
5 5 4 12 9 1
5 5 4 25 8 21
5 14 2 25 7 1
5 14 5 11 16 0
5 14 5 11 12 0
5 14 11 4 16 1
5 14 5 12 9 1
5 14 11 4 12 1
5 14 5 4 12 1
5 14 11 4 12 16
5 14 5 4 12 16
5 14 5 11 12 16
5 20 13 22 16 21
5 20 5 22 16 21
5 20 5 13 22 16
5 20 5 25 22 21
5 20 5 4 16 21
5 20 25 8 22 21
5 20 25 8 22 0
5 20 10 25 8 21
5 20 10 25 8 0
5 20 10 4 25 21
5 20 4 16 23 7
5 20 10 4 23 7
5 6 13 11 23 17
5 6 13 11 16 0
5 6 13 11 16 23
5 6 20 13 16 23
5 6 20 16 23 7
5 6 14 11 12 0
5 6 14 2 7 0
5 6 16 23 7 1
5 6 11 23 7 1
5 6 11 16 23 1
5 6 11 12 7 1
5 6 14 11 12 1
5 6 4 16 7 1
5 6 2 12 7 1
5 6 14 2 7 1
5 6 14 2 12 1
5 15 10 7 0 3
5 15 10 8 0 3
5 15 6 2 7 0
5 15 2 10 7 0
5 15 2 10 8 0
5 15 6 2 12 7
5 15 2 12 3 9
5 15 14 2 12 0
5 15 6 14 12 0
5 15 6 14 2 0
5 15 6 14 2 12
5 15 6 11 12 7
5 15 6 11 12 0
5 15 11 12 23 7
5 15 6 11 23 7
5 15 12 23 3 17
5 15 11 12 23 17
5 15 6 11 23 17
5 24 20 13 23 21
5 24 20 13 22 21
5 24 13 23 21 17
5 24 13 22 21 17
5 24 23 3 21 17
5 24 22 3 21 17
5 24 10 23 3 21
5 24 20 10 23 21
5 24 6 13 23 17
5 24 6 20 13 23
5 24 10 23 7 3
5 24 20 10 23 7
5 24 8 22 3 21
5 24 10 8 3 21
5 24 20 8 22 21
5 24 20 10 8 21
5 24 8 22 0 3
5 24 20 8 22 0
5 24 20 5 22 0
5 24 20 5 13 22
5 24 22 3 9 17
5 24 22 0 3 9
5 24 10 7 0 3
5 24 20 10 7 0
5 24 10 8 0 3
5 24 20 10 8 0
5 24 6 20 7 0
5 24 6 20 23 7
5 24 6 13 11 17
5 24 6 13 11 0
5 24 5 22 0 9
5 24 13 22 9 17
5 24 5 13 22 9
5 24 20 5 13 16
5 24 15 23 3 17
5 24 15 6 23 17
5 24 15 0 3 9
5 24 15 7 0 3
5 24 15 6 7 0
5 24 15 23 7 3
5 24 15 6 23 7
5 24 15 6 11 17
5 24 15 6 11 0
5 24 13 11 9 17
5 24 5 13 11 9
5 24 13 11 16 0
5 24 5 11 16 0
5 24 5 13 11 16
5 24 12 3 9 17
5 24 15 12 3 17
5 24 15 12 3 9
5 24 15 12 0 9
5 24 15 11 12 17
5 24 15 11 12 0
5 24 11 12 9 17
5 24 5 12 0 9
5 24 5 11 12 9
5 24 5 11 12 0
5 18 20 4 16 7
5 18 6 4 16 7
5 18 6 20 16 7
5 18 6 4 7 1
5 18 10 4 7 1
5 18 20 10 4 7
5 18 14 4 16 1
5 18 6 4 16 1
5 18 10 25 7 1
5 18 10 4 25 1
5 18 20 10 4 25
5 18 14 25 7 1
5 18 6 14 7 1
5 18 14 4 25 1
5 18 14 5 4 16
5 18 14 5 4 25
5 18 20 5 4 16
5 18 14 11 16 1
5 18 6 11 16 1
5 18 6 14 11 1
5 18 14 11 16 0
5 18 6 11 16 0
5 18 6 14 11 0
5 18 6 13 16 0
5 18 6 20 13 16
5 18 6 14 7 0
5 18 10 25 7 0
5 18 20 10 7 0
5 18 6 20 7 0
5 18 20 10 25 0
5 18 14 5 16 0
5 18 5 4 25 21
5 18 20 4 25 21
5 18 20 5 25 21
5 18 20 5 4 21
5 18 24 13 16 0
5 18 24 20 13 16
5 18 24 6 13 0
5 18 24 6 20 0
5 18 24 6 20 13
5 18 2 25 7 0
5 18 14 2 7 0
5 18 14 2 25 0
5 18 14 2 25 7
5 18 24 5 16 0
5 18 24 20 5 0
5 18 24 20 5 16
5 18 20 5 25 22
5 19 15 12 0 9
5 19 15 2 12 9
5 19 15 2 12 0
5 19 5 12 0 9
5 19 15 0 3 9
5 19 15 2 3 9
5 19 5 22 0 9
5 19 14 5 12 9
5 19 14 2 12 0
5 19 14 5 12 0
5 19 22 0 3 9
5 19 15 8 0 3
5 19 15 2 8 3
5 19 15 2 8 0
5 19 5 8 22 9
5 19 2 12 9 1
5 19 14 12 9 1
5 19 14 2 12 1
5 19 14 5 9 1
5 19 14 2 25 0
5 19 8 22 3 9
5 19 2 8 3 9
5 19 8 22 0 3
5 19 25 8 22 0
5 19 2 25 8 0
5 19 14 2 25 1
5 19 18 14 25 0
5 19 18 14 5 0
5 19 18 14 5 25
5 19 2 25 8 1
5 19 5 4 25 8
5 19 18 5 25 22
5 19 25 8 22 21
5 19 5 8 22 21
5 19 5 25 22 21
5 19 5 25 8 21
5 19 5 4 9 1
5 19 14 4 25 1
5 19 14 5 4 1
5 19 14 5 4 25
5 19 20 25 22 0
5 19 18 20 25 0
5 19 18 20 25 22
5 19 20 5 22 0
5 19 18 20 5 0
5 19 18 20 5 22
