127
5 18 3 17 8 15
5 18 3 7 17 8
5 5 3 17 8 15
5 5 18 3 8 15
5 5 18 3 7 8
5 6 5 3 7 8
5 6 5 18 7 8
5 6 5 18 3 15
5 6 5 18 3 7
5 10 18 3 7 17
5 10 3 0 17 15
5 10 18 0 17 15
5 10 18 3 17 15
5 4 6 14 8 1
5 4 3 7 17 8
5 4 6 3 7 8
5 4 10 3 7 17
5 4 5 17 8 1
5 4 5 3 8 1
5 4 5 3 17 1
5 4 5 3 17 8
5 16 10 18 7 17
5 16 4 10 0 17
5 16 4 10 7 17
5 2 10 3 0 15
5 2 10 18 0 15
5 2 4 14 0 1
5 2 4 6 14 1
5 2 4 6 14 7
5 2 10 3 0 17
5 2 5 3 1 15
5 2 6 5 3 15
5 2 6 5 3 1
5 2 4 6 3 1
5 2 4 6 3 7
5 2 4 10 0 17
5 2 4 3 17 1
5 2 4 10 3 17
5 2 4 10 3 7
5 11 6 14 8 1
5 11 2 6 14 1
5 11 2 5 1 15
5 11 2 6 5 15
5 11 2 6 5 1
5 11 5 3 8 1
5 11 6 5 3 1
5 11 6 5 3 8
5 11 2 0 1 15
5 11 2 14 0 1
5 11 4 3 8 1
5 11 4 6 8 1
5 11 4 6 3 1
5 11 4 6 3 8
5 13 2 6 14 7
5 13 16 4 14 0
5 13 16 4 14 7
5 13 2 4 14 0
5 13 2 4 14 7
5 13 11 2 14 0
5 13 11 2 6 14
5 13 2 10 18 0
5 13 2 18 0 15
5 13 11 6 14 8
5 13 16 10 7 0
5 13 16 4 10 0
5 13 16 4 10 7
5 13 2 4 10 0
5 13 2 4 10 7
5 13 11 2 0 15
5 13 11 2 6 15
5 13 2 10 18 15
5 13 6 18 3 7
5 13 10 18 3 7
5 13 2 6 3 7
5 13 2 10 3 7
5 13 6 18 3 15
5 13 10 18 3 15
5 13 2 6 3 15
5 13 2 10 3 15
5 12 13 16 7 0
5 12 16 10 7 0
5 12 16 10 18 7
5 12 13 10 7 0
5 12 13 10 18 0
5 12 13 10 18 7
5 12 13 16 14 0
5 12 10 18 0 17
5 12 16 10 0 17
5 12 16 10 18 17
5 12 13 18 0 15
5 12 6 18 7 8
5 12 13 6 7 8
5 12 13 6 18 7
5 12 13 11 0 15
5 12 13 11 14 0
5 12 13 11 14 8
5 12 13 11 6 8
5 12 13 6 18 15
5 12 13 11 6 15
5 12 6 5 18 8
5 12 11 6 5 8
5 12 5 18 8 15
5 12 11 5 8 15
5 12 6 5 18 15
5 12 11 6 5 15
5 9 12 16 14 8
5 9 12 13 14 8
5 9 12 13 16 14
5 9 13 16 14 7
5 9 12 13 7 8
5 9 12 13 16 7
5 9 16 4 14 7
5 9 13 6 7 8
5 9 13 6 14 8
5 9 13 6 14 7
5 9 12 16 17 8
5 9 4 6 7 8
5 9 4 6 14 8
5 9 4 6 14 7
5 9 4 7 17 8
5 9 16 4 7 17
5 9 18 7 17 8
5 9 12 18 17 8
5 9 12 18 7 8
5 9 16 18 7 17
5 9 12 16 18 17
5 9 12 16 18 7
