188
5 25 19 16 23 11
5 20 19 9 24 15
5 20 25 16 11 9
5 20 25 19 11 9
5 20 25 19 16 9
5 20 25 19 16 11
5 8 20 19 16 15
5 10 25 16 9 2
5 10 25 16 11 9
5 6 20 11 9 24
5 6 20 19 11 9
5 6 20 19 12 9
5 6 20 19 12 11
5 6 10 25 11 9
5 13 6 22 11 24
5 13 20 9 24 15
5 13 6 20 9 24
5 13 6 20 12 9
5 13 6 20 11 24
5 13 6 12 11 5
5 13 20 19 9 15
5 13 20 19 12 9
5 13 6 20 12 11
5 13 8 12 11 5
5 13 8 20 12 11
5 4 25 16 23 2
5 4 25 16 23 11
5 4 10 7 16 2
5 4 6 10 25 2
5 4 6 10 25 11
5 4 10 25 16 2
5 4 10 25 16 11
5 4 10 7 22 24
5 4 6 22 11 24
5 4 6 10 22 24
5 4 20 16 11 9
5 4 10 16 11 9
5 4 20 7 16 9
5 4 10 7 16 9
5 4 6 11 9 24
5 4 6 10 9 24
5 4 6 10 11 9
5 4 20 11 9 24
5 4 20 7 9 24
5 4 10 7 9 24
5 14 25 16 9 2
5 14 10 7 9 24
5 14 10 16 9 2
5 14 10 7 16 2
5 14 10 7 16 9
5 14 20 7 9 24
5 14 20 7 16 9
5 14 25 19 16 9
5 14 20 19 9 24
5 14 20 19 16 9
5 14 20 19 24 15
5 14 20 19 16 15
5 14 7 16 23 2
5 14 22 3 23 2
5 14 7 22 23 2
5 14 25 16 23 2
5 21 25 19 16 23
5 21 8 23 11 5
5 21 8 12 11 5
5 21 8 19 16 15
5 21 8 3 16 15
5 21 8 3 16 23
5 21 13 8 12 15
5 21 19 16 23 11
5 21 8 16 23 11
5 21 20 19 12 11
5 21 8 20 12 11
5 21 8 20 19 15
5 21 13 20 19 15
5 21 13 8 20 15
5 21 13 20 19 12
5 21 13 8 20 12
5 21 20 19 16 11
5 21 8 20 16 11
5 21 8 20 19 16
5 18 8 3 16 15
5 18 8 20 16 15
5 18 4 20 16 11
5 18 13 22 11 24
5 18 13 20 11 24
5 18 14 3 16 15
5 18 14 20 16 15
5 18 14 22 3 24
5 18 4 20 7 16
5 18 14 20 7 16
5 18 4 22 11 24
5 18 4 20 11 24
5 18 13 20 24 15
5 18 13 3 24 15
5 18 13 22 3 24
5 18 14 3 24 15
5 18 14 20 24 15
5 18 4 7 22 24
5 18 14 7 22 24
5 18 4 20 7 24
5 18 14 20 7 24
5 0 4 22 23 2
5 0 4 22 23 5
5 0 4 6 22 5
5 0 4 25 23 2
5 0 13 6 12 5
5 0 13 6 22 5
5 0 21 23 11 5
5 0 21 12 11 5
5 0 6 12 11 5
5 1 18 8 3 16
5 1 18 14 3 16
5 1 18 14 22 3
5 1 22 3 23 5
5 1 8 3 23 5
5 1 8 3 16 23
5 1 14 3 16 23
5 1 14 22 3 23
5 1 18 14 7 16
5 1 18 14 7 22
5 1 13 22 3 5
5 1 18 13 22 3
5 1 13 8 3 5
5 1 4 22 23 5
5 1 8 23 11 5
5 1 8 16 23 11
5 1 14 7 16 23
5 1 14 7 22 23
5 1 18 4 7 16
5 1 18 4 7 22
5 1 18 13 22 11
5 1 18 4 16 11
5 1 18 4 22 11
5 1 13 8 11 5
5 1 8 20 16 11
5 1 18 20 16 11
5 1 18 8 20 16
5 1 13 8 3 15
5 1 18 8 3 15
5 1 18 13 3 15
5 1 4 16 23 11
5 1 4 6 22 5
5 1 4 6 22 11
5 1 13 6 11 5
5 1 13 6 22 5
5 1 13 6 22 11
5 1 13 8 20 11
5 1 18 13 20 11
5 1 13 8 20 15
5 1 18 8 20 15
5 1 18 13 20 15
5 1 0 23 11 5
5 1 0 4 23 5
5 1 0 4 23 11
5 1 7 16 23 2
5 1 4 16 23 2
5 1 4 7 16 2
5 1 7 22 23 2
5 1 4 22 23 2
5 1 4 7 22 2
5 1 0 6 11 5
5 1 0 4 6 5
5 1 0 4 6 11
5 17 6 10 25 9
5 17 6 10 25 2
5 17 6 19 12 9
5 17 4 6 25 2
5 17 0 4 25 2
5 17 4 6 10 2
5 17 0 4 10 2
5 17 0 4 6 10
5 17 25 19 11 9
5 17 6 19 11 9
5 17 6 25 11 9
5 17 6 19 12 11
5 17 0 6 12 11
5 17 4 6 25 11
5 17 0 4 6 11
5 17 21 19 12 11
5 17 0 21 12 11
5 17 25 19 23 11
5 17 4 25 23 11
5 17 0 4 23 11
5 17 0 4 25 23
5 17 21 19 23 11
5 17 0 21 23 11
5 17 21 25 19 23
5 17 0 21 25 23
