347
5 13 26 18 12 22
5 1 26 12 0 15
5 1 26 18 12 15
5 1 13 26 18 15
5 1 13 18 4 12
5 1 13 10 4 12
5 17 29 12 0 22
5 17 1 4 12 0
5 17 1 10 4 0
5 17 1 10 4 12
5 16 24 13 11 15
5 27 13 11 18 22
5 27 13 18 4 5
5 27 13 11 4 5
5 27 13 11 18 5
5 27 18 4 12 22
5 27 13 18 12 22
5 27 13 18 4 12
5 27 17 4 12 22
5 27 17 13 12 22
5 27 13 10 4 12
5 27 17 13 14 22
5 6 9 4 0 5
5 6 16 11 9 5
5 6 16 24 11 5
5 30 6 9 0 5
5 30 6 16 24 9
5 30 6 24 13 10
5 30 24 13 10 14
5 30 16 9 15 5
5 30 6 16 9 5
5 30 6 16 24 5
5 30 24 13 11 15
5 30 6 24 11 5
5 30 6 24 13 11
5 30 16 24 11 5
5 30 16 24 11 15
5 7 30 6 24 10
5 7 30 6 9 0
5 7 30 6 10 0
5 7 6 9 4 0
5 7 6 10 4 0
5 32 30 24 13 14
5 32 30 24 10 14
5 32 7 24 10 14
5 32 7 30 24 10
5 32 30 16 24 15
5 32 26 9 0 15
5 32 7 30 9 0
5 32 7 30 10 0
5 32 7 17 10 14
5 32 30 16 24 9
5 32 30 6 24 9
5 32 7 6 24 9
5 32 7 30 6 9
5 32 7 30 6 24
5 32 16 26 9 15
5 32 30 16 9 15
5 32 29 26 9 0
5 32 7 29 9 0
5 8 26 18 15 22
5 8 13 26 18 22
5 8 27 13 14 22
5 8 27 17 14 22
5 8 27 17 29 22
5 23 16 11 9 5
5 23 16 9 15 5
5 23 11 9 4 5
5 23 16 26 9 15
5 23 16 11 15 5
5 23 27 11 9 4
5 23 8 27 29 22
5 23 8 27 11 22
5 23 32 16 26 9
5 23 8 26 15 22
5 23 8 18 15 22
5 23 8 11 18 22
5 21 24 13 10 14
5 21 6 13 11 10
5 21 6 24 13 10
5 21 6 24 13 11
5 28 27 13 10 4
5 28 27 13 11 4
5 28 6 13 11 10
5 28 21 6 11 10
5 28 21 13 11 10
5 28 13 10 4 5
5 28 6 10 4 5
5 28 6 13 10 5
5 28 13 11 4 5
5 28 6 11 4 5
5 28 6 13 11 5
5 28 17 10 4 12
5 28 27 10 4 12
5 28 27 17 4 12
5 28 7 6 10 4
5 28 21 13 10 14
5 28 17 13 10 12
5 28 27 13 10 12
5 28 27 17 13 12
5 28 17 10 4 0
5 28 7 10 4 0
5 28 7 17 4 0
5 28 7 17 10 0
5 28 7 6 9 4
5 28 7 27 9 4
5 28 7 27 17 4
5 28 17 13 10 14
5 28 27 17 13 14
5 31 1 12 0 15
5 31 9 0 15 5
5 31 30 9 15 5
5 31 30 9 0 5
5 31 30 6 0 5
5 31 32 1 0 15
5 31 32 30 1 15
5 31 32 30 1 0
5 31 1 18 12 15
5 31 4 12 0 5
5 31 1 4 12 0
5 31 32 9 0 15
5 31 32 30 9 15
5 31 32 30 9 0
5 31 1 13 18 15
5 31 30 1 13 15
5 31 30 1 10 0
5 31 30 6 10 0
5 31 18 4 12 5
5 31 1 18 4 12
5 31 1 10 4 0
5 31 11 18 15 5
5 31 13 11 18 5
5 31 13 11 18 15
5 31 30 13 11 15
5 31 13 18 4 5
5 31 1 13 18 4
5 31 30 1 13 10
5 31 6 4 0 5
5 31 6 10 4 5
5 31 6 10 4 0
5 31 6 13 10 5
5 31 30 6 13 10
5 31 13 10 4 5
5 31 1 13 10 4
5 31 16 11 15 5
5 31 30 16 15 5
5 31 30 16 11 5
5 31 30 16 11 15
5 31 6 13 11 5
5 31 30 6 11 5
5 31 30 6 13 11
5 25 32 13 26 14
5 25 8 13 26 14
5 25 32 30 13 14
5 25 17 13 14 22
5 25 8 13 14 22
5 25 8 17 14 22
5 25 8 13 26 22
5 25 17 13 10 14
5 25 30 13 10 14
5 25 32 17 10 14
5 25 32 30 10 14
5 25 1 13 26 15
5 25 32 13 26 15
5 25 13 26 12 22
5 25 17 13 12 22
5 25 30 1 13 10
5 25 30 1 13 15
5 25 32 30 13 15
5 25 32 30 1 15
5 25 13 26 18 12
5 25 1 26 18 12
5 25 1 13 18 12
5 25 1 13 26 18
5 25 1 13 10 12
5 25 17 13 10 12
5 25 17 1 10 12
5 25 1 26 0 15
5 25 32 26 0 15
5 25 32 1 0 15
5 25 1 26 12 0
5 25 17 1 12 0
5 25 29 26 12 22
5 25 17 29 12 22
5 25 17 1 10 0
5 25 30 1 10 0
5 25 32 30 10 0
5 25 32 30 1 0
5 25 29 26 12 0
5 25 17 29 12 0
5 25 7 17 10 0
5 25 32 7 10 0
5 25 32 7 17 0
5 25 32 7 17 10
5 3 32 7 29 9
5 3 23 32 16 9
5 3 32 29 26 9
5 3 23 29 26 9
5 3 23 32 26 9
5 3 23 32 16 26
5 3 32 7 17 14
5 3 23 8 29 26
5 3 7 17 29 0
5 3 32 7 29 0
5 3 32 7 17 0
5 3 25 32 26 14
5 3 25 32 17 14
5 3 25 17 29 0
5 3 25 32 17 0
5 3 25 8 26 14
5 3 25 8 17 14
5 3 32 29 26 0
5 3 25 29 26 0
5 3 25 32 26 0
5 3 8 29 26 22
5 3 25 29 26 22
5 3 25 8 26 22
5 3 8 17 29 22
5 3 25 17 29 22
5 3 25 8 17 22
5 20 21 24 13 14
5 20 21 24 13 11
5 20 28 27 13 14
5 20 28 21 13 14
5 20 28 27 13 11
5 20 28 21 13 11
5 20 21 6 24 11
5 20 28 21 6 11
5 19 3 23 16 26
5 19 3 23 8 26
5 19 3 8 26 14
5 19 20 23 16 11
5 19 8 13 26 14
5 19 23 16 26 15
5 19 23 8 26 15
5 19 3 32 26 14
5 19 3 32 16 26
5 19 20 16 24 11
5 19 23 8 27 11
5 19 20 23 27 11
5 19 32 13 26 14
5 19 32 13 26 15
5 19 32 16 26 15
5 19 16 13 11 15
5 19 23 16 11 15
5 19 13 26 18 15
5 19 8 26 18 15
5 19 8 13 26 18
5 19 23 8 18 15
5 19 16 24 13 11
5 19 23 8 11 18
5 19 20 24 13 14
5 19 20 24 13 11
5 19 8 27 13 14
5 19 20 27 13 14
5 19 20 8 27 14
5 19 20 27 13 11
5 19 32 24 13 14
5 19 16 24 13 15
5 19 32 16 24 15
5 19 13 11 18 15
5 19 23 11 18 15
5 19 13 11 18 22
5 19 8 11 18 22
5 19 8 13 18 22
5 19 27 13 11 22
5 19 8 27 11 22
5 19 8 27 13 22
5 19 30 24 13 15
5 19 32 30 13 15
5 19 32 30 24 15
5 19 32 30 24 13
5 2 23 8 27 29
5 2 23 27 29 9
5 2 3 23 8 29
5 2 19 23 8 27
5 2 19 20 8 27
5 2 19 20 23 27
5 2 8 27 17 29
5 2 3 8 17 29
5 2 3 23 29 9
5 2 23 27 11 9
5 2 20 23 27 11
5 2 19 3 23 8
5 2 3 7 17 29
5 2 8 27 17 14
5 2 20 8 27 14
5 2 3 8 17 14
5 2 7 27 29 9
5 2 7 27 17 29
5 2 3 7 29 9
5 2 20 28 27 11
5 2 23 16 11 9
5 2 20 23 16 11
5 2 19 3 8 14
5 2 19 20 8 14
5 2 3 7 17 14
5 2 28 27 17 14
5 2 20 28 27 14
5 2 28 7 27 9
5 2 28 7 27 17
5 2 3 23 16 9
5 2 19 3 23 16
5 2 19 20 23 16
5 2 27 11 9 4
5 2 28 27 9 4
5 2 28 27 11 4
5 2 20 28 6 11
5 2 6 16 11 9
5 2 19 20 24 14
5 2 20 28 21 14
5 2 32 7 24 9
5 2 3 32 7 9
5 2 19 20 16 24
5 2 28 6 9 4
5 2 28 6 11 4
5 2 20 28 21 6
5 2 6 16 24 9
5 2 6 16 24 11
5 2 20 16 24 11
5 2 20 6 24 11
5 2 19 32 24 14
5 2 19 3 32 14
5 2 20 21 24 14
5 2 32 7 24 14
5 2 3 32 7 14
5 2 28 7 6 9
5 2 32 16 24 9
5 2 3 32 16 9
5 2 7 6 24 9
5 2 20 21 6 24
5 2 19 32 16 24
5 2 19 3 32 16
5 2 11 9 4 5
5 2 6 9 4 5
5 2 6 11 4 5
5 2 6 11 9 5
5 2 7 17 10 14
5 2 28 17 10 14
5 2 28 7 17 10
5 2 28 21 10 14
5 2 7 24 10 14
5 2 21 24 10 14
5 2 28 7 6 10
5 2 28 21 6 10
5 2 7 6 24 10
5 2 21 6 24 10
