216
5 22 0 7 3 24
5 16 0 7 3 24
5 16 22 0 3 24
5 16 11 0 7 24
5 8 11 7 24 9
5 8 22 7 24 9
5 8 11 25 7 9
5 8 22 1 24 9
5 8 22 25 7 9
5 8 22 1 25 9
5 6 22 1 14 3
5 12 16 11 0 24
5 12 6 22 0 3
5 23 6 22 1 3
5 23 22 25 14 3
5 23 22 1 14 3
5 23 22 1 25 14
5 23 6 1 14 3
5 23 16 25 7 3
5 23 21 16 25 7
5 19 8 11 25 9
5 19 23 21 25 15
5 19 11 25 7 9
5 19 16 11 25 7
5 19 21 16 25 7
5 10 8 11 24 9
5 10 19 8 11 9
5 10 19 23 25 15
5 17 16 22 0 24
5 17 12 16 0 24
5 17 16 22 0 3
5 17 12 22 0 3
5 17 12 16 0 3
5 17 16 22 3 24
5 17 12 16 11 24
5 17 22 7 3 24
5 17 16 7 3 24
5 17 8 22 1 24
5 17 6 22 1 14
5 17 16 11 7 24
5 17 6 22 14 3
5 17 12 6 14 3
5 17 12 6 22 3
5 17 8 22 7 24
5 17 25 14 7 3
5 17 22 25 7 3
5 17 22 25 14 3
5 17 22 1 25 14
5 17 8 1 25 14
5 17 8 22 1 25
5 17 8 11 7 24
5 17 8 11 14 7
5 17 8 25 14 7
5 17 8 22 25 7
5 2 23 12 6 3
5 2 12 6 0 3
5 2 19 21 0 15
5 2 12 16 0 3
5 2 23 6 0 15
5 2 23 6 0 3
5 2 23 21 16 25
5 2 19 21 16 25
5 2 19 23 21 25
5 2 19 16 11 25
5 2 19 16 11 0
5 4 10 8 24 9
5 4 8 1 25 9
5 4 19 8 25 9
5 4 10 19 8 9
5 4 19 25 9 15
5 4 10 19 9 15
5 20 17 12 11 24
5 20 12 11 0 24
5 20 10 11 0 24
5 20 10 8 11 24
5 20 17 8 11 24
5 20 17 8 11 14
5 20 12 16 11 0
5 20 2 16 11 0
5 20 2 12 16 0
5 20 2 12 16 11
5 20 10 19 11 0
5 20 2 19 11 0
5 20 2 12 6 0
5 20 10 19 8 11
5 20 10 19 0 15
5 20 2 19 0 15
5 20 10 6 0 15
5 20 2 6 0 15
5 20 19 8 11 25
5 20 4 8 25 14
5 20 10 19 23 15
5 20 10 23 6 15
5 20 2 19 21 15
5 20 10 19 23 25
5 20 4 19 8 25
5 20 4 10 19 25
5 20 4 10 19 8
5 13 2 19 11 25
5 13 2 16 11 25
5 13 2 12 16 11
5 13 20 2 12 11
5 13 20 2 19 11
5 13 20 19 11 25
5 13 2 23 16 25
5 13 2 19 23 25
5 13 16 11 25 7
5 13 17 12 16 11
5 13 20 8 25 14
5 13 20 8 11 14
5 13 20 8 11 25
5 13 20 19 23 25
5 13 20 17 11 14
5 13 20 17 12 14
5 13 20 17 12 11
5 13 2 12 16 3
5 13 2 23 16 3
5 13 2 23 12 3
5 13 2 19 23 21
5 13 20 2 19 21
5 13 8 25 14 7
5 13 8 11 14 7
5 13 8 11 25 7
5 13 25 14 7 3
5 13 16 25 7 3
5 13 17 11 14 7
5 13 17 16 11 7
5 13 23 25 14 3
5 13 23 16 25 3
5 13 17 12 14 3
5 13 17 12 16 3
5 13 10 23 25 14
5 13 20 10 25 14
5 13 20 10 23 25
5 13 20 12 6 14
5 13 17 14 7 3
5 13 17 16 7 3
5 13 12 6 14 3
5 13 23 6 14 3
5 13 23 12 6 3
5 13 10 23 6 14
5 13 20 10 6 14
5 13 20 10 23 6
5 13 19 23 21 15
5 13 20 19 21 15
5 13 20 19 23 15
5 13 20 23 6 15
5 13 2 23 21 15
5 13 20 2 21 15
5 13 2 23 6 15
5 13 2 23 12 6
5 13 20 2 6 15
5 13 20 2 12 6
5 18 17 8 1 24
5 18 20 17 8 24
5 18 17 22 1 24
5 18 4 10 8 24
5 18 20 10 8 24
5 18 17 22 0 24
5 18 20 10 0 24
5 18 17 12 0 24
5 18 20 12 0 24
5 18 20 17 12 24
5 18 17 12 22 0
5 18 17 6 22 1
5 18 17 12 6 22
5 18 17 6 1 14
5 18 20 10 6 0
5 18 12 6 22 0
5 18 20 12 6 0
5 18 17 12 6 14
5 18 20 12 6 14
5 18 20 17 12 14
5 5 18 17 8 1
5 5 17 8 1 14
5 5 18 8 1 24
5 5 18 4 8 24
5 5 18 17 1 14
5 5 8 1 25 14
5 5 4 8 25 14
5 5 4 8 1 25
5 5 8 1 24 9
5 5 4 8 24 9
5 5 4 8 1 9
5 5 18 1 24 9
5 5 20 17 8 14
5 5 18 20 17 14
5 5 18 20 17 8
5 5 20 4 8 14
5 5 23 1 25 14
5 5 4 10 24 9
5 5 18 10 24 9
5 5 18 4 10 24
5 5 18 10 1 9
5 5 18 6 1 14
5 5 18 10 6 1
5 5 20 4 10 8
5 5 18 4 10 8
5 5 18 20 10 8
5 5 23 6 1 14
5 5 23 1 25 9
5 5 4 1 25 9
5 5 20 10 6 14
5 5 18 20 6 14
5 5 18 20 10 6
5 5 20 10 25 14
5 5 20 4 25 14
5 5 20 4 10 25
5 5 10 23 25 14
5 5 10 23 6 14
5 5 10 23 25 15
5 5 10 23 6 15
5 5 10 19 25 15
5 5 4 19 25 15
5 5 4 10 19 15
5 5 4 10 19 25
