214
5 22 20 21 15 0
5 22 24 4 2 17
5 5 9 1 12 0
5 18 20 1 15 0
5 18 22 24 21 17
5 18 22 20 24 21
5 14 18 20 24 17
5 14 18 22 24 17
5 14 18 22 20 24
5 3 18 20 1 15
5 8 24 4 12 2
5 8 22 4 12 2
5 8 22 24 4 2
5 8 22 24 4 12
5 8 5 9 1 12
5 11 3 18 20 1
5 11 3 14 18 20
5 19 22 24 4 12
5 19 22 21 15 0
5 6 18 22 21 17
5 6 14 18 22 17
5 6 19 22 4 21
5 6 18 22 20 21
5 6 14 18 22 20
5 6 19 22 24 4
5 6 22 20 21 0
5 6 19 22 21 0
5 6 19 22 20 0
5 6 14 22 20 24
5 6 19 22 20 24
5 6 19 14 20 24
5 6 14 24 4 12
5 6 19 24 4 12
5 6 19 14 24 12
5 6 11 14 18 20
5 6 19 11 4 12
5 13 3 18 20 15
5 13 18 20 21 15
5 13 18 20 24 21
5 13 18 20 24 17
5 13 3 18 20 17
5 13 22 20 21 15
5 13 22 20 24 21
5 13 18 24 21 17
5 13 14 20 24 17
5 13 22 24 21 17
5 23 13 22 21 17
5 23 8 22 24 2
5 23 8 5 9 2
5 23 22 24 2 17
5 23 13 22 24 17
5 23 13 8 22 24
5 23 13 8 3 24
5 23 5 9 1 2
5 23 3 5 1 2
5 23 8 5 9 1
5 23 8 3 5 1
5 23 13 3 18 17
5 23 13 14 24 17
5 23 13 3 14 24
5 23 8 24 12 2
5 23 8 9 12 2
5 23 11 9 1 2
5 23 11 18 2 17
5 23 13 14 20 17
5 23 13 3 20 17
5 23 13 3 14 20
5 23 3 18 1 2
5 23 11 18 1 2
5 23 11 3 18 1
5 23 11 14 18 17
5 23 11 3 14 18
5 23 24 4 2 17
5 23 24 4 12 2
5 23 14 18 20 17
5 23 3 18 20 17
5 23 3 14 18 20
5 16 11 18 2 17
5 16 11 9 4 2
5 16 11 14 18 17
5 16 23 4 2 17
5 16 23 11 2 17
5 16 23 11 9 2
5 16 6 14 18 17
5 16 6 11 14 18
5 16 9 4 12 2
5 16 23 4 12 2
5 16 23 9 12 2
5 16 23 11 14 17
5 16 23 11 14 9
5 16 11 9 4 12
5 16 18 4 21 17
5 16 6 18 21 17
5 16 6 18 4 21
5 16 6 14 22 17
5 16 6 14 4 12
5 16 6 11 4 12
5 16 6 11 14 12
5 16 23 24 4 17
5 16 23 14 24 17
5 16 23 14 9 12
5 16 22 4 21 17
5 16 6 22 21 17
5 16 6 22 4 21
5 16 22 24 4 17
5 16 14 22 24 17
5 16 6 22 24 4
5 16 6 14 24 4
5 16 6 14 22 24
5 16 14 24 4 12
5 16 23 24 4 12
5 16 23 14 24 12
5 10 13 8 22 24
5 10 19 22 15 0
5 10 8 22 24 12
5 10 19 22 24 12
5 10 19 8 22 12
5 10 13 22 20 15
5 10 13 22 20 24
5 10 22 20 15 0
5 10 19 22 20 0
5 10 19 22 20 24
5 10 19 8 12 0
5 10 13 8 3 5
5 10 13 8 3 24
5 10 13 3 20 15
5 10 3 5 1 15
5 10 13 3 5 15
5 25 6 19 11 12
5 25 19 9 12 0
5 25 9 1 12 0
5 25 11 1 12 0
5 25 11 9 1 12
5 25 11 9 4 12
5 25 19 9 4 12
5 25 19 11 4 12
5 25 6 19 20 0
5 25 6 19 14 20
5 25 6 19 11 4
5 25 6 11 18 20
5 25 6 19 21 0
5 25 18 20 1 0
5 25 11 18 20 1
5 25 18 20 15 0
5 25 18 1 15 0
5 25 20 21 15 0
5 25 6 20 21 0
5 25 18 20 21 15
5 25 6 18 20 21
5 7 23 3 14 24
5 7 23 8 3 24
5 7 10 8 3 24
5 7 23 8 3 1
5 7 13 3 14 24
5 7 10 13 3 24
5 7 10 8 24 12
5 7 23 14 24 12
5 7 23 14 9 12
5 7 23 8 24 12
5 7 23 8 9 12
5 7 23 8 9 1
5 7 23 11 3 1
5 7 23 11 3 14
5 7 13 14 20 24
5 7 10 13 20 24
5 7 13 3 14 20
5 7 10 13 3 20
5 7 19 14 24 12
5 7 10 19 24 12
5 7 8 3 5 1
5 7 10 3 5 1
5 7 10 8 3 5
5 7 23 11 9 1
5 7 23 11 14 9
5 7 11 3 20 1
5 7 11 3 14 20
5 7 19 14 20 24
5 7 10 19 20 24
5 7 10 19 12 0
5 7 3 20 1 15
5 7 10 3 1 15
5 7 10 3 20 15
5 7 8 5 1 12
5 7 16 14 9 12
5 7 16 11 9 12
5 7 16 11 14 12
5 7 16 11 14 9
5 7 8 9 1 12
5 7 11 9 1 12
5 7 10 19 20 0
5 7 25 19 12 0
5 7 25 11 12 0
5 7 11 1 12 0
5 7 20 1 15 0
5 7 10 1 15 0
5 7 10 20 15 0
5 7 5 1 12 0
5 7 10 5 1 0
5 7 8 5 12 0
5 7 10 8 12 0
5 7 10 8 5 0
5 7 25 19 20 0
5 7 25 19 14 20
5 7 6 19 14 12
5 7 25 6 19 12
5 7 25 6 19 14
5 7 6 11 14 12
5 7 25 6 11 12
5 7 25 20 1 0
5 7 25 11 1 0
5 7 25 11 20 1
5 7 6 11 14 20
5 7 25 6 14 20
5 7 25 6 11 20
