4
26
0.384969 -1.55112 3.17803 -0.476928
-4.29156 3.17204 7.19812 7.6524
-6.76732 8.60546 -8.87133 -5.84631
2.70619 -9.93646 -7.33056 -0.372988
-7.38227 -6.54316 0.801315 -2.14951
-0 -6.77817 6.28097 6.40445
-0 4.09649 -9.25345 -5.49445
-0 8.28013 2.57122 -4.71582
-0 -3.80512 3.36639 -6.5621
-0 9.15262 0.558283 -2.24177
-0 5.78226 4.9901 1.80573
-0 -9.76123 5.31398 -9.70465
6.80377 -1.42216 0.946135 -0
-3.8575 -4.24876 -1.10119 -0
5.68122 -0.910948 -8.18938 -0
4.74442 -3.00533 9.9122 -0
2.15779 -5.83518 8.39839 -0
0.121354 8.15858 9.92875 -0
-5.87812 9.67982 -9.72596 -0
-2.42737 2.85331 -0 -1.3926
8.32843 -5.68133 -0 6.03562
3.32138 -2.73316 -0 -2.35602
3.66078 -8.66719 -0 9.95448
5.30919 0.547668 -0 -7.52325
9.95495 -0.498503 -0 -5.4085
6.44347 -8.06412 -0 -1.52069
