4
33
-3.15757 0.927977 7.04285 8.26745
-0.678625 5.23216 9.05836 -9.40931
9.54632 4.17983 -3.73065 -4.6918
-9.59504 2.10729 -9.68286 6.33793
2.99235 0.3279 -8.93626 -7.96388
-0 -1.05276 -3.48097 2.63016
-0 0.584099 1.74634 3.79238
-0 -2.93166 -9.781 -2.78517
-0 7.52438 6.67657 0.837095
-0 -4.59938 7.6514 -7.25938
-0 1.56155 7.85074 -4.79265
-0 -1.30067 3.16032 9.88274
-8.49807 -0 5.73111 -1.988
-1.47991 -0 -0.531319 0.87671
0.54106 -0 -2.01486 6.58683
-9.78276 -0 4.77024 -9.98078
-0.655677 -0 2.77309 7.90513
6.37126 -0 9.56575 3.94275
-7.28529 -0 6.13612 -3.49058
-6.5008 6.82587 -0 6.76614
7.37708 -2.4812 -0 6.3138
-7.11203 -1.61056 -0 2.87631
-3.58574 5.8505 -0 -4.89839
4.2811 -5.121 -0 8.88331
9.7245 7.32153 -0 4.79084
-1.7718 -6.57884 -0 1.45361
6.80377 -1.42216 0.946135 -0
-3.8575 -4.24876 -1.10119 -0
5.68122 -0.910948 -8.18938 -0
4.74442 -3.00533 9.9122 -0
2.15779 -5.83518 8.39839 -0
0.121354 8.15858 9.92875 -0
-5.87812 9.67982 -9.72596 -0
