4
26
4.76496 2.5206 5.36431 6.66493
-0.561804 2.16616 -1.67823 -7.81576
-5.68945 3.51989 -0.636544 9.73032
6.3872 5.12845 -8.22184 8.50067
-1.31086 4.00313 -9.07585 -6.53727
-0.488317 -0 9.28857 -2.67907
2.2845 -0 -0.627162 0.957122
-9.5123 -0 6.1334 -5.19785
-3.56919 -0 8.7151 4.15132
-2.20196 -0 -9.54212 -1.55139
-8.85737 -0 8.29906 -1.02512
6.89596 -0 -1.71734 7.82007
-4.44636 8.65191 1.30108 -0
-2.13987 -7.00583 -1.69283 -0
3.92073 -3.37375 0.233872 -0
-5.98107 0.398235 9.97856 -0
3.6834 4.02478 -1.37027 -0
5.0516 6.1086 -7.48526 -0
1.77807 6.48647 1.81592 -0
-8.50071 -6.56403 -0 9.29715
-8.52159 9.45422 -0 4.2228
7.66088 -0.177348 -0 -6.75043
-9.37103 4.30176 -0 -5.55505
2.76707 -3.84761 -0 -4.37464
-3.41141 -8.74626 -0 8.70402
0.561225 5.79519 -0 -3.58326
