4
26
-5.47586 -7.3786 -1.84838 4.46058
-0.332066 -1.01034 9.63735 0.392671
8.80154 7.98295 9.96685 -7.04465
7.10927 -0.780291 9.44677 5.76641
4.45784 2.84603 -1.95685 -9.604
-0 4.20458 7.89995 6.82349
-0 -6.29652 -3.78214 -3.34144
-0 -2.21686 3.41534 -0.274544
-0 5.04773 6.99403 5.94053
-0 1.93032 9.14797 -2.72886
-0 -3.56149 1.19634 9.17757
-0 -2.43398 5.16293 -3.20971
-2.42737 2.85331 -0 -1.3926
8.32843 -5.68133 -0 6.03562
3.32138 -2.73316 -0 -2.35602
3.66078 -8.66719 -0 9.95448
5.30919 0.547668 -0 -7.52325
9.95495 -0.498503 -0 -5.4085
6.44347 -8.06412 -0 -1.52069
-4.94796 -3.0865 -6.11929 -0
4.51739 -6.48474 -0.172199 -0
9.04052 -7.21609 -9.43795 -0
6.5684 -1.99742 -9.1994 -0
9.3636 3.97819 8.6735 -0
5.50835 -0.273174 -2.61741 -0
-4.47992 -7.69199 -2.44574 -0
