4
26
-7.10102 7.27581 -1.48624 7.68487
3.28963 4.8795 -2.29554 -7.67056
-7.86461 -3.01884 -0.900583 3.91531
1.20869 1.77627 -6.38691 7.5792
4.13451 -1.08461 5.79425 -7.53918
2.87145 -0 3.42816 -8.06017
-6.22855 -0 -2.50069 -5.56207
9.04095 -0 7.44759 9.30414
5.84696 -0 7.53158 -0.561864
9.81531 -0 9.28195 -8.88137
-3.55822 -0 5.47419 -6.17584
-0.33261 -0 8.64905 5.6013
-1.88109 0.911995 -0 3.80663
0.624458 -0.689396 -0 3.25029
1.9472 0.0103322 -0 2.23153
-9.67224 -5.36546 -0 -2.8374
-2.8855 2.07208 -0 8.96363
2.25291 1.65234 -0 2.55214
0.777688 6.15656 -0 -4.63699
-7.80439 -7.63501 4.43192 -0
-3.33469 0.8476 4.21993 -0
-8.9999 -7.9798 0.909272 -0
5.12839 9.1934 -6.06104 -0
-1.00786 -8.40991 -6.16282 -0
6.92927 9.5167 5.30843 -0
4.8752 -9.77013 -0.656146 -0
