4
33
5.28562 7.28225 -7.11448 -3.11083
3.81673 -2.74453 1.82601 -9.29445
-4.60182 4.98658 8.39388 -2.50688
9.6415 4.26247 3.66527 9.77289
5.27853 0.751055 9.67726 0.443395
3.70412 1.87436 -0 7.22702
4.27925 9.71452 -0 2.01492
9.06245 -5.21982 -0 2.78512
-0.950308 4.30137 -0 8.12611
8.08576 -1.16079 -0 9.62292
-0.325695 1.60024 -0 9.25436
-0.267814 -5.63016 -0 2.26739
-3.22018 -7.09213 -8.27094 -0
-6.35758 -5.38357 0.122426 -0
-2.40583 0.459652 -4.91144 -0
-7.24258 -5.40858 -3.55785 -0
3.97916 7.70698 7.12845 -0
3.58411 0.335317 -5.28144 -0
0.413867 -6.48398 2.32621 -0
-0 4.20458 7.89995 6.82349
-0 -6.29652 -3.78214 -3.34144
-0 -2.21686 3.41534 -0.274544
-0 5.04773 6.99403 5.94053
-0 1.93032 9.14797 -2.72886
-0 -3.56149 1.19634 9.17757
-0 -2.43398 5.16293 -3.20971
-6.4581 -0 -7.19748 2.97957
2.67595 -0 3.54914 9.3369
9.79469 -0 -1.1198 -2.47676
-7.70954 -0 -4.6451 -1.81902
4.67407 -0 9.5218 6.88316
9.30423 -0 5.16936 7.15999
-1.59571 -0 0.59028 3.98288
