4
33
-4.48279 1.90336 -4.42624 -0.13766
6.35192 -9.7303 -5.21105 7.51029
4.80022 0.674472 -5.39888 -2.00623
-8.59981 8.21921 -0.0689326 -0.750271
6.84645 2.13813 0.00777915 8.07024
7.40518 5.92077 -0 5.84573
8.62183 4.41516 -0 -7.89395
3.36376 -6.83241 -0 -4.11238
-5.14105 9.28094 -0 -2.51717
0.0232888 -4.01794 -0 9.07609
-3.3018 8.64907 -0 7.34048
-9.00337 8.6821 -0 7.29952
-0 -2.23377 -8.00895 7.52197
-0 1.1206 4.82057 0.229201
-0 -1.77992 7.50877 -8.0055
-0 -6.0931 -8.29835 -8.9502
-0 0.772566 -9.76983 9.57327
-0 -7.85193 2.49281 -9.88842
-0 4.10712 5.13248 5.93098
2.87145 -0 3.42816 -8.06017
-6.22855 -0 -2.50069 -5.56207
9.04095 -0 7.44759 9.30414
5.84696 -0 7.53158 -0.561864
9.81531 -0 9.28195 -8.88137
-3.55822 -0 5.47419 -6.17584
-0.33261 -0 8.64905 5.6013
-3.22018 -7.09213 -8.27094 -0
-6.35758 -5.38357 0.122426 -0
-2.40583 0.459652 -4.91144 -0
-7.24258 -5.40858 -3.55785 -0
3.97916 7.70698 7.12845 -0
3.58411 0.335317 -5.28144 -0
0.413867 -6.48398 2.32621 -0
