4
26
-5.3304 -8.36157 -3.82653 8.79563
-2.00614 1.72147 -5.07407 0.902121
9.88628 -6.11245 -1.99501 -0.465094
-6.60556 5.6372 -6.40546 -6.62406
7.78053 1.36682 -0.789718 4.08085
-6.4581 -0 -7.19748 2.97957
2.67595 -0 3.54914 9.3369
9.79469 -0 -1.1198 -2.47676
-7.70954 -0 -4.6451 -1.81902
4.67407 -0 9.5218 6.88316
9.30423 -0 5.16936 7.15999
-1.59571 -0 0.59028 3.98288
-8.50071 -6.56403 -0 9.29715
-8.52159 9.45422 -0 4.2228
7.66088 -0.177348 -0 -6.75043
-9.37103 4.30176 -0 -5.55505
2.76707 -3.84761 -0 -4.37464
-3.41141 -8.74626 -0 8.70402
0.561225 5.79519 -0 -3.58326
-7.80439 -7.63501 4.43192 -0
-3.33469 0.8476 4.21993 -0
-8.9999 -7.9798 0.909272 -0
5.12839 9.1934 -6.06104 -0
-1.00786 -8.40991 -6.16282 -0
6.92927 9.5167 5.30843 -0
4.8752 -9.77013 -0.656146 -0
