4
33
9.03371 -7.28654 -5.95844 -6.53758
4.22828 8.93957 0.884758 0.246762
8.65423 9.88956 -0.952561 -0.591463
5.61684 -4.03427 6.43606 5.48841
6.1947 3.68283 7.11346 -5.686
5.58021 5.93142 -1.25516 -0
-7.71085 5.02087 -7.5124 -0
-7.28031 -1.66034 -3.42481 -0
-1.56214 4.20267 -3.22647 -0
6.08679 2.68765 9.71344 -0
0.0735061 -5.22084 4.75094 -0
0.465135 8.37966 2.85574 -0
-0 -6.77817 6.28097 6.40445
-0 4.09649 -9.25345 -5.49445
-0 8.28013 2.57122 -4.71582
-0 -3.80512 3.36639 -6.5621
-0 9.15262 0.558283 -2.24177
-0 5.78226 4.9901 1.80573
-0 -9.76123 5.31398 -9.70465
-0.488317 -0 9.28857 -2.67907
2.2845 -0 -0.627162 0.957122
-9.5123 -0 6.1334 -5.19785
-3.56919 -0 8.7151 4.15132
-2.20196 -0 -9.54212 -1.55139
-8.85737 -0 8.29906 -1.02512
6.89596 -0 -1.71734 7.82007
3.70412 1.87436 -0 7.22702
4.27925 9.71452 -0 2.01492
9.06245 -5.21982 -0 2.78512
-0.950308 4.30137 -0 8.12611
8.08576 -1.16079 -0 9.62292
-0.325695 1.60024 -0 9.25436
-0.267814 -5.63016 -0 2.26739
