4
26
-0.523159 -1.63521 -2.5058 -1.69829
-9.5733 -7.09287 2.36349 5.56274
-8.48509 1.4341 -2.02259 -2.61524
4.72407 9.89533 -5.78504 -7.8093
-1.05438 -9.74906 -1.22096 9.3125
-0 -2.23377 -8.00895 7.52197
-0 1.1206 4.82057 0.229201
-0 -1.77992 7.50877 -8.0055
-0 -6.0931 -8.29835 -8.9502
-0 0.772566 -9.76983 9.57327
-0 -7.85193 2.49281 -9.88842
-0 4.10712 5.13248 5.93098
-6.5008 6.82587 -0 6.76614
7.37708 -2.4812 -0 6.3138
-7.11203 -1.61056 -0 2.87631
-3.58574 5.8505 -0 -4.89839
4.2811 -5.121 -0 8.88331
9.7245 7.32153 -0 4.79084
-1.7718 -6.57884 -0 1.45361
-4.94796 -3.0865 -6.11929 -0
4.51739 -6.48474 -0.172199 -0
9.04052 -7.21609 -9.43795 -0
6.5684 -1.99742 -9.1994 -0
9.3636 3.97819 8.6735 -0
5.50835 -0.273174 -2.61741 -0
-4.47992 -7.69199 -2.44574 -0
