100
101.658 462.935
387.7 850.249
8.81832 466.013
651.693 685.387
833.248 151.648
899.223 864.685
278.64 995.894
73.4202 610.295
228.083 440.897
961.694 922.161
127.776 351.322
251.054 489.39
771.262 841.009
706.268 980.241
570.131 907.405
982.015 999.98
92.9852 668.377
545.826 282.633
563.301 22.6499
76.4055 482.134
585.183 621.612
150.62 897.395
241.277 345.702
90.7324 444.683
82.4198 90.3795
440.809 36.4016
460.962 180.244
998.092 202.634
8.00495 8.79
60.0274 836.589
759.127 620.182
560.943 63.1795
456.51 528.827
979.236 643.266
100.605 265.127
522.453 1.85286
947.968 439.862
101.676 487.954
750.661 617.992
873.763 384.824
616.698 507.808
587.62 623.032
241.381 714.934
40.4157 800.978
516.994 393.507
977.392 828.323
6.8278 135.261
253.297 898.788
16.4438 695.78
706.997 19.2896
629.777 218.138
390.143 652.117
448.874 363.277
918.237 4.36441
849.451 928.896
470.948 954.855
157.847 975.397
731.13 318.191
652.965 154.154
577.253 334.363
141.347 431.468
375.19 624.95
202.8 350.994
418.856 826.924
186.661 643.276
747.087 974.489
483.574 193.02
521.941 561.125
372.549 55.2786
797.554 342.471
540.615 627.526
241.812 883.829
457.324 714.284
109.187 404.441
425.241 450.857
335.384 641.893
341.642 223.575
641.647 896.202
753.185 686.814
761.985 927.123
984.434 8.5795
824.153 432.801
634.353 479.796
893.729 381.483
646.945 329.203
76.6651 957
880.22 126.439
936.729 217.935
472.171 624.205
162.375 105.086
773.366 870.615
564.147 344.827
845.45 80.62
280.083 945.317
995.767 627.311
569.791 934.915
963.993 65.7732
367.693 661.683
103.655 366.998
707.652 674.664
