100
499.668 387.583
428.566 258.358
902.161 448.2
850.778 819.462
781.846 644.248
276.584 924.239
413.145 110.301
827.808 875.703
865.509 777.697
824.131 92.7026
325.666 358.428
197.55 530.912
714.45 182.307
123.841 177.306
996.12 269.143
561.652 585.05
99.0595 87.6039
680.252 272.8
921.453 795.838
774.611 338.261
520.74 553.444
14.0124 59.6288
860.066 915.145
390.035 807.231
553.51 331.669
942.929 148.835
540.288 765.741
292.282 193.398
681.585 729.46
498.892 372.265
422.086 630.078
505.883 566.931
434.746 600.191
510.096 459.108
232.531 607.601
858.998 391.871
890.634 667.535
594.641 98.3338
451.426 897.456
160.775 34.4734
944.788 522.492
991.417 904.191
875.423 788.49
71.7097 532.811
976.003 712.128
698.616 516.894
615.094 903.36
545.589 642.773
881.419 206.356
352.574 883.793
991.656 423.018
371.963 679.876
954.102 386.779
645.347 375.249
267.886 511.325
699.515 293.134
487.185 269.678
808.538 52.8815
650.505 216.925
913.129 62.9958
596.846 271.676
577.648 328.414
721.991 499.192
852.133 441.501
45.877 727.04
466.57 19.5267
755.661 536.027
319.594 344.849
172.407 244.587
741.713 440.212
187.962 3.25015
601.185 112.071
56.9096 101.827
905.688 585.975
472.909 928.718
694.92 512.01
962.884 66.7004
140.913 884.93
610.114 600.748
614.982 238.926
872.214 768.033
225.894 357.491
8.04885 328.404
232.353 458.938
291.49 139.391
185.432 945.271
22.0893 205.073
875.557 733.038
189.755 873.661
282.783 654.086
566.457 717.097
762.6 815.912
79.7077 252.665
794.191 80.0623
1.27404 799.051
974.183 712.244
753.036 469.821
594.89 627.002
611.451 978.361
759.295 476.174
