100
191.259 971.794
569.454 717.483
263.059 565.602
633.561 235.456
945.594 90.3416
978.296 407.889
633.167 230.299
48.6898 192.944
513.687 695.171
741.934 636.656
307.141 704.401
473.049 31.0102
982.24 720.368
800.961 960.913
948.99 427.264
969.022 719.972
803.084 409.709
535.54 473.74
717.799 744.891
848.394 336.566
653.025 202.951
839.58 714.401
494.51 645.85
420.918 11.7156
384.451 187.938
369.813 438.707
293.359 247.945
807.749 778.564
910.332 272.96
173.658 743.751
680.576 503.231
366.183 940.595
643.091 461.744
604.319 842.382
675.285 915.232
985.138 350.585
438.421 639.792
42.4428 636.137
95.2688 519.119
827.493 436.682
945.744 732.335
438.602 371.029
180.159 529.304
859.924 985.722
278.357 381.622
651.077 8.17217
446.295 478.399
302.911 150.256
994.505 603.101
963.088 865.595
986.78 56.612
915.712 471.347
374.637 523.601
30.0407 243.551
972.198 93.1068
268.662 54.4307
971.921 528.59
480.703 624.035
547.261 5.07256
332.066 625.2
66.4144 446.445
591.717 465.345
31.0441 240.187
766.918 986.075
74.669 131.749
635.008 458.439
796.102 940.002
980.845 760.856
104.922 626.811
541.864 145.18
70.6319 22.1067
89.2228 633.044
243.962 530.383
401.768 812.202
777.169 249.925
233.215 269.418
171.622 685.578
291.138 510.07
999.244 244.79
738.156 256.938
563.368 999.255
901.987 704.269
599.53 823.301
975.84 504.437
524.834 368.395
910.906 650.725
415.53 613.571
157.214 366.313
295.53 496.002
872.776 286.82
652.077 749.553
992.458 724.64
747.962 837.19
931.358 109.946
345.822 91.9144
70.1877 230.958
701.745 666.8
372.795 37.7244
869.865 845.939
300.672 714.244
