100
178.303 548.39
839.796 736.883
0.748439 277.807
320.242 279.978
14.8601 537.762
934.887 300.405
917.699 843.87
341.262 969.517
553.462 101.639
91.1873 794.428
478.263 742.296
814.235 291.967
416.212 576.596
844.757 729.1
759.039 537.338
829.38 532.769
163.583 279.737
990.493 190.286
207.4 712.715
270.991 710.909
830.658 845.433
292.745 199.402
96.0071 305.773
714.341 668.899
87.3058 668.22
627.38 775.984
991.346 825.185
377.519 811.896
420.202 182.674
718.308 223.086
772.263 281.23
369.608 754.023
959.204 26.1436
773.962 91.3539
853.412 455.414
116.613 246.53
701.902 656.825
815.247 79.7016
110.867 202.304
883.792 863.987
185.496 757.894
927.183 134.684
618.507 619.885
859.506 811.373
472.448 915.149
115.096 374.487
262.615 219.051
181.547 663.575
329.881 308.67
501.563 576.307
263.31 813.954
262.564 599.06
246.848 530.778
830.433 498.765
199.5 983.18
346.806 562.225
988.929 387.156
346.36 536.981
33.9777 13.9431
213.819 756.405
127.546 714.392
520.505 164.513
924.644 107.49
102.931 696.729
844.56 316.999
920.554 392.303
376.344 780.479
864.149 519.931
747.284 926
500.654 934.047
827.902 771.884
871.992 324.039
961.754 610.551
56.5669 191.546
149.111 976.281
309.494 292.575
822.483 420.869
527.663 696.011
838.831 335.12
226.727 556.823
646.045 645.383
753.479 458.658
646.442 799.86
547.956 226.642
347.454 837.267
673.295 264.827
366.128 412.912
672.72 443.251
105.18 33.5742
121.672 913.082
661.53 716.723
296.116 442.532
107.534 720.789
299.237 813.7
505.977 904.122
478.348 800.618
176.99 490.581
59.6964 100.547
990.484 298.003
791.629 754.24
