215
5 17 3 19 24 12
5 7 3 19 24 12
5 7 1 3 24 12
5 7 17 19 24 12
5 7 17 6 19 12
5 7 17 6 19 24
5 10 1 3 24 12
5 10 7 1 24 12
5 10 7 1 3 24
5 10 7 0 3 24
5 21 0 25 3 24
5 21 10 7 0 24
5 21 10 0 3 24
5 21 10 7 24 12
5 21 10 3 24 12
5 21 17 3 24 12
5 21 9 17 3 12
5 13 10 9 1 12
5 13 10 1 15 12
5 13 14 10 15 12
5 13 10 0 1 16
5 11 21 0 25 24
5 11 13 10 25 16
5 11 13 10 0 16
5 11 13 10 0 25
5 22 11 21 0 25
5 22 13 10 0 25
5 22 11 13 25 16
5 22 11 13 0 25
5 18 14 17 6 15
5 18 14 9 17 15
5 18 17 15 19 24
5 18 17 6 19 24
5 18 17 6 15 19
5 18 11 6 19 24
5 18 11 25 19 24
5 18 11 21 25 24
5 18 22 11 21 25
5 18 11 6 19 16
5 18 11 25 19 16
5 5 21 9 17 3
5 5 14 17 3 15
5 5 14 9 17 15
5 5 18 9 17 15
5 5 18 21 9 17
5 5 14 17 3 12
5 5 14 9 17 12
5 5 18 17 15 24
5 5 21 17 3 24
5 5 18 21 17 24
5 5 18 22 9 15
5 5 18 22 21 9
5 5 14 3 15 12
5 5 14 10 15 12
5 5 17 15 19 24
5 5 17 3 19 24
5 5 17 3 15 19
5 5 18 15 19 24
5 5 18 3 19 24
5 5 21 25 3 24
5 5 18 25 3 24
5 5 18 21 25 24
5 5 18 22 25 15
5 5 18 22 21 25
5 4 7 17 6 24
5 4 7 17 24 12
5 4 21 17 24 12
5 4 21 7 24 12
5 4 21 9 17 12
5 4 7 17 6 12
5 4 18 17 6 24
5 4 18 21 17 24
5 4 18 21 9 17
5 4 21 10 9 12
5 4 21 10 7 12
5 4 14 9 17 12
5 4 18 11 6 24
5 4 18 11 21 24
5 4 18 14 9 17
5 4 21 7 0 24
5 4 11 21 0 24
5 4 10 9 1 12
5 4 10 7 1 12
5 4 21 10 9 0
5 4 21 10 7 0
5 4 13 9 1 12
5 4 13 7 1 12
5 4 18 11 6 16
5 4 18 22 21 9
5 4 18 22 11 21
5 4 22 21 9 0
5 4 22 11 21 0
5 4 10 7 0 1
5 4 22 11 13 16
5 4 22 11 13 0
5 4 13 10 0 1
5 4 13 10 9 1
5 4 22 10 9 0
5 4 22 13 10 0
5 4 22 13 10 9
5 20 9 17 3 12
5 20 5 17 3 12
5 20 5 9 17 12
5 20 5 9 17 3
5 20 5 10 3 12
5 20 21 9 3 12
5 20 21 10 3 12
5 20 21 10 9 12
5 20 5 14 9 12
5 20 5 14 10 12
5 20 13 10 9 12
5 20 13 14 9 12
5 20 13 14 10 12
5 20 5 21 9 3
5 20 5 22 21 9
5 20 5 10 25 3
5 20 5 22 10 25
5 20 21 10 0 3
5 20 21 10 9 0
5 20 22 10 9 0
5 20 22 21 9 0
5 20 22 13 10 9
5 20 22 13 14 9
5 20 22 14 9 15
5 20 5 14 9 15
5 20 5 22 9 15
5 20 5 14 10 15
5 20 5 22 10 15
5 20 5 21 25 3
5 20 5 22 21 25
5 20 10 0 25 3
5 20 22 10 0 25
5 20 21 0 25 3
5 20 22 21 0 25
5 20 13 14 10 15
5 20 22 13 10 15
5 20 22 13 14 15
5 8 7 6 19 24
5 8 4 7 6 24
5 8 11 6 19 24
5 8 4 11 6 24
5 8 11 6 19 16
5 8 4 11 6 16
5 8 7 0 19 24
5 8 11 0 19 24
5 8 11 7 0 19
5 8 4 7 0 24
5 8 4 11 0 24
5 8 11 7 19 16
5 8 11 7 0 16
5 8 11 13 0 16
5 8 4 11 13 16
5 8 4 11 13 0
5 8 7 0 1 16
5 8 13 0 1 16
5 8 13 7 1 16
5 8 4 7 0 1
5 8 4 13 0 1
5 8 4 13 7 1
5 2 8 4 7 6
5 2 8 4 13 7
5 2 4 7 6 12
5 2 4 13 7 12
5 2 8 13 7 16
5 2 8 4 6 16
5 2 8 6 19 16
5 2 8 7 19 16
5 2 8 7 6 19
5 2 14 6 15 12
5 2 13 14 15 12
5 2 14 17 6 12
5 2 4 17 6 12
5 2 4 14 17 12
5 2 4 14 17 6
5 2 13 1 15 12
5 2 13 7 1 12
5 23 2 13 14 12
5 23 2 4 14 12
5 23 2 4 13 12
5 23 13 14 9 12
5 23 4 14 9 12
5 23 4 13 9 12
5 23 2 13 14 15
5 23 22 13 14 9
5 23 4 22 13 9
5 23 22 13 14 15
5 23 4 18 14 9
5 23 4 18 22 9
5 23 18 14 6 15
5 23 2 14 6 15
5 23 2 18 6 15
5 23 2 4 14 6
5 23 22 14 9 15
5 23 18 14 9 15
5 23 18 22 9 15
5 23 18 22 25 15
5 23 18 14 17 6
5 23 4 14 17 6
5 23 4 18 17 6
5 23 4 18 14 17
5 23 4 18 6 16
5 23 2 18 6 16
5 23 2 4 6 16
5 23 4 22 13 16
5 23 22 13 25 16
5 23 8 4 13 16
5 23 2 8 13 16
5 23 2 8 4 16
5 23 2 8 4 13
5 23 4 22 11 16
5 23 4 18 11 16
5 23 4 18 22 11
5 23 22 11 25 16
5 23 18 11 25 16
5 23 18 22 11 25
