351
5 20 3 2 17 22
5 20 14 3 17 10
5 30 14 3 16 32
5 5 14 29 16 13
5 5 30 14 16 13
5 25 14 3 2 17
5 25 30 14 3 32
5 25 30 7 15 13
5 25 30 7 15 32
5 11 20 14 17 10
5 11 19 29 17 10
5 11 20 19 17 10
5 0 7 15 26 13
5 8 25 7 2 32
5 8 25 7 15 32
5 8 14 3 16 32
5 8 25 30 15 32
5 9 0 15 26 13
5 9 30 15 26 13
5 9 5 30 15 13
5 9 30 3 26 32
5 9 30 15 26 32
5 9 5 30 15 16
5 9 5 30 14 16
5 9 30 3 16 32
5 9 20 14 3 16
5 9 30 14 3 16
5 9 8 30 16 32
5 9 8 30 15 32
5 9 8 30 15 16
5 6 0 5 29 13
5 6 0 5 29 10
5 6 14 29 10 13
5 6 5 14 29 13
5 6 9 0 5 13
5 6 30 14 10 13
5 6 5 30 14 13
5 6 5 14 29 16
5 6 9 5 30 13
5 6 9 0 5 26
5 6 9 5 30 14
5 6 11 14 29 10
5 6 11 14 29 16
5 6 11 5 29 10
5 6 11 5 29 16
5 6 9 5 14 16
5 6 0 5 19 26
5 6 0 5 19 10
5 6 9 5 20 26
5 6 9 30 14 3
5 6 11 20 14 10
5 6 20 19 10 26
5 6 9 20 3 26
5 6 20 14 3 10
5 6 9 20 14 3
5 18 8 25 7 2
5 18 8 14 3 2
5 4 9 20 3 26
5 4 9 5 15 26
5 4 20 3 2 22
5 4 9 3 26 32
5 4 9 15 26 32
5 4 8 7 15 22
5 4 8 7 15 32
5 4 7 15 26 32
5 4 8 7 2 22
5 4 8 7 2 32
5 4 0 7 19 22
5 1 18 8 7 22
5 1 8 7 15 22
5 1 4 7 15 22
5 1 4 0 7 22
5 1 0 7 15 26
5 1 4 7 15 26
5 1 4 0 7 26
5 1 4 8 15 22
5 1 4 0 19 22
5 1 4 5 15 26
5 1 0 5 19 26
5 1 4 0 19 26
5 1 9 5 15 26
5 1 9 0 15 26
5 1 9 0 5 26
5 1 9 5 15 13
5 1 9 0 15 13
5 1 9 0 5 13
5 28 0 7 29 17
5 28 25 7 29 17
5 28 0 7 17 22
5 28 25 7 2 17
5 28 18 25 7 2
5 28 11 19 29 17
5 28 0 19 29 17
5 28 11 14 29 17
5 28 18 11 14 17
5 28 7 2 17 22
5 28 0 19 17 22
5 28 1 0 7 22
5 28 1 18 7 22
5 28 8 7 2 22
5 28 18 8 2 22
5 28 18 8 7 22
5 28 18 8 7 2
5 24 1 18 8 16
5 24 6 9 5 16
5 24 6 9 5 20
5 24 9 20 3 16
5 24 9 5 15 16
5 24 9 8 15 16
5 24 6 11 5 16
5 24 18 11 14 16
5 24 20 14 3 16
5 24 8 14 3 16
5 24 18 8 14 16
5 24 18 8 14 3
5 24 18 8 3 2
5 24 1 5 15 16
5 24 1 8 15 16
5 24 9 20 14 16
5 24 6 9 14 16
5 24 6 9 20 14
5 24 8 3 16 32
5 24 9 3 16 32
5 24 9 8 16 32
5 24 4 9 20 3
5 24 4 9 5 15
5 24 9 5 20 26
5 24 4 9 20 26
5 24 4 9 5 26
5 24 6 11 14 16
5 24 6 11 20 14
5 24 11 20 14 17
5 24 18 11 14 17
5 24 28 18 11 17
5 24 20 14 3 17
5 24 4 20 3 2
5 24 20 3 2 17
5 24 18 8 2 22
5 24 1 4 8 15
5 24 1 4 8 22
5 24 4 20 19 22
5 24 4 20 2 22
5 24 4 8 2 22
5 24 4 9 3 32
5 24 9 8 15 32
5 24 4 8 15 32
5 24 4 9 15 32
5 24 6 11 20 10
5 24 28 18 2 22
5 24 28 18 2 17
5 24 14 3 2 17
5 24 18 14 2 17
5 24 18 14 3 2
5 24 8 3 2 32
5 24 4 3 2 32
5 24 4 8 2 32
5 24 20 19 17 22
5 24 28 19 17 22
5 24 20 2 17 22
5 24 28 2 17 22
5 12 0 7 29 13
5 12 28 0 7 29
5 12 25 7 29 13
5 12 28 25 7 29
5 21 24 11 5 16
5 21 24 18 11 16
5 21 24 1 5 16
5 21 24 1 18 16
5 21 24 28 18 11
5 21 28 18 11 29
5 21 28 1 18 0
5 21 28 1 18 22
5 21 24 28 18 22
5 21 28 11 19 17
5 21 24 28 19 17
5 21 24 28 11 17
5 21 11 5 29 10
5 21 0 5 29 10
5 21 28 11 19 29
5 21 28 0 19 29
5 21 1 0 5 19
5 21 24 28 19 22
5 21 1 18 8 22
5 21 24 18 8 22
5 21 24 1 8 22
5 21 24 1 18 8
5 21 0 5 19 10
5 21 6 5 19 10
5 21 11 20 19 10
5 21 24 11 20 10
5 21 6 11 5 10
5 21 24 6 11 10
5 21 24 6 11 5
5 21 11 20 19 17
5 21 24 20 19 17
5 21 24 11 20 17
5 21 11 19 29 10
5 21 0 19 29 10
5 21 1 0 19 22
5 21 28 0 19 22
5 21 28 1 0 22
5 21 1 4 19 22
5 21 24 4 19 22
5 21 24 1 4 22
5 21 6 20 19 10
5 21 24 6 20 10
5 21 24 6 5 20
5 21 1 5 19 26
5 21 1 4 19 26
5 21 1 4 5 26
5 21 24 4 5 26
5 21 1 4 5 15
5 21 24 4 5 15
5 21 24 1 5 15
5 21 24 1 4 15
5 21 6 20 19 26
5 21 6 5 19 26
5 21 6 5 20 26
5 21 24 5 20 26
5 21 4 20 19 26
5 21 24 4 20 26
5 21 24 4 20 19
5 23 12 0 7 13
5 23 0 7 15 13
5 23 1 0 15 13
5 23 1 0 7 15
5 23 1 0 5 13
5 23 28 1 0 7
5 23 12 28 0 7
5 23 25 7 15 13
5 23 12 25 7 13
5 23 1 5 15 13
5 23 1 8 7 15
5 23 0 5 29 13
5 23 12 0 29 13
5 23 28 1 18 7
5 23 12 28 18 7
5 23 28 1 18 0
5 23 25 30 15 13
5 23 12 25 30 13
5 23 8 25 7 15
5 23 12 8 25 7
5 23 5 30 15 13
5 23 1 5 15 16
5 23 1 18 8 7
5 23 12 18 8 7
5 23 5 30 16 13
5 23 5 30 15 16
5 27 18 8 25 7
5 27 12 8 25 7
5 27 18 8 14 16
5 27 8 14 16 32
5 27 18 8 14 2
5 27 18 8 25 2
5 27 8 30 16 32
5 27 8 25 30 32
5 27 12 25 30 13
5 27 8 25 30 15
5 27 30 14 16 32
5 27 25 30 14 32
5 27 25 14 3 32
5 27 8 14 3 32
5 27 25 14 3 2
5 27 8 14 3 2
5 27 25 14 2 17
5 27 18 14 2 17
5 27 30 14 16 13
5 27 25 30 14 13
5 27 23 30 16 13
5 27 23 12 30 13
5 27 8 30 15 16
5 27 23 30 15 16
5 27 23 25 30 15
5 27 23 12 25 30
5 27 23 8 25 15
5 27 23 12 8 25
5 27 1 8 15 16
5 27 23 1 15 16
5 27 23 1 8 15
5 27 28 25 2 17
5 27 28 18 2 17
5 27 28 18 25 2
5 27 25 3 2 32
5 27 8 3 2 32
5 27 8 25 2 32
5 31 12 25 29 13
5 31 27 12 25 13
5 31 25 14 29 13
5 31 27 25 14 13
5 31 23 12 29 13
5 31 27 23 12 13
5 31 12 28 25 29
5 31 14 29 16 13
5 31 27 14 16 13
5 31 25 14 29 17
5 31 27 25 14 17
5 31 27 23 16 13
5 31 28 25 29 17
5 31 27 28 25 17
5 31 12 28 25 7
5 31 27 12 25 7
5 31 27 18 14 16
5 31 28 14 29 17
5 31 5 29 16 13
5 31 23 5 16 13
5 31 23 5 29 13
5 31 23 12 28 18
5 31 23 12 18 8
5 31 27 23 12 8
5 31 12 28 18 7
5 31 28 18 25 7
5 31 27 18 25 7
5 31 27 28 18 25
5 31 11 14 29 16
5 31 18 11 14 16
5 31 28 18 14 17
5 31 27 18 14 17
5 31 27 28 18 17
5 31 23 1 5 16
5 31 27 23 1 16
5 31 23 28 18 0
5 31 12 28 0 29
5 31 23 12 0 29
5 31 23 12 28 0
5 31 12 18 8 7
5 31 27 18 8 7
5 31 27 12 8 7
5 31 23 1 18 8
5 31 27 23 1 8
5 31 28 11 14 29
5 31 28 18 11 29
5 31 28 18 11 14
5 31 21 18 11 16
5 31 21 18 11 29
5 31 21 1 5 16
5 31 23 0 5 29
5 31 23 1 0 5
5 31 21 1 18 16
5 31 23 1 18 0
5 31 1 18 8 16
5 31 27 18 8 16
5 31 27 1 8 16
5 31 21 28 0 29
5 31 21 28 18 29
5 31 21 28 18 0
5 31 11 5 29 16
5 31 21 11 5 16
5 31 21 11 5 29
5 31 21 0 5 29
5 31 21 1 0 5
5 31 21 1 18 0
