318
5 0 16 5 2 8
5 0 23 5 30 8
5 0 23 5 2 8
5 1 27 32 20 11
5 1 32 13 20 14
5 1 27 12 14 17
5 1 27 32 12 14
5 1 13 16 5 2
5 26 1 32 12 14
5 3 13 0 16 5
5 3 1 32 20 11
5 3 1 32 13 16
5 3 1 32 13 20
5 22 28 0 5 8
5 7 16 5 2 8
5 7 13 16 5 2
5 7 0 16 5 8
5 7 13 0 16 5
5 7 24 32 13 16
5 7 24 26 13 16
5 7 24 26 32 13
5 7 22 0 5 8
5 7 22 13 0 5
5 7 1 13 5 2
5 7 28 1 13 5
5 7 28 1 13 14
5 7 1 32 13 14
5 7 26 32 13 14
5 7 26 1 32 14
5 10 22 17 30 8
5 10 22 12 17 30
5 10 22 26 12 17
5 10 26 12 14 17
5 10 22 26 14 17
5 10 7 22 26 8
5 10 26 1 12 14
5 10 7 26 1 14
5 10 7 5 2 8
5 10 7 28 5 8
5 6 1 12 14 17
5 6 10 12 14 17
5 6 10 1 12 14
5 6 1 23 12 17
5 6 7 28 1 14
5 6 10 7 1 14
5 6 10 7 28 14
5 6 23 12 17 30
5 6 10 12 17 30
5 6 10 23 12 30
5 6 10 17 30 8
5 6 10 23 30 8
5 6 10 28 5 8
5 6 7 1 5 2
5 6 7 28 1 5
5 6 10 7 5 2
5 6 10 7 28 5
5 6 23 5 2 8
5 6 10 5 2 8
5 6 10 23 2 8
5 19 22 26 14 17
5 19 27 20 14 17
5 19 22 26 13 14
5 19 27 12 14 17
5 19 26 12 14 17
5 19 26 27 12 17
5 19 32 13 20 14
5 19 26 32 13 14
5 19 27 32 12 14
5 19 26 32 12 14
5 19 1 32 20 14
5 19 1 27 20 14
5 19 1 27 32 14
5 19 1 27 32 20
5 19 27 32 20 11
5 29 22 17 30 8
5 29 6 17 30 8
5 29 6 28 30 8
5 29 10 22 17 8
5 29 6 10 17 8
5 29 6 10 28 8
5 29 10 22 14 17
5 29 6 10 14 17
5 29 10 7 28 8
5 29 10 7 22 8
5 29 6 10 28 14
5 29 19 22 14 17
5 29 22 28 5 8
5 29 7 28 5 8
5 29 7 22 5 8
5 29 10 7 28 14
5 29 19 20 14 17
5 29 19 22 13 14
5 29 22 28 13 5
5 29 7 28 13 5
5 29 7 22 13 5
5 29 7 28 13 14
5 29 10 22 26 14
5 29 10 7 26 14
5 29 10 7 22 26
5 29 28 13 20 14
5 29 19 13 20 14
5 29 22 26 13 14
5 29 7 26 13 14
5 29 7 22 26 13
5 4 29 22 17 30
5 4 27 17 30 11
5 4 27 20 17 11
5 4 3 13 0 5
5 4 22 13 0 5
5 4 22 28 0 5
5 4 22 28 13 5
5 4 3 28 13 20
5 4 29 19 20 17
5 4 29 19 22 17
5 4 29 28 13 20
5 4 29 22 28 13
5 4 19 27 20 17
5 4 3 13 0 16
5 4 29 19 13 20
5 4 29 19 22 13
5 4 19 22 26 13
5 25 21 0 16 2
5 25 0 16 2 8
5 25 21 0 2 30
5 25 21 3 0 16
5 25 7 16 2 8
5 25 7 0 16 8
5 25 21 0 30 11
5 25 21 3 0 11
5 25 0 23 30 8
5 25 0 23 2 8
5 25 0 23 2 30
5 25 7 24 26 16
5 25 4 3 0 11
5 25 10 23 2 8
5 25 10 7 26 8
5 25 10 7 24 26
5 25 10 23 30 8
5 25 7 22 0 8
5 25 7 22 26 8
5 25 24 26 13 16
5 25 7 13 0 16
5 25 7 26 13 16
5 25 4 22 13 0
5 25 7 22 13 0
5 25 7 22 26 13
5 25 4 22 26 13
5 18 25 10 23 30
5 18 25 10 24 23
5 18 25 21 30 11
5 18 10 23 12 30
5 18 25 10 30 8
5 18 10 24 26 12
5 18 25 10 24 26
5 18 4 27 30 11
5 18 10 22 30 8
5 18 10 22 12 30
5 18 25 10 26 8
5 18 4 0 30 11
5 18 25 0 30 11
5 18 25 4 0 11
5 18 10 22 26 8
5 18 10 22 26 12
5 18 25 22 26 8
5 18 4 22 0 30
5 18 25 4 22 0
5 18 19 27 20 11
5 18 4 27 20 11
5 18 4 19 27 20
5 18 25 4 3 11
5 18 27 12 17 30
5 18 22 12 17 30
5 18 4 27 17 30
5 18 4 22 17 30
5 18 25 4 22 26
5 18 22 0 30 8
5 18 25 0 30 8
5 18 25 22 0 8
5 18 19 26 27 17
5 18 4 19 27 17
5 18 26 27 12 17
5 18 22 26 12 17
5 18 19 22 26 17
5 18 4 19 22 17
5 18 4 19 22 26
5 15 21 23 2 30
5 15 25 23 2 30
5 15 18 25 23 30
5 15 25 21 2 30
5 15 18 25 21 30
5 15 18 25 24 23
5 15 18 25 21 24
5 15 21 1 23 2
5 15 25 10 23 2
5 15 25 10 24 23
5 15 25 21 16 2
5 15 25 21 24 16
5 15 18 10 23 12
5 15 18 10 24 12
5 15 18 10 24 23
5 15 25 10 7 24
5 15 21 24 32 16
5 15 25 7 16 2
5 15 25 7 24 16
5 15 6 1 23 2
5 15 6 10 23 2
5 15 6 1 23 12
5 15 6 10 23 12
5 15 6 10 1 12
5 15 21 1 16 2
5 15 21 1 32 16
5 15 10 24 26 12
5 15 10 7 24 26
5 15 10 7 2 8
5 15 25 7 2 8
5 15 25 10 2 8
5 15 25 10 7 8
5 15 7 24 32 16
5 15 26 1 32 12
5 15 10 26 1 12
5 15 6 7 1 2
5 15 6 10 7 2
5 15 6 10 7 1
5 15 7 24 26 32
5 15 10 7 26 1
5 15 7 26 1 32
5 15 1 13 16 2
5 15 7 13 16 2
5 15 7 1 13 2
5 15 1 32 13 16
5 15 7 32 13 16
5 15 7 1 32 13
5 31 18 23 12 30
5 31 1 23 12 30
5 31 21 1 23 30
5 31 18 21 30 11
5 31 15 21 23 30
5 31 15 18 23 30
5 31 15 18 21 30
5 31 15 18 23 12
5 31 15 1 23 12
5 31 15 21 1 23
5 31 18 27 30 11
5 31 18 27 12 30
5 31 1 27 30 11
5 31 1 27 12 30
5 31 21 1 32 11
5 31 15 1 32 12
5 31 15 21 1 32
5 31 18 21 24 11
5 31 15 18 24 12
5 31 15 21 24 32
5 31 15 18 21 24
5 31 1 27 32 11
5 31 1 27 32 12
5 31 18 26 27 12
5 31 18 24 26 12
5 31 15 26 32 12
5 31 15 24 26 12
5 31 15 24 26 32
5 31 18 19 26 27
5 31 19 27 32 12
5 31 19 26 32 12
5 31 19 26 27 12
5 9 18 25 4 3
5 9 4 3 13 20
5 9 4 3 20 11
5 9 18 4 20 11
5 9 18 4 3 11
5 9 18 4 19 20
5 9 25 4 26 13
5 9 4 3 13 16
5 9 18 25 3 11
5 9 18 4 19 26
5 9 18 25 4 26
5 9 3 32 13 20
5 9 25 24 26 13
5 9 4 19 13 20
5 9 4 19 26 13
5 9 25 24 13 16
5 9 4 13 0 16
5 9 25 13 0 16
5 9 25 4 13 0
5 9 4 3 0 16
5 9 25 3 0 16
5 9 25 4 3 0
5 9 3 32 20 11
5 9 18 19 20 11
5 9 18 25 24 26
5 9 25 21 3 11
5 9 18 21 24 11
5 9 18 25 21 11
5 9 18 25 21 24
5 9 19 32 13 20
5 9 19 26 32 13
5 9 24 26 32 13
5 9 24 32 13 16
5 9 3 32 13 16
5 9 25 21 24 16
5 9 25 21 3 16
5 9 19 32 20 11
5 9 21 3 32 11
5 9 31 18 24 11
5 9 31 18 24 26
5 9 31 18 19 26
5 9 21 24 32 16
5 9 21 3 32 16
5 9 31 21 32 11
5 9 31 21 24 11
5 9 31 21 24 32
5 9 18 19 27 11
5 9 31 18 27 11
5 9 31 18 19 27
5 9 31 24 26 32
5 9 31 19 26 32
5 9 19 27 32 11
5 9 31 27 32 11
5 9 31 19 27 32
