327
5 11 22 23 10 0
5 20 13 11 18 19
5 20 13 11 23 18
5 28 30 7 3 0
5 28 11 25 21 19
5 28 13 7 18 19
5 28 13 11 18 19
5 28 13 7 21 19
5 28 13 11 21 19
5 28 13 7 23 21
5 28 7 23 18 0
5 28 13 7 23 18
5 28 11 23 18 0
5 28 13 11 23 18
5 14 7 18 3 0
5 24 11 25 21 19
5 24 17 11 25 19
5 24 13 11 21 19
5 24 13 27 21 19
5 24 20 13 11 19
5 24 20 17 11 19
5 24 20 13 27 19
5 24 20 17 27 19
5 24 20 13 11 23
5 24 28 11 25 21
5 24 28 13 23 21
5 24 28 13 11 21
5 24 28 13 11 23
5 24 20 11 6 10
5 24 20 17 6 10
5 24 20 17 11 10
5 29 24 8 25 21
5 29 26 30 9 3
5 15 8 30 7 3
5 15 29 26 30 3
5 15 29 8 27 21
5 15 29 26 30 9
5 15 24 13 27 21
5 15 29 24 27 21
5 16 14 27 3 19
5 16 20 17 27 19
5 16 24 20 17 27
5 16 29 30 9 3
5 16 29 30 25 9
5 16 24 17 25 9
5 16 29 24 25 9
5 16 22 6 25 9
5 16 17 6 25 9
5 16 30 22 25 9
5 12 20 13 23 18
5 12 20 13 27 19
5 12 14 20 27 19
5 12 20 13 18 19
5 12 14 20 18 19
5 12 13 7 23 18
5 12 15 13 27 21
5 12 15 8 27 21
5 12 13 7 18 19
5 12 13 7 21 19
5 4 28 8 25 21
5 4 24 28 25 21
5 4 28 30 22 25
5 4 30 22 25 9
5 4 28 11 22 25
5 4 24 28 11 25
5 4 22 6 25 9
5 4 17 6 25 9
5 4 24 17 25 9
5 4 24 17 6 9
5 4 22 6 25 10
5 4 11 22 25 10
5 4 24 17 11 25
5 4 28 11 22 0
5 4 17 6 25 10
5 4 17 11 25 10
5 4 24 11 6 10
5 4 24 17 6 10
5 4 24 17 11 10
5 1 30 7 3 0
5 1 15 30 7 3
5 1 14 7 3 0
5 1 15 14 7 3
5 1 26 30 3 0
5 1 15 26 30 3
5 1 15 8 30 7
5 1 28 30 7 0
5 1 28 8 30 7
5 1 7 23 18 0
5 1 14 7 18 0
5 1 28 7 23 0
5 1 12 7 23 18
5 1 12 14 23 18
5 1 12 15 14 23
5 1 12 14 7 18
5 1 12 15 14 7
5 1 28 7 23 21
5 1 28 8 7 21
5 1 12 8 7 21
5 1 12 15 8 21
5 1 12 15 8 7
5 1 13 7 23 21
5 1 12 13 7 21
5 1 12 13 7 23
5 1 12 15 13 21
5 5 16 20 27 9
5 5 16 24 20 27
5 5 16 29 27 9
5 5 16 20 6 9
5 5 24 17 6 9
5 5 16 17 6 9
5 5 16 24 17 9
5 5 24 20 17 6
5 5 16 20 17 6
5 5 16 24 20 17
5 5 4 24 6 9
5 5 24 20 11 6
5 5 4 24 11 6
5 5 1 26 23 0
5 5 26 22 6 9
5 5 4 22 6 9
5 5 26 30 22 9
5 5 26 6 23 10
5 5 26 22 23 10
5 5 26 22 6 10
5 5 4 22 6 10
5 5 26 22 23 0
5 5 20 6 23 10
5 5 20 11 23 10
5 5 20 11 6 10
5 5 4 11 6 10
5 5 11 22 23 10
5 5 4 11 22 10
5 5 11 22 23 0
5 5 4 11 22 0
5 32 16 27 3 19
5 32 16 29 27 3
5 32 15 29 8 27
5 32 29 8 27 21
5 32 14 27 3 19
5 32 15 8 7 3
5 32 29 14 27 3
5 32 15 29 14 3
5 32 15 29 14 27
5 32 15 8 30 3
5 32 15 29 30 3
5 32 15 29 8 30
5 32 29 8 30 25
5 32 16 30 25 3
5 32 16 29 30 3
5 32 16 29 30 25
5 32 29 8 25 21
5 32 12 8 27 21
5 32 16 17 27 19
5 32 29 24 27 21
5 32 16 29 24 27
5 32 7 18 3 19
5 32 14 18 3 19
5 32 14 7 18 3
5 32 12 14 27 19
5 32 15 14 7 3
5 32 12 7 21 19
5 32 12 8 7 21
5 32 28 30 25 3
5 32 28 8 30 25
5 32 29 24 25 21
5 32 16 29 24 25
5 32 13 27 21 19
5 32 12 13 21 19
5 32 12 13 27 19
5 32 12 13 27 21
5 32 24 27 21 19
5 32 24 17 27 19
5 32 16 24 17 27
5 32 12 7 18 19
5 32 12 14 18 19
5 32 12 14 7 18
5 32 28 25 21 19
5 32 28 7 21 19
5 32 28 8 25 21
5 32 28 8 7 21
5 32 12 15 8 7
5 32 12 15 14 7
5 32 12 15 8 27
5 32 12 15 14 27
5 32 24 25 21 19
5 32 24 17 25 19
5 32 16 24 17 25
5 32 8 30 7 3
5 32 28 30 7 3
5 32 28 8 30 7
5 2 14 20 18 19
5 2 14 20 27 19
5 2 16 20 27 19
5 2 16 14 27 19
5 2 16 20 27 9
5 2 16 29 27 9
5 2 16 20 6 9
5 2 20 6 23 10
5 2 12 20 23 18
5 2 12 14 23 18
5 2 12 14 20 18
5 2 26 22 23 10
5 2 16 29 9 3
5 2 5 20 27 9
5 2 5 20 27 23
5 2 12 20 27 23
5 2 12 14 20 27
5 2 29 14 27 3
5 2 16 14 27 3
5 2 16 29 27 3
5 2 26 6 23 10
5 2 26 22 23 0
5 2 29 26 9 3
5 2 1 26 3 0
5 2 1 14 3 0
5 2 12 15 27 23
5 2 12 15 14 23
5 2 12 15 14 27
5 2 5 29 27 9
5 2 5 29 26 9
5 2 5 26 6 9
5 2 5 20 6 9
5 2 1 23 18 0
5 2 1 14 18 0
5 2 1 14 23 18
5 2 1 26 23 0
5 2 5 26 6 23
5 2 5 20 6 23
5 2 15 29 14 27
5 2 1 15 14 23
5 2 15 29 26 3
5 2 1 15 26 3
5 2 15 29 14 3
5 2 1 15 14 3
5 2 5 15 29 26
5 2 5 1 26 23
5 2 5 1 15 26
5 31 24 28 11 23
5 31 4 24 28 11
5 31 5 4 24 11
5 31 28 11 23 0
5 31 5 11 23 0
5 31 4 28 11 0
5 31 5 4 11 0
5 31 24 20 11 23
5 31 5 20 11 23
5 31 5 24 20 11
5 31 4 24 28 21
5 31 1 28 23 0
5 31 5 1 23 0
5 31 4 28 22 0
5 31 5 4 22 0
5 31 24 20 13 23
5 31 24 28 23 21
5 31 1 28 23 21
5 31 4 28 8 21
5 31 1 28 30 0
5 31 28 30 22 0
5 31 4 28 30 22
5 31 12 20 13 23
5 31 24 20 13 27
5 31 5 24 20 27
5 31 24 13 23 21
5 31 1 13 23 21
5 31 2 1 15 23
5 31 2 5 1 23
5 31 2 5 1 15
5 31 24 8 25 21
5 31 4 8 25 21
5 31 4 24 25 21
5 31 1 26 30 0
5 31 5 1 26 0
5 31 26 30 22 0
5 31 5 26 22 0
5 31 5 26 30 22
5 31 4 30 22 9
5 31 5 30 22 9
5 31 5 4 22 9
5 31 12 20 27 23
5 31 5 20 27 23
5 31 12 20 13 27
5 31 15 24 13 27
5 31 15 24 13 21
5 31 1 15 13 21
5 31 1 12 13 23
5 31 1 12 15 23
5 31 1 12 15 13
5 31 2 15 27 23
5 31 2 5 27 23
5 31 1 28 8 21
5 31 1 15 8 21
5 31 29 24 8 21
5 31 15 29 8 21
5 31 15 29 24 21
5 31 1 15 26 30
5 31 5 1 15 26
5 31 1 28 8 30
5 31 1 15 8 30
5 31 4 30 25 9
5 31 12 15 27 23
5 31 12 15 13 27
5 31 15 29 24 27
5 31 2 15 29 27
5 31 2 5 29 27
5 31 2 5 15 29
5 31 28 8 30 25
5 31 4 28 30 25
5 31 4 28 8 25
5 31 29 24 8 25
5 31 4 24 25 9
5 31 5 4 24 9
5 31 15 26 30 9
5 31 5 26 30 9
5 31 16 29 24 27
5 31 5 16 24 27
5 31 5 16 29 27
5 31 29 8 30 25
5 31 15 29 8 30
5 31 29 24 25 9
5 31 15 29 26 9
5 31 5 29 26 9
5 31 5 15 29 26
5 31 29 30 25 9
5 31 15 29 30 9
5 31 16 29 24 9
5 31 5 16 24 9
5 31 5 16 29 9
