350
5 10 26 7 16 2
5 10 27 11 24 25
5 10 27 7 25 6
5 10 26 27 7 6
5 10 27 24 25 6
5 22 26 27 7 6
5 22 26 27 14 7
5 22 26 14 7 16
5 22 8 15 16 6
5 22 10 26 7 6
5 12 27 7 11 25
5 12 10 27 11 25
5 12 10 27 7 25
5 12 10 27 7 11
5 12 10 11 24 25
5 12 10 0 24 25
5 12 10 7 16 2
5 12 10 19 0 2
5 13 8 24 25 6
5 13 8 15 16 6
5 13 22 8 25 6
5 13 1 8 15 16
5 31 1 8 15 14
5 31 26 27 14 7
5 28 10 26 0 2
5 28 10 19 0 2
5 28 12 10 19 11
5 28 12 10 19 0
5 28 31 18 19 11
5 28 12 10 11 24
5 28 12 10 0 24
5 28 10 27 11 24
5 28 10 26 27 11
5 28 18 12 19 11
5 28 18 12 19 0
5 28 12 11 24 25
5 28 12 0 24 25
5 28 18 12 11 25
5 28 18 12 0 25
5 28 18 11 24 25
5 28 18 0 24 25
5 3 13 22 8 25
5 3 22 14 7 16
5 3 22 16 25 6
5 3 13 16 25 6
5 3 13 22 25 6
5 3 22 8 16 6
5 3 13 8 16 6
5 3 13 22 8 6
5 3 22 15 14 16
5 3 22 8 15 16
5 3 22 8 15 14
5 3 31 1 8 14
5 3 1 15 14 16
5 3 1 8 15 16
5 3 1 8 15 14
5 3 13 1 8 16
5 3 26 7 16 2
5 3 26 14 7 16
5 3 12 7 16 2
5 3 12 1 16 2
5 3 12 1 19 2
5 32 15 26 14 16
5 32 1 15 14 16
5 32 1 26 16 2
5 32 31 15 26 14
5 32 31 1 15 14
5 32 28 26 0 2
5 32 1 19 0 2
5 32 28 19 0 2
5 30 8 24 25 6
5 30 22 8 25 6
5 30 13 8 24 25
5 30 3 22 7 25
5 30 3 22 8 25
5 30 3 13 8 25
5 30 3 12 7 25
5 30 3 13 12 25
5 30 31 18 8 19
5 30 3 13 1 8
5 30 31 1 8 19
5 30 3 31 1 19
5 30 3 31 1 8
5 20 31 22 27 14
5 20 22 8 15 14
5 20 31 8 15 14
5 20 31 22 8 14
5 20 32 31 15 26
5 20 31 26 27 14
5 20 31 15 26 14
5 20 22 26 27 14
5 20 22 15 26 14
5 9 12 7 11 25
5 9 18 12 11 25
5 9 27 7 11 25
5 9 30 12 7 25
5 9 30 18 12 25
5 9 12 19 7 11
5 9 18 12 19 11
5 9 30 22 7 25
5 9 30 18 12 19
5 9 31 18 19 11
5 9 20 31 27 11
5 9 20 31 18 11
5 9 3 12 19 7
5 9 30 3 12 7
5 9 30 3 12 19
5 9 20 31 18 8
5 9 22 7 25 6
5 9 30 31 18 8
5 9 20 30 18 8
5 9 20 31 22 27
5 9 20 31 22 8
5 9 30 3 31 8
5 9 30 3 22 7
5 9 30 3 22 8
5 9 22 27 14 7
5 9 31 27 14 7
5 9 31 22 27 14
5 9 3 22 14 7
5 9 3 31 14 7
5 9 31 22 8 14
5 9 3 22 8 14
5 9 3 31 8 14
5 29 18 0 24 25
5 29 13 0 24 25
5 29 18 12 0 25
5 29 30 18 12 25
5 29 30 13 12 25
5 29 18 12 19 0
5 29 13 1 8 0
5 29 30 1 8 19
5 29 30 13 1 8
5 29 30 18 12 19
5 29 1 19 0 2
5 29 30 3 1 19
5 29 30 3 13 1
5 29 30 3 12 19
5 29 30 3 13 12
5 29 3 12 1 19
5 29 3 13 1 16
5 23 28 31 19 11
5 23 28 10 19 2
5 23 28 10 19 11
5 23 28 31 27 11
5 23 32 28 19 2
5 23 9 19 7 11
5 23 9 31 19 11
5 23 28 10 26 2
5 23 28 10 26 11
5 23 28 26 27 11
5 23 28 31 26 27
5 23 32 1 19 2
5 23 32 28 26 2
5 23 32 28 31 26
5 23 10 27 7 11
5 23 12 10 7 2
5 23 12 10 19 2
5 23 12 19 7 11
5 23 12 10 7 11
5 23 12 10 19 11
5 23 31 26 27 7
5 23 9 27 7 11
5 23 9 31 27 11
5 23 9 31 27 7
5 23 3 12 7 2
5 23 3 12 19 2
5 23 3 12 19 7
5 23 3 31 14 7
5 23 3 1 19 2
5 23 3 31 1 19
5 23 9 3 19 7
5 23 9 3 31 7
5 23 10 26 27 11
5 23 32 31 26 14
5 23 10 26 7 2
5 23 10 26 27 7
5 23 31 26 14 7
5 23 3 26 7 2
5 23 3 26 14 7
5 23 30 3 31 19
5 23 9 30 3 19
5 23 9 30 3 31
5 23 3 1 16 2
5 23 32 1 16 2
5 23 3 31 1 14
5 23 32 31 1 14
5 23 32 26 16 2
5 23 32 26 14 16
5 23 3 26 16 2
5 23 3 26 14 16
5 23 30 31 18 19
5 23 9 31 18 19
5 23 9 30 18 19
5 23 9 30 31 18
5 23 3 1 14 16
5 23 32 1 14 16
5 4 13 8 24 6
5 4 13 8 15 6
5 4 29 13 0 24
5 4 29 13 8 0
5 4 13 1 8 0
5 4 13 1 8 15
5 4 32 1 15 0
5 17 20 30 18 8
5 17 30 13 8 24
5 17 4 13 8 24
5 17 20 31 18 8
5 17 9 20 30 18
5 17 29 30 13 8
5 17 4 29 13 8
5 17 30 13 24 25
5 17 4 29 13 24
5 17 30 18 8 19
5 17 29 30 8 19
5 17 29 30 18 19
5 17 4 29 8 0
5 17 20 18 11 24
5 17 29 18 24 25
5 17 29 13 24 25
5 17 29 30 18 25
5 17 29 30 13 25
5 17 29 18 0 24
5 17 4 29 0 24
5 17 29 18 19 0
5 17 31 18 8 19
5 17 29 1 19 0
5 17 29 1 8 0
5 17 29 1 8 19
5 17 4 1 8 0
5 21 28 31 27 11
5 21 20 31 27 11
5 21 28 27 11 24
5 21 20 27 11 24
5 21 28 31 26 27
5 21 20 31 26 27
5 21 17 20 11 24
5 21 28 31 18 11
5 21 20 31 18 11
5 21 17 20 18 11
5 21 17 20 31 18
5 21 32 28 31 26
5 21 20 32 31 26
5 21 28 18 11 24
5 21 17 18 11 24
5 21 17 4 20 24
5 21 10 26 27 24
5 21 28 10 27 24
5 21 28 10 26 27
5 21 4 20 26 24
5 21 28 31 18 19
5 21 17 31 18 19
5 21 17 20 31 8
5 21 17 4 20 8
5 21 28 18 0 24
5 21 17 18 0 24
5 21 17 4 0 24
5 21 10 26 0 24
5 21 28 10 0 24
5 21 28 10 26 0
5 21 4 26 0 24
5 21 28 18 19 0
5 21 17 18 19 0
5 21 20 32 31 15
5 21 20 31 8 15
5 21 4 20 8 15
5 21 17 4 1 8
5 21 32 28 26 0
5 21 4 32 26 0
5 21 20 32 15 26
5 21 4 32 15 26
5 21 4 20 15 26
5 21 23 28 31 19
5 21 23 32 28 19
5 21 23 32 28 31
5 21 32 28 19 0
5 21 32 31 1 15
5 21 4 32 1 15
5 21 31 1 8 19
5 21 17 1 8 19
5 21 17 31 8 19
5 21 17 1 19 0
5 21 17 4 1 0
5 21 31 1 8 15
5 21 4 1 8 15
5 21 23 31 1 19
5 21 23 32 1 19
5 21 23 32 31 1
5 21 32 1 19 0
5 21 4 32 1 0
5 5 9 20 22 27
5 5 22 26 27 6
5 5 20 22 26 27
5 5 22 27 7 6
5 5 9 22 7 6
5 5 9 22 27 7
5 5 22 15 26 6
5 5 20 22 15 26
5 5 27 7 25 6
5 5 9 7 25 6
5 5 9 27 7 25
5 5 27 24 25 6
5 5 20 27 11 24
5 5 9 20 27 11
5 5 30 22 8 6
5 5 30 22 25 6
5 5 9 22 25 6
5 5 9 30 22 25
5 5 17 9 20 30
5 5 9 30 22 8
5 5 9 20 22 8
5 5 9 20 30 8
5 5 10 27 24 6
5 5 10 26 24 6
5 5 10 26 27 6
5 5 10 26 27 24
5 5 15 26 24 6
5 5 21 26 27 24
5 5 21 20 27 24
5 5 21 20 26 24
5 5 21 20 26 27
5 5 22 8 15 6
5 5 20 22 8 15
5 5 27 11 24 25
5 5 9 27 11 25
5 5 20 18 11 24
5 5 9 20 18 11
5 5 17 20 30 8
5 5 4 15 24 6
5 5 4 15 26 24
5 5 4 20 26 24
5 5 4 20 15 26
5 5 4 8 15 6
5 5 4 20 8 15
5 5 18 11 24 25
5 5 9 18 11 25
5 5 30 24 25 6
5 5 17 30 24 25
5 5 17 18 24 25
5 5 17 20 18 24
5 5 17 9 20 18
5 5 30 8 24 6
5 5 17 30 8 24
5 5 9 30 18 25
5 5 17 30 18 25
5 5 17 9 30 18
5 5 4 8 24 6
5 5 17 4 8 24
5 5 17 4 20 24
5 5 17 4 20 8
