210
5 14 4 15 23 2
5 1 14 15 23 2
5 1 14 4 23 2
5 24 25 10 4 22
5 24 25 14 4 15
5 24 25 10 4 15
5 24 10 4 15 2
5 18 12 25 14 23
5 5 24 25 10 22
5 5 24 25 10 15
5 5 24 25 14 15
5 3 1 14 4 23
5 3 12 14 4 23
5 3 18 12 14 23
5 3 12 25 14 4
5 3 18 12 25 14
5 21 5 24 10 22
5 21 24 10 4 22
5 6 1 15 23 2
5 6 1 8 15 2
5 6 1 14 15 23
5 0 5 25 10 22
5 0 18 12 25 22
5 0 5 25 10 15
5 11 1 14 15 2
5 11 1 14 4 2
5 11 14 4 15 2
5 11 24 4 15 2
5 11 24 14 4 15
5 19 24 10 4 2
5 19 21 24 10 4
5 19 21 10 4 22
5 19 11 24 4 2
5 16 5 24 10 15
5 16 6 1 8 15
5 16 0 5 10 15
5 16 11 5 1 8
5 16 6 1 14 15
5 16 11 24 15 2
5 16 5 24 14 15
5 16 11 24 14 15
5 16 1 8 15 2
5 16 11 1 15 2
5 16 11 1 8 2
5 16 11 1 14 15
5 17 0 21 5 22
5 17 0 5 25 22
5 17 0 18 25 22
5 17 3 18 25 14
5 17 18 12 25 22
5 17 3 12 25 22
5 17 3 18 12 25
5 17 3 1 14 23
5 17 3 18 14 23
5 17 11 5 1 8
5 17 19 11 5 8
5 17 16 5 1 14
5 17 16 5 1 8
5 17 16 6 1 8
5 17 16 6 5 8
5 9 16 0 5 10
5 9 16 5 24 10
5 9 17 0 5 8
5 9 17 0 21 5
5 9 21 5 10 22
5 9 0 5 10 22
5 9 0 21 5 22
5 9 19 21 10 22
5 9 17 19 5 8
5 9 17 19 21 5
5 9 21 5 24 10
5 9 19 21 24 10
5 9 19 21 5 24
5 9 19 24 10 2
5 9 16 8 15 2
5 9 16 11 8 2
5 9 16 11 24 2
5 9 24 10 15 2
5 9 16 24 15 2
5 9 16 24 10 15
5 9 19 11 5 8
5 9 16 11 5 8
5 9 19 11 5 24
5 9 16 11 5 24
5 9 19 11 8 2
5 9 19 11 24 2
5 7 16 6 5 8
5 7 17 6 5 8
5 7 17 0 5 8
5 7 17 0 6 8
5 7 9 0 5 8
5 7 9 16 5 8
5 7 9 16 0 5
5 7 9 0 6 8
5 7 16 0 5 15
5 7 17 0 5 25
5 7 16 6 8 15
5 7 9 6 8 15
5 7 9 16 8 15
5 7 9 16 0 10
5 7 0 5 25 15
5 7 17 16 6 5
5 7 16 0 10 15
5 7 17 0 18 25
5 7 9 16 10 15
5 7 16 5 14 15
5 7 17 16 5 14
5 7 16 6 14 15
5 7 5 25 14 15
5 7 17 5 25 14
5 7 0 18 25 23
5 7 25 14 15 23
5 7 6 14 15 23
5 7 16 6 1 14
5 7 17 16 1 14
5 7 17 16 6 1
5 7 18 25 14 23
5 7 17 18 14 23
5 7 17 18 25 14
5 7 6 1 14 23
5 7 17 1 14 23
5 7 17 6 1 23
5 20 17 0 21 22
5 20 9 0 21 22
5 20 9 19 21 22
5 20 9 17 0 21
5 20 9 17 19 21
5 20 21 12 4 22
5 20 19 21 4 22
5 20 17 3 12 22
5 20 0 18 12 22
5 20 17 18 12 22
5 20 17 0 18 22
5 20 9 17 0 8
5 20 9 17 19 8
5 20 9 19 8 2
5 20 19 11 4 2
5 20 17 3 18 12
5 20 17 0 6 8
5 20 3 18 12 23
5 20 17 3 1 23
5 20 17 3 18 23
5 20 17 11 1 8
5 20 17 19 11 8
5 20 11 1 8 2
5 20 19 11 8 2
5 20 17 6 1 8
5 20 7 17 0 18
5 20 7 17 0 6
5 20 6 1 23 2
5 20 6 1 8 2
5 20 3 12 4 23
5 20 11 1 4 2
5 20 11 3 1 4
5 20 17 6 1 23
5 20 7 0 18 23
5 20 7 0 6 23
5 20 7 17 18 23
5 20 7 17 6 23
5 20 1 4 23 2
5 20 3 1 4 23
5 13 17 19 21 5
5 13 17 19 11 5
5 13 19 21 5 24
5 13 19 11 5 24
5 13 19 21 24 4
5 13 19 11 24 4
5 13 17 5 25 14
5 13 17 5 1 14
5 13 17 11 5 1
5 13 20 17 19 21
5 13 20 17 19 11
5 13 5 24 25 14
5 13 16 5 24 14
5 13 16 11 24 14
5 13 16 11 5 24
5 13 17 3 25 14
5 13 17 5 25 22
5 13 17 21 5 22
5 13 16 5 1 14
5 13 16 11 1 14
5 13 16 11 5 1
5 13 17 3 1 14
5 13 20 19 21 4
5 13 20 11 3 4
5 13 20 19 11 4
5 13 20 17 3 22
5 13 20 17 21 22
5 13 20 11 3 1
5 13 20 17 3 1
5 13 20 17 11 1
5 13 5 24 25 22
5 13 21 5 24 22
5 13 11 24 14 4
5 13 21 24 4 22
5 13 17 3 25 22
5 13 3 1 14 4
5 13 11 1 14 4
5 13 11 3 1 4
5 13 20 3 12 4
5 13 20 21 12 4
5 13 20 3 12 22
5 13 20 21 12 22
5 13 24 25 4 22
5 13 24 25 14 4
5 13 21 12 4 22
5 13 3 25 14 4
5 13 12 25 4 22
5 13 3 12 25 22
5 13 3 12 25 4
