327
5 7 8 32 2 4
5 31 17 12 15 1
5 11 31 12 15 1
5 11 17 12 15 1
5 11 17 12 21 1
5 28 7 32 2 4
5 28 32 2 4 1
5 28 31 2 4 1
5 28 5 32 4 1
5 28 5 7 32 4
5 28 31 21 4 1
5 28 5 21 4 1
5 28 17 12 21 1
5 28 31 17 12 1
5 28 19 17 21 29
5 28 19 17 15 29
5 28 31 17 12 15
5 13 28 31 7 2
5 13 28 7 32 2
5 13 28 19 7 32
5 13 11 31 15 2
5 13 28 31 2 1
5 13 28 31 17 15
5 13 28 19 17 15
5 13 28 32 2 1
5 13 11 31 2 1
5 13 11 31 15 1
5 13 28 31 17 1
5 13 28 19 17 1
5 13 31 17 15 1
5 13 11 17 15 1
5 9 11 17 12 21
5 9 5 11 12 21
5 9 11 17 12 15
5 9 13 11 17 15
5 9 13 11 15 24
5 27 28 19 7 29
5 27 28 5 21 4
5 27 28 7 29 4
5 27 28 5 7 4
5 14 31 7 15 2
5 14 25 7 15 2
5 14 28 31 7 15
5 14 28 7 2 4
5 14 28 31 2 4
5 14 28 31 7 2
5 14 7 8 2 4
5 14 25 7 8 2
5 14 28 31 12 15
5 14 28 7 29 4
5 14 27 7 29 4
5 14 27 7 8 4
5 14 27 7 8 29
5 14 27 28 29 4
5 3 28 5 21 1
5 3 28 17 21 1
5 3 28 19 17 1
5 3 28 19 17 21
5 3 28 5 32 1
5 3 11 17 21 1
5 3 5 11 21 1
5 3 13 28 32 1
5 3 13 28 19 1
5 3 13 28 19 32
5 3 9 11 17 21
5 3 9 5 17 21
5 3 9 5 11 21
5 3 13 19 17 1
5 3 13 11 17 1
5 3 9 13 19 17
5 3 9 13 11 17
5 3 9 13 19 24
5 3 9 13 11 24
5 20 28 12 21 1
5 20 28 31 21 1
5 20 28 31 12 1
5 20 31 21 4 1
5 20 14 28 31 12
5 20 14 31 12 4
5 20 28 17 12 21
5 20 28 31 21 4
5 20 14 28 31 4
5 20 9 17 12 21
5 20 28 17 21 29
5 20 27 28 21 4
5 20 14 27 28 4
5 20 27 5 21 4
5 20 9 5 12 21
5 20 27 28 21 29
5 20 14 27 28 29
5 20 17 12 15 29
5 20 28 17 15 29
5 20 28 17 12 15
5 20 14 12 15 29
5 20 14 28 15 29
5 20 14 28 12 15
5 20 19 17 21 29
5 6 25 7 15 2
5 6 31 7 15 2
5 6 13 31 15 2
5 6 13 31 7 2
5 6 13 15 24 2
5 6 28 31 7 15
5 6 13 28 31 15
5 6 13 28 31 7
5 6 25 24 8 2
5 6 25 15 24 23
5 6 14 25 15 29
5 6 14 28 15 29
5 6 14 28 7 15
5 6 28 19 15 29
5 6 13 28 19 15
5 6 28 19 7 29
5 6 13 28 19 7
5 6 19 17 15 29
5 6 13 19 17 15
5 18 7 8 32 4
5 18 27 7 8 4
5 18 5 7 32 4
5 18 27 5 7 4
5 18 7 8 32 2
5 18 13 7 32 2
5 18 13 19 7 32
5 18 24 8 32 2
5 22 14 12 15 29
5 22 14 25 15 29
5 22 14 25 12 15
5 22 17 12 15 29
5 22 20 14 12 29
5 22 6 17 15 29
5 22 6 25 15 29
5 22 6 25 29 23
5 22 20 17 12 29
5 22 20 9 17 12
5 22 9 17 12 15
5 22 6 9 17 15
5 22 25 12 15 23
5 22 6 25 15 23
5 22 27 25 29 23
5 22 9 12 15 23
5 22 6 9 15 23
5 22 6 19 29 23
5 22 6 9 19 23
5 22 6 19 17 29
5 22 6 9 19 17
5 22 27 19 29 23
5 10 25 7 8 2
5 10 6 25 8 2
5 10 6 25 7 2
5 10 6 13 7 2
5 10 18 27 7 8
5 10 14 7 8 29
5 10 14 25 7 8
5 10 27 7 8 29
5 10 27 25 8 29
5 10 6 27 25 29
5 10 6 14 25 29
5 10 6 13 19 7
5 10 27 19 7 29
5 10 6 19 7 29
5 10 14 28 7 29
5 10 6 28 7 29
5 10 6 14 28 29
5 10 6 14 28 7
5 10 14 25 7 15
5 10 6 25 7 15
5 10 6 14 7 15
5 10 6 14 25 15
5 16 27 28 5 7
5 16 18 27 5 7
5 16 28 5 7 32
5 16 18 5 7 32
5 16 27 28 19 7
5 16 18 27 19 7
5 16 28 19 7 32
5 16 18 19 7 32
5 16 27 28 5 21
5 16 3 28 19 32
5 16 3 28 5 32
5 16 3 28 19 21
5 16 3 28 5 21
5 16 20 27 5 21
5 16 28 19 21 29
5 16 27 28 21 29
5 16 27 28 19 29
5 16 18 27 24 23
5 16 3 13 19 32
5 16 18 13 19 32
5 16 3 5 24 32
5 16 18 5 24 32
5 16 3 19 17 21
5 16 3 5 17 21
5 16 20 19 17 21
5 16 20 19 21 29
5 16 20 27 21 29
5 16 9 5 24 23
5 16 22 9 19 23
5 16 22 27 19 23
5 16 22 9 5 23
5 16 3 13 24 32
5 16 18 13 24 32
5 16 3 13 19 24
5 16 3 9 19 24
5 16 3 9 5 24
5 16 3 9 19 17
5 16 3 9 5 17
5 16 9 5 17 21
5 16 20 9 17 21
5 16 20 9 5 21
5 16 22 27 19 29
5 16 22 20 27 29
5 16 22 9 19 17
5 16 22 20 9 17
5 16 22 20 9 5
5 16 20 19 17 29
5 16 22 19 17 29
5 16 22 20 17 29
5 26 20 14 27 29
5 26 22 20 27 29
5 26 22 20 14 29
5 26 22 27 25 29
5 26 22 14 25 29
5 26 27 25 8 29
5 26 14 27 8 29
5 26 20 27 5 4
5 26 20 14 27 4
5 26 16 20 27 5
5 26 16 22 20 5
5 26 16 22 20 27
5 26 10 25 8 29
5 26 10 14 8 29
5 26 10 14 25 29
5 26 10 14 25 8
5 26 27 25 8 23
5 26 22 27 25 23
5 26 14 27 8 4
5 26 16 22 5 23
5 26 16 22 27 23
5 26 22 20 14 12
5 26 16 18 27 23
5 26 16 18 27 5
5 26 18 27 8 4
5 26 18 27 5 4
5 26 16 18 24 23
5 26 27 24 8 23
5 26 18 27 24 23
5 30 13 24 32 2
5 30 18 24 32 2
5 30 18 13 32 2
5 30 18 13 24 32
5 30 10 6 13 2
5 30 18 24 8 2
5 30 18 13 7 2
5 30 10 13 7 2
5 30 6 24 8 2
5 30 10 6 8 2
5 30 10 6 13 19
5 30 18 7 8 2
5 30 10 7 8 2
5 30 10 18 7 8
5 30 18 27 24 8
5 30 10 18 27 8
5 30 18 13 19 7
5 30 10 13 19 7
5 30 10 6 25 8
5 30 10 27 25 8
5 30 18 27 19 7
5 30 10 27 19 7
5 30 10 18 27 7
5 30 16 18 27 19
5 30 10 27 19 29
5 30 10 6 19 29
5 30 10 6 27 29
5 30 10 6 27 25
5 30 27 25 29 23
5 30 6 25 29 23
5 30 6 27 25 29
5 0 6 13 24 2
5 0 30 13 24 2
5 0 30 6 24 2
5 0 30 6 13 2
5 0 6 25 24 23
5 0 30 6 25 23
5 0 9 15 24 23
5 0 6 15 24 23
5 0 6 9 15 23
5 0 9 13 15 24
5 0 6 13 15 24
5 0 9 13 19 24
5 0 25 24 8 23
5 0 6 25 24 8
5 0 30 6 24 8
5 0 30 6 25 8
5 0 6 9 19 23
5 0 30 6 13 19
5 0 9 13 17 15
5 0 6 13 17 15
5 0 6 9 17 15
5 0 16 9 24 23
5 0 16 9 19 23
5 0 16 9 19 24
5 0 16 13 19 24
5 0 27 24 8 23
5 0 30 27 24 8
5 0 27 25 8 23
5 0 30 27 25 23
5 0 30 27 25 8
5 0 6 19 29 23
5 0 30 6 29 23
5 0 30 6 19 29
5 0 9 13 19 17
5 0 6 13 19 17
5 0 6 9 19 17
5 0 16 27 24 23
5 0 16 27 19 23
5 0 30 16 27 19
5 0 16 18 13 24
5 0 30 18 13 24
5 0 16 18 13 19
5 0 30 18 13 19
5 0 30 16 18 19
5 0 27 19 29 23
5 0 30 27 29 23
5 0 30 27 19 29
5 0 16 18 27 24
5 0 30 18 27 24
5 0 30 16 18 27
