325
5 7 0 24 16 12
5 26 21 16 11 19
5 26 0 16 11 19
5 26 0 21 16 19
5 26 0 24 16 11
5 30 0 21 16 19
5 30 7 0 16 12
5 30 26 0 21 16
5 30 26 0 21 19
5 4 10 7 24 16
5 4 28 20 24 12
5 31 30 26 19 18
5 31 30 26 21 19
5 32 0 16 11 19
5 32 30 0 11 19
5 32 30 0 16 19
5 32 30 21 16 19
5 32 30 7 21 19
5 32 30 7 21 16
5 32 14 5 11 19
5 32 10 7 21 19
5 32 10 7 21 16
5 29 31 28 5 19
5 29 32 28 5 19
5 29 32 10 7 19
5 29 10 7 21 19
5 29 32 10 21 19
5 29 4 28 20 12
5 8 28 20 24 12
5 8 31 28 5 18
5 8 29 31 28 5
5 8 31 30 5 19
5 8 29 31 5 19
5 8 29 32 5 19
5 8 32 30 7 19
5 8 29 32 7 19
5 6 8 28 5 18
5 6 8 28 20 24
5 6 8 28 24 12
5 6 8 31 5 18
5 6 8 31 30 18
5 6 8 31 30 5
5 6 0 24 12 11
5 6 8 29 5 12
5 6 8 29 28 12
5 6 8 29 28 5
5 6 4 28 24 12
5 6 26 5 11 19
5 6 26 0 11 19
5 6 31 30 19 18
5 6 31 30 5 19
5 6 30 26 19 18
5 6 30 26 0 18
5 6 30 26 0 19
5 6 30 0 11 19
5 6 31 26 19 18
5 6 31 26 5 18
5 6 31 26 5 19
5 6 8 30 5 19
5 17 30 0 16 12
5 17 30 26 0 16
5 17 10 7 16 12
5 17 30 7 16 12
5 17 30 26 21 16
5 17 8 30 7 12
5 17 10 7 21 16
5 17 30 7 21 16
5 17 30 7 21 19
5 17 8 30 7 19
5 17 8 31 30 18
5 17 31 26 21 18
5 17 31 30 26 18
5 17 31 30 26 21
5 17 8 29 7 19
5 17 31 30 21 19
5 17 8 31 30 19
5 27 4 24 16 11
5 27 10 20 16 25
5 27 4 10 7 16
5 15 4 24 12 11
5 15 6 24 12 11
5 15 6 14 12 11
5 15 6 14 24 11
5 15 27 14 24 11
5 15 27 4 24 11
5 15 6 4 24 12
5 15 27 14 11 3
5 15 27 4 11 3
5 15 6 4 28 12
5 15 27 4 28 3
5 15 29 28 14 3
5 15 29 4 12 3
5 15 29 4 28 3
5 15 29 4 28 12
5 15 6 4 28 24
5 15 6 29 28 12
5 15 4 28 20 24
5 15 27 4 20 24
5 15 27 4 28 20
5 15 6 29 5 12
5 15 29 28 14 5
5 15 6 29 28 5
5 1 31 28 21 19
5 1 29 28 21 19
5 1 29 32 21 19
5 1 29 32 28 19
5 1 29 32 10 21
5 1 10 21 16 25
5 1 32 10 7 3
5 1 29 32 7 3
5 1 29 32 10 7
5 1 15 27 28 3
5 1 15 27 28 20
5 1 29 4 28 3
5 1 27 4 28 3
5 1 27 10 7 3
5 1 29 4 7 3
5 1 27 4 7 3
5 1 29 4 28 20
5 1 27 4 28 20
5 1 27 4 10 7
5 1 27 10 20 25
5 1 27 4 10 20
5 2 6 8 30 12
5 2 8 30 7 12
5 2 8 32 30 7
5 2 6 8 5 12
5 2 8 32 30 19
5 2 6 8 30 19
5 2 30 7 0 12
5 2 8 29 7 12
5 2 8 29 32 7
5 2 32 30 0 11
5 2 6 0 12 11
5 2 6 30 0 11
5 2 6 30 0 12
5 2 6 14 12 11
5 2 32 30 11 19
5 2 6 30 11 19
5 2 8 29 5 12
5 2 8 29 32 5
5 2 8 32 5 19
5 2 6 8 5 19
5 2 30 7 0 16
5 2 32 30 0 16
5 2 32 30 7 16
5 2 32 14 5 11
5 2 6 14 5 11
5 2 32 5 11 19
5 2 6 5 11 19
5 2 29 32 14 5
5 2 15 6 5 12
5 2 15 6 14 12
5 2 15 6 14 5
5 2 0 24 12 11
5 2 7 0 24 12
5 2 32 0 16 11
5 2 29 32 7 3
5 2 29 32 14 3
5 2 32 14 11 3
5 2 15 29 5 12
5 2 15 29 14 5
5 2 4 24 12 11
5 2 4 7 24 12
5 2 0 24 16 11
5 2 7 0 24 16
5 2 32 16 11 3
5 2 15 29 12 3
5 2 15 29 14 3
5 2 15 14 11 3
5 2 15 14 12 11
5 2 4 24 16 11
5 2 4 7 24 16
5 2 27 16 11 3
5 2 32 10 16 3
5 2 32 10 7 3
5 2 32 10 7 16
5 2 29 4 12 3
5 2 29 4 7 3
5 2 29 4 7 12
5 2 15 4 11 3
5 2 15 4 12 3
5 2 15 4 12 11
5 2 27 4 11 3
5 2 27 4 7 3
5 2 27 4 16 11
5 2 27 4 7 16
5 2 27 10 16 3
5 2 27 10 7 3
5 2 27 10 7 16
5 9 0 24 16 12
5 9 17 0 16 12
5 9 26 0 24 16
5 9 17 26 0 16
5 9 6 0 24 12
5 9 6 8 24 12
5 9 17 30 0 12
5 9 17 8 30 12
5 9 6 30 0 12
5 9 6 8 30 12
5 9 17 8 30 18
5 9 6 26 0 18
5 9 30 26 0 18
5 9 17 30 26 18
5 9 17 30 26 0
5 9 6 30 0 18
5 9 6 8 30 18
5 9 6 8 20 24
5 9 26 0 24 11
5 9 6 0 24 11
5 9 6 26 0 11
5 13 9 17 26 16
5 13 9 17 8 12
5 13 17 26 21 16
5 13 9 17 8 18
5 13 9 17 26 18
5 13 17 26 21 18
5 13 17 31 21 18
5 13 6 8 28 18
5 13 9 6 8 18
5 13 6 8 28 20
5 13 9 6 8 20
5 13 8 31 28 18
5 13 17 8 31 18
5 22 8 29 31 28
5 22 13 8 31 28
5 22 13 17 8 31
5 22 8 29 31 19
5 22 17 8 31 19
5 22 17 8 29 19
5 22 31 28 21 19
5 22 29 28 21 19
5 22 29 31 28 19
5 22 13 17 31 21
5 22 17 31 21 19
5 22 8 29 28 12
5 22 17 8 29 7
5 22 1 31 28 21
5 22 13 1 31 21
5 22 13 1 31 28
5 22 1 29 28 21
5 22 29 7 21 19
5 22 17 7 21 19
5 22 17 29 7 19
5 22 29 28 20 12
5 22 8 29 7 12
5 22 17 8 7 12
5 22 13 17 8 12
5 22 1 29 10 21
5 22 13 1 28 25
5 22 29 10 7 21
5 22 17 10 7 21
5 22 17 10 21 16
5 22 13 17 21 16
5 22 13 17 10 16
5 22 13 28 20 25
5 22 1 10 21 25
5 22 13 1 21 25
5 22 1 28 20 25
5 22 1 29 28 20
5 22 10 21 16 25
5 22 13 21 16 25
5 22 13 10 16 25
5 22 1 29 10 7
5 22 29 4 7 12
5 22 1 10 20 25
5 22 1 29 4 7
5 22 1 29 4 20
5 22 1 4 10 7
5 22 1 4 10 20
5 23 9 17 16 12
5 23 13 9 17 12
5 23 13 9 17 16
5 23 17 10 16 12
5 23 13 17 10 16
5 23 9 24 16 12
5 23 22 13 17 12
5 23 22 13 17 10
5 23 9 8 24 12
5 23 13 9 8 12
5 23 9 26 24 16
5 23 13 26 24 16
5 23 13 9 26 16
5 23 13 9 26 24
5 23 7 24 16 12
5 23 10 7 16 12
5 23 10 7 24 16
5 23 13 20 24 16
5 23 17 10 7 12
5 23 22 17 7 12
5 23 22 17 10 7
5 23 8 20 24 12
5 23 9 8 20 24
5 23 13 9 20 24
5 23 13 9 8 20
5 23 27 20 24 16
5 23 27 10 20 16
5 23 10 20 16 25
5 23 13 20 16 25
5 23 13 10 16 25
5 23 22 13 8 12
5 23 4 7 24 12
5 23 22 4 7 12
5 23 4 20 24 12
5 23 22 10 20 25
5 23 22 13 20 25
5 23 22 13 10 25
5 23 4 10 24 16
5 23 27 4 24 16
5 23 27 4 10 16
5 23 27 4 20 24
5 23 27 4 10 20
5 23 8 28 20 12
5 23 22 28 20 12
5 23 22 8 28 12
5 23 13 8 28 20
5 23 22 13 28 20
5 23 22 13 8 28
5 23 4 10 7 24
5 23 22 4 10 7
5 23 22 4 10 20
5 23 29 4 20 12
5 23 22 29 20 12
5 23 22 29 4 12
5 23 22 29 4 20
