129
5 1 16 11 9 0
5 1 7 11 9 0
5 1 6 16 3 4
5 8 14 7 18 9
5 8 14 6 16 9
5 8 14 7 16 9
5 13 7 3 18 4
5 5 1 7 9 0
5 5 1 7 11 0
5 5 13 1 7 11
5 5 1 7 3 4
5 5 13 7 3 4
5 5 13 1 7 4
5 2 6 16 11 0
5 2 1 16 11 0
5 2 1 6 16 0
5 2 5 1 11 0
5 2 1 6 16 4
5 2 5 11 3 0
5 2 1 6 3 0
5 2 5 1 3 0
5 2 1 6 3 4
5 2 5 1 3 4
5 2 5 13 1 4
5 2 5 13 1 11
5 2 5 13 3 4
5 2 5 13 11 3
5 2 6 3 18 4
5 2 14 6 18 4
5 17 7 16 11 9
5 17 1 16 11 9
5 17 1 7 11 9
5 17 1 7 9 4
5 17 13 1 7 11
5 17 13 7 9 4
5 17 13 7 16 9
5 17 13 1 7 4
5 17 2 1 16 11
5 17 2 13 16 11
5 17 2 13 1 11
5 17 13 16 18 4
5 17 13 16 18 9
5 17 2 1 16 4
5 17 2 13 16 4
5 17 2 13 1 4
5 10 8 7 3 18
5 10 13 7 3 18
5 10 13 8 7 18
5 10 5 8 7 3
5 10 2 13 11 3
5 10 5 13 11 3
5 10 5 13 7 3
5 10 5 13 7 11
5 10 6 3 18 0
5 10 5 11 3 0
5 10 5 7 11 0
5 10 5 8 7 0
5 10 2 6 3 18
5 10 14 6 18 0
5 10 2 11 3 0
5 10 2 6 3 0
5 10 2 6 11 0
5 10 8 14 6 0
5 12 14 16 18 4
5 12 13 16 18 4
5 12 2 14 18 4
5 12 2 13 16 4
5 12 14 16 18 9
5 12 13 16 18 9
5 12 13 3 18 4
5 12 2 3 18 4
5 12 2 13 3 4
5 12 2 14 6 18
5 12 14 6 16 4
5 12 2 6 16 4
5 12 2 14 6 4
5 12 14 7 18 9
5 12 13 7 18 9
5 12 14 7 16 9
5 12 13 7 16 9
5 12 10 13 3 18
5 12 10 2 3 18
5 12 10 2 13 3
5 12 10 14 6 18
5 12 10 2 6 18
5 12 2 6 16 11
5 12 2 13 16 11
5 12 8 14 7 18
5 12 13 8 7 18
5 12 10 13 8 18
5 12 10 2 6 11
5 12 10 2 13 11
5 15 8 14 7 16
5 15 12 14 7 16
5 15 8 7 16 9
5 15 8 14 6 16
5 15 10 8 14 6
5 15 12 8 14 7
5 15 12 14 6 16
5 15 12 10 14 6
5 15 7 16 11 9
5 15 8 6 16 9
5 15 8 7 9 0
5 15 10 8 7 0
5 15 10 13 8 7
5 15 12 13 8 7
5 15 12 10 13 8
5 15 10 8 14 18
5 15 12 8 14 18
5 15 12 10 14 18
5 15 12 10 8 18
5 15 12 13 16 11
5 15 12 13 7 16
5 15 12 6 16 11
5 15 12 10 6 11
5 15 10 13 7 11
5 15 12 10 13 11
5 15 7 11 9 0
5 15 10 7 11 0
5 15 8 6 9 0
5 15 10 8 6 0
5 15 17 7 16 11
5 15 17 13 16 11
5 15 17 13 7 11
5 15 17 13 7 16
5 15 16 11 9 0
5 15 6 16 9 0
5 15 6 16 11 0
5 15 10 6 11 0
