185
5 21 11 2 24 3
5 21 4 11 24 3
5 21 4 24 3 20
5 21 4 17 3 20
5 21 4 11 17 12
5 9 10 17 12 16
5 9 10 15 17 12
5 9 21 11 17 12
5 9 21 11 24 12
5 25 4 11 17 12
5 25 21 4 17 3
5 25 21 4 11 3
5 25 21 4 11 17
5 25 9 17 12 16
5 25 9 11 17 12
5 14 0 11 2 3
5 14 21 11 2 3
5 14 25 0 11 3
5 13 21 4 17 20
5 13 21 4 17 12
5 13 9 15 17 12
5 13 9 21 17 12
5 13 9 21 15 17
5 13 4 24 12 20
5 13 21 4 24 20
5 13 21 4 24 12
5 13 9 21 24 12
5 18 13 10 15 5
5 18 13 10 5 20
5 18 13 10 15 17
5 18 13 10 17 20
5 1 14 25 17 16
5 1 14 25 0 16
5 1 25 4 17 3
5 1 14 25 17 3
5 1 14 25 0 3
5 1 14 0 2 3
5 1 23 14 0 2
5 19 14 21 2 3
5 19 25 21 17 3
5 19 14 25 17 3
5 19 14 21 11 2
5 19 25 21 11 3
5 19 14 21 11 3
5 19 14 25 11 3
5 19 25 21 11 17
5 19 9 21 11 17
5 19 25 9 11 17
5 19 21 11 2 24
5 19 14 0 11 2
5 19 14 25 0 11
5 19 25 9 17 16
5 19 25 9 11 16
5 19 14 25 17 16
5 19 14 25 0 16
5 19 9 10 15 17
5 19 23 14 0 16
5 19 9 10 17 16
5 19 14 10 17 16
5 19 23 14 10 16
5 8 23 18 10 5
5 8 18 14 10 17
5 8 1 14 2 3
5 8 1 23 2 3
5 8 1 23 14 2
5 8 1 23 0 5
5 8 1 23 14 0
5 8 23 10 5 16
5 8 23 14 10 16
5 8 23 0 5 16
5 8 23 14 0 16
5 8 1 0 5 16
5 8 1 14 0 16
5 7 8 10 5 16
5 7 8 14 10 16
5 7 8 1 5 16
5 7 8 1 14 16
5 7 14 10 17 16
5 7 1 14 17 16
5 7 10 17 12 16
5 7 10 5 12 16
5 7 8 14 10 17
5 7 10 15 17 12
5 7 10 15 5 12
5 7 8 4 5 20
5 7 25 17 12 16
5 7 1 25 17 16
5 7 25 4 17 12
5 7 1 25 4 17
5 7 1 4 17 3
5 7 1 14 17 3
5 7 8 1 4 3
5 7 8 1 14 3
5 7 18 10 5 20
5 7 8 18 5 20
5 7 8 18 10 5
5 7 13 4 17 12
5 7 13 15 17 12
5 7 13 15 5 12
5 7 13 10 17 20
5 7 13 10 15 17
5 7 13 10 5 20
5 7 13 10 15 5
5 7 13 4 17 20
5 7 18 10 17 20
5 7 8 18 10 17
5 7 4 17 3 20
5 7 8 18 14 17
5 7 13 4 12 20
5 6 19 21 2 3
5 6 19 14 2 3
5 6 19 21 2 24
5 6 18 14 10 17
5 6 19 14 10 17
5 6 13 21 15 17
5 6 18 13 15 17
5 6 19 11 2 24
5 6 18 13 15 24
5 6 18 10 15 17
5 6 19 10 15 17
5 6 19 23 14 10
5 6 8 23 14 2
5 6 8 23 18 2
5 6 23 14 0 2
5 6 19 14 0 2
5 6 19 23 14 0
5 6 9 21 15 17
5 6 19 9 15 17
5 6 19 9 21 17
5 6 19 0 11 2
5 6 13 9 15 24
5 6 13 9 21 24
5 6 13 9 21 15
5 6 19 9 10 15
5 6 8 18 14 10
5 6 8 23 14 10
5 6 8 23 18 10
5 6 19 9 11 16
5 6 19 23 0 16
5 6 19 9 10 16
5 6 19 23 10 16
5 6 9 21 11 24
5 6 19 21 11 24
5 6 19 9 21 11
5 6 19 25 11 16
5 6 19 25 0 16
5 6 19 25 0 11
5 22 7 8 14 3
5 22 8 14 2 3
5 22 7 17 3 20
5 22 7 14 17 3
5 22 7 4 3 20
5 22 7 8 4 20
5 22 7 8 4 3
5 22 7 8 18 20
5 22 7 8 18 14
5 22 6 14 2 3
5 22 7 18 17 20
5 22 7 18 14 17
5 22 6 8 14 2
5 22 6 8 18 2
5 22 6 8 18 14
5 22 21 17 3 20
5 22 6 18 14 17
5 22 19 14 17 3
5 22 6 19 14 3
5 22 6 19 14 17
5 22 21 24 3 20
5 22 21 2 24 3
5 22 6 21 2 3
5 22 6 21 2 24
5 22 8 18 5 20
5 22 8 23 18 2
5 22 13 21 17 20
5 22 6 13 21 17
5 22 19 21 17 3
5 22 6 19 21 3
5 22 6 19 21 17
5 22 18 13 17 20
5 22 6 18 13 17
5 22 13 21 24 20
5 22 6 13 21 24
5 22 6 18 13 24
5 22 6 23 18 2
5 22 18 13 5 20
