4
26
4.57354 -5.57879 0.354044 8.58197
9.1154 5.69194 2.89443 -6.08696
-8.9648 2.85223 -1.10975 1.93518
6.8236 -4.49599 3.77612 -1.09012
3.08495 -6.79615 -1.32005 -3.33903
-2.48977 -0 6.43791 -1.93868
-4.95592 -0 6.88616 -5.71725
-3.85243 -0 -9.00819 -4.61012
6.36981 -0 3.80017 -5.24442
4.84225 -0 -9.18842 6.90857
-1.00902 -0 -4.28188 -3.30519
2.16917 -0 -4.02601 -6.13201
6.91546 0.0655182 -0 3.46113
-1.91964 -1.08872 -0 -5.26075
2.13999 -0.0968091 -0 -4.32272
-8.9735 -4.25034 -0 -3.18962
6.37008 -2.86776 -0 3.51679
-4.9927 4.12772 -0 -9.08942
-9.03134 9.43816 -0 -1.98673
7.97441 8.79101 9.84176 -0
-3.02586 0.531012 -7.6631 -0
-1.6999 3.48923 -5.55286 -0
4.1494 -3.23613 -8.13184 -0
3.06854 -8.64724 1.59664 -0
0.439577 9.66995 -0.647328 -0
7.66139 -2.1911 -9.45069 -0
