4
33
-1.5184 -2.52181 -3.60187 -7.29831
2.47506 7.98597 7.66426 8.64238
7.36982 -2.41467 0.167782 1.77208
8.9744 -4.46788 7.75556 0.558871
5.80601 -0.269593 8.34051 -2.49555
-3.03339 -6.69526 -0 8.66968
-2.9831 -5.98024 -0 0.400654
6.8899 2.36356 -0 3.17776
-2.64983 -1.37699 -0 2.22847
-4.37246 -0.0339198 -0 -4.70965
7.57407 7.93977 -0 2.78496
5.70468 -7.12201 -0 -9.65564
0.479946 -1.35766 1.22856 -0
-4.70164 8.1678 3.96526 -0
8.25615 -8.81327 6.39358 -0
7.42747 -6.25608 7.71275 -0
7.95784 9.5705 -4.01784 -0
-4.3046 3.44581 -4.82126 -0
-8.03248 -0.901832 -4.80381 -0
-0 0.41987 -9.05516 8.50572
-0 6.55735 9.33372 -0.804227
-0 9.57788 -9.00998 4.42374
-0 7.0607 5.03928 3.48445
-0 5.95084 6.2037 -1.8182
-0 0.823628 5.59704 -6.7504
-0 9.83492 7.70271 3.29075
-6.6141 -0 -6.77887 -7.31368
6.27721 -0 9.24597 -2.99359
-1.66603 -0 5.46827 9.46861
2.4973 -0 3.66498 8.16949
-2.74222 -0 -5.50475 -0.0464051
-6.0389 -0 -7.47086 8.00125
8.81561 -0 -3.50614 6.99231
