4
33
9.08478 -4.225 4.46884 -6.60782
0.239711 -0.858108 -3.41012 -5.66529
-8.01409 -5.44362 -6.98952 -7.30864
-0.914213 8.95382 -9.32725 -7.57021
1.59348 -3.92906 2.04722 5.70568
-0 -6.85916 -3.83021 0.914826
-0 -9.49074 -0.328939 8.45089
-0 4.76569 -0.642367 -7.82021
-0 3.53794 -0.870919 -1.40795
-0 -5.44382 -8.73331 2.83764
-0 -9.91653 1.98183 8.84082
-0 -4.84272 6.25966 5.73497
-7.45455 -0 -0.297088 -3.40114
-7.44928 -0 -0.0827532 -3.12945
-7.31128 -0 -6.00756 -8.45576
-0.315209 -0 -4.61403 -3.05302
-5.55832 -0 -7.51694 6.29088
-5.53437 -0 -2.19789 8.40097
-8.61244 -0 -1.63782 -9.60649
-9.70209 4.11445 -0 0.23467
-9.19332 -4.87184 -0 -0.719618
-0.833447 3.36466 -0 -0.761161
6.98132 -9.45314 -0 5.64575
-6.18467 -5.64553 -0 -5.85961
-3.09998 -1.30856 -0 3.80884
1.31211 2.94398 -0 7.42488
2.1425 -7.53726 -7.27065 -0
-6.5944 0.266753 -5.91686 -0
4.85703 0.690363 5.20498 -0
-2.69624 0.158512 -7.42632 -0
8.75104 1.11159 -4.83556 -0
0.0459062 -3.62208 -2.78473 -0
-2.85714 6.85146 -4.60142 -0
