4
26
3.00578 -8.34415 -1.57178 -1.61555
0.000275699 -8.73782 -0.641551 0.745284
1.2402 -4.92023 0.211914 7.14099
0.409104 6.38657 6.69476 -7.91287
3.79628 8.81038 -5.36295 7.94166
-0 5.02865 -1.05965 4.21118
-0 -7.21707 3.12625 -4.16854
-0 -3.77649 7.33947 2.79762
-0 -2.30626 -8.18229 3.01311
-0 -4.98039 -5.08676 -6.91464
-0 8.06792 8.04697 2.66288
-0 5.40269 -2.29908 -2.57828
-9.70209 4.11445 -0 0.23467
-9.19332 -4.87184 -0 -0.719618
-0.833447 3.36466 -0 -0.761161
6.98132 -9.45314 -0 5.64575
-6.18467 -5.64553 -0 -5.85961
-3.09998 -1.30856 -0 3.80884
1.31211 2.94398 -0 7.42488
-0.276671 6.46025 7.93466 -0
9.45717 0.780803 -7.00784 -0
-2.57074 9.87035 1.53405 -0
9.40649 -2.34354 -3.83603 -0
7.8104 -9.87314 1.04964 -0
-6.85019 2.73456 -8.64859 -0
6.98517 3.91058 1.32632 -0
