4
33
0.544095 -8.90824 3.27465 -6.61847
-0.00409642 -3.04303 -2.36195 -4.2748
8.51411 7.09969 0.914089 0.370259
7.40283 6.87044 -4.79224 8.77582
8.83399 -2.74621 -6.09481 -1.40108
-0 -6.85916 -3.83021 0.914826
-0 -9.49074 -0.328939 8.45089
-0 4.76569 -0.642367 -7.82021
-0 3.53794 -0.870919 -1.40795
-0 -5.44382 -8.73331 2.83764
-0 -9.91653 1.98183 8.84082
-0 -4.84272 6.25966 5.73497
-5.83811 -0 0.686245 -6.69142
-9.88172 -0 0.686179 -7.33218
-4.48872 -0 2.92142 5.00399
-1.14529 -0 -6.62228 -3.26238
-3.51195 -0 0.901474 2.45086
7.22188 -0 9.53897 5.0312
0.135696 -0 2.90705 0.434276
8.5568 -8.94461 -0 -2.51707
7.03967 -2.77701 -0 8.78589
3.21605 -5.1871 -0 -0.148239
9.0653 -1.83949 -0 -2.26044
-5.16319 -0.810246 -0 -6.62697
4.1639 -1.86446 -0 3.5775
-8.39385 6.65533 -0 -5.66966
6.73694 -6.77259 -9.75464 -0
-5.02818 2.13528 1.20877 -0
2.51334 -1.71688 6.04213 -0
-3.6024 -7.81821 8.53062 -0
-5.88528 1.98971 -9.38891 -0
-3.93742 -0.414211 3.20985 -0
1.86166 8.23732 -8.31991 -0
