4
33
-5.59741 0.576709 -1.80869 -5.37958
8.99853 5.8795 -5.67219 0.667804
4.17038 4.65359 9.9541 -4.31626
5.07966 0.63474 -8.56948 -3.95683
6.72734 -9.1113 3.27064 8.85503
6.73694 -6.77259 -9.75464 -0
-5.02818 2.13528 1.20877 -0
2.51334 -1.71688 6.04213 -0
-3.6024 -7.81821 8.53062 -0
-5.88528 1.98971 -9.38891 -0
-3.93742 -0.414211 3.20985 -0
1.86166 8.23732 -8.31991 -0
-0 7.75918 -8.03237 6.79675
-0 4.26299 -1.18289 -6.21721
-0 -2.84221 1.95056 9.65026
-0 9.7177 -2.65281 2.575
-0 -4.88456 -6.08239 -3.36802
-0 3.31694 -7.08164 1.21754
-0 -7.19429 0.212207 -6.92606
-1.06199 -0 -3.61975 -2.411
3.77408 -0 -7.22227 7.42293
5.73956 -0 -8.08273 5.01367
-6.64712 -0 -5.55572 4.92672
-9.20031 -0 -6.14971 -0.153226
-8.41675 -0 -5.54561 -8.93213
-6.9949 -0 1.87644 3.62444
-3.03339 -6.69526 -0 8.66968
-2.9831 -5.98024 -0 0.400654
6.8899 2.36356 -0 3.17776
-2.64983 -1.37699 -0 2.22847
-4.37246 -0.0339198 -0 -4.70965
7.57407 7.93977 -0 2.78496
5.70468 -7.12201 -0 -9.65564
