4
26
-9.84065 -8.54391 -9.79225 -0.735257
-4.14908 1.98673 -1.32701 5.1697
7.67593 6.02884 2.90216 -8.5063
6.70761 0.313513 4.21849 1.88882
5.65082 9.78186 5.01527 1.34506
-0 0.41987 -9.05516 8.50572
-0 6.55735 9.33372 -0.804227
-0 9.57788 -9.00998 4.42374
-0 7.0607 5.03928 3.48445
-0 5.95084 6.2037 -1.8182
-0 0.823628 5.59704 -6.7504
-0 9.83492 7.70271 3.29075
3.07582 -1.84495 -0 -4.51613
-9.89433 3.02631 -0 3.3444
-2.66863 -5.51453 -0 -5.63335
-6.45327 7.27494 -0 -0.333139
4.79255 9.26882 -0 -2.71571
-7.94739 -3.07927 -0 -9.79689
6.124 -6.69201 -0 -3.05132
-0.276671 6.46025 7.93466 -0
9.45717 0.780803 -7.00784 -0
-2.57074 9.87035 1.53405 -0
9.40649 -2.34354 -3.83603 -0
7.8104 -9.87314 1.04964 -0
-6.85019 2.73456 -8.64859 -0
6.98517 3.91058 1.32632 -0
