4
26
7.90525 3.05019 4.85076 -2.23087
4.25019 -1.86155 7.68108 4.41089
1.77529 7.20664 4.41893 -5.18467
-0.78876 -1.25182 9.52179 3.0104
-2.87514 -3.0311 7.22955 8.09952
-0 7.75918 -8.03237 6.79675
-0 4.26299 -1.18289 -6.21721
-0 -2.84221 1.95056 9.65026
-0 9.7177 -2.65281 2.575
-0 -4.88456 -6.08239 -3.36802
-0 3.31694 -7.08164 1.21754
-0 -7.19429 0.212207 -6.92606
2.1425 -7.53726 -7.27065 -0
-6.5944 0.266753 -5.91686 -0
4.85703 0.690363 5.20498 -0
-2.69624 0.158512 -7.42632 -0
8.75104 1.11159 -4.83556 -0
0.0459062 -3.62208 -2.78473 -0
-2.85714 6.85146 -4.60142 -0
3.07582 -1.84495 -0 -4.51613
-9.89433 3.02631 -0 3.3444
-2.66863 -5.51453 -0 -5.63335
-6.45327 7.27494 -0 -0.333139
4.79255 9.26882 -0 -2.71571
-7.94739 -3.07927 -0 -9.79689
6.124 -6.69201 -0 -3.05132
