4
33
9.11188 9.42397 -0.643649 -4.27612
7.90828 -7.44853 -6.60916 2.04336
9.55027 -3.65925 2.27225 4.62555
-0.946593 -6.38975 -7.76123 5.29268
0.638608 3.01901 -3.37869 -8.86378
-5.83811 -0 0.686245 -6.69142
-9.88172 -0 0.686179 -7.33218
-4.48872 -0 2.92142 5.00399
-1.14529 -0 -6.62228 -3.26238
-3.51195 -0 0.901474 2.45086
7.22188 -0 9.53897 5.0312
0.135696 -0 2.90705 0.434276
-0 6.20761 3.83791 7.03232
-0 8.46962 -8.48041 -1.43775
-0 -9.1911 -4.39729 -0.0435527
-0 -9.32468 -6.54044 -4.94998
-0 -9.56001 -8.95185 5.24412
-0 2.59316 -3.01404 -3.98117
-0 3.52213 -2.02796 -0.288766
6.91546 0.0655182 -0 3.46113
-1.91964 -1.08872 -0 -5.26075
2.13999 -0.0968091 -0 -4.32272
-8.9735 -4.25034 -0 -3.18962
6.37008 -2.86776 -0 3.51679
-4.9927 4.12772 -0 -9.08942
-9.03134 9.43816 -0 -1.98673
6.64986 -9.49955 7.46899 -0
-1.7631 -2.2369 3.65346 -0
3.50944 0.777326 2.37235 -0
1.38041 8.29374 -6.05634 -0
-1.41476 3.31966 -5.65928 -0
2.33256 -4.57508 -1.54673 -0
8.08445 -8.38541 1.22475 -0
