4
26
5.83746 -8.72517 -5.95627 -5.17272
0.499856 -0.678387 -0.300547 7.21203
-9.60631 2.61751 1.3201 7.85752
3.20024 -4.88818 5.7964 1.66214
-8.26619 0.431919 9.30002 1.85409
-1.06199 -0 -3.61975 -2.411
3.77408 -0 -7.22227 7.42293
5.73956 -0 -8.08273 5.01367
-6.64712 -0 -5.55572 4.92672
-9.20031 -0 -6.14971 -0.153226
-8.41675 -0 -5.54561 -8.93213
-6.9949 -0 1.87644 3.62444
6.64986 -9.49955 7.46899 -0
-1.7631 -2.2369 3.65346 -0
3.50944 0.777326 2.37235 -0
1.38041 8.29374 -6.05634 -0
-1.41476 3.31966 -5.65928 -0
2.33256 -4.57508 -1.54673 -0
8.08445 -8.38541 1.22475 -0
-9.0497 -2.68292 -0 0.196836
-1.78172 -7.63264 -0 8.21292
-7.77576 -3.76667 -0 -4.33942
-6.38452 -6.45446 -0 -9.20721
9.40657 -3.49152 -0 8.50183
-7.64127 -0.954215 -0 -4.81713
6.65021 -3.0189 -0 -7.07477
