122
5 11 16 9 18 1
5 11 16 9 1 12
5 17 11 16 18 2
5 17 11 16 18 1
5 17 11 15 13 2
5 3 7 9 18 12
5 3 16 18 1 12
5 3 16 9 1 12
5 3 16 9 18 12
5 3 16 9 18 1
5 3 7 6 1 12
5 3 11 9 18 2
5 3 17 11 18 2
5 3 17 15 6 2
5 3 17 11 15 2
5 4 11 9 18 2
5 4 3 11 9 2
5 4 3 9 18 2
5 4 3 7 9 18
5 4 3 15 6 2
5 4 15 13 6 2
5 4 11 15 13 2
5 5 4 15 13 6
5 5 4 11 15 13
5 5 4 3 7 6
5 5 4 3 15 6
5 10 5 7 6 12
5 10 16 9 18 12
5 10 7 9 18 12
5 10 11 16 18 2
5 10 4 11 18 2
5 10 4 3 7 18
5 10 5 4 7 6
5 10 11 16 9 12
5 10 11 16 9 18
5 10 11 16 13 2
5 10 4 11 13 2
5 10 5 4 13 6
5 10 11 16 13 12
5 10 5 4 11 7
5 10 4 7 9 18
5 10 4 11 9 18
5 10 4 11 7 9
5 10 5 4 11 13
5 0 17 11 13 1
5 0 17 11 16 1
5 0 11 16 1 12
5 0 11 16 13 12
5 0 10 16 13 12
5 0 11 16 13 2
5 0 17 11 13 2
5 0 17 11 16 2
5 0 10 5 6 12
5 0 10 5 13 12
5 0 10 5 13 6
5 14 3 7 9 12
5 14 11 9 1 12
5 14 0 11 1 12
5 14 0 11 13 12
5 14 0 6 1 12
5 14 0 5 6 12
5 14 0 5 13 12
5 14 5 7 6 12
5 14 5 3 15 6
5 14 4 3 7 9
5 14 5 4 3 7
5 14 5 4 3 15
5 14 5 11 15 13
5 14 4 3 11 9
5 14 5 15 13 6
5 14 0 15 13 6
5 14 0 5 13 6
5 14 4 11 7 9
5 14 5 4 11 7
5 14 5 4 11 15
5 14 3 11 15 2
5 14 4 11 15 2
5 14 4 3 15 2
5 14 4 3 11 2
5 14 10 7 9 12
5 14 10 11 9 12
5 14 10 11 7 9
5 14 10 11 13 12
5 14 10 5 13 12
5 14 10 5 11 13
5 14 10 5 7 12
5 14 10 5 11 7
5 8 3 9 1 12
5 8 14 9 1 12
5 8 14 3 9 12
5 8 3 7 1 12
5 8 14 3 7 12
5 8 14 11 9 1
5 8 14 3 11 9
5 8 7 6 1 12
5 8 14 6 1 12
5 8 14 7 6 12
5 8 3 7 6 1
5 8 11 9 18 1
5 8 3 9 18 1
5 8 3 11 9 18
5 8 14 3 15 6
5 8 5 3 7 6
5 8 14 5 7 6
5 8 14 5 3 6
5 8 14 5 3 7
5 8 17 11 18 1
5 8 3 17 18 1
5 8 3 17 11 18
5 8 17 11 13 1
5 8 0 11 13 1
5 8 14 0 11 1
5 8 14 0 11 13
5 8 14 11 15 13
5 8 14 3 11 15
5 8 14 0 6 1
5 8 14 0 15 6
5 8 0 17 13 1
5 8 17 11 15 13
5 8 3 17 11 15
5 8 14 0 15 13
5 8 0 17 15 13
