327
5 18 26 8 16 6
5 4 18 0 16 6
5 4 18 8 0 6
5 4 18 0 16 21
5 4 8 0 21 11
5 4 18 8 21 11
5 4 18 8 0 21
5 31 17 0 20 6
5 31 4 0 16 6
5 31 4 18 16 6
5 7 26 8 20 6
5 30 27 10 21 11
5 30 7 18 26 16
5 29 28 31 4 17
5 29 5 28 31 17
5 29 31 4 18 16
5 29 4 18 16 11
5 15 18 26 8 16
5 15 30 18 26 16
5 15 30 27 18 16
5 15 26 8 0 21
5 15 18 0 16 21
5 15 18 8 0 21
5 15 30 7 26 16
5 15 26 0 16 6
5 15 26 8 16 6
5 15 26 8 0 6
5 15 18 0 16 6
5 15 18 8 16 6
5 15 18 8 0 6
5 15 30 8 10 21
5 15 7 26 8 10
5 15 7 18 26 8
5 15 30 7 18 26
5 15 30 27 7 10
5 15 30 7 8 10
5 15 30 7 18 8
5 22 7 8 20 6
5 22 30 7 8 10
5 22 30 7 13 10
5 22 30 18 8 11
5 22 30 7 18 8
5 22 4 18 8 6
5 22 4 18 8 11
5 22 29 4 18 11
5 22 29 28 18 11
5 22 31 4 17 6
5 22 29 31 4 17
5 22 31 4 18 6
5 22 29 31 4 18
5 22 28 4 17 11
5 22 29 28 4 11
5 22 29 28 4 17
5 22 31 18 16 6
5 22 29 31 18 16
5 32 28 31 4 17
5 32 5 31 17 0
5 32 5 28 31 17
5 32 31 4 0 16
5 32 5 31 0 16
5 32 29 28 31 4
5 32 29 5 28 31
5 32 4 0 21 11
5 32 29 28 4 11
5 32 5 17 0 20
5 32 29 31 4 16
5 32 29 5 31 16
5 19 26 0 20 6
5 19 26 0 16 6
5 19 31 0 16 6
5 19 5 31 0 16
5 19 32 5 0 16
5 19 15 7 26 10
5 19 15 27 7 10
5 19 15 27 7 26
5 1 31 17 0 20
5 1 5 17 0 20
5 1 5 31 17 0
5 1 19 5 31 0
5 1 5 14 17 20
5 1 31 0 20 6
5 1 19 0 20 6
5 1 19 31 0 6
5 1 32 5 0 20
5 1 19 32 5 0
5 1 31 17 20 6
5 1 19 31 16 6
5 1 19 5 31 16
5 1 19 7 13 20
5 1 7 26 20 6
5 1 19 26 20 6
5 1 19 7 26 20
5 2 30 27 18 16
5 2 22 29 18 16
5 2 30 7 18 16
5 2 22 30 7 18
5 2 19 5 14 27
5 2 29 5 14 17
5 2 22 18 16 6
5 2 22 29 31 16
5 2 22 29 31 17
5 2 15 30 7 16
5 2 15 30 27 16
5 2 15 30 27 7
5 2 19 27 7 26
5 2 1 19 5 16
5 2 1 19 5 14
5 2 30 27 7 10
5 2 19 27 7 10
5 2 29 5 31 16
5 2 29 5 31 17
5 2 18 26 16 6
5 2 7 18 26 16
5 2 22 18 8 6
5 2 22 7 8 6
5 2 22 7 18 8
5 2 1 14 17 20
5 2 15 7 26 16
5 2 15 27 7 26
5 2 1 19 7 26
5 2 19 15 26 16
5 2 19 15 27 16
5 2 19 15 27 26
5 2 1 5 31 16
5 2 1 5 31 17
5 2 1 5 14 17
5 2 1 7 26 6
5 2 18 26 8 6
5 2 7 26 8 6
5 2 7 18 26 8
5 2 22 31 16 6
5 2 1 31 16 6
5 2 22 7 20 6
5 2 1 7 20 6
5 2 22 31 17 6
5 2 1 31 17 6
5 2 22 17 20 6
5 2 1 17 20 6
5 2 19 26 16 6
5 2 1 19 16 6
5 2 1 19 26 6
5 9 15 18 8 21
5 9 15 30 8 21
5 9 15 30 18 8
5 9 18 8 21 11
5 9 30 8 21 11
5 9 30 18 8 11
5 9 15 30 27 18
5 9 30 27 21 11
5 9 15 27 18 16
5 9 30 27 10 21
5 9 15 27 10 21
5 9 15 30 10 21
5 9 15 30 27 10
5 9 29 18 16 11
5 9 29 28 18 11
5 9 2 27 18 16
5 9 2 29 18 16
5 9 2 30 27 18
5 9 2 29 5 16
5 9 2 29 5 27
5 24 32 5 28 17
5 24 5 14 17 20
5 24 29 5 28 17
5 24 29 5 14 17
5 24 1 14 13 20
5 24 1 5 14 20
5 24 29 5 28 27
5 24 19 5 14 27
5 24 1 19 14 13
5 24 1 19 5 14
5 24 2 5 14 27
5 24 2 29 5 27
5 24 2 29 5 14
5 24 19 27 13 10
5 24 9 29 28 27
5 3 2 29 14 17
5 3 24 29 14 17
5 3 24 2 29 14
5 3 24 2 14 27
5 3 2 22 29 17
5 3 24 27 13 10
5 3 9 2 30 27
5 3 22 29 28 17
5 3 24 29 28 17
5 3 2 22 30 18
5 3 2 22 29 18
5 3 30 27 10 11
5 3 9 30 27 11
5 3 9 2 29 27
5 3 24 2 29 27
5 3 24 9 29 27
5 3 22 29 28 18
5 3 9 2 30 18
5 3 9 2 29 18
5 3 24 9 29 28
5 3 9 28 27 11
5 3 24 28 27 11
5 3 24 9 28 27
5 3 22 30 18 11
5 3 9 30 18 11
5 3 22 28 18 11
5 3 9 28 18 11
5 3 9 29 28 18
5 12 22 30 7 13
5 12 2 22 30 7
5 12 30 7 13 10
5 12 2 30 7 10
5 12 22 7 13 20
5 12 2 22 7 20
5 12 3 22 30 13
5 12 3 2 22 30
5 12 19 7 13 10
5 12 2 19 7 10
5 12 2 30 27 10
5 12 1 7 13 20
5 12 1 14 13 20
5 12 2 1 7 20
5 12 2 1 14 20
5 12 22 13 17 20
5 12 2 14 17 20
5 12 2 22 17 20
5 12 3 2 30 27
5 12 3 2 14 27
5 12 3 22 13 17
5 12 3 2 14 17
5 12 3 2 22 17
5 12 19 27 13 10
5 12 1 19 7 13
5 12 1 19 14 13
5 12 2 19 27 10
5 12 2 19 14 27
5 12 2 1 19 7
5 12 2 1 19 14
5 12 3 27 13 10
5 12 3 30 13 10
5 12 3 30 27 10
5 12 24 13 17 20
5 12 24 14 17 20
5 12 24 14 13 20
5 12 3 24 27 13
5 12 3 24 14 27
5 12 3 24 13 17
5 12 3 24 14 17
5 12 24 19 27 13
5 12 24 19 14 13
5 12 24 19 14 27
5 25 15 18 16 21
5 25 9 15 18 21
5 25 9 15 18 16
5 25 9 18 21 11
5 25 9 18 16 11
5 25 4 18 21 11
5 25 4 18 16 11
5 25 4 18 16 21
5 25 9 15 27 21
5 25 32 4 21 11
5 25 9 29 16 11
5 25 19 32 0 16
5 25 19 32 5 16
5 25 9 15 27 16
5 25 32 29 5 16
5 25 9 29 5 16
5 25 29 4 16 11
5 25 32 29 4 11
5 25 32 29 4 16
5 25 9 27 21 11
5 25 9 28 27 11
5 25 32 29 28 11
5 25 9 29 28 11
5 25 15 26 0 16
5 25 19 26 0 16
5 25 19 15 26 16
5 25 19 15 27 10
5 25 19 15 27 16
5 25 9 2 27 16
5 25 9 2 5 16
5 25 9 2 5 27
5 25 32 29 5 28
5 25 24 28 27 11
5 25 24 19 27 10
5 25 24 19 5 27
5 25 24 5 28 27
5 25 24 32 5 28
5 25 29 5 28 27
5 25 9 29 28 27
5 25 9 29 5 27
5 25 2 19 27 16
5 25 2 19 5 16
5 25 2 19 5 27
5 23 15 0 16 21
5 23 25 15 16 21
5 23 25 15 0 16
5 23 25 32 0 16
5 23 15 26 0 21
5 23 25 15 26 0
5 23 4 0 16 21
5 23 32 4 0 21
5 23 32 4 0 16
5 23 25 4 16 21
5 23 25 32 4 21
5 23 25 32 4 16
5 23 25 19 32 0
5 23 25 19 26 0
5 23 25 19 15 26
5 23 15 26 10 21
5 23 19 15 26 10
5 23 25 19 15 10
5 23 25 24 32 28
5 23 24 19 32 5
5 23 25 19 32 5
5 23 25 24 32 5
5 23 25 24 19 5
5 23 15 27 10 21
5 23 25 15 27 21
5 23 25 15 27 10
5 23 24 32 28 11
5 23 25 32 21 11
5 23 25 32 28 11
5 23 25 24 28 11
5 23 24 19 13 10
5 23 25 24 19 10
5 23 24 27 10 21
5 23 25 24 27 10
5 23 24 27 21 11
5 23 25 27 21 11
5 23 25 24 27 11
