339
5 4 5 14 21 9
5 32 4 14 27 9
5 22 32 14 27 9
5 22 32 5 14 9
5 6 5 14 21 9
5 6 4 14 21 9
5 6 4 31 21 9
5 6 4 31 14 21
5 6 31 10 16 9
5 6 4 14 27 9
5 6 22 14 27 9
5 6 22 4 14 27
5 6 2 27 10 9
5 6 4 31 27 9
5 6 2 32 27 9
5 6 22 32 27 9
5 6 22 2 32 27
5 23 5 14 21 12
5 23 5 19 21 12
5 23 3 19 21 12
5 28 5 14 21 12
5 28 4 5 14 21
5 28 23 14 21 12
5 28 3 1 20 8
5 11 2 1 10 16
5 11 2 1 20 10
5 11 6 2 5 9
5 11 3 1 19 16
5 17 6 4 27 18
5 17 6 22 4 27
5 17 22 32 20 27
5 17 1 20 27 18
5 17 32 1 27 18
5 17 32 1 20 27
5 17 28 32 1 18
5 17 28 32 1 20
5 17 22 4 14 27
5 17 6 22 4 14
5 17 3 1 20 18
5 17 28 3 1 18
5 17 28 3 1 20
5 26 6 5 14 21
5 26 23 5 14 21
5 26 23 5 19 21
5 26 23 14 8 12
5 26 23 5 14 12
5 26 6 31 14 21
5 26 23 31 14 21
5 26 23 31 14 8
5 26 6 5 21 9
5 26 6 2 5 9
5 26 6 22 14 8
5 26 11 6 5 14
5 26 11 6 2 5
5 26 23 31 19 21
5 26 23 31 19 8
5 26 11 5 14 12
5 26 5 19 21 16
5 26 5 21 16 9
5 26 2 5 16 9
5 26 31 19 21 16
5 26 31 19 8 16
5 26 11 5 19 16
5 26 11 2 5 16
5 26 31 21 16 9
5 26 6 31 16 9
5 26 6 31 21 9
5 26 2 10 16 9
5 26 6 10 16 9
5 26 6 2 10 9
5 26 3 19 8 16
5 26 11 3 19 16
5 7 6 4 31 14
5 7 23 31 14 8
5 7 26 31 14 8
5 7 26 6 14 8
5 7 26 6 31 14
5 7 17 6 4 14
5 7 6 22 14 8
5 7 17 22 14 8
5 7 17 6 22 14
5 7 17 6 4 18
5 7 26 10 8 16
5 7 26 31 8 16
5 7 6 31 10 16
5 7 26 6 10 16
5 7 26 6 31 16
5 7 6 4 27 18
5 7 6 4 31 27
5 7 17 22 20 8
5 7 6 22 27 10
5 7 17 6 22 27
5 7 17 20 8 18
5 7 17 6 27 18
5 7 31 27 10 9
5 7 6 27 10 9
5 7 6 31 10 9
5 7 6 31 27 9
5 7 22 20 27 10
5 7 17 22 20 27
5 7 20 27 10 18
5 7 17 20 27 18
5 30 23 31 19 21
5 30 4 31 14 21
5 30 23 31 14 21
5 30 28 4 14 21
5 30 28 23 14 21
5 30 7 4 31 14
5 30 7 23 31 14
5 30 7 4 31 18
5 30 7 23 14 8
5 30 7 17 4 18
5 30 17 28 4 18
5 30 17 28 3 18
5 30 17 23 14 8
5 30 7 17 14 8
5 30 7 17 4 14
5 30 7 17 8 18
5 13 32 5 14 12
5 13 28 5 14 12
5 13 28 32 5 12
5 13 32 4 14 27
5 13 28 32 4 27
5 13 22 32 14 12
5 13 17 4 14 27
5 13 17 28 4 27
5 13 22 32 14 27
5 13 17 22 14 27
5 13 30 28 4 14
5 13 30 17 4 14
5 13 30 17 28 4
5 13 17 22 32 27
5 13 17 28 32 27
5 13 28 23 14 12
5 13 17 22 14 8
5 13 17 22 32 20
5 13 17 28 32 20
5 13 30 28 23 14
5 13 30 17 23 14
5 13 30 17 28 23
5 13 17 23 14 8
5 13 17 28 23 8
5 13 17 22 20 8
5 13 17 28 20 8
5 15 28 1 20 8
5 15 13 28 23 12
5 15 13 28 23 8
5 15 28 3 1 12
5 15 28 3 1 8
5 15 23 3 19 12
5 15 23 3 19 8
5 15 13 28 20 8
5 15 23 14 8 12
5 15 13 23 14 12
5 15 13 23 14 8
5 15 11 3 1 19
5 15 26 23 8 12
5 15 26 23 19 8
5 15 13 22 20 8
5 15 28 32 1 12
5 15 13 28 32 12
5 15 28 32 1 20
5 15 13 28 32 20
5 15 13 22 14 12
5 15 13 22 14 8
5 15 26 3 19 8
5 15 26 11 3 8
5 15 26 11 3 19
5 15 23 5 19 12
5 15 26 23 5 12
5 15 26 23 5 19
5 15 13 22 32 12
5 15 13 22 32 20
5 15 26 11 5 12
5 15 26 11 5 19
5 29 6 2 32 9
5 29 6 22 32 9
5 29 6 22 2 32
5 29 22 32 5 9
5 29 11 32 5 9
5 29 11 6 2 9
5 29 11 6 5 9
5 29 11 32 5 12
5 29 2 32 20 10
5 29 11 2 20 10
5 29 15 22 32 20
5 29 22 5 14 9
5 29 6 5 14 9
5 29 6 22 14 9
5 29 11 6 5 14
5 29 32 5 14 12
5 29 22 32 14 12
5 29 22 32 5 14
5 29 11 5 14 12
5 29 15 22 32 12
5 29 26 11 6 14
5 29 26 11 6 2
5 29 32 1 20 10
5 29 11 1 20 10
5 29 15 32 1 20
5 29 15 11 1 20
5 29 11 32 1 12
5 29 15 32 1 12
5 29 15 11 1 12
5 24 26 14 8 12
5 24 26 11 14 12
5 24 29 11 14 12
5 24 15 26 8 12
5 24 15 26 11 12
5 24 15 26 11 8
5 24 29 26 11 14
5 24 15 14 8 12
5 24 29 15 11 12
5 24 26 22 14 8
5 24 29 26 11 2
5 24 15 22 14 12
5 24 29 22 14 12
5 24 29 15 22 12
5 24 15 22 14 8
5 24 29 15 11 20
5 24 26 6 22 14
5 24 29 6 22 14
5 24 29 26 6 14
5 24 26 11 2 16
5 24 29 11 2 20
5 24 15 22 20 8
5 24 29 15 22 20
5 24 15 1 20 8
5 24 15 11 1 20
5 24 29 6 22 2
5 24 29 26 6 2
5 24 11 2 1 16
5 24 26 10 8 16
5 24 26 2 10 16
5 24 26 3 8 16
5 24 26 11 3 16
5 24 26 11 3 8
5 24 11 2 1 20
5 24 15 3 1 8
5 24 15 11 3 8
5 24 15 11 3 1
5 24 7 22 20 8
5 24 29 2 32 20
5 24 29 22 32 20
5 24 29 22 2 32
5 24 26 6 2 10
5 24 11 3 1 16
5 24 7 20 10 8
5 24 7 26 10 8
5 24 26 6 22 8
5 24 7 6 22 8
5 24 7 26 6 8
5 24 7 22 20 10
5 24 22 20 27 10
5 24 22 32 20 27
5 24 22 2 32 27
5 24 6 2 27 10
5 24 6 22 27 10
5 24 6 22 2 27
5 24 7 6 22 10
5 24 7 26 6 10
5 24 32 20 27 10
5 24 2 32 27 10
5 24 2 32 20 10
5 0 7 10 16 18
5 0 7 20 10 18
5 0 7 31 16 18
5 0 30 31 16 18
5 0 30 7 31 18
5 0 30 7 8 18
5 0 3 1 20 18
5 0 7 20 8 18
5 0 7 10 8 16
5 0 7 20 10 8
5 0 17 20 8 18
5 0 17 3 20 18
5 0 2 1 10 16
5 0 2 1 20 10
5 0 3 1 20 8
5 0 24 10 8 16
5 0 24 20 10 8
5 0 3 19 8 16
5 0 30 31 19 16
5 0 7 31 8 16
5 0 7 23 31 8
5 0 30 17 8 18
5 0 24 2 10 16
5 0 24 2 20 10
5 0 24 2 1 16
5 0 24 2 1 20
5 0 24 1 20 8
5 0 24 3 8 16
5 0 24 3 1 16
5 0 24 3 1 8
5 0 31 19 8 16
5 25 23 3 19 21
5 25 30 3 19 21
5 25 30 23 19 21
5 25 23 3 21 12
5 25 30 3 21 12
5 25 0 30 3 19
5 25 28 23 21 12
5 25 30 28 21 12
5 25 30 28 23 21
5 25 30 28 3 12
5 25 23 3 19 8
5 25 0 3 19 8
5 25 30 23 31 19
5 25 0 30 31 19
5 25 15 23 3 12
5 25 15 28 3 12
5 25 15 28 23 12
5 25 30 17 28 3
5 25 30 17 28 23
5 25 23 31 19 8
5 25 0 31 19 8
5 25 0 23 31 8
5 25 30 7 23 31
5 25 0 7 23 31
5 25 0 30 7 31
5 25 30 17 3 18
5 25 0 17 3 18
5 25 0 30 3 18
5 25 0 30 17 18
5 25 30 17 23 8
5 25 0 30 17 8
5 25 15 23 3 8
5 25 15 28 3 8
5 25 15 28 23 8
5 25 17 28 23 8
5 25 0 3 20 8
5 25 0 17 20 8
5 25 0 17 3 20
5 25 30 7 23 8
5 25 0 7 23 8
5 25 0 30 7 8
5 25 28 3 20 8
5 25 17 28 20 8
5 25 17 28 3 20
