224
5 15 21 3 17 18
5 12 21 3 7 18
5 12 15 21 3 18
5 12 15 8 19 18
5 12 15 8 17 18
5 12 15 21 17 18
5 12 15 21 17 4
5 25 6 8 19 1
5 25 2 8 19 1
5 25 12 2 8 19
5 25 16 6 1 4
5 25 15 6 8 19
5 25 12 15 8 19
5 25 15 6 8 17
5 25 12 8 17 4
5 25 12 15 17 4
5 25 12 15 8 17
5 23 25 15 6 19
5 14 3 7 18 22
5 14 23 3 7 22
5 11 25 16 6 1
5 11 23 25 6 19
5 11 25 2 1 4
5 11 14 2 7 1
5 11 14 16 7 1
5 11 25 12 2 4
5 24 23 16 6 22
5 24 14 23 16 22
5 24 11 23 6 19
5 24 11 23 16 6
5 24 6 8 19 1
5 24 15 6 8 19
5 24 23 15 6 19
5 24 11 16 6 1
5 24 14 8 18 22
5 24 14 8 1 22
5 24 16 6 1 22
5 24 14 16 1 22
5 24 15 8 19 18
5 24 14 3 18 22
5 24 14 23 3 22
5 24 25 6 19 1
5 24 11 25 19 1
5 24 11 25 6 1
5 24 11 25 6 19
5 24 14 8 1 18
5 24 8 17 18 22
5 24 15 8 17 18
5 24 15 3 19 18
5 24 23 15 3 19
5 24 2 8 1 18
5 24 2 8 19 18
5 24 2 8 19 1
5 24 14 2 1 18
5 0 15 21 3 17
5 0 23 15 21 3
5 0 23 16 6 22
5 20 11 23 25 19
5 20 25 12 15 19
5 20 23 25 15 19
5 20 11 25 12 4
5 20 25 12 15 4
5 20 11 23 25 6
5 20 12 15 21 4
5 20 23 25 15 6
5 20 11 23 16 6
5 20 15 21 17 4
5 20 0 23 15 21
5 20 0 23 21 3
5 13 12 2 7 18
5 13 14 2 7 18
5 13 12 3 7 18
5 13 14 3 7 18
5 13 2 8 19 18
5 13 12 8 19 18
5 13 12 2 8 18
5 13 12 2 8 19
5 13 24 2 19 18
5 13 24 14 2 18
5 13 14 23 3 7
5 13 24 2 19 1
5 13 24 14 2 1
5 13 15 3 19 18
5 13 12 15 19 18
5 13 12 15 3 18
5 13 23 15 3 19
5 13 12 21 3 7
5 13 23 21 3 7
5 13 20 12 15 19
5 13 20 23 15 19
5 13 20 23 21 7
5 13 24 3 19 18
5 13 24 23 3 19
5 13 24 14 3 18
5 13 24 14 23 3
5 13 12 15 21 3
5 13 23 15 21 3
5 13 20 12 15 21
5 13 20 23 15 21
5 9 11 14 16 1
5 9 24 14 16 1
5 9 24 11 16 1
5 9 13 24 14 1
5 9 11 14 2 1
5 9 13 14 2 1
5 9 24 11 19 1
5 9 13 24 19 1
5 9 11 14 16 7
5 9 24 14 23 16
5 9 13 24 14 23
5 9 24 11 23 16
5 9 13 2 19 1
5 9 11 14 2 7
5 9 13 14 2 7
5 9 24 11 23 19
5 9 13 24 23 19
5 9 13 14 23 7
5 9 25 2 19 1
5 9 11 25 19 1
5 9 11 25 2 1
5 9 13 12 2 19
5 9 13 12 2 7
5 9 20 11 23 19
5 9 13 20 23 19
5 9 25 12 2 19
5 9 11 25 12 2
5 9 13 20 12 19
5 9 20 25 12 19
5 9 20 11 25 19
5 9 20 11 25 12
5 10 24 23 15 6
5 10 20 0 23 6
5 10 24 23 6 22
5 10 0 23 6 22
5 10 20 23 15 6
5 10 15 6 8 17
5 10 24 15 8 17
5 10 24 15 6 8
5 10 24 23 15 3
5 10 0 6 17 4
5 10 20 0 6 4
5 10 20 0 23 15
5 10 6 8 17 22
5 10 24 8 17 22
5 10 24 6 8 22
5 10 0 3 17 22
5 10 0 15 3 17
5 10 0 23 15 3
5 10 24 23 3 22
5 10 0 23 3 22
5 10 25 15 6 17
5 10 20 25 15 6
5 10 15 3 17 18
5 10 24 15 17 18
5 10 24 15 3 18
5 10 25 6 17 4
5 10 20 25 6 4
5 10 0 21 17 4
5 10 20 21 17 4
5 10 20 0 21 4
5 10 0 15 21 17
5 10 20 15 21 17
5 10 20 0 15 21
5 10 3 17 18 22
5 10 24 17 18 22
5 10 24 3 18 22
5 10 25 15 17 4
5 10 20 15 17 4
5 10 20 25 15 4
5 5 13 20 23 7
5 5 9 13 23 7
5 5 9 13 20 23
5 5 9 20 11 23
5 5 13 20 21 7
5 5 20 11 23 16
5 5 9 11 16 7
5 5 9 11 23 16
5 5 13 12 21 7
5 5 9 13 12 7
5 5 13 20 12 21
5 5 9 13 20 12
5 5 9 14 16 7
5 5 9 14 23 7
5 5 9 14 23 16
5 5 9 20 11 12
5 5 0 23 16 22
5 5 20 0 23 3
5 5 0 23 16 6
5 5 20 23 16 6
5 5 20 0 23 6
5 5 11 16 7 1
5 5 20 11 25 4
5 5 14 23 7 22
5 5 14 23 16 22
5 5 20 0 21 4
5 5 20 12 21 4
5 5 20 11 12 4
5 5 9 12 2 7
5 5 9 11 2 7
5 5 9 11 12 2
5 5 23 3 7 22
5 5 0 3 7 22
5 5 0 23 3 22
5 5 20 0 6 4
5 5 23 21 3 7
5 5 20 23 21 7
5 5 20 23 21 3
5 5 0 21 3 7
5 5 20 0 21 3
5 5 11 2 1 4
5 5 11 2 7 1
5 5 25 16 1 4
5 5 11 25 1 4
5 5 11 25 16 1
5 5 25 16 6 4
5 5 20 25 6 4
5 5 11 25 16 6
5 5 20 11 16 6
5 5 20 11 25 6
5 5 14 16 7 1
5 5 2 21 7 4
5 5 12 2 21 4
5 5 12 2 21 7
5 5 11 12 2 4
