192
5 7 6 25 9 23
5 7 18 0 25 22
5 7 18 0 25 17
5 19 6 25 9 23
5 19 18 6 22 21
5 19 5 18 22 21
5 19 5 18 25 22
5 19 5 18 6 25
5 12 7 0 25 17
5 12 7 0 25 23
5 12 8 2 5 17
5 20 18 0 25 22
5 20 5 18 25 22
5 20 12 5 0 25
5 20 12 5 18 25
5 20 18 0 25 17
5 20 12 0 25 17
5 20 12 18 25 17
5 20 12 2 0 17
5 20 12 2 5 17
5 20 12 2 5 0
5 11 7 6 25 23
5 11 12 7 25 23
5 11 12 8 25 23
5 11 7 18 6 25
5 11 7 18 25 17
5 11 12 7 25 17
5 11 12 8 25 17
5 16 19 18 6 21
5 16 19 5 18 21
5 16 19 5 18 6
5 16 19 8 6 21
5 16 5 18 6 25
5 16 11 18 6 25
5 16 20 12 18 17
5 16 20 12 5 17
5 16 20 12 5 18
5 16 11 6 25 23
5 16 11 8 25 23
5 16 11 8 6 23
5 16 11 18 25 17
5 16 11 8 25 17
5 16 11 8 18 17
5 16 12 18 25 17
5 16 12 5 18 25
5 16 12 8 25 17
5 16 12 8 5 17
5 16 12 8 5 25
5 4 19 5 6 25
5 4 16 6 25 23
5 4 16 5 6 25
5 4 16 19 5 6
5 4 16 8 25 23
5 4 16 8 5 25
5 4 19 8 6 23
5 4 16 8 6 23
5 4 16 19 8 6
5 4 12 8 25 23
5 4 12 8 5 25
5 4 12 2 0 23
5 4 12 2 5 0
5 4 16 19 5 21
5 4 16 19 8 21
5 4 12 8 2 5
5 13 19 6 9 23
5 13 4 19 2 21
5 1 20 5 25 22
5 1 20 5 0 25
5 1 13 4 19 25
5 24 5 18 22 21
5 24 20 5 18 22
5 24 16 5 18 21
5 24 16 20 5 18
5 24 20 2 5 17
5 24 4 16 5 21
5 24 4 16 8 21
5 24 4 16 8 5
5 24 16 8 5 17
5 24 16 20 5 17
5 24 8 2 5 17
5 24 4 8 2 5
5 15 19 6 25 23
5 15 4 6 25 23
5 15 4 19 6 23
5 15 4 19 6 25
5 15 19 25 9 23
5 15 13 19 9 23
5 15 1 19 25 9
5 15 1 4 19 25
5 15 7 25 9 23
5 15 7 0 9 23
5 15 7 0 25 23
5 15 7 0 25 9
5 15 2 0 9 23
5 15 4 2 0 23
5 15 12 0 25 23
5 15 4 12 25 23
5 15 4 12 0 23
5 15 1 0 25 9
5 15 4 19 2 23
5 15 13 19 2 23
5 15 13 4 19 2
5 15 1 13 19 9
5 15 1 13 4 19
5 15 1 2 0 9
5 15 12 5 0 25
5 15 4 12 5 25
5 15 4 12 5 0
5 3 1 5 25 22
5 3 19 5 25 22
5 3 1 13 19 25
5 3 13 19 6 22
5 3 19 18 25 22
5 3 19 18 6 22
5 3 19 18 6 25
5 3 19 6 25 9
5 3 1 19 25 9
5 3 13 19 6 9
5 3 1 13 19 9
5 3 24 2 22 21
5 3 7 18 25 22
5 3 7 18 6 22
5 3 7 18 6 25
5 3 7 6 25 9
5 3 7 0 25 22
5 3 7 0 25 9
5 3 1 0 25 9
5 3 1 20 2 0
5 3 20 0 25 22
5 3 1 20 25 22
5 3 1 20 0 25
5 10 3 1 5 22
5 10 1 20 5 22
5 10 24 20 5 22
5 10 24 5 22 21
5 10 3 24 22 21
5 10 3 1 20 22
5 10 24 20 2 5
5 10 3 13 22 21
5 10 24 20 2 22
5 10 3 20 2 22
5 10 3 24 2 22
5 10 3 1 20 2
5 10 24 4 5 21
5 10 3 24 2 21
5 10 20 2 5 0
5 10 1 20 5 0
5 10 1 20 2 0
5 10 24 4 2 5
5 10 19 5 22 21
5 10 13 19 22 21
5 10 3 19 5 22
5 10 3 13 19 22
5 10 24 4 2 21
5 10 15 1 2 0
5 10 4 19 5 21
5 10 13 4 19 21
5 10 3 19 5 25
5 10 3 13 19 25
5 10 15 1 13 4
5 10 3 1 5 25
5 10 1 13 4 25
5 10 3 1 13 25
5 10 4 2 5 0
5 10 15 4 5 0
5 10 15 4 2 0
5 10 1 5 0 25
5 10 15 5 0 25
5 10 15 1 0 25
5 10 15 4 5 25
5 10 15 1 4 25
5 10 4 19 5 25
5 10 13 4 19 25
5 10 13 4 2 21
5 10 15 13 4 2
5 14 10 3 1 2
5 14 10 3 1 13
5 14 3 1 13 9
5 14 10 15 13 2
5 14 10 15 1 2
5 14 10 15 1 13
5 14 10 13 2 21
5 14 10 3 2 21
5 14 10 3 13 21
5 14 15 1 2 9
5 14 15 1 13 9
5 14 1 2 0 9
5 14 3 1 0 9
5 14 3 1 2 0
5 14 15 2 9 23
5 14 15 13 9 23
5 14 15 13 2 23
