196
5 12 1 19 3 22
5 21 1 19 3 22
5 25 2 19 11 9
5 4 25 13 19 11
5 15 25 19 11 9
5 15 12 13 19 3
5 15 12 1 19 3
5 15 12 1 19 9
5 15 21 1 19 3
5 0 4 13 19 11
5 0 15 12 13 19
5 0 25 13 19 11
5 0 15 25 19 11
5 0 15 25 13 11
5 0 15 25 13 19
5 0 15 19 11 9
5 0 15 12 19 9
5 0 15 12 13 3
5 0 12 1 19 9
5 0 15 12 1 9
5 6 4 25 19 11
5 6 25 2 11 8
5 6 25 2 19 11
5 6 25 13 11 8
5 6 4 25 13 11
5 6 4 25 13 19
5 7 10 21 12 22
5 7 12 19 3 22
5 7 21 19 3 22
5 7 21 12 3 22
5 7 10 21 12 3
5 7 12 13 19 3
5 7 10 12 13 3
5 7 21 13 19 3
5 7 10 21 13 3
5 7 6 25 19 8
5 7 6 4 13 19
5 7 6 25 13 19
5 7 10 4 12 13
5 7 10 6 4 13
5 7 6 25 13 8
5 7 10 6 13 8
5 7 0 12 13 19
5 7 0 4 13 19
5 7 0 4 12 13
5 23 21 1 19 22
5 23 7 21 19 22
5 23 7 10 21 22
5 23 25 2 19 8
5 23 7 25 19 8
5 5 23 21 1 19
5 5 23 21 1 22
5 5 23 14 1 22
5 17 14 2 11 8
5 17 10 6 4 8
5 17 7 10 6 4
5 17 0 14 12 22
5 17 7 10 4 12
5 17 23 7 12 22
5 17 7 10 12 22
5 17 23 10 14 22
5 17 23 7 10 22
5 16 15 21 1 3
5 16 15 1 19 9
5 16 5 1 19 9
5 16 15 21 1 19
5 16 5 21 1 19
5 16 5 2 19 9
5 16 5 23 2 8
5 16 25 2 19 9
5 16 15 25 19 9
5 16 15 21 19 3
5 16 23 25 2 19
5 16 5 23 2 19
5 16 5 23 21 19
5 16 21 13 19 3
5 16 15 13 19 3
5 16 15 25 13 19
5 20 23 10 14 22
5 20 5 10 14 22
5 20 5 23 14 22
5 20 23 10 21 22
5 20 5 10 21 22
5 20 5 23 21 22
5 20 5 10 14 8
5 20 5 23 14 8
5 20 5 10 21 8
5 20 17 10 14 8
5 20 17 23 14 8
5 20 17 23 10 8
5 20 17 23 10 14
5 20 23 7 10 8
5 20 23 7 10 21
5 20 16 5 21 8
5 20 16 5 23 8
5 20 16 5 23 21
5 20 10 21 13 8
5 20 7 10 13 8
5 20 7 10 21 13
5 20 25 21 13 8
5 20 7 25 13 8
5 20 16 25 21 8
5 20 23 7 25 8
5 20 23 7 21 19
5 20 16 23 21 19
5 20 7 21 13 19
5 20 7 25 13 19
5 20 23 25 2 8
5 20 16 25 2 8
5 20 16 23 2 8
5 20 16 23 25 2
5 20 23 7 25 19
5 20 16 23 25 19
5 20 16 21 13 19
5 20 16 25 13 19
5 20 16 25 21 13
5 18 6 2 19 11
5 18 6 2 11 8
5 18 17 2 11 8
5 18 6 4 11 8
5 18 17 4 11 8
5 18 17 6 4 8
5 18 17 7 6 4
5 18 25 2 19 8
5 18 6 25 19 8
5 18 6 25 2 8
5 18 6 25 2 19
5 18 23 2 19 8
5 18 7 6 19 8
5 18 5 23 2 19
5 18 5 14 2 8
5 18 17 14 2 8
5 18 23 7 19 8
5 18 5 23 2 8
5 18 7 10 6 8
5 18 17 10 6 8
5 18 17 7 10 6
5 18 5 23 14 8
5 18 17 23 14 8
5 18 23 7 10 8
5 18 17 23 10 8
5 18 17 23 7 10
5 24 7 0 4 12
5 24 17 0 4 12
5 24 17 7 4 12
5 24 7 0 12 19
5 24 7 0 4 19
5 24 17 0 14 12
5 24 17 23 7 12
5 24 0 4 19 11
5 24 17 0 4 11
5 24 18 17 7 4
5 24 0 14 12 22
5 24 17 0 14 11
5 24 7 12 19 22
5 24 23 7 19 22
5 24 23 7 12 22
5 24 18 23 7 19
5 24 18 17 23 7
5 24 18 17 4 11
5 24 7 6 4 19
5 24 18 7 6 19
5 24 18 7 6 4
5 24 12 1 19 22
5 24 0 12 1 22
5 24 0 12 1 19
5 24 0 14 1 22
5 24 18 17 23 14
5 24 17 14 12 22
5 24 17 23 12 22
5 24 17 23 14 22
5 24 0 19 11 9
5 24 0 14 11 9
5 24 6 4 19 11
5 24 18 6 19 11
5 24 18 6 4 11
5 24 23 1 19 22
5 24 23 14 1 22
5 24 0 1 19 9
5 24 0 14 1 9
5 24 18 5 23 19
5 24 18 5 23 14
5 24 2 19 11 9
5 24 14 2 11 9
5 24 18 2 19 11
5 24 17 14 2 11
5 24 18 17 2 11
5 24 18 17 14 2
5 24 5 23 1 19
5 24 5 23 14 1
5 24 5 1 19 9
5 24 5 14 1 9
5 24 18 5 2 19
5 24 18 5 14 2
5 24 5 2 19 9
5 24 5 14 2 9
