295
5 30 23 21 20 22
5 30 7 23 20 22
5 32 7 21 31 22
5 32 13 21 31 3
5 1 30 7 23 22
5 1 32 7 3 22
5 1 16 32 7 3
5 10 32 21 20 22
5 10 32 7 21 22
5 10 32 13 21 20
5 10 32 13 21 31
5 10 23 21 20 22
5 10 7 23 20 22
5 10 7 23 21 22
5 10 30 23 21 20
5 4 32 13 21 20
5 4 32 30 13 20
5 4 30 21 20 22
5 4 32 21 20 22
5 4 32 30 20 22
5 4 32 21 3 22
5 4 32 13 21 3
5 4 32 30 3 22
5 4 32 30 13 3
5 4 1 30 3 22
5 4 30 23 21 22
5 4 1 30 23 22
5 24 10 13 21 31
5 24 8 19 9 26
5 6 7 23 21 22
5 6 1 7 23 22
5 6 4 23 21 22
5 6 4 1 23 22
5 6 7 21 31 22
5 6 16 7 21 31
5 6 4 21 3 22
5 6 4 1 3 22
5 6 32 21 31 22
5 6 32 7 31 22
5 6 1 32 7 22
5 6 16 32 7 31
5 6 1 16 32 7
5 6 32 21 3 22
5 6 1 32 3 22
5 6 32 21 31 3
5 6 16 32 31 3
5 6 1 16 32 3
5 28 32 7 21 31
5 28 10 32 21 31
5 28 10 32 7 21
5 28 16 7 21 31
5 28 24 10 21 31
5 28 6 16 21 31
5 28 24 10 9 31
5 28 6 7 23 21
5 28 6 16 7 21
5 28 24 10 9 26
5 5 25 7 23 20
5 5 10 7 23 20
5 5 10 25 23 20
5 5 10 7 23 21
5 5 28 7 23 21
5 5 28 10 7 21
5 5 28 10 9 26
5 5 28 6 7 23
5 5 28 6 16 7
5 5 8 19 9 26
5 5 28 19 9 26
5 17 4 13 21 20
5 17 4 30 21 20
5 17 4 30 13 20
5 17 1 25 30 23
5 17 4 30 13 3
5 18 32 13 31 3
5 18 13 21 31 3
5 18 24 13 21 31
5 18 24 9 32 31
5 18 6 24 13 21
5 18 16 32 31 3
5 18 16 19 32 31
5 18 24 8 9 13
5 18 6 21 31 3
5 18 10 32 13 31
5 18 10 9 32 31
5 18 10 9 32 13
5 18 24 10 13 31
5 18 24 10 9 31
5 18 24 10 9 13
5 18 6 16 31 3
5 18 6 16 19 31
5 12 6 1 7 23
5 12 6 1 16 7
5 12 5 16 7 23
5 12 5 6 7 23
5 12 5 6 16 7
5 12 6 1 16 3
5 12 5 28 6 16
5 12 5 28 6 23
5 27 6 24 13 21
5 27 28 24 21 31
5 27 28 6 21 31
5 27 18 24 21 31
5 27 18 6 21 31
5 27 18 6 24 21
5 27 28 6 16 31
5 27 24 19 9 26
5 27 28 19 9 26
5 27 28 24 9 26
5 27 12 6 16 19
5 27 12 28 6 16
5 27 18 24 19 31
5 27 18 6 19 31
5 27 6 16 19 31
5 15 6 4 21 3
5 15 17 4 13 3
5 15 6 4 1 3
5 15 18 13 21 3
5 15 18 6 21 3
5 15 18 6 13 21
5 15 4 1 30 3
5 15 17 4 30 3
5 15 18 6 24 13
5 15 27 6 13 21
5 15 27 18 6 24
5 15 27 6 24 13
5 14 6 4 23 21
5 14 4 30 23 21
5 14 17 4 30 21
5 14 15 6 4 21
5 14 6 4 1 23
5 14 17 25 30 23
5 14 4 1 30 23
5 14 17 1 30 23
5 14 28 6 23 21
5 14 12 28 6 23
5 14 12 6 1 23
5 14 17 4 13 21
5 14 15 17 4 13
5 14 15 6 4 1
5 14 10 30 23 21
5 14 15 4 1 30
5 14 15 17 1 30
5 14 15 17 4 30
5 14 15 17 25 23
5 14 15 12 6 1
5 14 15 17 1 23
5 14 4 13 21 3
5 14 15 13 21 3
5 14 15 4 21 3
5 14 15 4 13 3
5 14 25 30 23 20
5 14 10 30 23 20
5 14 10 25 23 20
5 14 10 30 21 20
5 14 17 30 21 20
5 14 17 25 30 20
5 14 5 10 23 21
5 14 5 28 23 21
5 14 5 28 10 21
5 14 12 5 28 23
5 14 27 28 6 21
5 14 5 10 25 23
5 14 15 27 6 21
5 14 10 13 21 20
5 14 17 13 21 20
5 14 28 24 10 21
5 14 27 28 24 21
5 14 15 27 13 21
5 14 24 10 13 21
5 14 27 24 13 21
5 14 8 10 9 13
5 11 12 1 16 7
5 11 12 1 16 3
5 11 14 12 1 23
5 11 14 15 1 23
5 11 14 15 12 1
5 11 17 1 25 23
5 11 15 17 25 23
5 11 15 17 1 23
5 11 14 15 25 23
5 11 12 6 1 3
5 11 15 6 1 3
5 11 15 12 6 1
5 11 18 6 16 3
5 11 12 6 16 3
5 11 18 6 16 19
5 11 12 6 16 19
5 11 17 1 25 30
5 11 15 17 1 30
5 11 15 18 6 3
5 11 27 18 6 19
5 11 27 12 6 19
5 11 14 15 17 25
5 11 14 15 12 6
5 11 15 27 18 6
5 0 14 5 10 25
5 0 5 10 25 20
5 0 5 10 9 20
5 0 14 10 25 20
5 0 14 8 10 9
5 0 10 9 13 20
5 0 14 10 13 20
5 0 14 10 9 13
5 0 5 10 9 26
5 0 5 8 9 26
5 0 14 17 25 20
5 0 14 17 13 20
5 0 11 14 17 25
5 0 8 9 13 20
5 0 17 8 13 20
5 0 14 8 9 13
5 2 12 5 16 23
5 2 12 16 7 23
5 2 11 12 7 23
5 2 11 12 16 7
5 2 14 12 5 23
5 2 11 14 12 23
5 2 11 12 16 19
5 2 14 5 25 23
5 2 11 14 25 23
5 2 14 12 5 28
5 2 5 28 16 19
5 2 12 5 28 16
5 2 14 12 28 6
5 2 11 14 12 6
5 2 27 28 16 19
5 2 27 12 16 19
5 2 27 12 28 16
5 2 5 28 19 26
5 2 11 27 12 19
5 2 0 14 5 25
5 2 5 28 10 26
5 2 14 5 28 10
5 2 27 12 28 6
5 2 11 27 12 6
5 2 14 27 28 6
5 2 27 28 19 26
5 2 0 8 25 26
5 2 0 5 8 26
5 2 0 5 8 25
5 2 0 5 10 26
5 2 0 14 5 10
5 29 0 11 14 25
5 29 2 11 14 25
5 29 2 0 14 25
5 29 2 0 25 26
5 29 0 8 25 26
5 29 2 0 10 26
5 29 2 0 14 10
5 29 11 14 15 17
5 29 0 11 14 17
5 29 0 14 8 10
5 29 2 28 10 26
5 29 2 14 28 10
5 29 0 14 8 13
5 29 14 15 17 13
5 29 0 14 17 13
5 29 14 24 10 13
5 29 27 28 24 26
5 29 14 27 28 24
5 29 2 27 28 26
5 29 2 14 27 28
5 29 27 24 19 26
5 29 2 27 19 26
5 29 2 11 19 26
5 29 2 11 27 19
5 29 2 14 27 6
5 29 2 11 27 6
5 29 2 11 14 6
5 29 14 8 10 13
5 29 0 10 9 26
5 29 0 8 9 26
5 29 0 8 10 9
5 29 28 24 10 26
5 29 14 28 24 10
5 29 0 17 8 13
5 29 15 18 24 13
5 29 15 27 24 13
5 29 14 27 24 13
5 29 14 15 27 13
5 29 18 24 8 26
5 29 18 24 8 13
5 29 18 24 19 26
5 29 27 18 24 19
5 29 11 27 18 19
5 29 15 27 18 24
5 29 11 15 27 18
5 29 14 15 27 6
5 29 11 15 27 6
5 29 11 14 15 6
5 29 24 10 9 26
5 29 24 8 9 26
5 29 8 10 9 13
5 29 24 10 9 13
5 29 24 8 9 13
