325
5 12 6 4 2 13
5 9 27 14 6 2
5 9 27 6 2 13
5 9 27 14 2 13
5 9 12 6 2 13
5 9 27 12 30 13
5 9 27 12 6 13
5 9 15 30 2 13
5 9 15 14 2 13
5 9 15 27 14 13
5 23 22 6 4 2
5 23 12 6 4 0
5 23 22 12 6 4
5 23 12 29 4 0
5 23 29 4 0 1
5 23 12 29 4 1
5 23 22 12 4 1
5 26 27 12 30 13
5 26 27 12 0 13
5 26 5 27 21 13
5 26 5 27 29 21
5 26 12 4 0 13
5 26 12 29 4 0
5 26 27 21 0 13
5 26 27 29 21 0
5 26 5 29 21 0
5 26 29 4 0 1
5 26 18 4 13 1
5 26 5 18 13 1
5 26 5 29 0 1
5 26 5 18 29 1
5 26 12 29 4 1
5 26 12 18 4 1
5 26 12 18 29 1
5 26 21 0 13 1
5 26 5 21 13 1
5 26 5 21 0 1
5 7 9 30 17 2
5 28 15 30 2 13
5 28 9 30 2 13
5 28 26 12 30 13
5 28 26 12 4 13
5 28 26 12 18 4
5 28 12 4 2 13
5 28 9 12 2 13
5 28 9 12 30 13
5 28 12 6 4 2
5 28 9 12 6 2
5 28 22 6 4 2
5 28 9 22 6 2
5 8 27 29 21 0
5 8 27 14 21 0
5 8 5 27 29 21
5 3 9 15 27 14
5 3 8 27 14 21
5 3 7 9 30 17
5 3 9 15 30 2
5 3 7 15 30 2
5 3 7 9 30 2
5 3 9 15 14 2
5 3 9 14 17 2
5 3 7 9 17 2
5 10 15 18 21 13
5 10 18 21 13 1
5 10 5 21 13 1
5 10 5 18 13 1
5 10 7 15 18 21
5 10 26 5 18 13
5 10 26 18 4 13
5 10 28 18 4 13
5 10 28 26 4 13
5 10 28 26 18 4
5 25 7 15 30 2
5 25 28 15 30 2
5 25 10 7 15 18
5 25 28 22 4 2
5 25 7 22 17 2
5 25 7 30 17 2
5 25 10 28 18 13
5 31 3 9 14 17
5 31 3 8 14 17
5 31 3 9 30 17
5 31 3 9 27 14
5 31 3 8 27 14
5 31 3 8 7 17
5 31 3 8 7 21
5 31 3 8 27 21
5 11 8 14 6 0
5 11 31 8 14 17
5 11 31 8 23 17
5 11 9 14 17 2
5 11 9 14 6 2
5 11 23 22 6 2
5 11 31 9 14 17
5 11 31 9 14 6
5 11 9 22 17 2
5 11 9 22 6 2
5 11 23 9 22 6
5 32 25 10 28 30
5 32 25 10 28 18
5 32 28 26 12 30
5 32 10 28 26 30
5 32 28 26 12 18
5 32 10 28 26 18
5 32 28 9 12 30
5 32 28 12 18 4
5 32 10 26 5 18
5 32 26 12 29 30
5 32 25 22 18 4
5 32 25 28 18 4
5 32 25 28 22 4
5 32 28 9 12 6
5 32 28 9 22 6
5 32 22 12 6 4
5 32 28 12 6 4
5 32 28 22 6 4
5 32 31 12 29 30
5 32 26 12 18 29
5 32 26 5 18 29
5 32 28 9 30 2
5 32 25 28 30 2
5 32 28 9 22 2
5 32 25 28 22 2
5 32 23 22 12 6
5 32 23 9 22 6
5 24 9 27 12 6
5 24 31 8 27 14
5 24 31 8 27 29
5 24 27 12 6 0
5 24 8 27 29 0
5 24 32 9 12 6
5 24 9 27 14 6
5 24 31 9 14 6
5 24 31 9 27 14
5 24 9 27 12 30
5 24 31 9 27 30
5 24 23 12 6 0
5 24 32 23 12 6
5 24 11 31 8 23
5 24 27 14 6 0
5 24 8 14 6 0
5 24 8 27 14 0
5 24 11 8 14 6
5 24 11 31 14 6
5 24 11 31 8 14
5 24 31 26 27 29
5 24 26 12 29 0
5 24 26 27 29 0
5 24 26 27 12 0
5 24 23 12 29 0
5 24 32 23 9 6
5 24 32 9 12 30
5 24 32 31 12 30
5 24 32 31 9 30
5 24 26 27 12 30
5 24 31 26 27 30
5 24 11 23 6 0
5 24 11 8 6 0
5 24 11 8 23 0
5 24 32 31 12 29
5 24 11 31 9 6
5 24 26 12 29 30
5 24 31 12 29 30
5 24 31 26 29 30
5 19 10 5 18 1
5 19 25 10 7 18
5 19 31 10 5 21
5 19 31 10 7 21
5 19 7 18 21 1
5 19 10 18 21 1
5 19 10 7 18 21
5 19 10 5 21 1
5 19 5 18 29 1
5 19 32 5 18 29
5 19 31 8 5 21
5 19 31 8 7 21
5 19 31 8 5 29
5 19 25 7 22 17
5 19 5 21 0 1
5 19 12 18 29 1
5 19 32 12 18 29
5 19 5 29 0 1
5 19 31 8 7 17
5 19 5 29 21 0
5 19 8 29 21 0
5 19 8 5 29 21
5 19 23 29 0 1
5 19 24 31 8 29
5 19 24 31 8 23
5 19 12 18 4 1
5 19 22 18 4 1
5 19 22 12 4 1
5 19 32 12 18 4
5 19 32 22 18 4
5 19 32 22 12 4
5 19 31 23 22 17
5 19 31 8 23 17
5 19 23 12 29 1
5 19 23 22 12 1
5 19 32 23 22 12
5 19 24 23 12 29
5 19 24 32 23 12
5 19 24 23 29 0
5 19 24 8 29 0
5 19 24 8 23 0
5 20 31 10 5 21
5 20 5 27 21 13
5 20 10 5 21 13
5 20 8 5 27 21
5 20 31 8 27 21
5 20 31 8 5 21
5 20 15 27 21 13
5 20 10 15 21 13
5 20 26 5 27 13
5 20 10 26 5 13
5 20 8 5 27 29
5 20 31 8 27 29
5 20 31 8 5 29
5 20 3 15 27 21
5 20 31 3 27 21
5 20 10 7 15 21
5 20 31 10 7 21
5 20 26 5 27 29
5 20 31 26 27 29
5 20 26 27 30 13
5 20 3 7 15 21
5 20 31 3 7 21
5 20 31 26 27 30
5 20 32 26 5 29
5 20 32 10 26 5
5 20 31 26 29 30
5 20 9 27 30 13
5 20 9 15 30 13
5 20 9 15 27 13
5 20 28 15 30 13
5 20 28 26 30 13
5 20 10 28 26 13
5 20 10 28 26 30
5 20 3 9 15 30
5 20 3 9 15 27
5 20 31 9 27 30
5 20 31 3 9 30
5 20 31 3 9 27
5 20 3 7 15 30
5 20 32 26 29 30
5 20 32 10 26 30
5 20 32 25 10 30
5 20 25 28 15 13
5 20 25 10 15 13
5 20 25 10 28 13
5 20 25 28 15 30
5 20 25 10 28 30
5 20 25 7 15 30
5 20 25 10 7 15
5 16 19 31 5 29
5 16 19 32 5 29
5 16 20 31 5 29
5 16 20 32 5 29
5 16 24 32 31 29
5 16 19 24 31 29
5 16 19 31 10 5
5 16 32 31 29 30
5 16 20 31 29 30
5 16 20 32 29 30
5 16 20 31 10 5
5 16 20 32 10 5
5 16 24 32 12 29
5 16 19 32 12 29
5 16 19 24 12 29
5 16 19 24 32 12
5 16 19 24 31 23
5 16 19 24 32 23
5 16 32 10 5 18
5 16 19 10 5 18
5 16 19 32 5 18
5 16 20 32 25 30
5 16 20 32 25 10
5 16 24 32 23 9
5 16 24 32 31 9
5 16 19 31 23 22
5 16 19 32 23 22
5 16 32 25 10 18
5 16 19 25 10 18
5 16 19 25 10 7
5 16 19 31 10 7
5 16 20 25 7 30
5 16 20 25 10 7
5 16 20 31 10 7
5 16 32 23 9 22
5 16 24 11 31 9
5 16 24 11 31 23
5 16 19 31 22 17
5 16 32 25 22 18
5 16 19 25 22 18
5 16 19 32 22 18
5 16 19 25 7 17
5 16 19 31 7 17
5 16 19 25 22 17
5 16 25 7 30 17
5 16 31 9 30 17
5 16 32 31 9 30
5 16 20 3 7 30
5 16 20 31 3 30
5 16 20 31 3 7
5 16 11 23 9 22
5 16 11 23 9 6
5 16 24 23 9 6
5 16 24 11 9 6
5 16 24 11 23 6
5 16 25 22 17 2
5 16 32 25 22 2
5 16 3 7 30 17
5 16 31 3 30 17
5 16 31 3 7 17
5 16 9 30 17 2
5 16 25 30 17 2
5 16 32 9 30 2
5 16 32 25 30 2
5 16 11 9 22 17
5 16 11 31 9 17
5 16 31 23 22 17
5 16 11 23 22 17
5 16 11 31 23 17
5 16 9 22 17 2
5 16 32 9 22 2
