208
5 7 6 13 18 0
5 15 7 22 24 17
5 15 7 22 13 17
5 15 7 22 13 18
5 15 7 9 24 17
5 15 7 22 9 18
5 15 7 22 9 24
5 15 7 6 13 17
5 15 7 6 13 18
5 1 15 7 18 17
5 1 15 7 6 17
5 1 15 7 6 18
5 14 7 22 9 24
5 14 7 9 0 2
5 14 7 9 24 2
5 14 7 13 18 0
5 14 7 9 18 0
5 14 22 9 13 18
5 14 7 22 13 18
5 14 7 22 9 18
5 12 14 21 0 2
5 4 15 22 24 17
5 5 1 6 21 3
5 5 1 15 6 18
5 5 15 6 13 18
5 5 12 21 3 2
5 5 14 21 0 2
5 5 6 13 18 0
5 5 14 13 18 0
5 23 7 6 13 0
5 23 14 7 13 0
5 23 5 6 13 0
5 23 5 14 13 0
5 23 5 14 6 13
5 23 5 14 21 0
5 23 5 14 6 21
5 23 5 1 6 21
5 23 7 6 18 0
5 23 1 7 6 18
5 23 1 7 21 17
5 23 1 7 6 17
5 23 5 6 18 0
5 23 5 1 6 18
5 10 7 22 13 17
5 10 4 22 13 17
5 10 7 22 24 17
5 10 4 22 24 17
5 10 4 11 24 17
5 10 4 11 22 24
5 10 4 11 3 17
5 10 4 1 3 17
5 10 11 9 24 2
5 10 7 9 24 2
5 16 12 14 21 2
5 16 10 12 7 2
5 16 14 7 22 13
5 16 10 7 22 13
5 16 5 14 6 13
5 16 5 14 6 21
5 16 14 7 24 2
5 16 10 7 24 2
5 16 14 7 22 24
5 16 10 7 22 24
5 16 10 12 7 21
5 16 23 14 6 13
5 16 23 14 6 21
5 16 12 14 21 0
5 16 23 14 7 13
5 16 23 7 21 0
5 16 23 14 21 0
5 16 23 14 7 0
5 16 23 7 6 13
5 16 10 1 21 17
5 16 10 7 13 17
5 16 23 7 21 17
5 16 23 7 6 17
5 16 10 7 21 17
5 16 23 1 21 17
5 16 23 1 6 17
5 16 23 1 6 21
5 19 15 22 13 17
5 19 4 22 13 17
5 19 4 15 22 17
5 19 15 6 13 17
5 19 1 15 6 17
5 19 1 15 3 17
5 19 4 15 3 17
5 19 4 1 3 17
5 19 5 15 6 13
5 19 5 1 15 6
5 19 5 1 15 3
5 8 4 11 22 24
5 8 4 15 22 24
5 8 4 15 11 24
5 8 19 4 15 22
5 8 15 22 9 24
5 8 19 4 22 13
5 8 19 15 22 13
5 8 19 5 15 13
5 8 19 4 15 3
5 8 19 5 15 3
5 8 14 22 9 24
5 8 15 22 9 18
5 8 11 9 24 2
5 8 15 11 9 24
5 8 15 22 13 18
5 8 5 15 13 18
5 8 16 14 24 2
5 8 16 14 22 24
5 8 14 9 24 2
5 8 14 22 9 13
5 8 22 9 13 18
5 8 16 14 22 13
5 8 16 5 14 13
5 8 14 9 0 2
5 8 5 14 0 2
5 8 14 9 13 18
5 8 5 14 13 18
5 8 9 18 0 2
5 8 5 18 0 2
5 8 5 14 21 2
5 8 16 14 21 2
5 8 16 5 14 21
5 8 14 9 18 0
5 8 5 14 18 0
5 25 16 10 22 13
5 25 10 12 11 2
5 25 16 10 12 2
5 25 8 16 22 13
5 25 10 4 22 13
5 25 10 4 11 22
5 25 10 11 22 24
5 25 16 10 22 24
5 25 10 11 24 2
5 25 16 10 24 2
5 25 10 12 11 3
5 25 10 4 11 3
5 25 16 5 6 13
5 25 8 16 5 13
5 25 10 12 1 3
5 25 10 4 1 3
5 25 8 4 22 13
5 25 8 4 11 22
5 25 12 11 3 2
5 25 8 11 3 2
5 25 16 12 21 2
5 25 8 16 21 2
5 25 8 4 11 3
5 25 8 19 4 3
5 25 16 5 6 21
5 25 8 16 5 21
5 25 8 11 24 2
5 25 8 11 22 24
5 25 8 16 24 2
5 25 8 16 22 24
5 25 5 12 3 2
5 25 8 5 3 2
5 25 5 12 21 2
5 25 8 5 21 2
5 25 5 12 21 3
5 20 25 16 10 13
5 20 16 10 13 17
5 20 25 10 4 13
5 20 25 16 6 13
5 20 10 4 13 17
5 20 19 4 13 17
5 20 19 6 13 17
5 20 16 10 1 17
5 20 8 19 4 13
5 20 25 8 4 13
5 20 25 8 19 4
5 20 25 10 4 1
5 20 19 5 6 13
5 20 25 5 6 13
5 20 16 10 1 21
5 20 10 4 1 17
5 20 19 4 1 17
5 20 7 6 13 17
5 20 16 7 13 17
5 20 16 7 6 17
5 20 16 7 6 13
5 20 16 1 6 17
5 20 19 1 6 17
5 20 8 19 5 13
5 20 25 8 5 13
5 20 19 4 1 3
5 20 25 4 1 3
5 20 25 19 4 3
5 20 16 1 6 21
5 20 25 16 6 21
5 20 10 12 1 21
5 20 25 10 12 1
5 20 16 10 12 21
5 20 25 16 12 21
5 20 25 16 10 12
5 20 8 19 5 3
5 20 25 8 5 3
5 20 25 8 19 3
5 20 5 1 6 3
5 20 19 5 1 3
5 20 19 5 1 6
5 20 5 6 21 3
5 20 25 5 21 3
5 20 25 5 6 21
5 20 1 6 21 3
5 20 12 1 21 3
5 20 25 12 21 3
5 20 25 12 1 3
