191
5 22 21 17 7 20
5 12 9 21 13 7
5 12 18 17 13 7
5 12 18 21 17 25
5 12 18 21 17 7
5 12 22 17 13 7
5 12 22 21 13 7
5 12 22 21 17 7
5 12 21 17 25 20
5 12 22 17 25 20
5 12 22 21 17 20
5 0 12 4 9 5
5 0 16 4 6 13
5 0 24 12 18 25
5 23 0 12 4 25
5 23 0 4 6 13
5 23 12 22 17 25
5 23 12 22 17 13
5 23 22 17 25 20
5 23 12 18 17 25
5 23 16 22 6 3
5 23 22 17 20 3
5 23 22 6 20 3
5 14 23 18 17 3
5 14 23 24 18 3
5 14 23 24 18 17
5 2 16 9 13 5
5 11 0 16 13 5
5 11 0 16 6 13
5 11 2 16 13 5
5 11 2 16 6 5
5 11 16 4 6 5
5 11 0 16 4 5
5 11 0 16 4 6
5 11 2 16 6 3
5 11 2 0 24 5
5 19 0 24 12 25
5 19 23 0 12 25
5 19 23 0 24 25
5 19 24 12 18 25
5 19 23 12 18 25
5 19 23 24 18 25
5 19 23 0 12 13
5 19 0 12 18 13
5 19 0 24 12 18
5 19 23 0 6 13
5 19 23 0 24 6
5 19 12 18 17 13
5 19 23 12 17 13
5 19 23 12 18 17
5 19 23 24 18 17
5 19 11 0 6 13
5 19 11 0 24 6
5 19 23 16 6 13
5 19 11 16 6 13
5 19 0 24 13 5
5 19 11 0 13 5
5 19 11 0 24 5
5 19 23 24 6 3
5 19 23 16 6 3
5 19 11 24 6 3
5 19 11 16 6 3
5 19 11 2 13 5
5 19 11 2 24 5
5 19 23 16 22 3
5 19 23 16 22 13
5 19 11 2 24 3
5 19 2 16 13 3
5 19 11 2 16 3
5 19 11 2 16 13
5 10 23 16 22 6
5 10 16 22 6 20
5 10 23 4 6 20
5 10 23 22 6 20
5 10 16 4 6 13
5 10 23 4 6 13
5 10 23 16 6 13
5 10 23 12 22 13
5 10 23 16 22 13
5 10 12 22 21 20
5 10 23 4 25 20
5 10 23 12 4 25
5 10 12 22 25 20
5 10 23 22 25 20
5 10 23 12 22 25
5 10 0 16 4 13
5 10 23 0 4 13
5 10 23 0 12 13
5 10 23 0 12 4
5 10 0 16 13 5
5 10 0 12 4 5
5 10 0 16 4 5
5 10 12 4 9 5
5 10 16 9 13 5
5 10 16 12 9 13
5 10 0 9 13 5
5 10 0 12 9 5
5 10 0 12 9 13
5 1 22 21 13 7
5 1 14 22 7 3
5 1 9 21 13 7
5 1 22 21 7 20
5 1 12 22 21 13
5 1 12 9 21 13
5 1 16 12 9 13
5 1 10 22 21 20
5 1 10 16 22 20
5 1 10 12 22 13
5 1 10 16 22 13
5 1 10 16 12 13
5 1 10 12 22 21
5 1 22 6 20 3
5 1 16 22 6 3
5 1 16 22 6 20
5 1 10 12 9 21
5 1 10 16 12 9
5 1 2 16 6 3
5 1 2 9 5 3
5 1 2 16 9 5
5 15 14 23 24 17
5 15 19 23 24 17
5 15 14 24 18 17
5 15 19 24 18 17
5 15 19 14 24 18
5 15 14 23 17 3
5 15 14 23 24 3
5 15 19 23 24 3
5 15 19 14 24 3
5 15 19 18 17 13
5 15 23 22 17 3
5 15 19 23 22 3
5 15 18 17 13 7
5 15 14 18 17 7
5 15 23 22 17 13
5 15 19 23 17 13
5 15 19 23 22 13
5 15 22 17 20 3
5 15 14 17 20 3
5 15 14 22 20 3
5 15 22 17 13 7
5 15 22 17 7 20
5 15 14 17 7 20
5 15 14 22 7 20
5 15 1 14 22 3
5 15 19 16 13 3
5 15 19 16 22 3
5 15 19 16 22 13
5 15 1 22 13 7
5 15 1 14 22 7
5 15 1 16 13 3
5 15 1 16 22 3
5 15 1 16 22 13
5 8 1 9 13 7
5 8 15 1 13 7
5 8 15 1 14 7
5 8 15 1 13 3
5 8 15 18 13 7
5 8 15 14 18 7
5 8 1 9 7 3
5 8 1 14 7 3
5 8 15 1 14 3
5 8 1 16 13 3
5 8 1 16 9 13
5 8 12 9 13 7
5 8 12 18 13 7
5 8 15 19 18 13
5 8 15 19 14 18
5 8 15 19 13 3
5 8 15 19 14 3
5 8 2 16 13 3
5 8 2 16 9 13
5 8 1 2 9 3
5 8 1 2 16 3
5 8 1 2 16 9
5 8 0 12 9 13
5 8 0 12 18 13
5 8 0 12 18 9
5 8 19 14 24 18
5 8 19 2 13 3
5 8 19 24 13 5
5 8 19 0 18 13
5 8 19 0 24 13
5 8 19 0 24 18
5 8 2 9 13 5
5 8 19 2 13 5
5 8 2 14 24 3
5 8 19 14 24 3
5 8 19 2 24 3
5 8 0 9 13 5
5 8 0 24 13 5
5 8 19 2 24 5
