4
26
-3.03412 6.50497 -6.17448 8.32355
-1.08352 -4.72195 -6.24022 -1.49622
-8.92372 -0.77307 -7.56607 4.87087
-9.02604 -6.91782 3.45943 3.27059
2.52022 3.57794 -7.83337 9.7119
-8.30966 -0 -8.61923 2.76307
-3.77953 -0 -6.87448 9.46
-0.305605 -0 2.72494 -8.79258
-7.50239 -0 -3.57263 -3.94271
-7.32265 -0 -6.52459 -3.50242
5.8447 -0 -5.96628 3.03872
-6.31948 -0 -7.2848 7.5665
5.48753 6.80985 -2.37754 -0
-4.3677 0.224929 -4.06466 -0
-7.68718 -4.1849 6.57179 -0
-3.71395 -3.5693 5.45271 -0
-1.43037 -3.70949 -6.84446 -0
1.16906 0.346881 8.50578 -0
-1.93202 5.60575 9.35766 -0
-6.5841 0.783375 -0 4.83912
9.9348 -4.65992 -0 -1.20488
7.23362 -0.462573 -0 -7.59396
3.8772 -4.99305 -0 -1.00214
-0.254384 2.37574 -0 9.18746
-7.02603 1.95749 -0 6.91443
4.88935 8.69106 -0 7.58732
