4
33
2.66041 6.96741 9.24389 -0.958566
3.98808 1.18297 2.06286 6.51879
0.343837 -3.28764 -0.268981 2.08874
-5.49882 -7.6408 -2.88044 2.50893
-1.79819 0.184865 9.43444 -4.70747
-0.779694 -0 5.28547 4.61981
9.80722 -0 4.68644 -4.34906
4.19363 -0 -8.76836 3.91578
8.55519 -0 -2.35186 -9.44231
-4.36437 -0 -2.04386 -2.18204
-0.937926 -0 -9.93915 2.14558
-9.41841 -0 7.02577 -7.59593
-0 -5.88855 -4.42358 7.49197
-0 -6.00775 -8.53325 9.18146
-0 -4.41837 0.537746 7.20013
-0 6.59418 -2.97439 -3.02731
-0 0.389717 1.97508 -1.72086
-0 -9.43749 6.25678 5.84543
-0 -1.42227 -0.191934 -5.30907
3.57935 4.50937 -0 4.94936
7.25779 -5.21114 -0 9.842
-4.77741 9.95796 -0 -6.16733
5.31818 -9.14434 -0 -4.97266
-3.53251 8.1945 -0 -1.70069
-7.08726 -6.40971 -0 6.82406
-3.60686 4.87721 -0 -0.848537
5.48753 6.80985 -2.37754 -0
-4.3677 0.224929 -4.06466 -0
-7.68718 -4.1849 6.57179 -0
-3.71395 -3.5693 5.45271 -0
-1.43037 -3.70949 -6.84446 -0
1.16906 0.346881 8.50578 -0
-1.93202 5.60575 9.35766 -0
