4
33
-7.77356 -0.216328 -4.46697 6.37964
3.03993 5.02174 -2.91452 -7.25639
-7.66878 0.924756 0.526281 -5.92982
4.39585 9.80207 1.37961 -2.75556
6.46614 3.95207 -4.1298 -1.88569
-7.67792 -6.70716 -0 -3.13089
2.67412 1.84057 -0 -5.78701
6.87533 -6.275 -0 -9.4707
-9.6075 -1.61112 -0 7.78393
-7.63118 -2.88134 -0 8.28755
-0.41388 -2.50596 -0 6.18164
-5.56968 5.97049 -0 -6.65096
-0 1.99669 -1.08077 -7.60037
-0 7.84525 3.12408 4.8047
-0 3.54284 -2.8641 2.66289
-0 9.6705 -0.425873 -0.320826
-0 -6.07983 6.36316 -8.27641
-0 6.8402 -6.5807 3.97999
-0 8.07652 9.39218 1.96033
-8.0702 -0 9.21098 -3.25948
-0.0395242 -0 -9.24247 9.54596
4.16969 -0 1.23039 0.967229
9.88841 -0 -1.54308 -3.87157
-2.81464 -0 -7.00334 -6.12931
-2.98327 -0 9.19347 1.42139
-5.73712 -0 -8.45662 -3.09362
-9.92812 1.08256 5.67073 -0
-2.68972 -1.23283 8.74529 -0
-1.40403 -4.68277 5.27376 -0
-8.93742 4.24375 4.48103 -0
5.00959 5.0252 -8.48466 -0
5.63202 0.855828 9.69014 -0
7.72388 1.87338 9.51707 -0
