4
26
-5.68224 9.79709 -3.94051 -3.3984
6.62517 -5.61673 1.48621 -8.02975
-9.05479 -8.22827 -2.22421 2.0186
7.78078 -9.30129 -0.595004 -7.07668
8.19036 -6.93088 1.51632 0.108296
-0 -1.11967 -6.96702 -5.87812
-0 -1.06392 -0.961483 -7.07293
-0 6.92052 4.49624 2.154
-0 -2.06145 -6.28158 1.62386
-0 9.13848 -5.35757 7.89322
-0 -5.77511 4.95225 5.73707
-0 -8.95999 2.7196 6.52431
-7.32973 -8.60765 1.06524 -0
0.495935 -0.544696 -0.573153 -0
-5.21548 2.24587 -0.587945 -0
8.85063 3.94512 -7.18786 -0
-4.64063 -0.320234 1.45479 -0
8.97594 -2.47815 4.59302 -0
4.81988 9.25004 -8.81579 -0
6.25584 -4.83478 -0 -3.61059
2.20139 -4.73231 -0 -4.19901
-6.78465 -3.00196 -0 -8.31619
1.38277 -0.0371165 -0 2.94893
-4.77674 2.84277 -0 -7.82416
0.901816 1.32299 -0 7.0325
-2.94586 -8.21327 -0 0.814931
