4
26
-7.91768 -2.96928 6.54142 7.40554
-7.14533 -8.03443 -4.496 -4.39737
2.35644 5.97326 5.82736 -4.79676
9.66118 -6.80197 -5.82062 1.5526
-2.07998 7.41172 5.42815 6.39722
-0 1.99669 -1.08077 -7.60037
-0 7.84525 3.12408 4.8047
-0 3.54284 -2.8641 2.66289
-0 9.6705 -0.425873 -0.320826
-0 -6.07983 6.36316 -8.27641
-0 6.8402 -6.5807 3.97999
-0 8.07652 9.39218 1.96033
-8.58513 -4.47057 -0 7.86994
9.59083 3.66609 -0 8.68795
-7.17481 3.10149 -0 -3.06776
8.66127 -8.97138 -0 -1.23476
4.83221 1.03896 -0 -7.41539
-5.73717 5.69178 -0 -0.227619
-4.05106 6.14373 -0 -0.106609
0.865349 -1.09614 2.007 -0
2.20685 4.20535 -5.50532 -0
6.0066 0.295969 -9.36769 -0
-9.47625 -3.42552 -5.59198 -0
-1.22987 3.08822 -3.36401 -0
-4.16606 -0.511205 2.16528 -0
5.66869 6.47244 5.39426 -0
