4
33
2.63293 8.16847 -1.29768 -2.14349
-8.01273 8.08041 5.64263 0.224858
-2.49645 0.265713 -1.34154 9.26499
-3.71938 8.45365 0.648307 -6.62233
7.33891 -3.40548 7.81038 -4.43364
-8.79722 -8.26227 -0 4.63896
2.15854 -4.68903 -0 5.829
6.79735 2.36765 -0 1.5904
0.545036 3.92339 -0 0.100955
-0.587225 -8.72395 -0 8.96593
5.54759 5.11914 -0 7.52263
-6.20916 -0.214993 -0 9.26032
-9.92812 1.08256 5.67073 -0
-2.68972 -1.23283 8.74529 -0
-1.40403 -4.68277 5.27376 -0
-8.93742 4.24375 4.48103 -0
5.00959 5.0252 -8.48466 -0
5.63202 0.855828 9.69014 -0
7.72388 1.87338 9.51707 -0
-0 3.86516 -7.26349 -8.02468
-0 5.98759 3.98151 4.12212
-0 -5.04345 -8.07001 -9.20115
-0 -1.3409 6.47831 4.77682
-0 1.73358 0.660621 -6.8892
-0 2.07846 -0.696697 5.8721
-0 2.87099 0.682216 -7.23219
0.84288 -0 -3.40695 4.16457
5.69427 -0 9.30271 8.90825
-3.87968 -0 9.68307 -1.39136
-5.24512 -0 1.69038 9.29949
4.64409 -0 3.1 -8.36458
6.17832 -0 -5.67046 -3.06181
-3.87302 -0 9.02619 9.40995
