4
26
-2.38512 2.6282 -8.97808 3.27164
-0.951769 4.11979 9.90056 -9.79376
5.89902 -5.31605 4.55186 -8.51615
-4.50896 -4.67306 -7.89655 1.59816
9.13958 8.09611 -6.06981 1.54527
-0 3.86516 -7.26349 -8.02468
-0 5.98759 3.98151 4.12212
-0 -5.04345 -8.07001 -9.20115
-0 -1.3409 6.47831 4.77682
-0 1.73358 0.660621 -6.8892
-0 2.07846 -0.696697 5.8721
-0 2.87099 0.682216 -7.23219
6.25584 -4.83478 -0 -3.61059
2.20139 -4.73231 -0 -4.19901
-6.78465 -3.00196 -0 -8.31619
1.38277 -0.0371165 -0 2.94893
-4.77674 2.84277 -0 -7.82416
0.901816 1.32299 -0 7.0325
-2.94586 -8.21327 -0 0.814931
0.865349 -1.09614 2.007 -0
2.20685 4.20535 -5.50532 -0
6.0066 0.295969 -9.36769 -0
-9.47625 -3.42552 -5.59198 -0
-1.22987 3.08822 -3.36401 -0
-4.16606 -0.511205 2.16528 -0
5.66869 6.47244 5.39426 -0
