4
33
4.87237 8.68167 -1.44525 3.16982
-6.05569 -0.926327 7.07859 -7.09343
9.00277 -4.66226 8.89435 8.55114
7.58134 -4.37582 -3.64138 9.83443
-3.12831 7.8456 7.57544 1.41677
-0 -3.51554 5.02942 -6.66992
-0 -0.322757 -1.82902 8.52962
-0 0.873156 -9.78627 -7.87139
-0 -5.34846 -3.7836 0.732871
-0 4.37189 -1.89488 2.14279
-0 0.60689 2.95501 -7.80558
-0 0.523111 -7.74722 7.29459
-6.84922 -0 7.01385 0.870655
-2.78622 -0 -6.844 -6.10132
-1.82356 -0 -2.38778 -0.717969
-0.706395 -0 -8.27687 -3.42534
-5.03447 -0 9.67822 -5.80656
8.48508 -0 -6.31584 -9.85924
3.22736 -0 9.79249 -6.09823
-8.58513 -4.47057 -0 7.86994
9.59083 3.66609 -0 8.68795
-7.17481 3.10149 -0 -3.06776
8.66127 -8.97138 -0 -1.23476
4.83221 1.03896 -0 -7.41539
-5.73717 5.69178 -0 -0.227619
-4.05106 6.14373 -0 -0.106609
-7.32973 -8.60765 1.06524 -0
0.495935 -0.544696 -0.573153 -0
-5.21548 2.24587 -0.587945 -0
8.85063 3.94512 -7.18786 -0
-4.64063 -0.320234 1.45479 -0
8.97594 -2.47815 4.59302 -0
4.81988 9.25004 -8.81579 -0
