198
5 22 4 2 9 10
5 13 22 2 9 10
5 13 6 8 2 0
5 20 6 2 1 0
5 20 13 22 2 0
5 20 13 22 2 9
5 20 13 6 2 0
5 20 13 6 2 9
5 20 11 6 1 0
5 20 13 22 17 9
5 20 11 13 17 9
5 20 22 8 17 0
5 20 13 22 8 0
5 20 13 22 8 17
5 20 8 1 17 0
5 20 13 6 8 0
5 15 11 6 9 14
5 15 7 24 17 14
5 15 11 13 17 9
5 15 13 24 8 17
5 25 7 4 3 10
5 25 7 24 3 10
5 25 7 4 3 14
5 25 7 24 3 14
5 23 15 24 17 14
5 23 15 11 24 14
5 23 11 24 3 14
5 23 11 24 1 3
5 23 15 7 17 14
5 23 11 6 3 14
5 23 11 6 1 3
5 23 25 7 17 14
5 23 11 6 9 14
5 23 20 11 6 1
5 23 15 7 9 14
5 23 15 11 9 14
5 23 15 7 17 9
5 23 15 11 17 9
5 23 25 4 3 14
5 23 25 4 3 18
5 23 6 9 3 14
5 23 25 7 4 14
5 23 25 22 17 18
5 23 25 7 22 17
5 23 7 4 9 14
5 23 7 22 17 9
5 23 20 11 6 9
5 23 20 22 17 9
5 23 20 11 17 9
5 23 4 9 3 14
5 23 25 7 22 4
5 16 20 6 2 9
5 16 6 4 2 9
5 16 23 20 6 9
5 16 20 6 2 1
5 16 4 2 1 18
5 16 6 4 2 1
5 16 22 4 2 9
5 16 20 22 2 9
5 16 23 20 22 9
5 16 23 20 6 1
5 16 2 1 18 0
5 16 20 2 1 0
5 16 23 22 4 9
5 16 23 4 3 18
5 16 6 4 9 3
5 16 23 4 9 3
5 16 23 6 9 3
5 16 4 1 3 18
5 16 6 4 1 3
5 16 4 2 10 18
5 16 22 2 10 18
5 16 22 4 10 18
5 16 22 4 2 10
5 16 20 22 2 0
5 16 23 22 17 18
5 16 23 20 22 17
5 16 23 1 3 18
5 16 23 6 1 3
5 16 23 1 17 18
5 16 20 1 17 0
5 16 25 22 4 18
5 16 23 25 4 18
5 16 23 25 22 18
5 16 23 25 22 4
5 16 20 22 17 0
5 16 20 11 1 17
5 16 23 11 1 17
5 16 23 20 11 17
5 16 23 20 11 1
5 16 8 1 17 0
5 16 22 8 17 0
5 5 20 8 1 0
5 5 20 11 1 0
5 5 8 1 3 0
5 5 20 6 8 0
5 5 20 11 6 0
5 5 20 8 1 17
5 5 20 11 1 17
5 5 11 24 1 3
5 5 20 13 6 8
5 5 23 11 1 17
5 5 20 13 8 17
5 5 20 11 13 17
5 5 23 11 24 1
5 5 13 6 8 2
5 5 20 13 6 9
5 5 20 11 6 9
5 5 20 11 13 9
5 5 15 13 8 17
5 5 15 11 13 17
5 5 15 13 6 9
5 5 15 11 6 9
5 5 15 11 13 9
5 5 15 24 8 17
5 5 23 15 24 17
5 5 23 15 11 17
5 5 23 15 11 24
5 12 5 11 24 3
5 12 6 4 9 3
5 12 6 4 2 9
5 12 6 9 3 14
5 12 15 6 9 14
5 12 13 6 2 9
5 12 15 13 6 9
5 12 11 6 3 14
5 12 15 11 6 14
5 12 11 24 3 14
5 12 15 11 24 14
5 12 5 15 11 6
5 12 5 15 11 24
5 12 6 2 1 0
5 12 11 6 1 0
5 12 11 6 1 3
5 12 5 11 6 0
5 12 4 9 3 10
5 12 4 2 3 10
5 12 4 2 9 10
5 12 4 2 1 3
5 12 6 4 1 3
5 12 6 4 2 1
5 12 5 13 6 2
5 12 5 15 13 6
5 12 5 15 24 8
5 12 5 1 3 0
5 12 5 11 1 0
5 12 5 11 1 3
5 12 6 8 2 0
5 12 5 6 8 0
5 12 5 6 8 2
5 12 5 8 3 0
5 12 5 24 8 3
5 12 5 13 8 2
5 12 5 15 13 8
5 12 15 13 24 8
5 21 7 22 17 9
5 21 25 7 22 17
5 21 25 7 22 4
5 21 13 22 9 10
5 21 13 22 17 9
5 21 22 4 9 10
5 21 25 22 4 10
5 21 25 13 22 10
5 21 25 13 22 17
5 21 25 7 4 10
5 21 23 22 4 9
5 21 23 7 4 9
5 21 23 7 22 9
5 21 23 7 22 4
5 19 12 15 13 24
5 19 12 15 24 14
5 19 12 15 13 9
5 19 15 7 24 14
5 19 12 24 3 14
5 19 12 15 9 14
5 19 21 13 9 10
5 19 13 2 9 10
5 19 12 2 9 10
5 19 12 13 2 9
5 19 21 25 7 10
5 19 7 24 3 14
5 19 7 24 3 10
5 19 15 7 9 14
5 19 15 13 17 9
5 19 15 7 17 9
5 19 12 9 3 14
5 19 12 9 3 10
5 19 21 25 7 17
5 19 7 4 3 14
5 19 7 4 3 10
5 19 7 4 9 14
5 19 21 4 9 10
5 19 21 7 4 10
5 19 21 7 4 9
5 19 21 13 17 9
5 19 21 7 17 9
5 19 4 9 3 14
5 19 4 9 3 10
