219
5 5 7 12 14 3
5 22 20 12 13 14
5 22 20 12 0 14
5 22 20 12 0 13
5 23 20 5 14 16
5 10 20 0 13 18
5 10 23 22 0 6
5 2 10 20 0 18
5 2 20 12 16 18
5 2 20 12 1 16
5 2 20 0 13 18
5 2 20 12 13 18
5 2 20 12 0 13
5 2 10 20 1 16
5 2 7 12 16 18
5 2 7 12 1 16
5 2 10 4 0 1
5 24 20 12 1 16
5 24 20 5 12 16
5 24 10 20 1 16
5 24 23 20 5 16
5 24 10 23 20 16
5 24 10 23 16 6
5 21 5 7 12 14
5 21 22 7 12 14
5 21 5 7 14 3
5 25 21 22 7 3
5 25 10 23 22 6
5 25 24 23 16 6
5 25 23 22 14 6
5 25 21 5 3 16
5 25 21 22 5 3
5 25 24 23 5 16
5 25 23 22 5 14
5 25 21 22 5 14
5 25 21 23 5 14
5 17 23 20 0 14
5 17 22 20 13 14
5 17 22 20 0 14
5 17 22 20 0 13
5 17 23 22 0 14
5 17 23 20 14 16
5 17 10 20 0 13
5 17 10 23 20 0
5 17 10 23 22 0
5 17 10 23 20 16
5 17 20 12 13 14
5 17 23 5 14 16
5 17 23 22 5 14
5 17 5 12 3 16
5 17 5 12 14 3
5 17 20 12 16 18
5 17 20 5 14 16
5 17 20 5 12 16
5 17 20 5 12 14
5 17 20 12 13 18
5 17 7 12 14 3
5 17 21 7 14 3
5 17 21 22 7 3
5 17 21 22 7 14
5 17 22 12 13 14
5 17 22 7 12 14
5 17 22 7 12 13
5 17 25 5 3 16
5 17 25 23 5 16
5 17 25 22 5 3
5 17 25 23 22 5
5 17 21 5 14 3
5 17 21 22 5 3
5 17 21 22 5 14
5 17 7 3 16 18
5 17 7 12 16 18
5 17 7 12 3 16
5 17 7 12 13 18
5 15 24 10 1 6
5 15 10 4 1 6
5 15 2 10 4 1
5 15 2 4 12 1
5 15 2 10 4 0
5 15 24 4 1 6
5 15 2 20 12 0
5 15 21 23 5 6
5 15 21 23 5 14
5 15 23 22 14 6
5 15 22 12 0 14
5 15 25 23 14 6
5 15 25 21 23 6
5 15 25 21 23 14
5 15 21 22 12 14
5 15 25 22 14 6
5 15 25 21 22 14
5 9 23 20 5 14
5 9 24 23 20 5
5 9 15 23 5 14
5 9 20 5 12 14
5 9 24 20 5 12
5 9 24 10 23 20
5 9 20 12 0 14
5 9 15 12 0 14
5 9 15 20 12 0
5 9 24 20 12 1
5 9 23 20 0 14
5 9 10 23 20 0
5 9 24 10 20 1
5 9 15 24 10 1
5 9 24 10 23 6
5 9 15 24 23 6
5 9 15 24 10 6
5 9 2 20 12 1
5 9 15 2 12 1
5 9 15 2 20 12
5 9 2 10 20 0
5 9 15 2 20 0
5 9 15 2 10 0
5 9 23 22 0 14
5 9 15 22 0 14
5 9 15 23 22 14
5 9 10 23 0 6
5 9 15 10 0 6
5 9 2 10 20 1
5 9 15 2 10 1
5 9 23 22 0 6
5 9 15 22 0 6
5 9 15 23 22 6
5 19 21 5 7 12
5 19 21 7 4 3
5 19 21 5 7 3
5 19 5 7 12 3
5 19 7 4 1 3
5 19 15 4 12 1
5 19 9 15 12 1
5 19 9 24 12 1
5 19 9 24 5 12
5 19 7 1 3 16
5 19 7 12 3 16
5 19 7 12 1 16
5 19 21 5 12 14
5 19 9 5 12 14
5 19 15 21 12 14
5 19 9 15 12 14
5 19 15 21 5 14
5 19 9 15 5 14
5 19 15 24 4 1
5 19 15 21 5 6
5 19 21 5 3 16
5 19 9 15 24 1
5 19 24 12 1 16
5 19 5 12 3 16
5 19 24 5 12 16
5 19 4 1 3 16
5 19 24 4 1 16
5 19 21 23 5 6
5 19 15 23 5 6
5 19 15 24 23 6
5 19 25 21 3 16
5 19 25 24 5 16
5 19 25 21 5 16
5 19 9 24 23 5
5 19 9 15 23 5
5 19 9 15 24 23
5 19 25 24 23 6
5 19 25 21 23 6
5 19 25 24 23 5
5 19 25 21 23 5
5 8 21 7 4 3
5 8 25 21 7 3
5 8 19 4 3 16
5 8 19 25 3 16
5 8 19 21 4 3
5 8 19 25 21 3
5 8 19 24 4 16
5 8 19 25 24 16
5 8 19 25 21 6
5 8 15 25 21 22
5 8 15 22 0 6
5 8 15 25 22 6
5 8 25 24 16 6
5 8 19 25 24 6
5 8 15 10 0 6
5 8 15 10 4 6
5 8 15 10 4 0
5 8 15 25 21 6
5 8 19 15 21 6
5 8 19 15 21 4
5 8 15 24 4 6
5 8 19 15 24 6
5 8 19 15 24 4
5 8 24 4 1 6
5 11 19 21 7 12
5 11 19 21 7 4
5 11 19 4 12 1
5 11 19 7 12 1
5 11 19 7 4 1
5 11 19 15 4 12
5 11 19 15 21 12
5 11 19 15 21 4
5 11 2 4 12 1
5 11 2 7 12 1
5 11 15 2 4 12
5 11 21 22 7 12
5 11 15 21 22 12
5 11 22 7 12 13
5 11 8 21 7 4
5 11 15 22 12 0
5 11 15 2 12 0
5 11 15 2 4 0
5 11 8 15 21 4
5 11 8 15 21 22
5 11 7 12 13 18
5 11 2 12 13 18
5 11 2 7 12 18
5 11 22 12 0 13
5 11 2 12 0 13
5 11 25 21 22 7
5 11 8 25 21 7
5 11 8 25 21 22
5 11 2 0 13 18
5 11 8 15 4 0
5 11 8 15 22 0
