343
5 22 31 16 4 14
5 15 22 31 16 4
5 30 11 20 14 7
5 30 11 22 14 7
5 30 22 13 14 7
5 30 12 11 20 7
5 30 25 13 20 14
5 30 11 25 20 14
5 30 22 13 4 14
5 30 11 22 4 14
5 30 25 13 4 14
5 30 11 25 4 14
5 30 22 13 4 29
5 30 12 11 25 20
5 30 22 31 4 29
5 6 15 31 4 29
5 6 15 13 4 29
5 6 31 16 4 23
5 2 26 12 0 7
5 2 30 12 20 7
5 1 6 15 13 4
5 1 6 15 13 0
5 1 2 15 22 13
5 1 22 13 14 7
5 1 22 13 4 14
5 1 26 0 23 7
5 1 26 23 14 7
5 32 26 11 23 14
5 32 11 31 23 14
5 32 1 26 23 14
5 32 31 4 23 14
5 32 31 16 4 14
5 32 31 16 4 23
5 32 1 22 14 7
5 32 1 26 14 7
5 18 2 30 13 20
5 18 6 15 13 0
5 28 11 25 4 29
5 28 30 11 4 29
5 28 30 11 25 29
5 28 30 11 25 4
5 28 30 13 4 29
5 28 30 25 13 4
5 28 6 13 4 29
5 28 6 25 4 29
5 28 30 25 13 20
5 28 6 15 13 29
5 28 18 6 15 29
5 28 18 6 13 20
5 28 18 6 15 13
5 10 6 31 16 23
5 10 32 11 31 23
5 10 6 11 25 29
5 10 6 11 31 29
5 10 6 15 31 16
5 10 18 6 15 0
5 10 28 30 25 29
5 10 28 6 25 29
5 10 28 18 6 29
5 10 28 30 25 20
5 10 28 18 30 20
5 10 28 6 25 20
5 27 15 31 16 4
5 27 6 31 16 4
5 27 6 15 31 4
5 27 6 15 31 16
5 27 1 6 15 4
5 27 15 22 16 4
5 27 6 16 4 23
5 27 1 6 15 0
5 27 22 16 4 14
5 27 1 22 4 14
5 27 15 22 13 4
5 27 1 22 13 4
5 27 1 15 13 4
5 27 1 15 22 13
5 27 32 16 4 23
5 27 1 6 0 23
5 27 32 16 4 14
5 27 32 22 16 14
5 27 32 1 22 14
5 27 1 2 15 22
5 27 1 4 23 14
5 27 32 4 23 14
5 27 32 1 23 14
5 27 32 1 26 23
5 27 1 26 0 23
5 27 10 6 0 23
5 27 10 6 15 0
5 27 10 6 16 23
5 27 10 6 15 16
5 27 1 2 15 0
5 27 32 26 22 7
5 27 32 1 22 7
5 27 32 1 26 7
5 27 1 2 22 7
5 27 1 26 0 7
5 27 1 2 0 7
5 24 2 30 12 20
5 24 18 2 30 20
5 24 6 13 0 20
5 24 18 6 13 20
5 24 18 6 13 0
5 24 10 18 12 0
5 24 10 18 6 0
5 24 10 18 30 20
5 24 10 6 25 20
5 24 28 18 6 20
5 24 10 28 6 20
5 24 10 28 18 20
5 24 10 28 18 6
5 24 30 12 25 20
5 24 10 30 25 20
5 24 10 30 12 25
5 3 1 22 13 7
5 3 1 2 22 7
5 3 1 2 22 13
5 3 30 22 13 7
5 3 2 30 22 7
5 3 2 30 22 13
5 3 2 30 20 7
5 3 2 30 13 20
5 3 30 20 14 7
5 3 30 13 14 7
5 3 30 13 20 14
5 3 2 12 20 7
5 3 24 2 12 20
5 3 1 2 0 7
5 3 18 2 13 20
5 3 24 18 13 20
5 3 24 18 2 20
5 3 24 13 0 20
5 3 2 12 0 7
5 3 24 2 12 0
5 3 24 18 13 0
5 3 24 18 2 0
5 3 1 15 13 0
5 3 1 2 15 0
5 3 1 2 15 13
5 3 18 15 13 0
5 3 18 2 15 0
5 3 18 2 15 13
5 17 32 31 16 14
5 17 32 11 31 14
5 17 22 31 16 14
5 17 32 22 16 14
5 17 32 31 16 23
5 17 10 31 16 23
5 17 10 32 31 23
5 17 27 32 16 23
5 5 17 22 31 14
5 5 17 11 31 14
5 5 17 11 22 14
5 5 22 31 4 14
5 5 11 31 4 14
5 5 11 22 4 14
5 5 30 22 31 4
5 5 30 11 22 4
5 5 11 31 4 29
5 5 30 31 4 29
5 5 30 11 4 29
5 5 10 11 31 29
5 5 30 11 25 29
5 5 10 11 25 29
5 5 10 30 25 29
5 5 10 30 11 25
5 8 32 22 14 7
5 8 17 32 22 14
5 8 11 22 14 7
5 8 17 11 22 14
5 8 32 26 14 7
5 8 32 26 22 7
5 8 26 11 14 7
5 8 30 11 22 7
5 8 32 26 11 14
5 8 17 32 11 14
5 8 17 32 26 11
5 8 27 26 22 7
5 8 27 32 26 22
5 8 26 12 11 7
5 8 2 30 22 7
5 8 30 12 11 7
5 8 5 30 11 22
5 8 5 17 11 22
5 8 27 2 22 7
5 8 27 32 22 16
5 8 17 32 22 16
5 8 17 27 32 16
5 8 27 32 26 23
5 8 17 32 26 23
5 8 17 27 32 23
5 8 2 26 12 7
5 8 2 30 12 7
5 8 2 26 0 7
5 8 27 26 0 7
5 8 27 2 0 7
5 8 27 26 0 23
5 8 26 12 0 23
5 8 2 26 12 0
5 9 32 26 11 23
5 9 17 32 26 23
5 9 17 32 26 11
5 9 26 12 11 23
5 9 10 32 11 23
5 9 17 10 32 23
5 9 10 12 11 23
5 9 8 26 12 23
5 9 8 17 26 23
5 9 8 26 12 11
5 9 8 17 26 11
5 9 10 32 11 31
5 9 17 32 11 31
5 9 17 10 32 31
5 9 10 12 0 23
5 9 8 5 17 11
5 9 5 10 11 31
5 9 5 17 11 31
5 9 27 10 0 23
5 9 10 18 12 0
5 9 5 10 30 11
5 9 8 30 12 11
5 9 17 10 31 16
5 9 27 10 16 23
5 9 17 10 16 23
5 9 17 27 16 23
5 9 27 10 15 0
5 9 10 18 15 0
5 9 30 12 11 25
5 9 10 12 11 25
5 9 10 30 11 25
5 9 10 30 12 25
5 9 27 10 15 16
5 9 17 27 15 16
5 9 24 10 30 12
5 9 24 10 18 12
5 19 8 5 30 22
5 19 8 5 17 22
5 19 5 30 22 31
5 19 30 22 31 29
5 19 15 22 31 16
5 19 5 30 31 29
5 19 17 22 31 16
5 19 5 17 22 31
5 19 9 17 15 16
5 19 2 30 22 13
5 19 9 8 5 17
5 19 22 31 4 29
5 19 15 31 4 29
5 19 15 22 31 4
5 19 30 22 13 29
5 19 5 10 31 29
5 19 9 17 31 16
5 19 9 5 17 31
5 19 18 2 15 13
5 19 18 2 30 13
5 19 28 18 15 29
5 19 5 10 30 29
5 19 9 5 10 30
5 19 9 8 30 12
5 19 8 5 30 11
5 19 9 5 30 11
5 19 9 8 30 11
5 19 9 8 5 11
5 19 9 10 18 15
5 19 22 13 4 29
5 19 15 13 4 29
5 19 15 22 13 4
5 19 28 15 13 29
5 19 28 30 13 29
5 19 10 15 31 16
5 19 9 10 31 16
5 19 9 10 15 16
5 19 9 5 10 31
5 19 6 15 31 29
5 19 10 6 31 29
5 19 10 6 15 31
5 19 28 18 15 13
5 19 10 28 30 29
5 19 10 28 18 29
5 19 10 28 18 30
5 19 18 6 15 29
5 19 10 18 6 29
5 19 10 18 6 15
5 19 24 10 18 30
5 19 9 24 10 30
5 19 9 24 10 18
5 19 9 24 30 12
5 19 9 24 18 12
5 19 18 30 13 20
5 19 28 30 13 20
5 19 28 18 13 20
5 19 28 18 30 20
5 21 27 2 15 0
5 21 8 27 2 0
5 21 18 2 15 0
5 21 27 2 15 22
5 21 8 27 2 22
5 21 8 2 12 0
5 21 19 18 2 15
5 21 9 18 15 0
5 21 9 27 15 0
5 21 27 15 22 16
5 21 8 27 22 16
5 21 24 2 12 0
5 21 24 18 12 0
5 21 24 18 2 0
5 21 9 18 12 0
5 21 9 17 27 15
5 21 8 27 0 23
5 21 8 17 27 23
5 21 17 27 15 16
5 21 8 17 27 16
5 21 2 15 22 13
5 21 19 15 22 13
5 21 19 2 22 13
5 21 19 2 15 13
5 21 19 8 17 22
5 21 8 2 30 22
5 21 19 2 30 22
5 21 19 8 30 22
5 21 8 17 22 16
5 21 24 2 30 12
5 21 24 18 2 30
5 21 8 12 0 23
5 21 9 12 0 23
5 21 9 8 12 23
5 21 19 9 18 12
5 21 19 9 8 12
5 21 19 18 2 30
5 21 8 2 30 12
5 21 19 8 30 12
5 21 19 9 18 15
5 21 19 9 17 15
5 21 19 9 8 17
5 21 9 27 0 23
5 21 9 17 27 23
5 21 9 8 17 23
5 21 19 15 22 16
5 21 19 17 22 16
5 21 19 17 15 16
5 21 19 24 30 12
5 21 19 24 18 12
5 21 19 24 18 30
