321
5 4 7 11 21 6
5 23 7 30 21 1
5 23 17 30 21 1
5 23 4 7 21 1
5 31 17 30 21 1
5 31 7 30 21 1
5 14 23 29 21 3
5 8 12 11 10 9
5 8 12 11 10 30
5 8 14 17 9 3
5 8 14 17 30 3
5 8 14 29 9 3
5 8 31 17 30 9
5 8 14 31 17 9
5 8 14 31 17 30
5 22 23 29 20 21
5 22 23 20 21 6
5 22 4 7 21 6
5 22 23 4 21 6
5 22 23 4 7 21
5 22 4 7 20 6
5 22 23 4 20 6
5 22 23 4 7 20
5 19 23 4 7 1
5 19 8 12 10 30
5 27 23 7 30 21
5 27 23 17 30 21
5 27 31 17 30 21
5 27 14 31 17 21
5 27 14 31 17 30
5 27 23 17 21 3
5 27 14 17 21 3
5 27 14 23 21 3
5 27 14 17 30 3
5 27 14 23 29 21
5 27 22 23 29 21
5 27 22 14 29 21
5 27 14 23 29 3
5 27 22 23 29 20
5 27 19 8 12 30
5 27 8 14 30 3
5 27 8 14 29 3
5 15 31 4 7 1
5 13 4 7 11 1
5 13 31 7 11 1
5 13 31 4 7 1
5 13 8 11 10 9
5 13 31 17 30 9
5 13 8 11 10 30
5 13 8 31 11 30
5 13 8 10 30 9
5 13 8 31 30 9
5 24 12 11 10 9
5 24 8 12 11 9
5 24 8 14 11 9
5 16 22 7 20 6
5 16 24 22 20 6
5 16 22 23 7 20
5 16 24 22 11 6
5 16 7 11 21 6
5 16 22 11 21 6
5 16 22 7 21 6
5 16 24 11 10 6
5 16 24 12 11 10
5 16 22 23 7 21
5 16 27 23 7 21
5 18 23 7 30 1
5 18 19 23 7 1
5 18 19 23 7 30
5 18 23 17 30 1
5 18 19 23 17 30
5 18 31 17 30 1
5 18 31 7 30 1
5 18 15 31 7 1
5 18 15 31 7 30
5 18 19 4 7 1
5 18 15 4 7 1
5 18 15 19 4 7
5 18 15 19 4 6
5 18 15 31 4 1
5 18 13 31 4 1
5 2 19 23 4 1
5 2 19 23 4 20
5 2 18 19 4 1
5 2 18 19 23 1
5 2 19 4 20 6
5 2 18 19 4 6
5 2 19 20 10 6
5 2 18 19 10 6
5 2 18 23 17 1
5 2 23 29 20 3
5 2 29 20 10 3
5 2 27 23 29 3
5 2 27 23 29 20
5 2 27 19 23 20
5 2 27 23 17 3
5 2 10 17 9 3
5 2 27 17 30 3
5 2 27 8 30 3
5 2 8 17 9 3
5 2 8 17 30 3
5 26 27 19 8 12
5 26 2 27 19 8
5 26 24 8 12 9
5 26 2 19 8 9
5 26 8 12 10 9
5 26 19 8 10 9
5 26 19 8 12 10
5 26 27 8 14 29
5 26 27 8 14 12
5 26 24 8 14 12
5 26 24 27 14 12
5 26 27 8 29 3
5 26 2 27 29 3
5 26 2 27 8 3
5 26 2 27 29 20
5 26 2 27 19 20
5 26 8 14 29 9
5 26 24 14 29 9
5 26 24 8 14 9
5 26 24 29 10 9
5 26 24 12 10 9
5 26 8 29 9 3
5 26 2 8 9 3
5 26 2 19 10 9
5 26 27 22 14 29
5 26 24 22 14 29
5 26 24 27 22 14
5 26 24 29 20 10
5 26 27 22 29 20
5 26 24 22 29 20
5 26 2 29 20 10
5 26 2 19 20 10
5 26 29 10 9 3
5 26 2 10 9 3
5 26 2 29 10 3
5 25 16 22 11 21
5 25 16 7 11 21
5 25 16 24 12 11
5 25 16 24 22 11
5 25 27 22 14 21
5 25 16 27 7 21
5 25 16 27 12 7
5 25 16 12 11 30
5 25 16 12 7 30
5 25 27 14 31 21
5 25 27 8 14 12
5 25 24 27 14 12
5 25 24 27 22 14
5 25 24 8 12 11
5 25 24 8 14 11
5 25 24 8 14 12
5 25 31 7 30 21
5 25 31 7 11 30
5 25 27 7 30 21
5 25 27 12 7 30
5 25 27 31 30 21
5 25 8 12 11 30
5 25 27 8 12 30
5 25 27 14 31 30
5 25 27 8 14 30
5 25 7 11 21 1
5 25 31 7 21 1
5 25 31 7 11 1
5 25 8 31 11 30
5 25 8 14 31 30
5 25 8 14 31 11
5 5 18 19 7 30
5 5 18 15 7 30
5 5 18 15 19 7
5 5 19 23 7 30
5 5 27 23 7 30
5 5 27 19 23 30
5 5 27 12 7 30
5 5 16 12 7 30
5 5 16 27 12 7
5 5 27 19 12 30
5 5 16 27 23 7
5 5 25 7 11 30
5 5 25 16 11 30
5 5 25 16 7 30
5 5 25 16 7 11
5 5 16 7 11 6
5 5 19 12 10 30
5 5 16 19 12 10
5 5 16 19 10 6
5 5 15 19 4 7
5 5 16 23 7 20
5 5 16 7 20 6
5 5 16 19 20 6
5 5 31 7 11 30
5 5 13 31 11 30
5 5 13 31 7 11
5 5 15 31 7 30
5 5 4 7 11 6
5 5 15 4 11 6
5 5 15 4 7 11
5 5 16 12 11 30
5 5 23 4 7 20
5 5 19 23 4 20
5 5 19 23 4 7
5 5 4 7 20 6
5 5 19 4 20 6
5 5 15 19 4 6
5 28 18 15 4 6
5 28 15 4 11 6
5 28 13 4 11 6
5 28 18 15 31 4
5 28 18 13 31 4
5 28 5 15 11 6
5 28 15 4 7 11
5 28 13 4 7 11
5 28 18 19 10 6
5 28 18 15 19 6
5 28 15 31 4 7
5 28 13 31 4 7
5 28 18 15 31 30
5 28 13 11 10 6
5 28 5 15 7 11
5 28 5 13 7 11
5 28 5 19 10 6
5 28 5 15 19 6
5 28 5 15 31 7
5 28 5 13 31 7
5 28 5 15 31 30
5 28 5 13 31 30
5 28 13 31 17 30
5 28 18 31 17 30
5 28 18 13 31 17
5 28 16 11 10 6
5 28 5 16 10 6
5 28 5 16 11 6
5 28 13 11 10 30
5 28 5 13 11 30
5 28 5 19 10 30
5 28 5 18 19 30
5 28 5 18 15 30
5 28 5 18 15 19
5 28 16 12 11 10
5 28 5 16 12 10
5 28 5 16 12 11
5 28 12 11 10 30
5 28 5 12 10 30
5 28 5 12 11 30
5 0 18 19 23 17
5 0 2 18 23 17
5 0 2 18 19 23
5 0 19 23 17 30
5 0 2 18 10 17
5 0 2 18 19 10
5 0 27 23 17 30
5 0 2 27 17 30
5 0 2 27 23 17
5 0 27 19 23 30
5 0 2 27 19 23
5 0 28 18 19 10
5 0 2 10 17 9
5 0 2 19 10 9
5 0 27 19 8 30
5 0 2 27 8 30
5 0 2 27 19 8
5 0 18 13 10 17
5 0 28 18 13 17
5 0 28 18 13 10
5 0 18 19 17 30
5 0 28 18 17 30
5 0 28 18 19 30
5 0 13 17 30 9
5 0 13 10 30 9
5 0 13 10 17 9
5 0 28 13 17 30
5 0 28 19 10 30
5 0 28 13 10 30
5 0 8 17 30 9
5 0 2 8 17 9
5 0 2 8 17 30
5 0 8 10 30 9
5 0 19 8 10 9
5 0 19 8 10 30
5 0 2 19 8 9
5 32 5 16 19 20
5 32 27 19 23 20
5 32 5 19 23 20
5 32 5 27 19 23
5 32 5 16 23 20
5 32 5 16 27 23
5 32 5 27 19 12
5 32 5 16 19 12
5 32 5 16 27 12
5 32 26 27 19 20
5 32 26 27 19 12
5 32 27 22 23 20
5 32 16 22 23 20
5 32 26 19 20 10
5 32 16 19 12 10
5 32 26 19 12 10
5 32 26 27 22 20
5 32 27 22 23 21
5 32 16 22 23 21
5 32 16 27 23 21
5 32 19 20 10 6
5 32 16 19 10 6
5 32 16 19 20 6
5 32 26 24 20 10
5 32 16 24 12 10
5 32 26 24 12 10
5 32 16 24 22 20
5 32 26 24 22 20
5 32 25 16 27 12
5 32 26 24 27 12
5 32 26 24 27 22
5 32 25 27 22 21
5 32 25 16 22 21
5 32 25 16 27 21
5 32 24 20 10 6
5 32 16 24 10 6
5 32 16 24 20 6
5 32 25 24 27 12
5 32 25 24 27 22
5 32 25 16 24 12
5 32 25 16 24 22
