219
5 7 4 6 24 22
5 19 6 25 1 22
5 19 4 6 1 22
5 19 4 0 1 22
5 13 7 4 0 22
5 13 7 23 0 22
5 16 4 6 25 1
5 16 13 4 0 1
5 5 19 4 6 22
5 18 7 4 0 22
5 18 19 4 0 22
5 18 19 7 0 22
5 18 5 19 4 22
5 18 7 4 6 22
5 18 5 4 6 22
5 18 5 7 6 22
5 18 13 7 4 0
5 10 19 6 25 22
5 10 19 23 6 22
5 10 16 4 6 25
5 10 5 16 4 6
5 14 17 19 0 22
5 14 10 19 25 22
5 14 10 19 23 22
5 14 10 17 23 25
5 14 7 23 0 22
5 14 19 7 0 22
5 2 19 4 0 1
5 2 19 25 1 22
5 2 19 0 1 22
5 2 17 0 1 22
5 2 17 19 0 22
5 2 14 25 1 22
5 2 14 17 1 22
5 2 14 17 25 1
5 2 14 19 25 22
5 2 14 17 19 22
5 2 14 10 19 25
5 2 14 10 17 25
5 2 14 10 17 19
5 2 4 6 25 1
5 2 10 4 6 25
5 2 19 6 25 1
5 2 10 19 6 25
5 2 19 4 6 1
5 2 5 19 4 6
5 2 10 5 4 6
5 2 10 5 19 6
5 11 13 7 23 0
5 11 14 17 23 0
5 11 13 7 23 24
5 9 16 4 6 24
5 9 11 18 5 24
5 9 7 4 6 24
5 9 18 7 4 24
5 9 18 7 4 6
5 9 18 5 7 6
5 8 10 16 6 25
5 8 9 16 6 24
5 8 10 5 16 6
5 8 9 5 16 6
5 8 10 19 23 6
5 8 10 5 19 6
5 12 2 17 25 1
5 12 2 17 0 1
5 12 2 4 25 1
5 12 2 4 0 1
5 12 2 10 17 25
5 12 16 4 25 1
5 12 16 4 0 1
5 12 16 13 0 1
5 12 10 16 4 25
5 12 2 10 4 25
5 12 10 17 23 25
5 12 11 10 17 23
5 12 10 5 16 4
5 12 2 10 5 4
5 15 18 5 19 4
5 15 2 5 19 4
5 15 18 19 4 0
5 15 2 19 4 0
5 15 2 10 5 19
5 15 2 17 19 0
5 15 12 2 4 0
5 15 12 2 5 4
5 15 2 10 17 19
5 15 12 2 10 5
5 15 18 19 7 0
5 15 12 16 4 0
5 15 12 5 16 4
5 15 14 19 7 0
5 15 14 17 19 0
5 15 12 2 17 0
5 15 12 2 10 17
5 15 16 13 4 0
5 15 18 13 4 0
5 15 18 13 7 0
5 15 11 13 7 0
5 15 11 18 13 7
5 15 12 11 17 0
5 15 12 11 10 17
5 21 14 7 23 0
5 21 11 7 23 0
5 21 11 14 23 0
5 21 11 14 17 0
5 21 15 14 7 0
5 21 15 14 17 0
5 21 15 11 7 0
5 21 15 11 17 0
5 21 15 14 19 7
5 21 15 11 18 7
5 21 15 14 17 19
5 21 14 7 23 22
5 21 14 19 23 22
5 21 14 19 7 22
5 21 15 18 19 7
5 21 15 11 18 5
5 21 14 10 19 23
5 21 14 10 17 19
5 21 15 10 17 19
5 21 15 11 10 17
5 21 15 18 5 19
5 21 11 7 23 24
5 21 11 18 7 24
5 21 11 18 5 24
5 21 14 10 17 23
5 21 11 10 17 23
5 21 11 14 17 23
5 21 15 10 5 19
5 21 15 11 10 5
5 21 19 23 6 22
5 21 5 19 6 22
5 21 18 19 7 22
5 21 18 5 7 22
5 21 18 5 19 22
5 21 9 11 5 24
5 21 9 18 7 24
5 21 9 18 5 24
5 21 9 18 5 7
5 21 8 10 19 23
5 21 8 10 5 19
5 21 8 11 10 23
5 21 8 11 10 5
5 21 7 23 24 22
5 21 5 7 6 22
5 21 9 5 7 6
5 21 8 19 23 6
5 21 8 5 19 6
5 21 8 11 23 24
5 21 8 9 11 24
5 21 8 9 11 5
5 21 23 6 24 22
5 21 7 6 24 22
5 21 9 7 6 24
5 21 8 9 5 6
5 21 8 23 6 24
5 21 8 9 6 24
5 3 15 5 16 4
5 3 15 18 5 4
5 3 15 16 13 4
5 3 15 18 13 4
5 3 5 16 4 6
5 3 9 16 4 6
5 3 9 5 16 6
5 3 9 16 4 24
5 3 9 18 4 24
5 3 18 5 4 6
5 3 9 18 4 6
5 3 9 18 5 6
5 3 16 13 4 24
5 3 15 11 18 13
5 3 9 11 18 5
5 3 15 11 18 5
5 3 9 11 18 24
5 3 13 7 4 24
5 3 18 7 4 24
5 3 18 13 7 4
5 3 11 16 13 24
5 3 11 13 7 24
5 3 11 18 7 24
5 3 11 18 13 7
5 20 12 11 13 0
5 20 15 11 13 0
5 20 15 12 11 0
5 20 12 16 13 0
5 20 15 16 13 0
5 20 15 12 16 0
5 20 11 16 13 24
5 20 3 11 16 13
5 20 3 15 16 13
5 20 3 15 11 13
5 20 15 12 5 16
5 20 3 15 5 16
5 20 3 15 11 5
5 20 12 16 25 1
5 20 12 16 13 1
5 20 3 9 5 16
5 20 3 9 11 5
5 20 15 11 10 5
5 20 15 12 10 5
5 20 15 12 11 10
5 20 8 16 6 25
5 20 8 11 23 24
5 20 8 9 16 24
5 20 8 9 11 24
5 20 8 10 16 25
5 20 12 10 16 25
5 20 8 9 5 16
5 20 8 9 11 5
5 20 8 10 5 16
5 20 12 10 5 16
5 20 8 11 10 5
5 20 3 11 16 24
5 20 3 9 16 24
5 20 3 9 11 24
5 20 8 11 10 23
5 20 12 10 23 25
5 20 12 11 23 25
5 20 12 11 10 23
