333
5 18 14 6 10 7
5 18 14 28 6 7
5 13 24 22 1 20
5 21 14 6 10 7
5 2 0 25 28 7
5 2 13 24 1 20
5 2 24 22 1 20
5 30 24 29 27 20
5 9 0 13 25 1
5 9 0 25 28 7
5 9 21 25 6 7
5 3 21 25 27 31
5 3 32 22 27 31
5 3 25 22 1 31
5 3 9 21 25 27
5 3 32 29 22 27
5 3 0 13 25 1
5 3 9 0 13 27
5 3 9 0 13 25
5 3 29 22 27 20
5 19 21 32 27 31
5 19 3 32 27 31
5 19 32 6 31 10
5 19 21 6 31 10
5 19 21 32 31 10
5 19 21 32 27 10
5 19 3 32 29 27
5 19 21 14 6 10
5 19 21 14 27 10
5 19 32 29 27 10
5 19 14 29 27 10
5 19 30 14 29 27
5 19 18 14 6 10
5 19 30 18 6 10
5 19 18 14 29 10
5 19 30 18 29 10
5 19 30 18 14 29
5 4 9 0 25 1
5 4 9 0 25 28
5 4 9 28 6 7
5 4 9 25 6 7
5 4 9 25 28 7
5 4 18 28 6 7
5 4 18 6 10 7
5 4 18 28 10 7
5 4 2 0 24 28
5 4 18 14 28 6
5 12 4 9 25 1
5 12 4 9 25 6
5 12 4 9 0 1
5 11 12 4 25 6
5 11 2 0 25 1
5 11 4 0 25 1
5 11 12 25 6 31
5 11 25 22 1 31
5 11 2 25 22 31
5 11 2 25 22 1
5 11 4 0 25 28
5 11 4 2 0 28
5 11 3 22 1 31
5 11 2 13 24 1
5 11 2 32 22 31
5 11 3 32 22 31
5 11 3 13 22 1
5 11 19 3 32 31
5 11 2 32 29 22
5 11 3 32 29 22
5 11 13 22 1 20
5 11 2 22 1 20
5 11 2 13 1 20
5 11 3 13 22 20
5 11 2 13 24 20
5 11 19 3 32 29
5 11 2 29 22 20
5 11 3 29 22 20
5 5 9 21 14 27
5 5 9 21 25 27
5 5 12 9 25 6
5 5 21 25 27 31
5 5 9 21 25 6
5 5 12 4 9 6
5 5 19 21 27 31
5 5 19 21 14 27
5 5 21 25 6 31
5 5 21 14 6 7
5 5 9 21 6 7
5 5 9 21 14 7
5 5 4 14 28 6
5 5 4 9 28 6
5 5 4 18 14 6
5 5 12 4 9 28
5 5 19 21 6 31
5 5 19 21 14 6
5 5 14 28 6 7
5 5 9 28 6 7
5 5 9 14 28 7
5 5 19 30 14 27
5 5 4 18 14 28
5 5 19 18 14 6
5 5 19 30 18 6
5 5 19 30 18 14
5 15 12 4 25 1
5 15 11 4 25 1
5 15 11 12 25 1
5 15 11 12 4 25
5 15 12 4 0 1
5 15 11 4 0 1
5 15 0 13 24 1
5 15 11 13 24 1
5 15 4 0 24 28
5 15 2 0 24 1
5 15 11 2 24 1
5 15 11 2 0 1
5 15 4 2 0 24
5 15 11 4 2 0
5 15 11 13 24 20
5 15 11 12 4 6
5 17 2 0 25 28
5 17 11 0 25 28
5 17 11 2 0 28
5 17 11 2 0 25
5 17 2 25 28 7
5 17 4 25 28 7
5 17 11 4 25 28
5 17 11 4 2 28
5 17 2 25 10 7
5 17 4 25 6 7
5 17 11 4 25 6
5 17 2 28 10 7
5 17 4 28 10 7
5 17 2 25 31 10
5 17 11 2 25 31
5 17 4 6 10 7
5 17 4 18 28 10
5 17 21 6 10 7
5 17 21 25 10 7
5 17 21 25 6 7
5 17 11 25 6 31
5 17 2 32 31 10
5 17 11 2 32 31
5 17 18 24 28 10
5 17 2 24 28 10
5 17 4 18 6 10
5 17 4 18 24 28
5 17 4 2 24 28
5 17 21 6 31 10
5 17 21 25 31 10
5 17 21 25 6 31
5 17 32 6 31 10
5 17 30 18 24 10
5 17 30 18 6 10
5 17 15 4 18 24
5 17 15 4 2 24
5 17 19 32 6 10
5 17 15 11 4 2
5 17 19 32 6 31
5 17 11 19 6 31
5 17 11 19 32 31
5 17 2 24 29 10
5 17 30 24 29 10
5 17 30 2 24 29
5 17 2 32 29 10
5 17 19 32 29 10
5 17 11 2 32 29
5 17 11 19 32 29
5 17 15 11 4 6
5 17 19 30 6 10
5 17 19 30 29 10
5 16 5 12 9 28
5 16 4 9 0 28
5 16 12 4 9 28
5 16 12 4 9 0
5 16 5 9 14 28
5 16 15 4 0 28
5 16 15 12 4 0
5 16 5 18 14 28
5 16 9 0 13 1
5 16 12 9 13 1
5 16 12 9 0 1
5 16 15 0 24 28
5 16 18 24 14 28
5 16 5 4 18 28
5 16 5 12 4 28
5 16 5 12 4 18
5 16 5 30 18 14
5 16 15 0 13 1
5 16 15 12 13 1
5 16 15 12 0 1
5 16 15 0 13 24
5 16 4 18 24 28
5 16 15 4 24 28
5 16 15 4 18 24
5 16 30 18 24 14
5 16 15 13 24 20
5 16 13 24 27 20
5 16 15 30 18 24
5 26 5 19 30 6
5 26 5 12 19 6
5 26 15 12 4 6
5 26 5 30 18 6
5 26 5 4 18 6
5 26 5 12 4 6
5 26 5 12 4 18
5 26 16 5 30 18
5 26 16 5 12 18
5 26 17 30 18 6
5 26 17 4 18 6
5 26 16 15 30 18
5 26 16 12 4 18
5 26 16 15 4 18
5 26 16 15 12 4
5 8 16 5 12 9
5 8 5 12 9 25
5 8 16 12 9 13
5 8 3 9 13 25
5 8 3 9 25 27
5 8 5 9 25 27
5 8 3 9 13 27
5 8 5 9 14 27
5 8 16 9 14 27
5 8 16 5 9 14
5 8 9 13 25 1
5 8 12 9 25 1
5 8 12 9 13 1
5 8 3 13 25 1
5 8 3 25 27 31
5 8 5 25 27 31
5 8 9 0 13 27
5 8 16 0 13 27
5 8 16 9 0 27
5 8 16 9 0 13
5 8 3 13 27 20
5 8 16 13 27 20
5 8 5 30 14 27
5 8 16 5 30 14
5 8 5 19 30 27
5 8 26 16 5 30
5 8 26 16 5 12
5 8 3 25 1 31
5 8 11 3 13 1
5 8 19 3 27 31
5 8 5 19 27 31
5 8 12 25 6 31
5 8 5 25 6 31
5 8 5 12 25 6
5 8 16 15 13 20
5 8 16 15 12 13
5 8 30 24 14 27
5 8 16 24 14 27
5 8 16 30 24 14
5 8 26 5 19 30
5 8 26 5 12 19
5 8 30 24 27 20
5 8 16 24 27 20
5 8 11 25 1 31
5 8 11 12 25 31
5 8 11 12 25 1
5 8 11 3 1 31
5 8 15 12 13 1
5 8 15 11 13 1
5 8 15 11 12 1
5 8 11 19 3 31
5 8 5 19 6 31
5 8 5 12 19 6
5 8 11 19 6 31
5 8 11 12 6 31
5 8 30 29 27 20
5 8 19 30 29 27
5 8 3 29 27 20
5 8 19 3 29 27
5 23 17 15 4 18
5 23 26 15 4 18
5 23 26 17 4 18
5 23 26 15 30 18
5 23 26 17 30 18
5 23 17 15 4 6
5 23 26 15 4 6
5 23 26 17 4 6
5 23 15 30 18 24
5 23 17 30 18 24
5 23 17 15 18 24
5 23 17 15 11 6
5 23 17 30 2 24
5 23 17 15 2 24
5 23 17 15 11 2
5 23 15 11 12 6
5 23 26 15 12 6
5 23 17 11 19 6
5 23 17 30 2 29
5 23 17 11 2 29
5 23 8 26 19 30
5 23 17 19 30 29
5 23 17 11 19 29
5 23 17 19 30 6
5 23 26 19 30 6
5 23 26 17 30 6
5 23 26 12 19 6
5 23 2 24 29 20
5 23 30 24 29 20
5 23 30 2 24 29
5 23 11 2 24 20
5 23 15 11 24 20
5 23 15 11 2 24
5 23 8 30 24 20
5 23 11 2 29 20
5 23 8 19 30 29
5 23 8 15 11 12
5 23 8 26 12 19
5 23 8 12 19 6
5 23 8 11 19 6
5 23 8 11 12 6
5 23 16 15 24 20
5 23 8 16 24 20
5 23 8 16 15 20
5 23 8 30 29 20
5 23 16 15 30 24
5 23 8 16 30 24
5 23 11 19 3 29
5 23 8 19 3 29
5 23 8 11 19 3
5 23 26 16 15 30
5 23 26 16 15 12
5 23 8 16 15 12
5 23 8 26 16 30
5 23 8 26 16 12
5 23 11 3 29 20
5 23 8 3 29 20
5 23 15 11 13 20
5 23 8 15 13 20
5 23 8 15 11 13
5 23 11 3 13 20
5 23 8 3 13 20
5 23 8 11 3 13
