200
5 11 4 16 24 12
5 11 4 21 16 24
5 2 4 16 24 12
5 2 4 21 16 24
5 15 4 25 12 22
5 15 2 4 12 22
5 3 11 21 16 24
5 3 11 16 24 12
5 18 2 4 21 24
5 18 11 4 21 24
5 18 7 11 4 24
5 8 3 7 11 24
5 8 9 3 7 6
5 14 7 4 25 12
5 14 19 4 25 22
5 14 18 7 11 4
5 14 9 7 25 22
5 14 9 19 25 22
5 14 9 19 7 22
5 14 18 7 4 22
5 14 18 19 4 22
5 14 18 19 7 22
5 14 18 7 11 21
5 14 18 11 4 21
5 14 8 7 11 21
5 14 8 9 7 21
5 14 9 19 6 21
5 14 8 9 6 21
5 1 2 4 21 16
5 1 18 2 4 21
5 1 15 4 25 22
5 1 15 2 4 22
5 1 19 4 25 22
5 1 14 18 4 21
5 1 14 18 19 21
5 1 14 18 19 4
5 1 18 2 4 22
5 1 18 19 4 22
5 23 18 2 21 24
5 23 2 21 16 24
5 23 1 2 21 16
5 23 1 13 21 16
5 23 1 13 2 16
5 23 1 18 2 21
5 23 8 9 6 21
5 23 1 18 2 22
5 23 1 18 19 21
5 23 18 11 21 24
5 23 18 7 11 24
5 23 18 7 11 21
5 23 8 11 21 24
5 23 8 7 11 24
5 23 8 7 11 21
5 23 8 9 7 21
5 23 8 9 7 6
5 23 9 19 6 21
5 23 14 18 7 21
5 23 14 9 7 21
5 23 14 18 19 21
5 23 14 9 19 21
5 23 18 19 7 22
5 23 9 19 7 22
5 23 14 18 19 7
5 23 14 9 19 7
5 0 13 15 6 25
5 0 1 15 25 22
5 0 9 19 25 22
5 0 1 19 25 22
5 0 1 15 2 22
5 0 1 13 15 2
5 0 23 9 19 22
5 0 23 9 19 6
5 0 23 1 2 22
5 0 23 1 13 2
5 0 1 18 19 22
5 0 23 18 19 22
5 0 23 1 18 22
5 0 23 1 18 19
5 20 3 11 21 16
5 20 14 8 11 21
5 20 3 11 16 12
5 20 14 8 6 21
5 20 8 3 7 11
5 20 14 8 7 11
5 20 11 4 16 12
5 20 3 7 11 12
5 20 3 15 25 12
5 20 3 15 6 25
5 20 14 8 9 6
5 20 7 11 4 12
5 20 14 7 4 12
5 20 14 7 11 4
5 20 15 4 25 12
5 20 14 4 25 12
5 20 14 7 25 12
5 20 9 3 7 25
5 20 8 9 3 7
5 20 14 9 7 25
5 20 14 8 9 7
5 20 9 3 6 25
5 20 8 9 3 6
5 10 20 3 11 21
5 10 20 8 11 21
5 10 20 8 3 11
5 10 3 11 21 24
5 10 8 11 21 24
5 10 8 3 11 24
5 10 20 3 21 16
5 10 3 21 16 24
5 10 20 8 3 6
5 10 23 21 16 24
5 10 23 8 21 24
5 10 20 8 6 21
5 10 23 8 6 21
5 10 23 13 21 16
5 10 23 13 6 16
5 10 23 13 6 21
5 10 3 15 6 16
5 10 13 15 6 16
5 5 1 4 21 16
5 5 1 15 4 25
5 5 20 15 4 25
5 5 1 2 4 16
5 5 11 4 21 16
5 5 20 11 21 16
5 5 20 11 4 16
5 5 1 13 21 16
5 5 1 13 2 16
5 5 20 14 4 25
5 5 10 13 21 16
5 5 10 20 21 16
5 5 14 11 4 21
5 5 1 14 4 21
5 5 20 14 11 21
5 5 20 14 11 4
5 5 0 1 13 15
5 5 14 19 4 25
5 5 1 19 4 25
5 5 1 14 19 4
5 5 0 1 15 25
5 5 0 1 19 25
5 5 10 13 6 21
5 5 10 20 6 21
5 5 23 1 19 21
5 5 23 1 13 21
5 5 1 14 19 21
5 5 0 13 15 25
5 5 0 23 1 19
5 5 0 23 1 13
5 5 13 15 6 25
5 5 23 19 6 21
5 5 23 13 6 21
5 5 14 19 6 21
5 5 20 14 6 21
5 5 0 13 6 25
5 5 0 23 19 6
5 5 0 23 13 6
5 5 14 9 19 25
5 5 14 9 19 6
5 5 20 9 6 25
5 5 20 14 9 25
5 5 20 14 9 6
5 5 0 9 6 25
5 5 0 9 19 25
5 5 0 9 19 6
5 17 20 4 16 12
5 17 5 20 4 16
5 17 2 4 16 12
5 17 5 2 4 16
5 17 20 15 4 12
5 17 5 20 15 4
5 17 15 2 16 12
5 17 15 2 4 12
5 17 3 15 16 12
5 17 20 3 16 12
5 17 20 3 15 12
5 17 13 15 2 16
5 17 5 13 2 16
5 17 1 15 2 4
5 17 5 1 2 4
5 17 5 1 15 4
5 17 10 3 15 16
5 17 10 20 3 16
5 17 10 13 15 16
5 17 5 10 13 16
5 17 5 10 20 16
5 17 5 13 15 6
5 17 1 13 15 2
5 17 5 1 13 2
5 17 5 1 13 15
5 17 20 3 15 6
5 17 10 3 15 6
5 17 10 20 3 6
5 17 10 13 15 6
5 17 5 10 13 6
5 17 5 10 20 6
5 17 20 15 6 25
5 17 5 15 6 25
5 17 5 20 6 25
5 17 5 20 15 25
