114
5 15 3 10 7 18
5 0 3 10 17 1
5 0 14 3 10 5
5 0 3 10 7 1
5 0 14 10 7 1
5 0 14 3 10 7
5 4 15 6 5 18
5 4 15 10 7 18
5 4 14 6 7 1
5 16 0 14 3 7
5 16 3 10 7 18
5 16 14 3 10 7
5 16 0 3 5 18
5 16 0 14 3 5
5 16 4 10 7 18
5 16 4 14 7 18
5 16 4 14 10 7
5 16 14 3 10 5
5 16 4 15 10 18
5 16 15 3 5 18
5 16 15 3 10 18
5 16 15 3 10 5
5 16 4 15 5 18
5 16 4 14 6 18
5 16 4 14 12 10
5 11 8 15 12 10
5 11 16 4 15 5
5 11 4 15 12 10
5 11 16 4 12 10
5 11 16 4 15 10
5 11 8 14 12 10
5 11 16 14 12 10
5 11 4 15 6 5
5 11 4 15 6 12
5 11 8 14 6 12
5 11 8 6 12 17
5 11 8 15 12 17
5 11 0 15 17 5
5 11 4 6 5 18
5 11 16 6 5 18
5 11 16 4 5 18
5 11 16 4 6 18
5 11 4 14 6 12
5 11 16 4 14 12
5 11 16 4 14 6
5 9 8 15 10 17
5 9 8 15 12 17
5 9 8 15 12 10
5 9 8 10 17 1
5 9 3 10 17 1
5 9 3 10 7 1
5 9 15 3 10 17
5 9 15 3 10 7
5 9 4 12 7 1
5 9 4 15 10 7
5 9 4 15 12 10
5 9 4 14 12 10
5 9 14 10 7 1
5 9 4 14 7 1
5 9 4 14 10 7
5 2 16 15 10 5
5 2 11 16 15 5
5 2 11 16 15 10
5 2 15 3 10 5
5 2 16 14 10 5
5 2 11 16 14 10
5 2 0 3 10 5
5 2 0 15 3 5
5 2 11 0 15 5
5 2 15 3 10 17
5 2 16 14 6 5
5 2 11 16 6 5
5 2 11 16 14 6
5 2 0 3 10 17
5 2 0 15 3 17
5 2 11 0 15 17
5 2 8 15 10 17
5 2 11 8 15 17
5 2 11 8 15 10
5 2 0 14 10 1
5 2 0 14 10 5
5 2 11 8 14 10
5 2 0 14 6 1
5 2 0 14 6 5
5 2 11 8 14 6
5 2 0 6 17 1
5 2 0 10 17 1
5 2 8 10 17 1
5 13 2 14 10 1
5 13 2 8 10 1
5 13 2 8 14 10
5 13 9 14 10 1
5 13 9 8 10 1
5 13 2 14 6 1
5 13 2 8 14 6
5 13 8 14 12 10
5 13 9 14 12 10
5 13 9 8 12 10
5 13 2 11 8 6
5 13 8 14 6 12
5 13 11 8 6 17
5 13 2 6 17 1
5 13 2 11 6 17
5 13 2 8 17 1
5 13 2 11 8 17
5 13 4 6 12 1
5 13 4 14 6 1
5 13 4 14 6 12
5 13 9 4 12 1
5 13 9 4 14 1
5 13 9 4 14 12
5 13 8 6 12 17
5 13 9 8 17 1
5 13 9 8 12 17
