309
5 17 22 15 8 20
5 17 15 8 20 2
5 23 9 28 14 11
5 0 9 14 11 8
5 24 21 15 8 2
5 24 17 15 8 2
5 4 22 15 8 20
5 4 1 22 8 20
5 4 15 8 20 2
5 4 1 8 20 2
5 4 1 15 20 2
5 4 9 1 22 20
5 4 9 1 22 8
5 4 21 15 8 2
5 16 28 14 11 18
5 16 0 14 11 18
5 16 9 14 7 18
5 16 0 14 7 18
5 26 23 28 20 3
5 26 9 1 28 8
5 26 9 1 22 8
5 26 23 9 28 11
5 26 23 9 28 20
5 26 23 9 22 20
5 26 9 1 28 20
5 26 9 1 22 20
5 26 9 28 14 11
5 12 4 31 15 18
5 12 16 4 0 18
5 12 0 14 11 7
5 10 17 22 15 20
5 10 23 20 7 3
5 19 26 23 28 3
5 19 26 23 28 11
5 19 24 17 8 2
5 19 26 24 8 2
5 19 26 1 28 2
5 19 17 20 2 3
5 19 17 8 20 2
5 19 26 1 8 2
5 19 1 28 20 3
5 19 26 28 20 3
5 19 26 1 28 20
5 19 17 22 20 3
5 19 17 22 8 20
5 19 23 22 20 3
5 19 26 23 20 3
5 19 26 23 22 20
5 19 1 20 2 3
5 19 1 8 20 2
5 19 1 22 8 20
5 19 26 1 22 20
5 19 26 1 22 8
5 30 0 9 14 8
5 30 16 0 9 14
5 30 0 14 11 8
5 30 16 0 14 11
5 30 4 0 9 8
5 30 16 4 0 9
5 30 9 14 11 8
5 30 26 9 11 8
5 30 26 9 14 11
5 30 26 9 28 8
5 30 16 9 28 14
5 30 26 9 28 14
5 30 4 9 1 8
5 30 16 28 14 11
5 30 26 28 14 11
5 30 9 1 28 8
5 30 16 0 11 18
5 30 16 4 9 18
5 30 16 4 0 18
5 30 16 9 28 18
5 30 16 28 11 18
5 30 12 0 21 18
5 30 12 4 0 18
5 30 1 21 28 2
5 30 1 21 28 18
5 30 4 21 8 2
5 30 4 1 8 2
5 30 12 21 15 18
5 30 12 4 15 18
5 30 12 4 21 15
5 30 26 1 28 8
5 30 4 21 15 2
5 30 4 1 15 2
5 27 4 21 15 8
5 27 12 4 15 8
5 27 12 4 21 15
5 27 24 21 15 8
5 27 30 4 21 8
5 27 30 12 4 21
5 27 24 17 15 8
5 27 30 12 0 21
5 27 12 4 0 8
5 27 30 4 0 8
5 27 30 12 4 0
5 27 19 24 17 8
5 27 12 0 11 8
5 27 30 0 11 8
5 27 30 26 11 8
5 27 24 21 8 2
5 27 26 24 8 2
5 27 30 21 8 2
5 27 30 26 28 11
5 27 26 1 8 2
5 27 30 1 8 2
5 27 30 26 1 8
5 27 26 1 28 2
5 27 30 1 28 2
5 27 30 26 1 28
5 32 12 4 31 15
5 32 10 4 31 15
5 32 10 4 9 18
5 32 16 4 0 9
5 32 12 16 4 0
5 32 16 4 9 18
5 32 23 9 14 7
5 32 16 0 9 14
5 32 12 0 14 11
5 32 12 0 14 7
5 32 12 16 0 18
5 32 12 4 31 18
5 32 12 16 4 18
5 32 16 9 7 18
5 32 16 9 14 7
5 32 23 14 11 7
5 32 12 14 11 7
5 32 16 0 14 7
5 32 12 0 7 18
5 32 12 31 7 18
5 32 16 0 7 18
5 25 31 17 22 15
5 25 10 17 22 15
5 25 10 31 17 15
5 25 32 10 31 15
5 25 10 31 17 3
5 25 12 31 22 15
5 25 32 10 31 7
5 25 17 22 20 3
5 25 10 17 20 3
5 25 10 17 22 20
5 25 4 22 15 20
5 25 10 22 15 20
5 25 10 4 15 20
5 13 27 24 17 15
5 13 24 17 21 15
5 13 12 17 21 15
5 13 27 24 21 15
5 13 27 12 21 15
5 13 31 17 22 15
5 13 12 31 22 15
5 13 12 31 17 15
5 13 17 22 15 8
5 13 27 17 15 8
5 13 12 22 15 8
5 13 27 12 15 8
5 13 25 12 31 22
5 13 12 31 17 7
5 13 25 31 17 22
5 13 31 17 7 3
5 13 32 12 31 7
5 5 19 26 24 8
5 5 27 26 24 8
5 5 27 19 24 8
5 5 27 19 26 8
5 5 19 26 28 2
5 5 19 26 24 2
5 5 27 26 28 2
5 5 27 26 24 2
5 5 19 26 28 11
5 5 27 26 28 11
5 5 27 19 26 11
5 5 27 24 21 2
5 5 13 27 24 21
5 5 30 21 28 2
5 5 27 30 28 2
5 5 27 30 21 2
5 5 27 30 28 11
5 5 13 27 19 11
5 5 13 24 17 21
5 5 27 19 24 17
5 5 13 27 24 17
5 5 13 27 19 17
5 5 30 28 11 18
5 5 30 21 28 18
5 5 27 30 0 11
5 5 27 30 0 21
5 5 13 27 12 11
5 5 13 27 12 21
5 5 13 19 17 3
5 5 30 0 11 18
5 5 30 0 21 18
5 5 27 12 0 11
5 5 27 12 0 21
5 5 13 12 17 21
5 6 32 10 4 9
5 6 10 4 9 20
5 6 25 10 4 20
5 6 32 10 4 15
5 6 25 10 4 15
5 6 25 32 10 15
5 6 4 9 22 20
5 6 25 4 22 20
5 6 10 23 9 20
5 6 25 10 23 20
5 6 4 9 22 8
5 6 10 23 9 7
5 6 32 23 9 7
5 6 32 10 9 7
5 6 25 10 23 7
5 6 25 32 10 7
5 6 32 12 4 15
5 6 23 9 22 20
5 6 25 23 22 20
5 6 4 0 9 8
5 6 12 4 0 8
5 6 32 4 0 9
5 6 32 12 4 0
5 6 4 22 15 8
5 6 25 4 22 15
5 6 12 4 15 8
5 6 32 23 9 14
5 6 32 12 31 15
5 6 25 12 31 15
5 6 25 32 31 15
5 6 0 9 11 8
5 6 12 0 11 8
5 6 32 12 0 11
5 6 12 22 15 8
5 6 25 12 22 15
5 6 0 9 14 11
5 6 32 0 14 11
5 6 32 0 9 14
5 6 13 32 12 31
5 6 13 25 12 31
5 6 13 25 32 31
5 6 13 12 22 8
5 6 13 25 12 22
5 29 19 17 22 8
5 29 13 17 22 8
5 29 27 19 17 8
5 29 13 27 17 8
5 29 13 27 19 17
5 29 19 17 22 3
5 29 13 19 17 3
5 29 19 26 22 8
5 29 19 26 23 22
5 29 19 23 22 3
5 29 13 19 23 3
5 29 27 19 26 8
5 29 25 17 22 3
5 29 13 25 17 22
5 29 26 9 22 8
5 29 26 23 9 22
5 29 6 13 22 8
5 29 19 26 23 11
5 29 13 19 23 11
5 29 27 19 26 11
5 29 13 27 19 11
5 29 25 31 17 3
5 29 13 31 17 3
5 29 13 25 31 17
5 29 26 9 11 8
5 29 26 23 9 11
5 29 6 9 11 8
5 29 6 9 22 8
5 29 6 23 9 22
5 29 27 26 11 8
5 29 6 25 23 22
5 29 6 13 25 22
5 29 23 22 20 3
5 29 25 22 20 3
5 29 25 23 22 20
5 29 13 23 7 3
5 29 13 31 7 3
5 29 23 9 14 11
5 29 6 9 14 11
5 29 6 23 9 14
5 29 27 12 11 8
5 29 6 12 11 8
5 29 13 27 12 8
5 29 6 13 12 8
5 29 13 27 12 11
5 29 32 23 11 7
5 29 13 23 11 7
5 29 32 23 14 11
5 29 6 32 14 11
5 29 6 32 23 14
5 29 6 32 12 11
5 29 6 13 32 12
5 29 6 32 23 7
5 29 6 25 23 7
5 29 10 23 20 3
5 29 25 10 20 3
5 29 25 10 23 20
5 29 10 23 7 3
5 29 25 10 23 7
5 29 10 31 7 3
5 29 25 10 31 3
5 29 25 10 31 7
5 29 25 32 31 7
5 29 13 32 31 7
5 29 13 25 32 31
5 29 32 12 11 7
5 29 13 12 11 7
5 29 13 32 12 7
5 29 6 25 32 7
5 29 6 13 25 32
