4
33
6.91907 6.32481 5.58548 5.02649
1.18317 7.97973 1.4797 0.658643
7.76354 4.72318 -4.9137 8.78582
-6.67105 1.59489 4.51602 5.00947
6.02959 -0.122194 4.10444 6.51035
-0 -9.22297 0.845454 -0.019219
-0 5.94949 -0.603276 3.35391
-0 9.55546 4.97184 -6.67306
-0 -3.79523 -2.52026 3.19383
-0 4.54877 -8.72282 -0.563064
-0 9.24243 0.413603 5.50817
-0 -3.11793 -3.36802 -8.81831
6.94765 -0 -2.14087 1.45992
8.08513 -0 8.05867 5.35337
-9.59935 -0 -5.7729 -5.90409
-4.88839 -0 -4.60513 -0.899742
4.30211 -0 -2.85559 5.20314
7.34504 -0 1.3485 6.93216
9.33128 -0 -7.44239 1.3859
0.0701503 5.73249 -0 3.58833
0.812569 -0.227443 -0 3.17253
9.48777 -0.553779 -0 8.47262
-1.99254 4.68813 -0 -2.43989
7.66986 7.33711 -0 -0.348468
2.22345 -8.21236 -0 9.69172
0.2873 -4.61067 -0 -5.43056
-5.4492 -5.55113 1.06791 -0
9.08629 -2.23801 -1.68212 -0
9.76267 -9.69573 -6.44734 -0
4.3213 7.39029 5.51479 -0
-4.98632 -0.686284 -0.346788 -0
-7.80717 0.624194 -8.22339 -0
2.39475 -7.71064 0.393101 -0
