4
26
-0.791021 -2.38086 -6.3097 -8.96923
-7.41802 9.2756 9.89126 9.36333
-1.04333 -5.98385 -1.40576 -5.44235
-0.00443365 9.2979 9.08335 8.35794
1.68809 -0.513947 7.05212 1.88141
-0 7.89245 -0.698371 -5.22115
-0 -6.12685 -2.74612 -6.70957
-0 1.42712 -2.81902 -1.22752
-0 -9.0673 1.65822 -5.51662
-0 3.76429 -9.86869 -7.74104
-0 -6.99815 -7.73311 6.5665
-0 8.14733 -6.33773 -5.66449
4.36699 -6.26845 -4.62407 -0
-0.492647 -6.18172 0.035658 -0
4.61995 -8.20647 -8.6689 -0
5.0559 1.31247 3.10552 -0
-5.61711 -3.32609 -9.84058 -0
-4.19458 7.88656 4.41301 -0
-3.98844 7.99353 2.16743 -0
9.5264 7.365 -0 -6.43316
-0.429961 -1.85508 -0 -8.98716
-0.0117832 -4.9973 -0 6.61076
6.2588 -2.46878 -0 -7.6952
-0.29231 1.01708 -0 -9.02749
3.90593 -2.01927 -0 -7.32069
-9.22927 1.12451 -0 2.4604
