4
33
-7.30957 8.90997 6.39912 1.90565
-3.07247 7.08629 -1.69125 4.58025
-4.77676 -0.68238 1.87867 -4.8888
6.06126 4.11331 -5.60976 6.38249
-5.51031 4.6711 8.7318 -5.76358
-5.4492 -5.55113 1.06791 -0
9.08629 -2.23801 -1.68212 -0
9.76267 -9.69573 -6.44734 -0
4.3213 7.39029 5.51479 -0
-4.98632 -0.686284 -0.346788 -0
-7.80717 0.624194 -8.22339 -0
2.39475 -7.71064 0.393101 -0
-0 7.89245 -0.698371 -5.22115
-0 -6.12685 -2.74612 -6.70957
-0 1.42712 -2.81902 -1.22752
-0 -9.0673 1.65822 -5.51662
-0 3.76429 -9.86869 -7.74104
-0 -6.99815 -7.73311 6.5665
-0 8.14733 -6.33773 -5.66449
0.284937 -0 -4.02026 0.466599
9.64341 -0 8.46492 -0.62289
-7.62849 -0 1.01807 7.72871
9.13632 -0 8.22753 4.92231
-8.39967 -0 6.87642 8.10134
-3.11153 -0 -7.84347 -7.54676
4.99748 -0 -3.04254 5.86163
-6.69847 -1.8207 -0 0.152146
-9.99062 -1.71548 -0 -1.43638
-7.90261 -4.68272 -0 4.02052
2.59064 4.97318 -0 -1.99502
3.35682 6.21635 -0 -7.81095
-4.05841 3.82227 -0 -9.54399
-6.17351 5.97815 -0 1.07621
