4
33
-4.15725 -1.00624 -4.56438 -9.23487
1.36164 -8.55328 -9.0039 5.62905
-0.540931 -9.5497 -4.91356 6.82582
8.57865 1.62497 5.92526 6.05516
-6.67833 2.42949 -4.4427 4.87404
-0 -9.22297 0.845454 -0.019219
-0 5.94949 -0.603276 3.35391
-0 9.55546 4.97184 -6.67306
-0 -3.79523 -2.52026 3.19383
-0 4.54877 -8.72282 -0.563064
-0 9.24243 0.413603 5.50817
-0 -3.11793 -3.36802 -8.81831
-5.67195 -0 4.9005 -4.32477
2.40194 -0 6.30746 -1.80529
-2.26851 -0 -6.1638 -9.30824
-7.41632 -0 -0.143092 6.95402
-5.45808 -0 -8.03415 -8.40025
5.37016 -0 6.93336 6.90577
-7.97512 -0 -8.93374 -8.42032
5.38191 -6.79555 -0 2.52567
3.91696 7.5252 -0 8.56932
-5.10121 -8.95306 -0 3.40322
1.91171 3.96348 -0 4.41939
8.07267 4.62194 -0 -2.92457
-1.93064 -8.66535 -0 4.42446
0.553337 5.80118 -0 3.82182
4.36699 -6.26845 -4.62407 -0
-0.492647 -6.18172 0.035658 -0
4.61995 -8.20647 -8.6689 -0
5.0559 1.31247 3.10552 -0
-5.61711 -3.32609 -9.84058 -0
-4.19458 7.88656 4.41301 -0
-3.98844 7.99353 2.16743 -0
