4
33
-8.9132 3.10034 5.72308 8.10139
-7.84576 2.78818 7.99891 -9.16814
-4.81506 7.22142 0.717283 -3.43898
-5.68187 9.71849 2.27395 -4.83232
8.21195 -2.91779 8.08845 -9.51593
6.94765 -0 -2.14087 1.45992
8.08513 -0 8.05867 5.35337
-9.59935 -0 -5.7729 -5.90409
-4.88839 -0 -4.60513 -0.899742
4.30211 -0 -2.85559 5.20314
7.34504 -0 1.3485 6.93216
9.33128 -0 -7.44239 1.3859
-0 7.43506 -3.56716 6.16122
-0 7.00528 5.71154 -8.2492
-0 -9.60595 -8.40962 -9.08504
-0 1.98444 4.9244 0.717834
-0 -5.89811 1.17804 -0.467186
-0 -4.61005 -2.60432 0.549026
-0 6.03365 2.34926 3.22498
3.89225 1.88345 -0 0.793769
6.69368 9.97924 -0 0.857178
-2.64683 3.23345 -0 0.910188
-2.95734 -0.618772 -0 -8.31983
-8.17099 -9.41078 -0 9.92495
0.770417 9.18288 -0 4.80612
9.57027 8.33804 -0 0.881014
-9.31487 -3.55926 -6.57441 -0
-3.93237 -3.59585 4.69676 -0
8.87257 7.98303 1.11371 -0
9.74163 3.25818 1.79224 -0
6.81834 5.44622 -1.92964 -0
8.12133 -3.5483 1.94352 -0
-3.39154 -8.47932 -3.71227 -0
