4
26
5.44612 -9.14223 -0.23641 -8.09017
-7.55054 8.15608 -3.41181 -2.15873
5.74315 -8.35749 -2.19788 0.403839
-1.23162 -1.48891 -9.53137 7.33846
-0.738144 9.00253 -8.10532 0.896772
0.284937 -0 -4.02026 0.466599
9.64341 -0 8.46492 -0.62289
-7.62849 -0 1.01807 7.72871
9.13632 -0 8.22753 4.92231
-8.39967 -0 6.87642 8.10134
-3.11153 -0 -7.84347 -7.54676
4.99748 -0 -3.04254 5.86163
-9.31487 -3.55926 -6.57441 -0
-3.93237 -3.59585 4.69676 -0
8.87257 7.98303 1.11371 -0
9.74163 3.25818 1.79224 -0
6.81834 5.44622 -1.92964 -0
8.12133 -3.5483 1.94352 -0
-3.39154 -8.47932 -3.71227 -0
0.960053 -7.08627 -0 4.03564
6.35638 0.316695 -0 -7.37733
-8.74302 -3.85992 -0 0.914296
-5.5715 -4.29628 -0 -1.90108
-4.63471 9.53639 -0 6.29789
-6.06741 5.99354 -0 -6.99334
-5.22105 9.83117 -0 7.02803
