4
26
3.70395 9.61934 -1.49311 -8.90785
5.43893 -7.72112 5.64065 -7.07129
8.75204 0.234255 1.54948 -6.49973
-0.460593 -2.06371 9.44801 9.4935
2.09338 -5.0036 8.61409 -8.56117
-4.55797 -0 2.03285 2.22073
-9.48427 -0 -0.610417 -9.35965
6.8797 -0 9.27472 5.97186
-8.22808 -0 7.60324 -9.5136
-2.04027 -0 -2.6977 -3.10676
-7.99806 -0 -8.93177 -9.74874
7.87924 -0 7.83971 -3.94372
3.89225 1.88345 -0 0.793769
6.69368 9.97924 -0 0.857178
-2.64683 3.23345 -0 0.910188
-2.95734 -0.618772 -0 -8.31983
-8.17099 -9.41078 -0 9.92495
0.770417 9.18288 -0 4.80612
9.57027 8.33804 -0 0.881014
-4.02548 -3.11738 5.38657 -0
3.08493 2.95489 -3.07278 -0
-5.42782 2.20759 7.16851 -0
-3.48233 8.61911 4.30388 -0
-8.57352 1.97284 -2.9594 -0
-7.68477 -7.4675 -1.19837 -0
-8.41194 4.46885 7.04226 -0
