4
26
7.99458 1.41239 -7.59244 0.115199
-0.793272 4.34272 -9.87644 6.98528
5.81791 -4.11275 0.935238 3.42512
-7.77351 -6.67809 -1.28347 8.75088
-5.97627 5.43737 5.89462 6.82415
1.54504 -0 -7.47077 -3.74419
2.99695 -0 -4.21582 1.51413
-7.93248 -0 4.08422 -0.951447
6.9879 -0 -7.85617 -6.23478
0.305318 -0 3.37744 0.603545
-2.42892 -0 9.47888 3.05717
-0.873082 -0 -6.51203 -1.08731
0.960053 -7.08627 -0 4.03564
6.35638 0.316695 -0 -7.37733
-8.74302 -3.85992 -0 0.914296
-5.5715 -4.29628 -0 -1.90108
-4.63471 9.53639 -0 6.29789
-6.06741 5.99354 -0 -6.99334
-5.22105 9.83117 -0 7.02803
-4.02548 -3.11738 5.38657 -0
3.08493 2.95489 -3.07278 -0
-5.42782 2.20759 7.16851 -0
-3.48233 8.61911 4.30388 -0
-8.57352 1.97284 -2.9594 -0
-7.68477 -7.4675 -1.19837 -0
-8.41194 4.46885 7.04226 -0
