4
33
0.951318 -3.59652 2.67133 -5.84294
-6.5117 -9.62445 3.96424 7.65346
2.61411 -3.7078 1.88511 -7.74827
7.92992 0.906658 -1.31129 -9.66312
-9.83304 -4.60862 0.907707 1.99368
-6.69847 -1.8207 -0 0.152146
-9.99062 -1.71548 -0 -1.43638
-7.90261 -4.68272 -0 4.02052
2.59064 4.97318 -0 -1.99502
3.35682 6.21635 -0 -7.81095
-4.05841 3.82227 -0 -9.54399
-6.17351 5.97815 -0 1.07621
-0.85473 2.31248 -2.94768 -0
-7.28377 4.01715 6.16011 -0
6.77227 5.2554 -5.92959 -0
-8.47974 -2.79534 2.31526 -0
-4.20019 1.2996 -3.75772 -0
0.224262 -3.58721 9.7868 -0
-3.82165 -5.2547 8.59316 -0
-0 -3.84618 1.2829 -5.45925
-0 -6.25888 -8.09697 -2.86309
-0 -5.32632 -8.00936 9.2098
-0 -0.22221 -9.41132 0.430675
-0 -9.5561 -7.08447 2.15464
-0 1.51678 -8.76315 -1.61889
-0 4.21635 -5.11797 4.32447
1.54504 -0 -7.47077 -3.74419
2.99695 -0 -4.21582 1.51413
-7.93248 -0 4.08422 -0.951447
6.9879 -0 -7.85617 -6.23478
0.305318 -0 3.37744 0.603545
-2.42892 -0 9.47888 3.05717
-0.873082 -0 -6.51203 -1.08731
