4
19
4.3292 4.03288 -4.14715 9.70052
7.9933 -5.71574 2.45748 -2.3017
1.2855 6.09155 -0.607971 4.24534
-0.17834 0.78509 -6.84435 9.30522
-7.87837 -1.18048 0.069805 -8.14143
-0 7.43506 -3.56716 6.16122
-0 7.00528 5.71154 -8.2492
-0 -9.60595 -8.40962 -9.08504
-0 1.98444 4.9244 0.717834
-0 -5.89811 1.17804 -0.467186
-0 -4.61005 -2.60432 0.549026
-0 6.03365 2.34926 3.22498
-5.67195 -0 4.9005 -4.32477
2.40194 -0 6.30746 -1.80529
-2.26851 -0 -6.1638 -9.30824
-7.41632 -0 -0.143092 6.95402
-5.45808 -0 -8.03415 -8.40025
5.37016 -0 6.93336 6.90577
-7.97512 -0 -8.93374 -8.42032
