4
26
-4.99131 -9.0776 3.97537 -3.57161
-5.89017 -2.70717 4.89491 -4.4446
-8.07049 3.31885 7.23238 -6.63951
5.5743 5.09955 -6.51223 -2.5955
-2.71511 9.3092 9.09245 6.02317
-0 -3.84618 1.2829 -5.45925
-0 -6.25888 -8.09697 -2.86309
-0 -5.32632 -8.00936 9.2098
-0 -0.22221 -9.41132 0.430675
-0 -9.5561 -7.08447 2.15464
-0 1.51678 -8.76315 -1.61889
-0 4.21635 -5.11797 4.32447
9.5264 7.365 -0 -6.43316
-0.429961 -1.85508 -0 -8.98716
-0.0117832 -4.9973 -0 6.61076
6.2588 -2.46878 -0 -7.6952
-0.29231 1.01708 -0 -9.02749
3.90593 -2.01927 -0 -7.32069
-9.22927 1.12451 -0 2.4604
-4.78461 -7.55107 3.60894 -0
5.33937 -0.38115 -3.53177 -0
-4.4694 0.927963 -4.33003 -0
-9.98974 -8.49502 9.13361 -0
-7.84073 -2.48055 -6.21939 -0
-2.52576 9.79107 -8.24293 -0
5.80962 -9.74656 0.978827 -0
