331
5 32 24 26 27 22
5 32 16 22 1 28
5 25 12 30 8 14
5 25 17 30 8 14
5 25 17 26 8 14
5 25 17 9 30 8
5 25 17 26 9 8
5 25 10 30 8 20
5 25 10 12 30 20
5 25 10 12 30 8
5 25 16 30 8 20
5 25 24 16 8 20
5 25 24 10 8 20
5 29 25 24 12 8
5 29 25 24 26 8
5 29 25 12 8 14
5 29 25 26 8 14
5 29 25 17 26 14
5 18 25 10 12 8
5 18 25 24 12 8
5 18 25 24 10 8
5 18 29 24 26 27
5 18 29 24 12 8
5 18 29 25 24 12
5 18 29 27 22 1
5 18 29 26 27 22
5 18 24 26 22 6
5 0 10 20 1 28
5 0 32 24 27 22
5 0 18 27 22 1
5 0 24 26 27 22
5 0 18 26 27 22
5 0 18 24 26 22
5 0 18 24 26 27
5 7 17 9 30 8
5 7 17 30 8 14
5 7 12 30 8 14
5 7 10 12 30 8
5 5 29 17 26 14
5 4 24 16 22 6
5 4 32 24 16 22
5 4 16 30 8 6
5 4 9 16 30 8
5 4 25 17 9 30
5 4 24 26 22 6
5 4 29 26 22 6
5 4 25 17 26 9
5 4 32 24 26 22
5 4 24 16 8 6
5 4 32 9 16 8
5 4 32 24 16 8
5 4 25 9 30 8
5 4 25 26 9 8
5 4 25 24 8 6
5 4 25 24 26 6
5 4 25 24 26 8
5 21 16 20 1 28
5 21 32 9 16 8
5 21 16 30 8 20
5 21 9 16 30 8
5 21 0 20 1 28
5 21 10 30 20 28
5 21 10 30 8 20
5 21 0 10 20 28
5 21 7 10 30 28
5 3 25 17 30 14
5 3 25 12 30 14
5 3 29 17 14 6
5 3 29 25 17 14
5 3 4 25 17 30
5 3 29 25 12 14
5 3 4 29 17 6
5 3 4 30 8 6
5 3 4 25 8 6
5 3 4 25 30 8
5 3 16 30 8 6
5 3 25 16 30 8
5 3 25 12 30 20
5 3 25 16 30 20
5 3 4 25 26 6
5 3 4 29 26 6
5 3 29 25 17 26
5 3 4 25 17 26
5 3 4 29 17 26
5 3 24 16 8 6
5 3 25 24 8 6
5 3 25 24 16 8
5 15 18 10 20 1
5 15 10 12 20 1
5 15 25 10 12 20
5 15 18 25 10 12
5 15 25 24 10 20
5 15 18 25 24 10
5 15 3 12 20 1
5 15 3 25 12 20
5 15 3 12 1 6
5 15 18 29 25 12
5 15 3 29 25 12
5 15 3 25 24 6
5 15 29 12 1 6
5 15 3 29 12 6
5 15 3 29 25 26
5 15 25 24 26 6
5 15 18 24 26 6
5 15 3 25 26 6
5 15 18 29 27 1
5 15 3 29 26 6
5 15 29 25 24 26
5 15 18 29 24 26
5 15 18 29 25 24
5 15 29 22 1 6
5 15 29 26 22 6
5 15 18 22 1 6
5 15 18 26 22 6
5 15 18 29 22 1
5 15 18 29 26 22
5 31 21 0 32 28
5 31 0 32 1 28
5 31 5 32 22 28
5 31 5 32 27 22
5 31 32 22 1 28
5 31 0 10 1 28
5 31 0 27 22 1
5 31 0 32 22 1
5 31 0 32 27 22
5 31 21 0 10 28
5 31 7 10 1 28
5 31 0 18 27 1
5 31 0 18 10 1
5 31 15 18 10 1
5 23 7 17 9 8
5 23 7 17 9 30
5 23 5 7 17 14
5 23 31 5 32 27
5 23 21 32 9 28
5 23 31 5 32 28
5 23 31 5 7 28
5 23 21 9 30 28
5 23 21 7 30 28
5 23 21 7 9 30
5 23 7 17 30 14
5 23 5 32 22 28
5 13 7 29 12 14
5 13 7 29 12 27
5 13 5 29 17 14
5 13 29 27 22 1
5 13 15 29 27 1
5 13 15 29 12 1
5 13 23 5 7 14
5 13 31 7 1 28
5 13 31 5 7 28
5 13 31 5 7 27
5 13 31 27 22 1
5 13 31 5 27 22
5 13 29 26 27 22
5 13 5 26 27 22
5 13 5 29 26 22
5 13 5 29 26 27
5 13 18 29 12 27
5 13 15 18 29 27
5 13 15 18 29 12
5 13 31 7 10 1
5 13 7 18 12 27
5 13 31 7 18 27
5 13 23 5 17 14
5 13 15 18 27 1
5 13 31 18 27 1
5 13 31 15 18 1
5 13 15 10 12 1
5 13 31 15 10 1
5 13 7 18 10 12
5 13 31 7 18 10
5 13 15 18 10 12
5 13 31 15 18 10
5 19 0 32 24 8
5 19 21 16 8 20
5 19 21 32 16 8
5 19 21 0 20 1
5 19 24 16 8 20
5 19 32 24 16 8
5 19 24 10 8 20
5 19 0 10 8 20
5 19 0 24 10 8
5 19 21 16 20 1
5 19 0 32 1 28
5 19 21 0 1 28
5 19 21 0 32 28
5 19 0 18 24 10
5 19 32 24 16 22
5 19 0 32 24 22
5 19 32 16 1 28
5 19 21 16 1 28
5 19 21 32 16 28
5 19 32 16 22 1
5 19 0 32 22 1
5 19 15 24 10 20
5 19 15 18 10 20
5 19 15 18 24 10
5 19 18 10 20 1
5 19 0 10 20 1
5 19 0 18 10 1
5 19 15 18 20 1
5 19 16 22 1 6
5 19 24 16 22 6
5 19 0 18 22 1
5 19 0 18 24 22
5 19 15 18 1 6
5 19 15 18 24 6
5 19 3 16 1 6
5 19 3 16 20 1
5 19 15 3 1 6
5 19 15 3 20 1
5 19 3 24 16 6
5 19 15 3 24 6
5 19 25 24 16 20
5 19 3 25 16 20
5 19 3 25 24 16
5 19 15 25 24 20
5 19 15 3 25 20
5 19 15 3 25 24
5 19 18 22 1 6
5 19 18 24 22 6
5 11 17 26 9 8
5 11 23 17 9 8
5 11 4 17 26 9
5 11 4 26 9 8
5 11 4 32 9 8
5 11 23 4 32 9
5 11 4 24 26 8
5 11 4 32 24 8
5 11 4 32 24 26
5 11 32 26 27 22
5 11 4 32 26 22
5 11 23 4 32 22
5 11 5 26 27 22
5 11 5 29 17 26
5 11 4 29 17 26
5 11 5 32 27 22
5 11 23 5 32 22
5 11 23 5 32 27
5 11 5 29 26 22
5 11 4 29 26 22
5 11 13 5 29 17
5 2 23 5 7 17
5 2 11 23 5 17
5 2 23 7 17 8
5 2 11 23 17 8
5 2 7 17 8 14
5 2 5 7 17 14
5 2 11 17 26 8
5 2 11 5 17 26
5 2 11 23 5 27
5 2 17 26 8 14
5 2 5 17 26 14
5 2 11 5 26 27
5 2 31 5 7 27
5 2 23 31 5 27
5 2 23 31 5 7
5 2 11 23 32 27
5 2 29 26 8 14
5 2 5 29 26 14
5 2 11 24 26 8
5 2 5 29 26 27
5 2 23 31 32 27
5 2 23 31 7 28
5 2 11 32 24 8
5 2 11 32 9 8
5 2 11 23 9 8
5 2 11 23 32 9
5 2 29 12 8 14
5 2 7 12 8 14
5 2 7 29 12 14
5 2 13 7 29 14
5 2 13 5 29 14
5 2 13 5 7 14
5 2 29 24 26 8
5 2 29 24 26 27
5 2 32 24 26 27
5 2 11 32 26 27
5 2 11 32 24 26
5 2 13 7 29 27
5 2 13 5 29 27
5 2 13 5 7 27
5 2 31 7 18 27
5 2 31 7 18 10
5 2 31 0 32 27
5 2 23 31 32 28
5 2 23 21 7 28
5 2 0 32 24 8
5 2 0 32 24 27
5 2 21 32 9 8
5 2 23 21 32 9
5 2 18 29 12 8
5 2 18 29 24 8
5 2 18 29 24 27
5 2 18 29 12 27
5 2 7 29 12 27
5 2 7 18 12 27
5 2 18 10 12 8
5 2 7 10 12 8
5 2 7 18 10 12
5 2 31 0 18 27
5 2 31 0 18 10
5 2 7 10 30 8
5 2 21 10 30 8
5 2 21 7 10 30
5 2 31 21 0 10
5 2 21 7 10 28
5 2 31 7 10 28
5 2 31 21 10 28
5 2 31 21 0 32
5 2 31 21 32 28
5 2 23 21 32 28
5 2 23 7 9 8
5 2 23 21 7 9
5 2 0 18 24 27
5 2 18 24 10 8
5 2 0 24 10 8
5 2 0 18 24 10
5 2 7 9 30 8
5 2 21 9 30 8
5 2 21 7 9 30
5 2 0 10 8 20
5 2 21 10 8 20
5 2 21 0 10 20
5 2 19 0 32 8
5 2 19 21 32 8
5 2 19 21 0 32
5 2 19 0 8 20
5 2 19 21 8 20
5 2 19 21 0 20
