195
5 8 24 22 25 7
5 8 24 22 23 7
5 8 24 22 25 23
5 0 13 19 1 2
5 0 24 25 23 2
5 11 0 25 17 1
5 11 0 25 23 1
5 11 0 23 1 2
5 11 24 22 25 23
5 21 0 25 17 1
5 21 0 19 1 2
5 21 0 13 19 1
5 21 0 13 19 2
5 20 21 4 19 14
5 20 21 4 19 16
5 20 21 19 17 1
5 12 11 0 17 1
5 12 11 0 13 1
5 12 21 0 17 1
5 12 21 0 13 1
5 12 21 0 13 17
5 12 20 19 17 1
5 12 21 19 17 1
5 12 13 19 1 14
5 12 21 13 19 14
5 12 21 13 19 1
5 12 20 21 13 14
5 12 20 21 13 17
5 12 4 13 3 14
5 12 20 4 3 14
5 12 20 4 13 14
5 12 20 4 13 3
5 12 20 21 19 14
5 12 20 21 19 17
5 18 11 0 25 17
5 18 0 24 25 2
5 18 24 22 25 17
5 18 11 22 25 17
5 18 11 24 22 25
5 18 0 24 25 23
5 18 11 24 25 23
5 18 11 0 25 23
5 18 11 24 22 23
5 18 0 24 23 2
5 18 12 11 0 17
5 18 11 0 23 2
5 18 12 0 13 17
5 18 12 11 0 13
5 18 12 20 13 17
5 9 21 19 1 2
5 9 20 21 19 16
5 9 8 24 25 16
5 9 20 21 19 1
5 9 24 23 16 2
5 9 8 24 23 16
5 9 24 25 23 2
5 9 8 24 25 23
5 9 21 0 1 2
5 9 21 0 25 2
5 9 21 0 25 1
5 9 21 25 17 1
5 9 20 21 17 1
5 9 0 23 1 2
5 9 0 25 23 2
5 9 0 25 23 1
5 9 11 25 23 1
5 9 11 8 23 1
5 9 8 22 25 23
5 9 11 22 25 23
5 9 11 8 22 23
5 9 11 8 22 25
5 6 20 4 3 16
5 6 8 24 25 7
5 6 8 24 25 16
5 6 8 24 23 7
5 6 8 24 23 16
5 6 24 22 23 7
5 6 18 24 22 23
5 15 12 20 17 1
5 15 12 11 17 1
5 15 12 20 19 1
5 15 9 20 17 1
5 15 8 19 3 1
5 15 19 3 1 14
5 15 12 3 1 14
5 15 12 19 1 14
5 15 12 20 3 14
5 15 12 20 19 14
5 15 9 11 8 1
5 15 9 8 19 1
5 15 9 20 19 1
5 15 8 19 3 16
5 15 8 3 16 7
5 15 4 19 3 14
5 15 20 4 3 14
5 15 20 4 19 14
5 15 11 25 17 1
5 15 9 25 17 1
5 15 9 11 25 1
5 15 9 8 25 17
5 15 9 11 8 25
5 15 11 8 22 7
5 15 9 8 19 16
5 15 9 20 19 16
5 15 4 19 3 16
5 15 20 4 3 16
5 15 20 4 19 16
5 15 6 3 16 7
5 15 6 20 3 16
5 15 8 22 25 7
5 15 11 22 25 17
5 15 11 8 22 25
5 5 20 4 13 3
5 5 18 20 4 13
5 5 12 20 13 3
5 5 18 12 20 13
5 5 6 20 4 3
5 5 18 12 20 17
5 5 15 12 11 3
5 5 15 12 20 17
5 5 15 12 20 3
5 5 15 6 20 3
5 5 18 12 11 17
5 5 15 12 11 17
5 5 15 6 3 7
5 5 18 24 22 17
5 5 6 18 24 22
5 5 15 11 22 7
5 5 18 11 22 17
5 5 15 11 22 17
5 5 24 22 25 17
5 5 15 22 25 7
5 5 15 22 25 17
5 5 24 22 25 7
5 5 6 24 25 7
5 5 6 24 22 7
5 5 15 8 25 7
5 10 9 21 16 2
5 10 9 21 25 2
5 10 9 24 16 2
5 10 9 24 25 2
5 10 9 24 25 16
5 10 9 20 21 16
5 10 9 8 25 16
5 10 9 21 25 17
5 10 9 20 21 17
5 10 20 21 4 16
5 10 18 24 25 2
5 10 6 24 25 16
5 10 15 9 8 16
5 10 15 9 20 16
5 10 9 8 25 17
5 10 18 24 25 17
5 10 21 0 25 2
5 10 18 0 25 2
5 10 6 20 4 16
5 10 5 6 24 25
5 10 5 15 8 25
5 10 15 8 25 17
5 10 15 9 8 17
5 10 15 9 20 17
5 10 21 0 25 17
5 10 18 0 25 17
5 10 20 21 13 17
5 10 18 20 13 17
5 10 18 4 13 2
5 10 18 20 4 13
5 10 21 13 2 14
5 10 20 4 13 14
5 10 20 21 13 14
5 10 20 21 4 14
5 10 5 24 25 17
5 10 5 18 24 17
5 10 5 18 20 17
5 10 21 0 13 2
5 10 18 0 13 2
5 10 5 6 25 7
5 10 15 6 20 16
5 10 5 15 6 20
5 10 5 6 18 24
5 10 5 8 25 7
5 10 15 8 16 7
5 10 5 15 8 7
5 10 5 15 25 17
5 10 5 15 20 17
5 10 21 0 13 17
5 10 18 0 13 17
5 10 5 18 20 4
5 10 5 6 20 4
5 10 5 6 18 4
5 10 6 8 16 7
5 10 6 8 25 7
5 10 6 8 25 16
5 10 15 6 16 7
5 10 5 15 6 7
