333
5 9 11 22 5 21
5 26 1 16 22 15
5 26 16 14 13 2
5 26 1 22 15 21
5 20 11 22 5 21
5 20 26 22 15 21
5 8 27 14 12 2
5 8 9 14 11 22
5 4 8 9 14 12
5 23 26 16 14 2
5 23 16 14 13 2
5 23 16 22 15 2
5 23 26 16 22 15
5 23 26 1 16 22
5 23 1 16 14 13
5 23 11 22 15 2
5 23 8 14 11 22
5 23 8 11 22 5
5 24 27 11 15 2
5 24 20 26 19 15
5 24 20 11 22 15
5 24 20 26 22 15
5 24 20 11 22 5
5 24 23 11 15 2
5 24 23 8 11 5
5 24 23 11 22 5
5 24 23 26 22 5
5 24 26 19 5 21
5 24 20 19 5 21
5 24 20 26 19 21
5 24 23 11 22 15
5 24 23 26 22 15
5 24 26 22 5 21
5 24 20 22 5 21
5 24 20 26 22 21
5 24 23 16 15 2
5 24 23 26 16 2
5 24 23 26 16 15
5 24 8 27 11 2
5 24 23 8 11 2
5 24 26 14 5 2
5 24 23 26 14 2
5 24 23 26 14 5
5 24 27 14 5 2
5 24 8 27 14 2
5 24 8 27 14 5
5 24 23 8 14 2
5 24 23 8 14 5
5 6 4 19 5 12
5 32 1 16 14 13
5 32 26 16 14 13
5 32 23 1 16 14
5 32 23 26 16 14
5 32 23 26 1 16
5 32 1 16 15 13
5 32 6 16 15 13
5 32 1 9 22 21
5 28 24 20 19 15
5 28 24 27 11 15
5 28 24 20 11 15
5 28 24 8 27 11
5 28 4 19 5 12
5 28 4 9 19 12
5 31 24 27 5 2
5 31 24 26 5 2
5 31 24 27 15 2
5 31 28 24 27 15
5 31 24 16 15 2
5 31 24 26 16 2
5 31 24 26 16 15
5 31 24 26 19 15
5 31 16 15 13 2
5 31 26 16 13 2
5 31 28 24 19 15
5 31 28 6 19 15
5 0 32 4 14 22
5 0 32 26 14 13
5 0 32 23 14 22
5 0 32 23 1 22
5 0 23 1 14 13
5 0 32 1 14 13
5 0 32 23 1 14
5 7 6 26 16 13
5 7 32 26 16 13
5 7 32 6 16 13
5 7 0 32 26 13
5 7 0 32 6 13
5 7 32 6 16 15
5 7 31 26 16 15
5 7 31 6 16 15
5 7 31 6 26 16
5 7 26 1 16 15
5 7 32 1 16 15
5 7 32 26 1 16
5 7 32 6 19 15
5 7 0 32 26 14
5 7 31 26 19 15
5 7 31 6 19 15
5 7 6 4 19 5
5 17 24 20 19 5
5 17 28 24 19 5
5 17 28 24 20 19
5 17 28 20 9 19
5 17 9 19 5 21
5 17 20 19 5 21
5 17 20 9 19 21
5 17 4 9 19 5
5 17 28 4 19 5
5 17 28 4 9 19
5 17 24 20 11 5
5 17 24 8 11 5
5 17 24 8 27 5
5 17 28 24 27 5
5 17 28 24 8 27
5 17 28 24 20 11
5 17 28 24 8 11
5 17 9 11 5 21
5 17 20 11 5 21
5 17 20 9 11 21
5 17 8 9 11 5
5 17 28 20 9 11
5 17 28 8 9 11
5 17 28 8 27 12
5 17 28 4 5 12
5 17 4 8 9 12
5 17 28 8 9 12
5 17 28 4 9 12
5 3 31 27 5 2
5 3 27 14 5 2
5 3 26 14 5 2
5 3 31 26 5 2
5 3 26 14 13 2
5 3 28 24 27 5
5 3 31 24 27 5
5 3 31 28 24 27
5 3 7 31 6 26
5 3 28 24 19 5
5 3 31 28 24 19
5 3 28 6 19 5
5 3 7 6 19 5
5 3 31 28 6 19
5 3 7 31 6 19
5 3 7 6 4 5
5 3 31 24 26 5
5 3 24 26 19 5
5 3 7 26 19 5
5 3 31 24 26 19
5 3 7 31 26 19
5 25 4 9 14 22
5 25 0 4 14 22
5 25 0 23 14 13
5 25 6 4 19 12
5 25 0 6 4 12
5 25 0 23 14 22
5 25 0 32 4 22
5 25 7 0 6 4
5 25 32 1 9 22
5 25 0 32 1 22
5 25 0 32 1 13
5 25 32 1 9 21
5 25 23 1 22 13
5 25 0 23 1 13
5 25 0 23 1 22
5 25 0 32 6 13
5 25 7 0 32 6
5 29 25 0 32 4
5 29 25 7 0 4
5 29 25 7 0 32
5 29 7 4 19 5
5 29 7 26 19 5
5 29 23 26 1 22
5 29 32 23 1 22
5 29 32 23 26 1
5 29 7 6 4 19
5 29 25 6 4 19
5 29 25 7 6 4
5 29 7 32 6 19
5 29 25 32 6 19
5 29 25 7 32 6
5 29 26 22 5 21
5 29 26 19 5 21
5 29 7 32 26 1
5 29 26 1 22 21
5 29 32 1 22 21
5 29 32 9 22 21
5 29 25 9 19 21
5 29 25 4 9 19
5 29 25 32 9 21
5 29 7 26 19 15
5 29 7 26 1 15
5 29 7 32 19 15
5 29 7 32 1 15
5 29 25 4 9 22
5 29 25 32 9 22
5 29 25 32 4 22
5 29 26 1 15 21
5 29 32 19 15 21
5 29 32 1 15 21
5 29 20 19 15 21
5 29 20 26 15 21
5 29 20 26 19 21
5 29 20 26 19 15
5 18 3 31 28 6
5 18 31 28 6 15
5 18 3 31 6 26
5 18 6 16 15 13
5 18 31 16 15 13
5 18 31 6 16 15
5 18 25 0 13 12
5 18 25 0 6 12
5 18 25 0 6 13
5 18 0 6 4 12
5 18 7 0 6 13
5 18 3 14 13 2
5 18 31 26 13 2
5 18 3 26 13 2
5 18 3 31 26 2
5 18 6 26 16 13
5 18 31 26 16 13
5 18 31 6 26 16
5 18 7 6 26 13
5 18 3 7 6 26
5 18 3 26 14 13
5 18 3 7 26 14
5 18 0 26 14 13
5 18 7 0 26 13
5 18 7 0 26 14
5 30 7 0 6 4
5 30 3 7 6 4
5 30 18 0 6 4
5 30 18 3 6 4
5 30 18 7 0 6
5 30 18 3 7 6
5 30 18 0 4 14
5 30 29 7 0 4
5 30 3 7 4 5
5 30 18 7 0 14
5 30 18 3 7 14
5 30 0 32 4 14
5 30 29 0 32 4
5 30 29 7 4 5
5 30 7 0 32 14
5 30 29 7 0 32
5 30 3 26 14 5
5 30 3 7 26 5
5 30 3 7 26 14
5 30 32 4 14 22
5 30 29 32 4 22
5 30 29 7 26 5
5 30 7 32 26 14
5 30 29 7 32 26
5 30 17 4 5 12
5 30 32 23 14 22
5 30 29 32 23 22
5 30 4 9 14 22
5 30 29 4 9 22
5 30 23 26 14 5
5 30 32 23 26 14
5 30 29 32 23 26
5 30 4 8 14 12
5 30 17 4 8 12
5 30 8 9 14 22
5 30 4 8 9 14
5 30 23 8 22 5
5 30 23 8 14 5
5 30 23 8 14 22
5 30 23 26 22 5
5 30 29 26 22 5
5 30 29 23 26 22
5 30 9 22 5 21
5 30 29 22 5 21
5 30 29 9 22 21
5 30 4 9 19 5
5 30 29 4 19 5
5 30 29 4 9 19
5 30 8 27 14 5
5 30 17 8 9 5
5 30 17 4 9 5
5 30 17 4 8 9
5 30 9 11 22 5
5 30 8 11 22 5
5 30 8 9 11 5
5 30 8 9 11 22
5 30 9 19 5 21
5 30 29 19 5 21
5 30 29 9 19 21
5 10 18 28 6 12
5 10 18 3 28 6
5 10 3 28 6 5
5 10 18 6 4 12
5 10 18 3 6 4
5 10 6 19 5 12
5 10 28 19 5 12
5 10 28 6 19 12
5 10 28 6 19 5
5 10 6 4 5 12
5 10 3 6 4 5
5 10 3 28 27 5
5 10 30 18 3 4
5 10 3 31 28 27
5 10 18 3 31 28
5 10 30 4 5 12
5 10 30 3 4 5
5 10 17 28 5 12
5 10 17 28 27 12
5 10 17 28 27 5
5 10 3 27 14 5
5 10 30 4 14 12
5 10 30 18 4 14
5 10 30 18 3 14
5 10 27 14 12 2
5 10 3 27 14 2
5 10 18 3 14 2
5 10 3 31 27 2
5 10 18 3 31 2
5 10 30 3 14 5
5 10 30 17 5 12
5 10 30 27 14 5
5 10 0 4 14 12
5 10 18 0 4 12
5 10 18 0 4 14
5 10 18 14 13 2
5 10 17 8 27 12
5 10 30 17 8 12
5 10 17 8 27 5
5 10 30 8 27 5
5 10 30 17 8 5
5 10 8 27 14 12
5 10 30 8 14 12
5 10 30 8 27 14
5 10 0 14 13 12
5 10 18 0 13 12
5 10 18 0 14 13
