182
5 14 9 0 6 17
5 15 9 6 17 24
5 15 9 0 6 17
5 15 14 0 6 17
5 4 15 9 17 24
5 11 15 14 0 6
5 11 23 5 6 2
5 11 23 0 6 2
5 11 14 0 6 2
5 11 15 14 5 2
5 11 15 21 5 2
5 25 11 21 0 2
5 25 11 14 0 2
5 25 11 15 14 2
5 25 11 15 14 0
5 13 25 18 21 3
5 7 15 9 0 6
5 7 11 15 0 6
5 7 15 9 6 24
5 7 11 23 5 6
5 7 13 23 18 3
5 7 13 12 18 3
5 22 11 21 5 2
5 22 11 23 5 2
5 22 7 11 23 5
5 22 13 18 21 3
5 22 13 23 18 3
5 19 4 15 17 24
5 19 25 15 5 24
5 19 25 15 14 17
5 19 25 14 8 17
5 19 15 14 0 17
5 19 25 15 14 0
5 19 14 9 8 17
5 19 4 9 8 17
5 19 25 14 9 8
5 19 25 4 9 8
5 19 14 9 0 17
5 19 15 9 0 17
5 19 4 15 9 17
5 19 25 14 9 0
5 10 11 15 21 2
5 10 25 11 21 2
5 10 25 11 15 2
5 10 15 21 5 2
5 10 25 21 5 2
5 10 25 15 5 2
5 10 25 15 5 24
5 10 22 7 11 21
5 10 19 25 15 24
5 10 11 15 21 5
5 10 22 11 21 5
5 10 7 11 15 5
5 10 22 7 11 5
5 10 22 13 21 5
5 10 13 18 21 5
5 10 13 12 18 5
5 10 13 25 18 21
5 10 13 25 21 3
5 10 22 13 21 3
5 10 25 18 8 3
5 10 13 25 18 3
5 10 7 13 23 3
5 10 22 13 23 3
5 10 22 7 13 23
5 20 11 23 0 6
5 20 7 11 0 6
5 20 7 11 23 6
5 20 7 9 0 6
5 20 22 7 11 23
5 20 23 0 6 2
5 20 11 23 0 2
5 20 22 11 23 2
5 20 22 7 11 21
5 20 14 0 6 2
5 20 14 9 0 6
5 20 10 7 23 3
5 20 22 23 21 2
5 20 11 21 0 2
5 20 22 11 21 2
5 20 10 22 7 23
5 20 10 7 11 21
5 20 25 14 0 2
5 20 25 14 9 0
5 20 25 23 3 2
5 20 25 21 0 2
5 20 25 23 21 2
5 20 25 23 21 3
5 20 22 23 21 3
5 20 10 22 7 21
5 20 10 22 23 3
5 20 25 11 21 0
5 20 10 25 11 0
5 20 10 25 11 21
5 20 10 25 21 3
5 20 10 22 21 3
5 20 25 9 8 3
5 20 25 14 9 8
5 1 7 23 5 6
5 1 7 13 23 18
5 1 13 12 18 5
5 1 7 13 12 18
5 1 22 13 23 5
5 1 22 7 23 5
5 1 22 7 13 23
5 1 7 15 6 24
5 1 10 12 5 24
5 1 10 7 12 24
5 1 10 13 12 5
5 1 10 7 13 12
5 1 7 4 9 3
5 1 10 22 13 5
5 1 10 22 7 5
5 1 10 22 7 13
5 1 15 6 17 24
5 1 10 15 5 24
5 1 10 7 15 24
5 1 10 7 15 5
5 1 11 15 5 6
5 1 7 11 5 6
5 1 7 11 15 6
5 1 7 11 15 5
5 1 7 9 6 24
5 1 7 4 9 24
5 1 7 12 18 3
5 1 9 6 17 24
5 1 4 9 17 24
5 16 10 19 25 15
5 16 19 25 15 0
5 16 10 25 11 15
5 16 19 4 15 24
5 16 10 19 15 24
5 16 19 25 4 8
5 16 10 19 25 8
5 16 25 11 15 0
5 16 19 15 9 0
5 16 19 4 15 9
5 16 19 25 9 0
5 16 19 25 4 9
5 16 10 7 11 15
5 16 10 25 11 0
5 16 10 7 15 24
5 16 10 19 8 24
5 16 10 25 8 3
5 16 4 15 9 24
5 16 7 15 9 24
5 16 7 4 9 24
5 16 10 7 12 24
5 16 10 12 8 24
5 16 4 9 8 3
5 16 25 9 8 3
5 16 25 4 9 8
5 16 7 15 9 0
5 16 7 11 15 0
5 16 20 25 9 0
5 16 20 10 25 0
5 16 7 4 9 3
5 16 1 4 12 24
5 16 1 7 12 24
5 16 1 7 4 24
5 16 4 18 8 3
5 16 10 18 8 3
5 16 10 12 18 8
5 16 20 25 9 3
5 16 20 10 25 3
5 16 20 7 9 0
5 16 20 7 9 3
5 16 20 10 7 3
5 16 20 7 11 0
5 16 20 10 11 0
5 16 20 10 7 11
5 16 1 7 12 3
5 16 1 7 4 3
5 16 7 13 12 3
5 16 10 7 13 3
5 16 10 7 13 12
5 16 1 12 18 3
5 16 1 4 18 3
5 16 1 4 12 18
5 16 13 12 18 3
5 16 10 13 18 3
5 16 10 13 12 18
