319
5 30 0 4 12 2
5 30 21 4 12 2
5 30 13 4 28 27
5 31 3 0 10 28
5 23 25 18 4 27
5 23 13 25 4 27
5 23 30 13 4 27
5 23 15 13 18 27
5 23 15 13 14 27
5 23 21 11 4 2
5 23 30 21 4 2
5 23 30 21 14 2
5 19 31 3 25 28
5 19 15 3 18 28
5 19 25 18 28 27
5 19 15 18 28 27
5 19 15 13 18 27
5 19 25 4 28 27
5 19 13 4 28 27
5 19 13 25 4 27
5 19 23 25 18 27
5 19 23 13 18 27
5 19 23 13 25 27
5 19 30 13 4 28
5 22 15 13 14 27
5 7 31 3 0 10
5 7 31 0 10 2
5 7 0 12 10 2
5 7 9 12 10 2
5 7 16 11 14 2
5 7 16 11 14 18
5 5 16 11 14 18
5 5 23 11 14 18
5 5 16 11 18 4
5 5 23 11 18 4
5 5 16 11 14 2
5 5 23 11 14 2
5 5 7 16 14 18
5 5 23 13 14 18
5 5 16 25 18 4
5 5 23 25 18 4
5 5 16 11 4 2
5 5 23 11 4 2
5 5 7 19 14 18
5 5 19 13 14 18
5 5 19 23 25 18
5 5 19 23 13 18
5 5 19 23 13 25
5 5 23 13 25 4
5 5 7 16 14 2
5 5 23 30 4 2
5 5 23 30 14 2
5 5 23 30 13 4
5 5 23 30 13 14
5 5 19 13 25 4
5 5 19 30 13 4
5 24 23 15 14 27
5 24 22 15 14 27
5 24 22 15 21 9
5 24 23 15 18 27
5 24 23 15 11 18
5 17 22 15 21 9
5 17 22 21 9 12
5 17 15 9 3 10
5 17 22 9 3 10
5 17 22 15 9 3
5 17 19 15 3 28
5 17 24 22 15 21
5 17 19 15 3 14
5 17 24 22 15 27
5 17 7 19 14 28
5 17 7 19 3 28
5 17 7 19 3 14
5 17 19 13 14 28
5 17 19 13 28 27
5 17 19 15 28 27
5 17 19 15 13 27
5 17 22 15 13 27
5 17 19 15 13 14
5 17 22 15 13 14
5 17 30 13 28 27
5 8 7 3 0 10
5 8 22 9 3 10
5 8 17 7 22 3
5 8 0 12 10 28
5 8 3 0 10 28
5 8 17 22 3 10
5 8 7 0 12 10
5 8 7 9 12 10
5 8 17 7 3 28
5 8 17 7 22 14
5 8 17 12 10 28
5 8 17 3 10 28
5 8 17 9 12 10
5 8 17 22 9 10
5 8 17 22 9 12
5 8 7 0 12 2
5 8 7 9 12 2
5 8 7 9 14 2
5 8 17 7 14 28
5 8 30 0 12 28
5 8 17 30 12 28
5 8 17 30 21 12
5 8 17 22 21 12
5 8 17 13 14 28
5 8 17 22 13 14
5 8 30 0 12 2
5 8 22 21 9 12
5 8 17 30 13 28
5 8 21 9 12 2
5 8 30 21 12 2
5 8 21 9 14 2
5 8 30 21 14 2
5 8 17 30 13 27
5 8 17 22 13 27
5 8 17 22 30 27
5 8 22 13 14 27
5 32 31 3 0 28
5 32 7 31 3 28
5 32 7 31 3 0
5 32 8 3 0 28
5 32 8 7 3 28
5 32 8 7 3 0
5 32 8 7 14 28
5 32 7 19 14 28
5 32 8 30 0 28
5 32 8 7 14 2
5 32 8 7 0 2
5 32 7 31 0 2
5 32 8 13 14 28
5 32 8 30 13 28
5 32 8 30 13 14
5 32 8 30 14 2
5 32 8 30 0 2
5 32 5 7 14 2
5 32 30 0 4 28
5 32 19 13 14 28
5 32 31 0 4 2
5 32 5 30 14 2
5 32 5 30 13 14
5 32 30 0 4 2
5 32 5 30 4 2
5 29 7 11 14 2
5 29 7 9 14 2
5 29 24 23 15 14
5 29 24 23 15 11
5 29 22 15 9 14
5 29 24 22 9 14
5 29 24 22 15 14
5 29 24 22 15 9
5 29 24 15 21 9
5 29 23 11 14 2
5 29 24 23 21 11
5 29 15 21 9 10
5 29 21 9 14 2
5 29 23 21 14 2
5 29 23 21 11 2
5 29 7 16 11 2
5 29 9 12 10 2
5 29 21 9 12 2
5 29 21 9 12 10
5 6 7 19 31 3
5 6 19 3 25 18
5 6 19 31 3 25
5 6 5 16 25 18
5 6 5 7 16 18
5 6 29 7 16 2
5 6 29 16 11 10
5 6 31 16 10 2
5 6 29 16 10 2
5 6 5 19 25 18
5 6 5 7 19 18
5 6 5 7 19 25
5 6 29 15 11 10
5 6 31 16 4 2
5 1 23 21 11 4
5 1 24 21 11 4
5 1 24 23 11 4
5 1 24 23 21 11
5 1 23 30 21 4
5 1 23 30 4 27
5 1 24 23 4 27
5 1 23 30 21 14
5 1 24 23 14 27
5 1 8 30 21 14
5 1 29 23 21 14
5 1 29 24 23 14
5 1 29 24 23 21
5 1 17 24 22 21
5 1 23 13 14 27
5 1 23 30 13 27
5 1 23 30 13 14
5 1 29 21 9 14
5 1 29 24 9 14
5 1 29 24 21 9
5 1 17 22 30 27
5 1 17 24 22 27
5 1 8 17 30 21
5 1 8 17 22 21
5 1 8 17 22 30
5 1 8 13 14 27
5 1 8 30 13 27
5 1 8 30 13 14
5 1 24 22 14 27
5 1 8 22 14 27
5 1 8 22 30 27
5 1 24 22 9 14
5 1 24 22 21 9
5 1 8 21 9 14
5 1 8 22 9 14
5 1 8 22 21 9
5 20 32 7 31 28
5 20 32 7 19 28
5 20 19 31 3 28
5 20 7 31 3 28
5 20 7 19 3 28
5 20 7 19 31 3
5 20 19 31 25 28
5 20 32 31 0 28
5 20 6 19 31 25
5 20 6 7 19 25
5 20 6 7 19 31
5 20 5 7 19 25
5 20 32 0 4 28
5 20 32 31 0 4
5 20 19 25 4 28
5 20 19 30 4 28
5 20 32 30 4 28
5 20 19 30 13 28
5 20 32 30 13 28
5 20 32 19 13 28
5 20 6 5 7 25
5 20 32 7 31 2
5 20 6 7 31 2
5 20 5 7 19 14
5 20 32 7 19 14
5 20 32 5 7 14
5 20 5 19 25 4
5 20 5 19 30 4
5 20 32 5 30 4
5 20 5 19 30 13
5 20 32 5 30 13
5 20 6 16 25 4
5 20 32 31 4 2
5 20 6 31 4 2
5 20 6 5 16 25
5 20 32 5 7 2
5 20 5 19 13 14
5 20 32 19 13 14
5 20 32 5 13 14
5 20 5 16 25 4
5 20 6 16 4 2
5 20 5 7 16 2
5 20 6 7 16 2
5 20 6 5 7 16
5 20 5 16 4 2
5 20 32 5 4 2
5 26 7 16 11 18
5 26 6 16 11 18
5 26 6 7 16 18
5 26 6 15 11 18
5 26 29 7 16 11
5 26 6 29 16 11
5 26 6 29 7 16
5 26 7 11 14 18
5 26 6 7 19 18
5 26 6 29 15 11
5 26 23 11 14 18
5 26 23 15 11 18
5 26 7 19 14 18
5 26 29 7 11 14
5 26 19 15 3 18
5 26 6 15 3 18
5 26 6 19 3 18
5 26 6 7 19 3
5 26 23 13 14 18
5 26 23 15 13 18
5 26 23 15 13 14
5 26 29 23 11 14
5 26 29 23 15 14
5 26 29 23 15 11
5 26 19 13 14 18
5 26 19 15 13 18
5 26 19 15 13 14
5 26 19 15 3 14
5 26 7 19 3 14
5 26 29 15 9 14
5 26 29 7 9 14
5 26 6 15 3 10
5 26 6 29 15 10
5 26 17 15 3 14
5 26 17 7 3 14
5 26 22 15 9 14
5 26 29 15 9 10
5 26 15 9 3 10
5 26 7 31 3 10
5 26 6 31 3 10
5 26 6 7 31 3
5 26 6 29 10 2
5 26 6 29 7 2
5 26 17 22 15 14
5 26 17 7 22 14
5 26 17 22 15 3
5 26 17 7 22 3
5 26 8 22 9 14
5 26 8 7 9 14
5 26 8 7 22 14
5 26 22 15 9 3
5 26 7 9 10 2
5 26 29 9 10 2
5 26 29 7 9 2
5 26 8 9 3 10
5 26 8 7 3 10
5 26 8 7 9 10
5 26 7 31 10 2
5 26 6 31 10 2
5 26 6 7 31 2
5 26 8 22 9 3
5 26 8 7 22 3
