207
5 4 0 13 9 12
5 21 11 22 6 1
5 21 11 22 18 1
5 3 19 16 9 12
5 3 8 19 16 12
5 3 8 19 13 12
5 3 13 6 12 2
5 24 4 13 18 9
5 24 4 11 18 9
5 24 8 13 16 9
5 24 8 19 16 9
5 24 3 8 13 18
5 24 3 8 19 18
5 24 3 8 19 13
5 24 19 11 9 2
5 24 19 11 18 2
5 24 3 19 18 2
5 24 13 16 9 12
5 24 19 16 9 12
5 24 8 13 16 12
5 24 8 19 16 12
5 24 8 19 13 12
5 24 11 18 6 2
5 24 3 19 9 12
5 24 3 19 13 12
5 23 4 0 13 12
5 23 4 0 9 12
5 23 20 4 0 9
5 23 20 4 11 9
5 23 11 22 6 1
5 23 4 11 22 18
5 14 23 4 22 18
5 14 23 4 0 18
5 14 23 4 0 13
5 14 0 17 22 12
5 14 23 0 22 12
5 14 23 0 13 12
5 15 20 0 16 1
5 15 23 21 0 1
5 15 23 20 0 1
5 15 3 8 16 12
5 15 23 21 0 22
5 15 23 20 21 22
5 15 14 21 22 18
5 15 3 21 13 12
5 15 3 8 13 12
5 15 8 13 16 12
5 15 8 21 13 18
5 15 14 21 13 18
5 15 14 4 13 18
5 15 14 4 0 18
5 15 14 4 0 13
5 15 4 0 13 9
5 15 14 23 22 18
5 15 14 23 0 18
5 15 14 23 0 22
5 15 21 0 17 22
5 15 14 0 17 22
5 15 14 21 17 22
5 15 13 16 9 12
5 15 0 16 9 12
5 15 0 13 9 12
5 15 14 0 13 12
5 15 14 21 13 12
5 15 14 0 17 12
5 15 14 21 17 12
5 10 8 13 16 9
5 10 4 13 18 9
5 10 24 13 18 9
5 10 24 8 13 9
5 10 24 8 13 18
5 10 15 8 13 18
5 10 15 8 13 16
5 10 15 13 16 9
5 10 15 4 13 9
5 10 15 4 13 18
5 10 20 19 16 9
5 10 8 19 16 9
5 10 24 8 19 9
5 10 24 8 19 18
5 10 4 11 18 9
5 10 20 4 11 9
5 10 20 0 16 9
5 10 20 4 0 9
5 10 15 0 16 9
5 10 15 4 0 9
5 10 20 19 16 1
5 10 8 19 16 1
5 10 24 11 18 9
5 10 24 19 11 9
5 10 24 19 11 18
5 10 23 4 11 18
5 10 23 20 4 11
5 10 15 20 0 16
5 10 15 4 0 18
5 10 23 20 11 1
5 10 23 4 0 18
5 10 23 20 4 0
5 10 15 23 0 18
5 10 15 23 20 0
5 10 21 22 18 1
5 10 15 21 22 18
5 10 15 20 21 22
5 10 11 22 18 1
5 10 23 11 22 1
5 10 23 11 22 18
5 10 15 23 22 18
5 10 15 23 20 22
5 10 23 21 22 1
5 10 23 20 21 1
5 10 23 20 21 22
5 7 11 6 1 2
5 7 11 18 6 2
5 7 3 21 13 18
5 7 19 11 1 2
5 7 19 11 18 2
5 7 3 19 18 2
5 7 3 8 19 2
5 7 3 8 19 18
5 7 10 8 19 1
5 7 10 8 19 18
5 7 10 11 18 1
5 7 10 19 11 1
5 7 10 19 11 18
5 25 15 8 21 18
5 25 10 15 21 18
5 25 10 15 8 18
5 25 10 21 18 1
5 25 7 10 18 1
5 25 7 10 8 1
5 25 7 10 8 18
5 25 10 20 21 1
5 25 10 15 20 21
5 25 10 8 16 1
5 25 10 15 8 16
5 25 21 11 18 1
5 25 7 11 18 1
5 25 7 3 21 18
5 25 7 3 8 18
5 25 23 20 21 1
5 25 15 23 21 1
5 25 15 23 20 1
5 25 15 23 20 21
5 25 15 20 16 1
5 25 10 20 16 1
5 25 10 15 20 16
5 25 8 21 13 18
5 25 3 21 13 18
5 25 3 8 13 18
5 25 15 3 21 6
5 25 7 3 21 6
5 25 15 3 8 16
5 25 15 8 21 13
5 25 15 3 21 13
5 25 15 3 8 13
5 25 7 3 6 2
5 5 7 21 13 18
5 5 14 21 13 18
5 5 7 18 6 2
5 5 7 11 18 6
5 5 7 3 21 6
5 5 7 3 21 13
5 5 14 21 13 12
5 5 24 18 6 2
5 5 24 13 6 2
5 5 3 13 6 2
5 5 7 3 6 2
5 5 7 3 18 2
5 5 7 3 13 18
5 5 25 7 21 6
5 5 25 21 11 18
5 5 25 7 11 18
5 5 25 7 21 18
5 5 3 13 6 12
5 5 3 21 6 12
5 5 3 21 13 12
5 5 24 4 13 18
5 5 14 4 13 18
5 5 21 11 22 6
5 5 21 11 22 18
5 5 14 21 22 18
5 5 14 23 13 12
5 5 21 17 6 12
5 5 14 21 17 12
5 5 24 3 18 2
5 5 24 3 13 2
5 5 24 3 13 18
5 5 21 11 6 1
5 5 25 21 6 1
5 5 25 21 11 1
5 5 7 11 6 1
5 5 25 7 6 1
5 5 25 7 11 1
5 5 24 11 18 6
5 5 24 4 11 6
5 5 24 4 11 18
5 5 14 23 4 13
5 5 4 11 22 18
5 5 14 4 22 18
5 5 21 17 22 6
5 5 14 21 17 22
5 5 14 23 22 12
5 5 14 17 22 12
5 5 14 23 4 22
5 5 23 11 22 6
5 5 23 4 11 6
5 5 23 4 11 22
