4
19
-5.92108 -0.679699 3.86608 1.99
-0.593352 7.6298 -2.96706 -6.48977
8.53001 -7.07779 0.8253 7.34774
5.52974 -4.59639 -3.32055 -5.82848
0.83149 7.27602 -4.89188 -8.68911
-0 6.93964 -9.44996 -6.17789
-0 2.86623 -9.0811 8.10859
-0 7.91576 -2.94332 7.61675
-0 -0.71388 -7.65624 -6.99524
-0 -6.59301 8.47919 -9.19498
-0 5.8819 -0.0038008 8.70415
-0 -1.31371 -7.22821 -5.92302
4.00256 -0 -0.393356 -9.81072
-5.12529 -0 -1.88598 2.88976
-2.03684 -0 0.403178 1.83927
-8.97969 -0 8.18981 -3.70763
2.70711 -0 7.89723 7.80422
-7.68448 -0 -0.726074 -9.09216
-5.40188 -0 5.82689 9.6332
