4
33
5.32797 6.02142 -2.34232 -2.62287
-6.06885 -9.18528 -1.863 -5.16275
6.55438 -0.164356 4.37144 0.967113
-4.91573 8.62316 8.64332 -3.23731
4.9561 1.83874 -8.44754 9.89897
-0 2.15161 -0.41337 9.12431
-0 6.16539 8.44077 5.20872
-0 3.41838 4.14852 1.59575
-0 0.048857 -2.1725 -7.23924
-0 -2.64814 2.42545 -8.52133
-0 8.10872 9.98891 -4.72186
-0 -3.45369 8.22356 7.22479
4.00256 -0 -0.393356 -9.81072
-5.12529 -0 -1.88598 2.88976
-2.03684 -0 0.403178 1.83927
-8.97969 -0 8.18981 -3.70763
2.70711 -0 7.89723 7.80422
-7.68448 -0 -0.726074 -9.09216
-5.40188 -0 5.82689 9.6332
-5.75181 5.67899 -0 4.80966
0.551514 8.4971 -0 4.71657
0.885144 -9.36603 -0 -9.52125
-4.18081 -2.07989 -0 -8.33048
-4.68036 -4.05037 -0 4.79267
-8.1398 -9.76667 -0 -3.79774
-2.36001 7.78307 -0 8.99585
-2.29897 2.0966 7.67268 -0
-9.57613 -4.24586 -2.7339 -0
-6.98557 9.84239 -5.69164 -0
1.74664 -3.02661 8.74001 -0
0.77335 -0.707038 -8.42138 -0
0.365559 9.83098 7.58819 -0
4.23969 5.98168 -2.08416 -0
