4
26
9.94557 -3.53545 -8.66224 -3.22452
4.39567 -8.42164 6.80257 -6.75813
6.30764 -0.933155 0.691913 -0.645187
-2.09372 -5.6001 -1.91524 -1.58684
8.07674 -7.99137 -5.53117 9.45388
0.206535 -0 2.20803 0.98023
2.61191 -0 8.47764 9.95421
4.32798 -0 0.390871 -0.593892
8.75664 -0 9.3595 2.77809
6.03665 -0 5.78214 6.05992
5.97036 -0 3.85692 4.60824
-3.28245 -0 9.98808 9.79661
0.902311 7.56044 -0 -7.26299
3.25212 7.40686 -0 2.28803
0.486876 8.62018 -0 9.7687
7.25134 -8.97017 -0 4.76108
-8.57133 7.49439 -0 2.47904
-7.11956 -9.30426 -0 -7.95182
-3.31925 -9.04857 -0 1.69031
8.46459 -7.90678 -2.81709 -0
2.79261 -4.11107 4.34462 -0
8.40832 -6.10305 -1.84513 -0
-9.207 5.44615 -2.98852 -0
-5.39314 8.6547 -7.59161 -0
-2.6894 7.35491 -3.48024 -0
-1.69258 4.28233 -4.00584 -0
