4
33
8.55366 -9.29845 -0.571918 8.91462
6.4696 9.83233 3.39848 5.08896
-4.90439 -8.89657 5.10316 8.96446
3.56302 -9.73165 0.239153 -8.45311
-2.01798 1.78876 0.841106 8.79975
1.07503 0.627828 -8.09974 -0
-1.15343 -3.86535 -1.24174 -0
-1.78429 -9.49359 7.26835 -0
3.65126 8.7193 1.78462 -0
-7.43732 -3.18588 -2.60774 -0
2.04572 -0.915323 9.28364 -0
-5.02939 5.88129 -0.0290555 -0
-0 0.197571 -7.90339 9.24573
-0 -7.41697 8.41017 3.98943
-0 -6.74431 -8.96874 -5.73075
-0 7.69788 3.8289 -1.34952
-0 -8.97874 -1.83152 -2.86992
-0 -2.55092 -7.89633 -6.71934
-0 9.26026 4.10461 -4.07495
3.06033 -0 -9.74808 -0.827297
-4.35935 -0 -4.4259 -4.74744
8.87426 -0 -8.15897 -2.73279
9.52917 -0 3.26709 -8.54416
-2.65291 -0 -1.55285 -9.05774
9.66105 -0 1.40395 9.1974
0.707082 -0 -8.58849 8.60989
-1.11317 6.87473 -0 -0.79612
4.44711 -3.37053 -0 3.73368
-5.14642 -8.23252 -0 9.48478
-4.43696 -3.45998 -0 8.66625
-7.16346 -0.0380931 -0 -5.47905
3.69165 -0.450212 -0 7.28997
1.90535 -3.43355 -0 7.35661
