4
26
-9.03191 -3.39524 -8.84658 -7.74274
9.96565 -4.229 2.01223 7.3022
-7.34442 -8.36242 9.4283 4.2013
0.636805 -0.589575 -7.59318 -9.76862
-0.149686 1.28555 6.53825 8.59623
3.06033 -0 -9.74808 -0.827297
-4.35935 -0 -4.4259 -4.74744
8.87426 -0 -8.15897 -2.73279
9.52917 -0 3.26709 -8.54416
-2.65291 -0 -1.55285 -9.05774
9.66105 -0 1.40395 9.1974
0.707082 -0 -8.58849 8.60989
-7.42148 0.554473 -1.94671 -0
-1.03066 -4.33566 -5.92921 -0
9.41611 -9.78174 -3.61138 -0
-7.93549 4.22395 -4.87168 -0
7.5039 6.18474 6.46266 -0
2.2092 -5.30138 -6.69992 -0
0.916306 -7.61435 2.45328 -0
0.902311 7.56044 -0 -7.26299
3.25212 7.40686 -0 2.28803
0.486876 8.62018 -0 9.7687
7.25134 -8.97017 -0 4.76108
-8.57133 7.49439 -0 2.47904
-7.11956 -9.30426 -0 -7.95182
-3.31925 -9.04857 -0 1.69031
