4
33
-8.30305 0.218586 -8.25505 -7.50737
-5.30412 -9.00897 -4.1189 3.95239
8.90996 -3.99912 -4.46512 1.86106
1.15363 -1.45913 0.379894 -4.36583
-7.327 5.38989 -4.33405 -3.11479
0.0974929 3.16573 -0 -0.277973
-5.04934 -4.40764 -0 -7.22643
-5.0706 -4.96559 -0 -3.71188
1.20915 7.78502 -0 6.56461
-8.69009 8.04905 -0 6.95856
1.6515 6.96667 -0 -8.44932
-0.0819472 6.47659 -0 9.81673
-0 9.459 0.470903 -9.00776
-0 -6.54609 -9.46889 -9.44159
-0 3.35371 -7.5808 -0.329848
-0 -9.49568 5.91108 7.48559
-0 -9.24691 -4.67496 2.27124
-0 6.41699 3.34256 1.88263
-0 -2.69174 -1.78765 -9.56553
-9.18155 -0 6.64738 1.5621
-7.10076 -0 7.4171 9.02182
-9.7783 -0 4.62479 8.83137
-2.66805 -0 -5.37195 9.33167
0.101036 -0 -6.35699 7.46049
3.8918 -0 2.237 3.48868
-9.6975 -0 -8.25663 -7.66377
0.398754 -4.92155 -1.61929 -0
5.32521 5.37128 3.50355 -0
-0.0839074 7.81483 7.55417 -0
-8.07393 -5.21186 -1.74505 -0
-2.05471 3.74668 -4.27774 -0
4.93545 -3.4947 2.18066 -0
-7.5148 -7.50209 -4.07451 -0
