4
26
8.115 5.91792 -5.26937 -6.17059
9.00032 -9.38947 3.17328 2.52699
-9.47599 -1.92327 8.93458 5.71416
-8.09697 0.36639 9.59587 -5.53603
-0.936723 0.218514 -6.34237 1.97958
-0 6.8837 2.69481 3.74248
-0 5.48725 8.01881 9.27869
-0 -4.9492 8.35471 3.45915
-0 -8.97289 4.5884 -2.7771
-0 -4.57141 -9.94784 0.509342
-0 -6.90771 -2.91421 1.47824
-0 -4.80386 -4.38668 6.16459
-1.50865 9.62223 -0 -8.92654
-5.32417 5.70167 -0 -3.04158
3.36681 8.02563 -0 0.0241082
8.19945 5.49508 -0 -8.93156
8.60537 -9.46475 -0 -7.96463
4.86115 8.47289 -0 -0.320232
-2.81736 -2.49323 -0 1.96156
-5.84397 -8.68357 2.83132 -0
5.73606 -6.46819 -7.47756 -0
4.79257 7.9008 2.211 -0
5.00546 8.12045 -1.04417 -0
5.94103 6.42381 -5.52319 -0
-8.42242 0.902983 -0.224187 -0
6.5615 -5.26051 8.58294 -0
