4
33
-0.091929 -1.9462 -9.48165 0.831543
-9.28021 -2.15261 -0.368274 -3.48425
4.36258 1.43315 -3.26482 -4.24234
-7.87204 4.79455 2.30752 -6.27754
-6.7265 7.36929 -2.24065 5.4139
-1.11317 6.87473 -0 -0.79612
4.44711 -3.37053 -0 3.73368
-5.14642 -8.23252 -0 9.48478
-4.43696 -3.45998 -0 8.66625
-7.16346 -0.0380931 -0 -5.47905
3.69165 -0.450212 -0 7.28997
1.90535 -3.43355 -0 7.35661
0.398754 -4.92155 -1.61929 -0
5.32521 5.37128 3.50355 -0
-0.0839074 7.81483 7.55417 -0
-8.07393 -5.21186 -1.74505 -0
-2.05471 3.74668 -4.27774 -0
4.93545 -3.4947 2.18066 -0
-7.5148 -7.50209 -4.07451 -0
-0 6.8837 2.69481 3.74248
-0 5.48725 8.01881 9.27869
-0 -4.9492 8.35471 3.45915
-0 -8.97289 4.5884 -2.7771
-0 -4.57141 -9.94784 0.509342
-0 -6.90771 -2.91421 1.47824
-0 -4.80386 -4.38668 6.16459
0.206535 -0 2.20803 0.98023
2.61191 -0 8.47764 9.95421
4.32798 -0 0.390871 -0.593892
8.75664 -0 9.3595 2.77809
6.03665 -0 5.78214 6.05992
5.97036 -0 3.85692 4.60824
-3.28245 -0 9.98808 9.79661
