4
26
1.76645 5.27599 -6.71818 -9.63055
2.49742 -7.58309 -9.98309 -3.01437
2.14325 9.03425 -6.24668 -9.1922
-7.9247 -9.15111 9.62229 7.37929
5.09253 -5.9707 6.77661 4.80589
-9.18155 -0 6.64738 1.5621
-7.10076 -0 7.4171 9.02182
-9.7783 -0 4.62479 8.83137
-2.66805 -0 -5.37195 9.33167
0.101036 -0 -6.35699 7.46049
3.8918 -0 2.237 3.48868
-9.6975 -0 -8.25663 -7.66377
1.07912 -5.81114 -0 -7.2313
7.62386 -5.3955 -0 -9.75895
9.10199 -7.9565 -0 -2.16647
-9.24317 -6.71907 -0 1.62731
2.51735 -1.0985 -0 9.88038
-1.2843 -1.75127 -0 -4.4478
-1.61236 6.98377 -0 -7.89476
8.46459 -7.90678 -2.81709 -0
2.79261 -4.11107 4.34462 -0
8.40832 -6.10305 -1.84513 -0
-9.207 5.44615 -2.98852 -0
-5.39314 8.6547 -7.59161 -0
-2.6894 7.35491 -3.48024 -0
-1.69258 4.28233 -4.00584 -0
