4
26
1.13503 -5.98206 -2.59113 -8.59869
-6.35789 6.85277 -6.15137 -2.76049
9.80002 -0.0885806 4.62717 -9.82309
3.4235 -4.95375 -2.79136 9.8165
-4.65813 -7.51187 -0.735845 4.16795
-0 9.459 0.470903 -9.00776
-0 -6.54609 -9.46889 -9.44159
-0 3.35371 -7.5808 -0.329848
-0 -9.49568 5.91108 7.48559
-0 -9.24691 -4.67496 2.27124
-0 6.41699 3.34256 1.88263
-0 -2.69174 -1.78765 -9.56553
-5.75181 5.67899 -0 4.80966
0.551514 8.4971 -0 4.71657
0.885144 -9.36603 -0 -9.52125
-4.18081 -2.07989 -0 -8.33048
-4.68036 -4.05037 -0 4.79267
-8.1398 -9.76667 -0 -3.79774
-2.36001 7.78307 -0 8.99585
-5.84397 -8.68357 2.83132 -0
5.73606 -6.46819 -7.47756 -0
4.79257 7.9008 2.211 -0
5.00546 8.12045 -1.04417 -0
5.94103 6.42381 -5.52319 -0
-8.42242 0.902983 -0.224187 -0
6.5615 -5.26051 8.58294 -0
