4
33
-7.55012 5.37839 -5.99737 -0.558626
1.88931 7.88143 -0.672093 -2.6652
-0.360292 -6.73789 4.30076 9.82279
2.77349 -6.10096 3.49809 9.73273
3.27932 -2.52996 5.50113 -4.50428
-0 2.15161 -0.41337 9.12431
-0 6.16539 8.44077 5.20872
-0 3.41838 4.14852 1.59575
-0 0.048857 -2.1725 -7.23924
-0 -2.64814 2.42545 -8.52133
-0 8.10872 9.98891 -4.72186
-0 -3.45369 8.22356 7.22479
-0.0428989 -0 -4.97449 9.30193
-9.50833 -0 5.81498 -8.35063
4.72826 -0 -6.94195 5.61707
3.47163 -0 1.44381 -0.988387
3.14217 -0 5.65665 4.96071
5.26585 -0 -8.26273 -5.9001
-1.41467 -0 1.25721 8.74701
0.0974929 3.16573 -0 -0.277973
-5.04934 -4.40764 -0 -7.22643
-5.0706 -4.96559 -0 -3.71188
1.20915 7.78502 -0 6.56461
-8.69009 8.04905 -0 6.95856
1.6515 6.96667 -0 -8.44932
-0.0819472 6.47659 -0 9.81673
1.07503 0.627828 -8.09974 -0
-1.15343 -3.86535 -1.24174 -0
-1.78429 -9.49359 7.26835 -0
3.65126 8.7193 1.78462 -0
-7.43732 -3.18588 -2.60774 -0
2.04572 -0.915323 9.28364 -0
-5.02939 5.88129 -0.0290555 -0
