216
5 0 25 9 5 20
5 0 7 9 10 20
5 0 7 25 10 20
5 0 7 25 9 20
5 4 0 25 9 5
5 4 0 25 8 5
5 17 0 9 5 20
5 17 0 8 5 20
5 17 0 8 9 5
5 17 0 3 9 20
5 17 0 3 8 20
5 17 0 3 8 9
5 15 0 3 8 9
5 15 4 0 8 13
5 15 0 8 13 20
5 15 0 3 8 20
5 15 1 0 13 20
5 15 1 0 3 20
5 12 4 0 25 13
5 12 0 7 25 10
5 12 15 4 0 13
5 12 1 7 25 10
5 12 0 25 10 20
5 12 15 1 0 13
5 12 1 0 13 20
5 12 1 0 10 20
5 12 1 25 13 23
5 12 1 7 25 23
5 24 1 0 10 20
5 24 1 0 3 20
5 24 0 9 10 20
5 24 0 3 9 20
5 24 21 1 3 10
5 24 15 1 0 10
5 24 15 1 0 3
5 24 17 3 9 20
5 24 21 17 7 10
5 2 17 8 9 5
5 2 4 19 8 5
5 2 0 8 9 5
5 2 4 0 9 5
5 2 4 0 8 5
5 2 4 0 8 9
5 2 4 25 9 5
5 16 25 9 5 20
5 16 17 9 5 20
5 16 7 25 9 20
5 16 24 17 9 20
5 16 24 17 7 20
5 16 2 17 9 5
5 16 7 9 10 20
5 16 24 9 10 20
5 16 24 7 10 20
5 16 24 17 7 10
5 16 21 17 7 10
5 16 24 21 17 10
5 16 24 17 3 9
5 16 24 21 3 9
5 16 24 21 17 3
5 6 4 0 25 9
5 6 12 4 0 25
5 6 0 7 25 9
5 6 12 0 7 25
5 6 12 7 25 23
5 6 12 15 4 0
5 6 12 15 4 13
5 6 0 7 9 10
5 6 12 0 7 10
5 6 12 1 7 23
5 6 4 0 8 9
5 6 15 0 8 9
5 6 15 4 0 8
5 6 12 15 1 13
5 6 12 1 7 10
5 6 12 1 13 23
5 6 1 7 10 23
5 6 24 0 9 10
5 6 24 15 0 10
5 6 15 1 0 10
5 6 12 1 0 10
5 6 12 15 1 0
5 6 15 1 13 23
5 6 15 0 3 9
5 6 24 0 3 9
5 6 24 15 0 3
5 6 21 15 3 9
5 6 21 15 1 3
5 6 21 1 3 10
5 6 24 1 3 10
5 6 24 15 1 10
5 6 24 15 1 3
5 6 24 21 9 10
5 6 24 21 3 10
5 6 24 21 3 9
5 22 16 17 3 9
5 22 16 21 3 9
5 22 16 21 17 3
5 22 17 3 8 9
5 22 2 17 8 9
5 22 21 17 3 8
5 22 16 2 17 9
5 22 15 3 8 9
5 22 2 4 8 9
5 22 21 15 3 23
5 22 21 3 8 23
5 22 2 19 8 5
5 22 6 15 8 9
5 22 15 3 8 23
5 22 6 15 19 23
5 22 21 15 1 23
5 22 6 15 1 23
5 22 6 21 15 1
5 14 16 25 5 20
5 14 16 7 25 20
5 14 16 17 5 20
5 14 16 17 7 20
5 14 16 25 9 5
5 14 16 2 9 5
5 14 16 2 17 5
5 14 16 21 17 7
5 14 19 25 5 23
5 14 7 25 5 23
5 14 22 16 2 17
5 14 22 19 5 23
5 14 22 2 19 5
5 18 16 7 9 10
5 18 16 21 7 10
5 18 21 7 10 23
5 18 24 21 9 10
5 18 16 24 9 10
5 18 16 24 21 10
5 18 16 24 21 9
5 18 6 7 10 23
5 18 6 7 9 10
5 18 6 21 9 10
5 18 22 16 21 9
5 18 14 21 7 23
5 18 14 16 21 7
5 18 21 1 10 23
5 18 6 1 10 23
5 18 6 21 1 10
5 18 16 7 25 9
5 18 14 16 25 9
5 18 14 16 7 25
5 18 14 22 21 23
5 18 22 6 19 23
5 18 22 6 19 9
5 18 6 19 25 23
5 18 6 7 25 23
5 18 6 7 25 9
5 18 22 21 1 23
5 18 22 6 1 23
5 18 22 6 21 1
5 18 6 21 15 9
5 18 22 6 15 9
5 18 22 6 21 15
5 18 14 22 19 23
5 18 14 19 25 23
5 18 14 7 25 23
5 18 22 16 2 9
5 18 14 16 2 9
5 18 14 22 16 2
5 18 22 16 21 17
5 18 14 16 21 17
5 18 14 22 21 17
5 18 14 22 16 17
5 18 21 15 3 9
5 18 22 15 3 9
5 18 22 21 3 9
5 18 22 21 15 3
5 18 22 2 19 9
5 18 14 22 2 19
5 18 2 19 25 9
5 18 2 25 9 5
5 18 14 25 9 5
5 18 14 2 9 5
5 18 2 19 25 5
5 18 14 19 25 5
5 18 14 2 19 5
5 11 6 12 4 25
5 11 12 4 25 13
5 11 6 4 25 9
5 11 6 19 25 23
5 11 6 12 25 23
5 11 6 12 4 13
5 11 12 25 13 23
5 11 2 19 25 9
5 11 2 4 25 9
5 11 18 19 25 9
5 11 18 6 25 9
5 11 18 6 19 9
5 11 18 6 19 25
5 11 22 6 19 9
5 11 6 12 13 23
5 11 6 15 4 13
5 11 22 2 19 9
5 11 22 2 4 9
5 11 4 19 25 5
5 11 2 19 25 5
5 11 2 4 25 5
5 11 2 4 19 5
5 11 6 4 8 9
5 11 22 4 8 9
5 11 22 6 8 9
5 11 22 6 15 19
5 11 15 19 13 23
5 11 6 15 13 23
5 11 6 15 19 23
5 11 15 19 8 13
5 11 15 4 8 13
5 11 2 4 19 8
5 11 22 2 19 8
5 11 22 2 4 8
5 11 6 15 4 8
5 11 22 6 15 8
5 11 22 15 19 8
