325
5 16 20 13 29 6
5 16 20 0 21 6
5 18 12 13 21 29
5 18 12 20 13 29
5 18 12 20 13 8
5 18 16 21 29 6
5 18 16 20 29 6
5 18 16 20 21 6
5 18 16 13 21 29
5 18 16 20 13 29
5 30 16 20 0 6
5 30 16 0 6 3
5 30 16 31 20 6
5 30 16 31 6 3
5 5 18 20 29 6
5 5 18 12 20 29
5 5 20 13 29 6
5 5 12 20 13 29
5 5 18 12 20 8
5 5 12 20 13 8
5 5 31 20 13 8
5 5 31 12 13 8
5 5 16 20 13 6
5 5 16 31 13 6
5 5 16 31 20 6
5 5 16 31 20 13
5 23 26 31 2 3
5 23 22 2 21 3
5 23 26 16 31 3
5 24 16 20 0 21
5 24 18 16 20 21
5 24 18 16 13 21
5 24 16 20 13 8
5 24 18 20 13 8
5 24 18 16 20 13
5 24 23 0 21 3
5 24 26 16 0 3
5 24 23 26 16 3
5 24 30 16 0 3
5 24 18 12 13 8
5 27 5 18 20 6
5 27 30 20 0 6
5 27 20 0 21 6
5 27 18 20 21 6
5 11 22 0 21 3
5 11 27 22 19 9
5 11 24 0 21 3
5 11 23 22 21 3
5 11 24 23 21 3
5 1 12 13 21 29
5 1 26 12 2 29
5 1 24 16 13 21
5 1 24 16 0 21
5 1 24 23 0 21
5 1 18 12 21 29
5 1 18 12 13 21
5 1 24 18 13 21
5 1 24 18 12 13
5 1 24 12 13 8
5 1 24 26 13 8
5 1 26 0 21 3
5 1 23 0 21 3
5 1 24 26 0 3
5 1 24 23 0 3
5 1 24 23 26 3
5 1 22 2 21 29
5 1 17 12 2 29
5 1 26 2 21 3
5 1 23 2 21 3
5 1 23 26 2 3
5 1 17 22 2 29
5 1 24 18 8 21
5 1 24 18 12 8
5 1 11 24 8 21
5 1 11 24 23 21
5 1 17 18 22 19
5 1 18 19 8 21
5 1 18 22 19 21
5 1 23 22 2 21
5 1 11 23 22 21
5 1 11 19 8 21
5 1 11 22 19 21
5 14 11 30 19 9
5 14 11 30 9 3
5 14 17 22 19 9
5 14 11 22 19 9
5 14 23 31 2 3
5 14 11 22 9 3
5 14 11 23 22 3
5 14 23 22 2 3
5 7 14 17 19 9
5 7 17 22 19 9
5 7 27 22 19 9
5 7 27 17 22 19
5 32 5 18 20 8
5 32 27 18 20 8
5 32 27 5 18 20
5 32 27 5 20 6
5 32 5 18 19 8
5 32 27 18 19 8
5 32 5 31 20 6
5 32 27 30 20 6
5 32 27 30 20 8
5 32 7 27 5 6
5 32 7 5 31 6
5 28 27 20 0 21
5 28 27 30 20 0
5 28 24 20 0 21
5 28 27 18 20 21
5 28 11 24 0 21
5 28 24 30 20 8
5 28 30 16 20 0
5 28 24 16 20 0
5 28 24 30 16 0
5 28 24 30 16 20
5 28 27 0 9 21
5 28 27 18 20 8
5 28 27 30 20 8
5 28 11 24 8 21
5 28 24 30 0 3
5 28 11 24 0 3
5 28 24 18 8 21
5 28 24 18 20 21
5 28 24 18 20 8
5 28 22 0 9 21
5 28 11 22 0 21
5 28 11 22 0 9
5 28 27 22 9 21
5 28 11 27 22 9
5 28 30 0 9 3
5 28 11 0 9 3
5 28 11 30 9 3
5 28 27 30 19 9
5 28 11 30 19 9
5 28 11 27 19 9
5 28 27 18 19 8
5 28 27 30 19 8
5 28 11 24 23 3
5 28 11 22 19 21
5 28 11 27 22 19
5 28 18 19 8 21
5 28 11 19 8 21
5 28 18 22 19 21
5 28 27 18 22 21
5 28 27 18 22 19
5 15 14 30 31 3
5 15 14 23 31 3
5 15 7 14 17 19
5 15 7 14 17 31
5 15 23 16 31 3
5 15 14 11 30 3
5 15 14 11 23 3
5 15 7 5 31 19
5 15 7 17 5 19
5 15 7 17 5 31
5 15 24 23 16 3
5 15 14 23 31 2
5 15 14 17 31 2
5 15 28 11 30 3
5 15 5 12 19 8
5 15 5 31 12 8
5 15 17 5 12 19
5 15 17 5 31 12
5 15 14 17 22 19
5 15 1 11 19 8
5 15 14 11 22 19
5 15 14 11 23 22
5 15 26 16 31 13
5 15 23 26 16 31
5 15 23 26 31 2
5 15 14 23 22 2
5 15 14 17 22 2
5 15 18 12 19 8
5 15 1 18 19 8
5 15 1 18 12 8
5 15 1 17 12 2
5 15 17 18 12 19
5 15 1 17 18 19
5 15 1 17 18 12
5 15 31 12 13 8
5 15 26 31 12 13
5 15 26 31 12 2
5 15 17 31 12 2
5 15 1 11 24 8
5 15 1 11 24 23
5 15 1 11 22 19
5 15 1 11 23 22
5 15 24 26 13 8
5 15 24 26 16 13
5 15 24 23 26 16
5 15 1 23 26 2
5 15 1 17 22 19
5 15 1 17 22 2
5 15 1 26 12 2
5 15 1 12 13 8
5 15 1 26 13 8
5 15 1 26 12 13
5 15 1 23 22 2
5 15 1 24 26 8
5 15 1 24 23 26
5 25 32 7 30 19
5 25 27 30 19 8
5 25 32 27 19 8
5 25 32 27 30 8
5 25 32 27 30 19
5 25 32 5 19 8
5 25 32 7 5 19
5 25 15 11 19 8
5 25 15 7 31 19
5 25 7 14 30 19
5 25 15 7 14 19
5 25 7 5 31 19
5 25 32 7 5 31
5 25 32 30 20 8
5 25 7 30 31 6
5 25 32 7 31 6
5 25 32 7 30 6
5 25 28 30 19 8
5 25 28 11 19 8
5 25 28 11 30 19
5 25 15 28 11 30
5 25 14 11 30 19
5 25 15 14 11 19
5 25 15 14 11 30
5 25 15 5 19 8
5 25 15 5 31 8
5 25 15 5 31 19
5 25 15 14 30 31
5 25 15 7 14 31
5 25 5 31 20 8
5 25 32 5 20 8
5 25 32 5 31 20
5 25 30 16 31 20
5 25 30 31 20 6
5 25 32 31 20 6
5 25 32 30 20 6
5 25 28 24 30 8
5 25 28 11 24 8
5 25 15 11 24 8
5 25 15 31 13 8
5 25 15 16 31 13
5 25 30 16 31 3
5 25 15 16 31 3
5 25 15 30 31 3
5 25 31 20 13 8
5 25 16 20 13 8
5 25 16 31 20 13
5 25 24 16 20 8
5 25 24 30 20 8
5 25 24 30 16 20
5 25 28 24 30 3
5 25 15 28 30 3
5 25 28 11 24 23
5 25 15 11 24 23
5 25 24 16 13 8
5 25 15 24 13 8
5 25 15 24 16 13
5 25 24 30 16 3
5 25 15 24 16 3
5 25 28 24 23 3
5 25 15 24 23 3
5 25 28 11 23 3
5 25 15 11 23 3
5 25 15 28 11 3
5 4 32 27 18 19
5 4 17 18 22 19
5 4 27 18 22 19
5 4 27 17 22 19
5 4 7 27 17 19
5 4 32 7 27 19
5 4 17 18 12 19
5 4 32 5 18 19
5 4 32 27 5 18
5 4 1 17 22 29
5 4 1 17 18 22
5 4 7 27 17 22
5 4 5 18 12 29
5 4 17 5 12 29
5 4 17 5 12 19
5 4 1 18 12 29
5 4 1 17 12 29
5 4 1 17 18 12
5 4 32 7 5 19
5 4 7 17 5 29
5 4 7 17 5 19
5 4 32 7 27 5
5 4 5 18 29 6
5 4 27 5 18 6
5 4 1 22 21 29
5 4 1 18 21 29
5 4 1 18 22 21
5 4 7 27 22 9
5 4 18 12 19 8
5 4 5 12 19 8
5 4 5 18 19 8
5 4 5 18 12 8
5 10 32 7 27 6
5 10 32 27 30 6
5 10 32 7 30 6
5 10 7 27 19 9
5 10 32 7 27 19
5 10 27 0 9 6
5 10 27 30 0 6
5 10 27 30 19 9
5 10 32 27 30 19
5 10 7 30 31 6
5 10 32 7 30 19
5 10 30 0 6 3
5 10 30 0 9 3
5 10 28 30 0 9
5 10 28 27 0 9
5 10 28 27 30 9
5 10 28 27 30 0
5 10 30 31 6 3
5 10 7 14 31 9
5 10 14 30 19 9
5 10 7 14 19 9
5 10 7 14 30 19
5 10 14 31 9 3
5 10 14 30 9 3
5 10 14 30 31 3
5 10 25 14 30 31
5 10 25 7 30 31
5 10 25 7 14 31
5 10 25 7 14 30
