329
5 1 25 5 19 14
5 1 25 5 19 7
5 9 1 25 19 7
5 10 1 5 19 14
5 29 10 1 14 2
5 29 11 9 25 22
5 0 25 5 19 7
5 23 9 1 19 7
5 23 0 3 20 19
5 23 0 11 9 7
5 23 0 3 20 15
5 23 11 3 20 15
5 23 0 11 3 15
5 23 0 11 9 15
5 28 0 25 5 19
5 26 10 20 5 19
5 26 10 1 5 19
5 26 10 17 20 2
5 26 29 1 27 2
5 26 23 17 3 20
5 26 23 20 5 19
5 26 20 19 27 2
5 26 10 20 19 2
5 26 1 19 27 2
5 26 10 1 19 2
5 26 9 1 19 27
5 26 23 9 1 19
5 26 23 11 3 20
5 26 23 9 1 7
5 26 17 3 20 2
5 26 11 9 20 27
5 26 23 11 9 20
5 8 26 20 27 2
5 8 26 29 27 2
5 8 29 11 9 27
5 8 26 3 20 2
5 8 26 11 20 27
5 8 26 29 11 27
5 8 26 17 3 2
5 8 26 29 17 2
5 8 26 11 3 20
5 24 1 25 5 14
5 24 28 10 5 14
5 24 28 25 5 14
5 16 28 25 5 19
5 16 28 0 5 19
5 16 23 3 20 19
5 16 23 0 3 19
5 16 28 0 3 15
5 16 0 5 19 7
5 16 23 0 19 7
5 16 23 0 3 7
5 12 24 28 10 14
5 12 24 28 25 14
5 12 24 28 10 5
5 12 29 25 22 14
5 12 8 29 17 22
5 4 26 10 1 5
5 4 26 10 17 5
5 4 26 23 17 5
5 4 23 17 5 7
5 4 26 1 5 19
5 4 26 23 5 19
5 4 26 23 1 19
5 4 26 23 1 7
5 4 26 29 1 27
5 4 29 10 1 2
5 4 26 10 1 2
5 4 26 29 1 2
5 4 26 10 17 2
5 4 26 29 17 2
5 4 1 25 5 7
5 4 24 25 5 7
5 4 24 1 25 5
5 4 1 5 19 7
5 4 23 5 19 7
5 4 23 1 19 7
5 4 26 9 1 7
5 4 29 9 1 27
5 4 26 9 1 27
5 4 29 9 1 25
5 4 29 1 25 14
5 4 29 11 9 27
5 4 26 29 11 27
5 4 12 29 25 14
5 4 12 24 25 14
5 4 8 26 29 17
5 4 8 26 29 11
5 4 12 8 29 17
5 31 12 28 10 14
5 31 29 22 14 2
5 32 16 28 0 3
5 32 12 28 17 5
5 32 12 24 17 5
5 32 12 24 28 5
5 32 28 0 25 5
5 32 24 28 25 5
5 32 28 0 3 15
5 32 4 17 5 7
5 32 4 24 5 7
5 32 4 24 17 5
5 32 0 25 5 7
5 32 24 25 5 7
5 32 12 28 0 25
5 32 12 24 28 25
5 32 12 28 0 15
5 32 23 17 5 7
5 32 12 0 25 7
5 32 4 23 17 7
5 32 26 23 17 3
5 32 26 23 11 3
5 32 12 8 17 22
5 32 4 26 23 17
5 32 8 26 17 3
5 32 8 26 11 3
5 13 4 10 1 5
5 13 4 24 1 5
5 13 10 1 5 14
5 13 24 1 5 14
5 13 24 10 5 14
5 13 24 10 17 5
5 13 4 10 17 5
5 13 4 24 17 5
5 13 29 10 1 14
5 13 4 29 1 14
5 13 4 29 10 1
5 13 24 1 25 14
5 13 4 1 25 14
5 13 4 24 25 14
5 13 4 24 1 25
5 13 4 10 17 2
5 13 4 29 17 2
5 13 4 29 10 2
5 13 4 12 29 17
5 13 4 12 24 17
5 13 4 12 29 14
5 13 4 12 24 14
5 13 12 24 10 14
5 13 12 24 10 17
5 13 31 10 17 2
5 13 31 29 17 2
5 13 31 12 10 14
5 13 31 12 10 17
5 13 31 12 29 17
5 13 29 10 14 2
5 13 31 10 14 2
5 13 31 29 14 2
5 13 12 29 22 14
5 13 31 29 22 14
5 13 31 12 22 14
5 13 31 12 29 22
5 21 9 1 25 7
5 21 4 1 25 7
5 21 4 9 1 7
5 21 4 9 1 25
5 21 0 9 25 7
5 21 12 0 25 7
5 21 4 24 25 7
5 21 4 12 24 25
5 21 0 11 9 7
5 21 32 24 25 7
5 21 32 12 25 7
5 21 32 12 24 25
5 21 32 4 24 7
5 21 11 9 25 22
5 21 29 11 9 25
5 21 4 29 9 25
5 21 4 29 11 9
5 21 4 12 29 25
5 21 32 12 0 7
5 21 4 12 24 17
5 21 32 12 24 17
5 21 32 4 24 17
5 21 23 11 9 7
5 21 32 4 23 7
5 21 29 11 25 22
5 21 12 29 25 22
5 21 4 8 29 11
5 21 4 12 8 29
5 21 32 0 3 7
5 21 32 12 0 15
5 21 11 9 15 22
5 21 0 9 15 22
5 21 0 11 9 15
5 21 12 0 15 22
5 21 26 23 9 7
5 21 4 26 9 7
5 21 4 26 23 7
5 21 26 23 11 9
5 21 32 23 3 7
5 21 32 23 11 3
5 21 32 26 23 11
5 21 32 4 26 23
5 21 4 12 8 17
5 21 32 12 8 17
5 21 8 29 11 22
5 21 12 8 29 22
5 21 23 0 3 7
5 21 23 0 11 7
5 21 23 0 11 3
5 21 0 11 3 15
5 21 32 11 3 15
5 21 32 0 3 15
5 21 32 11 15 22
5 21 32 12 15 22
5 21 26 11 9 27
5 21 4 11 9 27
5 21 4 26 9 27
5 21 4 26 11 27
5 21 4 8 26 11
5 21 32 8 26 11
5 21 32 8 11 22
5 21 32 12 8 22
5 21 4 8 26 17
5 21 32 8 26 17
5 21 32 4 26 17
5 18 28 10 5 14
5 18 31 28 10 14
5 18 16 10 5 14
5 18 31 16 10 14
5 18 16 28 5 14
5 18 31 16 28 14
5 18 12 28 17 5
5 18 12 28 10 5
5 18 32 28 17 5
5 18 31 12 28 10
5 18 31 16 10 2
5 18 24 10 17 5
5 18 12 24 17 5
5 18 12 24 10 5
5 18 12 24 10 17
5 18 26 10 20 5
5 18 26 10 17 5
5 18 26 10 17 20
5 18 10 20 5 19
5 18 16 10 5 19
5 18 10 17 20 2
5 18 16 28 0 5
5 18 32 28 0 5
5 18 32 16 28 0
5 18 26 23 20 5
5 18 26 23 17 5
5 18 26 23 17 20
5 18 23 17 3 20
5 18 16 23 3 20
5 18 17 3 20 2
5 18 16 3 20 2
5 18 23 20 5 19
5 18 16 23 20 19
5 18 10 20 19 2
5 18 16 20 19 2
5 18 16 10 19 2
5 18 32 23 17 5
5 18 32 23 17 3
5 18 16 0 5 7
5 18 32 0 5 7
5 18 23 5 19 7
5 18 16 5 19 7
5 18 16 23 19 7
5 18 32 23 5 7
5 18 16 23 3 7
5 18 32 23 3 7
5 18 16 0 3 7
5 18 32 0 3 7
5 18 32 16 0 3
5 6 12 29 17 22
5 6 31 12 29 22
5 6 31 12 29 17
5 6 8 29 17 22
5 6 32 12 17 22
5 6 8 29 22 2
5 6 31 29 22 2
5 6 8 29 17 2
5 6 31 29 17 2
5 6 31 12 15 22
5 6 32 12 15 22
5 6 32 8 17 22
5 6 8 17 3 2
5 6 32 8 17 3
5 6 32 11 15 22
5 6 32 11 3 15
5 6 8 3 20 2
5 6 32 8 11 22
5 6 32 8 11 3
5 6 11 20 15 22
5 6 11 3 20 15
5 6 8 11 20 22
5 6 8 11 3 20
5 6 16 3 20 2
5 6 31 16 20 2
5 6 31 16 3 2
5 6 16 3 20 15
5 6 31 16 20 15
5 6 31 16 3 15
5 30 31 12 10 17
5 30 18 12 10 17
5 30 18 31 12 10
5 30 31 10 17 2
5 30 18 10 17 2
5 30 18 31 10 2
5 30 18 12 28 17
5 30 18 31 12 28
5 30 18 17 3 2
5 30 32 12 28 17
5 30 18 32 28 17
5 30 31 16 3 2
5 30 18 16 3 2
5 30 18 31 16 2
5 30 18 32 17 3
5 30 6 31 12 17
5 30 6 32 12 17
5 30 18 31 16 28
5 30 18 32 16 28
5 30 6 17 3 2
5 30 6 32 17 3
5 30 6 31 3 2
5 30 6 31 17 2
5 30 18 32 16 3
5 30 31 12 28 15
5 30 6 31 12 15
5 30 32 12 28 15
5 30 6 32 12 15
5 30 32 16 28 3
5 30 6 31 3 15
5 30 32 28 3 15
5 30 6 32 3 15
5 30 16 28 3 15
5 30 31 16 3 15
5 30 31 16 28 15
