315
5 8 27 11 20 22
5 8 3 27 20 12
5 8 3 27 11 12
5 8 3 27 11 20
5 28 3 27 20 12
5 28 8 27 20 12
5 28 14 0 27 5
5 28 8 27 11 12
5 28 8 27 20 22
5 25 8 27 11 22
5 23 17 9 3 11
5 6 26 1 5 7
5 6 14 26 1 5
5 6 17 9 1 7
5 29 28 14 27 11
5 29 28 0 21 20
5 29 28 0 27 20
5 29 28 14 11 12
5 29 32 14 11 12
5 29 32 28 21 5
5 29 28 14 5 12
5 29 32 14 5 12
5 29 32 28 5 12
5 29 32 3 20 12
5 29 32 28 20 12
5 4 29 0 21 20
5 4 29 17 21 20
5 4 6 17 1 7
5 4 14 21 5 7
5 4 14 0 5 7
5 4 14 0 21 5
5 2 28 14 11 12
5 2 28 8 11 12
5 2 28 14 27 11
5 2 25 14 27 11
5 2 28 8 27 11
5 2 25 8 27 11
5 2 28 14 5 12
5 2 23 8 26 11
5 2 23 25 8 11
5 2 28 14 27 5
5 2 28 8 27 22
5 2 25 8 27 22
5 2 8 26 11 12
5 2 6 14 26 5
5 2 14 0 27 5
5 2 25 14 0 27
5 2 28 27 22 5
5 2 32 26 5 12
5 2 32 14 5 12
5 2 32 14 26 5
5 2 32 26 11 12
5 2 32 14 11 12
5 2 32 14 26 11
5 2 6 26 5 7
5 2 6 14 5 7
5 2 0 27 22 5
5 2 25 0 27 22
5 2 14 0 22 5
5 2 25 14 0 22
5 15 8 11 20 22
5 15 23 17 3 11
5 15 25 8 11 22
5 15 23 25 8 11
5 15 2 25 8 22
5 15 2 23 25 8
5 15 8 3 11 20
5 15 23 8 3 11
5 10 23 8 26 11
5 10 8 26 11 12
5 10 23 9 3 11
5 10 32 26 11 12
5 10 23 17 9 3
5 10 2 23 8 26
5 10 15 2 8 26
5 10 15 2 23 26
5 10 15 2 23 8
5 10 32 26 1 12
5 10 32 9 26 1
5 13 2 6 26 7
5 13 2 6 14 7
5 13 4 14 0 7
5 13 2 25 14 22
5 13 15 2 25 26
5 13 25 14 0 22
5 13 2 14 5 7
5 13 2 14 22 5
5 13 14 0 5 7
5 13 14 0 22 5
5 24 28 14 0 27
5 24 29 28 0 27
5 24 29 28 14 27
5 24 4 14 0 21
5 24 4 29 0 21
5 24 29 28 0 21
5 24 4 29 17 21
5 24 14 0 21 5
5 24 28 0 21 5
5 24 28 14 0 5
5 24 29 28 21 5
5 24 29 28 14 5
5 24 29 32 21 5
5 24 29 32 14 5
5 24 4 14 21 7
5 24 4 17 1 21
5 24 4 6 17 1
5 24 32 1 21 5
5 24 14 26 1 5
5 24 32 26 1 5
5 24 32 14 26 5
5 24 32 17 1 21
5 24 29 32 17 21
5 24 14 21 5 7
5 24 6 14 5 7
5 24 4 1 21 7
5 24 4 6 1 7
5 24 6 14 1 5
5 24 1 21 5 7
5 24 6 1 5 7
5 31 29 0 27 20
5 31 4 29 0 20
5 31 4 29 17 20
5 31 15 3 11 20
5 31 15 17 3 20
5 31 24 4 29 17
5 31 24 29 0 27
5 31 24 4 29 0
5 31 13 4 0 22
5 31 27 11 20 22
5 31 25 27 11 22
5 31 25 14 27 11
5 31 0 27 20 22
5 31 25 0 27 22
5 31 13 25 0 22
5 31 25 14 0 27
5 31 13 25 14 0
5 31 15 11 20 22
5 31 15 17 20 22
5 19 24 29 32 17
5 19 31 24 29 11
5 19 31 24 29 17
5 19 31 17 3 11
5 19 29 32 11 12
5 19 29 32 3 12
5 19 32 17 3 20
5 19 29 32 3 20
5 19 29 32 17 20
5 19 24 32 17 1
5 19 17 9 3 11
5 19 10 9 3 11
5 19 10 17 9 3
5 19 10 32 11 12
5 19 31 29 27 11
5 19 31 17 3 20
5 19 31 29 17 20
5 19 3 27 11 12
5 19 10 32 26 11
5 19 10 32 9 26
5 19 32 9 26 1
5 19 8 3 11 12
5 19 10 8 11 12
5 19 10 8 3 12
5 19 10 17 9 1
5 19 10 32 9 1
5 19 10 32 17 1
5 19 3 27 11 20
5 19 31 27 11 20
5 19 31 3 11 20
5 19 31 29 27 20
5 19 28 27 11 12
5 19 29 28 11 12
5 19 29 28 27 11
5 19 28 3 27 12
5 19 23 8 3 11
5 19 10 23 3 11
5 19 10 23 8 11
5 19 10 23 8 3
5 19 28 3 27 20
5 19 29 28 27 20
5 19 28 3 20 12
5 19 29 3 20 12
5 19 29 28 20 12
5 16 24 6 17 1
5 16 6 14 26 1
5 16 24 14 26 1
5 16 24 6 14 1
5 16 19 31 17 11
5 16 19 31 24 11
5 16 19 31 24 17
5 16 24 4 6 17
5 16 31 24 4 17
5 16 31 25 14 11
5 16 31 13 25 14
5 16 24 29 14 11
5 16 31 24 29 11
5 16 29 14 27 11
5 16 31 14 27 11
5 16 31 29 27 11
5 16 24 29 14 27
5 16 31 24 29 27
5 16 13 6 14 7
5 16 13 4 14 7
5 16 13 4 14 0
5 16 31 13 14 0
5 16 31 13 4 0
5 16 24 6 14 7
5 16 24 4 14 7
5 16 24 4 6 7
5 16 24 4 14 0
5 16 31 24 4 0
5 16 24 14 0 27
5 16 31 14 0 27
5 16 31 24 0 27
5 30 19 24 17 1
5 30 16 24 26 1
5 30 16 24 17 1
5 30 19 9 26 1
5 30 19 17 9 1
5 30 24 32 26 1
5 30 19 32 26 1
5 30 19 24 32 1
5 30 16 19 24 17
5 30 16 6 26 1
5 30 16 6 17 1
5 30 6 17 9 1
5 30 19 17 9 11
5 30 19 32 26 11
5 30 16 19 17 11
5 30 16 19 24 11
5 30 9 26 1 7
5 30 6 26 1 7
5 30 6 9 1 7
5 30 19 10 26 11
5 30 19 10 9 11
5 30 19 10 9 26
5 30 32 14 26 11
5 30 24 32 14 26
5 30 19 29 32 11
5 30 19 24 29 11
5 30 19 24 29 32
5 30 16 24 14 11
5 30 16 24 14 26
5 30 13 9 26 7
5 30 13 6 26 7
5 30 29 32 14 11
5 30 24 29 14 11
5 30 24 29 32 14
5 30 16 6 14 26
5 30 16 13 6 14
5 30 10 23 26 11
5 30 10 23 9 11
5 30 2 6 14 26
5 30 13 2 6 26
5 30 13 2 6 14
5 30 13 15 9 26
5 30 13 15 25 26
5 30 2 23 26 11
5 30 2 23 25 11
5 30 10 15 9 26
5 30 10 15 23 26
5 30 10 15 23 9
5 30 2 14 26 11
5 30 2 25 14 11
5 30 13 2 25 26
5 30 13 2 25 14
5 30 15 23 25 11
5 30 15 2 25 26
5 30 15 2 23 26
5 30 15 2 23 25
5 18 16 13 25 14
5 18 30 13 25 14
5 18 30 16 13 14
5 18 16 25 14 11
5 18 30 25 14 11
5 18 30 16 14 11
5 18 16 31 25 11
5 18 16 31 13 25
5 18 30 15 25 11
5 18 30 13 15 25
5 18 30 16 17 11
5 18 16 31 17 11
5 18 30 13 15 9
5 18 30 17 9 11
5 18 30 16 6 17
5 18 30 16 13 6
5 18 15 25 11 22
5 18 31 25 11 22
5 18 31 15 11 22
5 18 13 15 25 22
5 18 31 13 25 22
5 18 30 23 9 11
5 18 30 15 23 11
5 18 30 15 23 9
5 18 30 6 17 9
5 18 15 17 3 11
5 18 31 17 3 11
5 18 31 15 3 11
5 18 31 15 17 3
5 18 31 15 17 22
5 18 16 4 6 17
5 18 16 31 4 17
5 18 16 31 13 4
5 18 23 17 9 11
5 18 15 23 17 11
5 18 15 23 17 9
5 18 6 17 9 7
5 18 30 6 9 7
5 18 30 13 9 7
5 18 30 13 6 7
5 18 4 6 17 7
5 18 31 4 17 7
5 18 31 13 4 7
5 18 16 4 6 7
5 18 16 13 6 7
5 18 16 13 4 7
