199
5 2 10 25 12 16
5 14 10 25 12 16
5 14 2 25 12 16
5 14 2 3 25 16
5 14 2 20 12 16
5 11 4 19 25 1
5 11 2 3 25 16
5 11 6 1 5 16
5 11 3 6 5 16
5 11 14 10 25 16
5 11 14 3 25 16
5 11 14 3 10 16
5 11 14 3 10 25
5 7 14 20 12 16
5 7 14 10 12 16
5 7 14 10 25 12
5 7 19 10 12 18
5 7 19 10 25 12
5 17 14 2 3 16
5 17 9 2 3 16
5 17 9 14 3 16
5 17 14 2 3 25
5 17 14 2 20 12
5 17 2 19 12 18
5 17 2 19 1 18
5 17 2 19 25 12
5 17 14 2 25 12
5 17 2 19 25 1
5 17 7 19 25 12
5 17 7 14 25 12
5 13 9 6 1 16
5 13 11 6 1 16
5 13 9 3 6 16
5 13 11 3 6 16
5 13 9 4 6 1
5 13 9 2 1 16
5 13 9 2 3 16
5 13 11 2 1 16
5 13 11 2 3 16
5 13 4 6 1 5
5 13 11 6 1 5
5 13 11 4 1 5
5 13 11 4 25 1
5 13 11 2 25 1
5 13 11 2 3 25
5 13 11 3 6 5
5 13 17 2 25 1
5 13 17 9 2 1
5 13 17 2 3 25
5 13 17 9 2 3
5 13 17 19 25 1
5 13 17 9 1 18
5 8 14 3 10 25
5 8 7 14 10 25
5 8 17 14 3 25
5 8 17 7 14 25
5 8 17 9 14 3
5 8 11 3 10 25
5 8 13 17 9 3
5 0 14 3 10 16
5 0 8 14 3 10
5 0 7 14 10 16
5 0 8 7 14 10
5 0 11 3 5 16
5 0 11 3 10 16
5 0 3 6 5 16
5 0 7 10 20 16
5 15 13 17 3 25
5 15 8 17 3 25
5 15 8 13 17 3
5 15 13 17 19 25
5 15 17 7 19 25
5 15 8 17 7 25
5 15 4 19 25 1
5 15 13 19 25 1
5 15 13 4 25 1
5 15 13 11 4 25
5 15 17 19 1 18
5 15 13 17 1 18
5 15 13 17 19 1
5 15 13 17 9 18
5 15 8 13 17 9
5 15 7 19 12 18
5 15 17 19 12 18
5 15 17 7 12 18
5 15 17 7 19 12
5 15 4 19 1 18
5 15 9 4 1 18
5 15 13 9 1 18
5 15 13 9 4 1
5 15 13 9 4 6
5 21 13 9 3 6
5 21 8 9 3 6
5 21 8 13 9 3
5 21 13 3 6 5
5 21 15 8 13 9
5 21 0 3 6 5
5 21 0 8 3 6
5 21 13 11 3 5
5 21 0 10 6 5
5 21 0 8 10 6
5 21 0 11 3 5
5 21 13 4 6 5
5 21 13 11 3 25
5 21 8 11 3 25
5 21 0 11 10 5
5 21 8 11 3 10
5 21 0 11 3 10
5 21 0 8 3 10
5 21 13 11 4 5
5 21 15 13 3 25
5 21 15 8 3 25
5 21 15 8 13 3
5 21 11 4 10 5
5 21 8 11 10 25
5 24 7 14 20 16
5 24 0 7 20 16
5 24 0 7 14 16
5 24 0 8 7 14
5 24 0 14 3 16
5 24 0 8 14 3
5 24 8 17 7 14
5 24 9 14 3 16
5 24 8 9 14 3
5 24 0 3 6 16
5 24 0 8 3 6
5 24 7 14 20 12
5 24 17 14 20 12
5 24 17 7 14 12
5 24 8 17 9 14
5 24 9 3 6 16
5 24 17 9 14 16
5 24 8 9 3 6
5 24 14 2 20 16
5 24 17 14 2 16
5 24 17 14 2 20
5 24 9 2 20 16
5 24 17 9 2 16
5 24 17 9 2 20
5 22 24 0 8 6
5 22 24 8 9 6
5 22 24 0 20 16
5 22 24 0 6 16
5 22 24 0 7 20
5 22 24 0 8 7
5 22 15 9 6 18
5 22 15 8 7 18
5 22 15 8 9 6
5 22 9 6 20 16
5 22 24 9 20 16
5 22 24 9 6 16
5 22 24 8 17 7
5 22 17 9 20 18
5 22 15 17 9 18
5 22 15 17 7 18
5 22 15 8 17 7
5 22 24 17 9 20
5 22 15 8 17 9
5 22 24 8 17 9
5 22 24 7 20 12
5 22 24 17 20 12
5 22 24 17 7 12
5 22 7 20 12 18
5 22 17 20 12 18
5 22 17 7 12 18
5 23 15 13 9 6
5 23 21 13 9 6
5 23 21 15 13 9
5 23 15 8 9 6
5 23 21 8 9 6
5 23 21 15 8 9
5 23 15 13 4 6
5 23 21 13 4 6
5 23 21 8 10 6
5 23 15 13 11 4
5 23 21 13 11 4
5 23 21 4 6 5
5 23 21 4 10 5
5 23 15 13 11 25
5 23 21 13 11 25
5 23 21 15 13 25
5 23 15 8 7 18
5 23 8 7 10 25
5 23 21 8 10 25
5 23 4 19 10 18
5 23 15 4 19 18
5 23 11 4 19 10
5 23 21 11 4 10
5 23 11 4 19 25
5 23 15 4 19 25
5 23 15 11 4 25
5 23 7 19 10 18
5 23 15 7 19 18
5 23 7 19 10 25
5 23 15 7 19 25
5 23 15 8 7 25
5 23 21 15 8 25
5 23 11 19 10 25
5 23 21 11 10 25
