324
5 13 19 25 23 26
5 13 19 25 23 3
5 15 31 6 24 29
5 27 15 13 24 26
5 7 1 19 3 10
5 7 27 13 23 26
5 17 0 6 25 29
5 2 15 13 8 16
5 2 27 15 13 8
5 5 0 31 6 29
5 12 17 0 25 29
5 12 17 0 25 23
5 12 19 25 23 3
5 12 13 25 23 3
5 28 7 1 3 10
5 28 7 27 1 10
5 28 2 27 1 10
5 28 2 27 15 8
5 28 27 13 3 26
5 28 2 15 1 24
5 28 2 27 1 24
5 28 2 27 15 24
5 28 27 15 13 26
5 28 27 15 13 8
5 28 27 1 24 26
5 28 27 15 24 26
5 11 7 1 19 3
5 11 7 19 23 3
5 11 28 27 1 26
5 11 28 7 27 1
5 11 28 1 3 26
5 11 28 7 1 3
5 11 19 25 29 26
5 11 19 25 23 26
5 11 13 19 3 26
5 11 13 19 23 26
5 11 13 19 23 3
5 11 7 13 23 26
5 11 7 13 23 3
5 11 28 27 3 26
5 11 28 7 27 3
5 11 27 13 3 26
5 11 7 27 13 26
5 11 7 27 13 3
5 32 0 31 6 29
5 32 17 0 6 29
5 32 12 0 31 29
5 32 12 17 0 29
5 32 5 0 31 6
5 32 5 17 31 6
5 32 5 17 0 6
5 32 12 17 25 29
5 32 12 17 25 23
5 32 12 0 31 10
5 32 5 0 31 10
5 30 2 17 15 24
5 30 5 15 31 6
5 30 5 17 31 6
5 30 7 27 1 24
5 30 2 27 1 24
5 30 32 17 24 23
5 30 32 17 31 24
5 30 32 5 31 10
5 30 32 5 17 31
5 20 2 15 13 16
5 20 2 13 23 16
5 20 2 17 23 16
5 20 15 25 16 26
5 20 15 13 16 26
5 20 13 25 23 16
5 20 2 27 13 23
5 20 2 27 15 13
5 20 2 17 24 23
5 20 2 17 15 24
5 20 13 25 23 26
5 20 0 25 23 16
5 20 17 0 23 16
5 20 17 0 25 23
5 20 17 6 25 29
5 20 27 13 24 23
5 20 27 15 13 24
5 20 2 27 24 23
5 20 2 27 15 24
5 20 15 13 24 26
5 20 15 25 29 26
5 20 32 17 6 29
5 20 32 17 25 29
5 20 32 17 25 23
5 20 11 25 29 26
5 20 11 25 23 26
5 20 11 25 23 29
5 20 31 6 24 29
5 20 32 31 24 29
5 20 32 31 6 29
5 20 32 17 31 24
5 20 32 17 31 6
5 4 0 6 25 29
5 4 12 0 25 29
5 4 12 19 25 29
5 4 12 19 25 3
5 4 15 25 29 26
5 4 15 25 16 26
5 4 15 13 16 26
5 4 15 13 8 16
5 4 19 25 29 26
5 4 13 19 3 26
5 4 13 19 25 26
5 4 13 19 25 3
5 4 20 25 16 26
5 4 20 13 16 26
5 4 20 13 25 26
5 4 20 13 25 16
5 14 5 17 0 6
5 14 20 17 0 16
5 14 20 0 25 16
5 14 17 0 6 25
5 14 20 17 6 25
5 14 20 17 0 25
5 14 20 2 17 16
5 14 4 0 25 16
5 14 4 0 6 16
5 14 4 0 6 25
5 14 20 15 25 16
5 14 20 2 15 16
5 14 30 5 17 6
5 14 30 5 2 17
5 14 20 2 17 15
5 14 4 6 25 29
5 14 20 6 25 29
5 14 20 15 25 29
5 14 2 15 8 16
5 14 5 2 8 16
5 14 5 2 15 8
5 14 30 5 15 6
5 14 30 5 2 15
5 14 30 2 17 15
5 14 20 17 15 24
5 14 4 15 25 29
5 14 4 15 25 16
5 14 15 6 24 29
5 14 20 6 24 29
5 14 20 15 24 29
5 14 30 15 31 6
5 14 30 17 31 6
5 14 15 31 6 24
5 14 20 31 6 24
5 14 20 17 31 24
5 14 20 17 31 6
5 14 30 15 31 24
5 14 30 17 31 24
5 14 30 17 15 24
5 18 7 19 23 3
5 18 12 19 23 3
5 18 11 7 19 23
5 18 32 12 31 10
5 18 12 19 25 29
5 18 12 19 25 23
5 18 32 12 25 29
5 18 32 12 25 23
5 18 32 12 31 29
5 18 32 12 17 23
5 18 11 25 23 29
5 18 11 19 25 29
5 18 11 19 25 23
5 18 11 7 1 19
5 18 20 25 23 29
5 18 20 32 23 29
5 18 20 32 25 29
5 18 20 32 25 23
5 18 32 12 0 10
5 18 32 12 17 0
5 18 30 31 1 10
5 21 18 11 31 29
5 21 18 11 31 1
5 21 20 11 29 26
5 21 27 1 24 26
5 21 11 27 1 26
5 21 32 31 24 29
5 21 18 32 31 29
5 21 30 31 1 24
5 21 18 30 31 1
5 21 18 11 7 1
5 21 20 15 29 26
5 21 20 15 24 26
5 21 20 15 24 29
5 21 20 11 23 26
5 21 20 11 23 29
5 21 11 7 27 26
5 21 7 27 1 24
5 21 11 7 27 1
5 21 18 11 23 29
5 21 18 32 23 29
5 21 30 7 1 24
5 21 18 11 7 23
5 21 11 7 23 26
5 21 20 13 23 26
5 21 20 13 24 26
5 21 20 13 24 23
5 21 20 32 23 29
5 21 20 32 24 29
5 21 7 27 23 26
5 21 7 27 24 23
5 21 30 32 24 23
5 21 30 32 31 24
5 21 18 30 32 31
5 21 27 13 23 26
5 21 27 13 24 26
5 21 27 13 24 23
5 21 32 17 24 23
5 21 20 17 24 23
5 21 20 32 17 23
5 21 20 32 17 24
5 22 4 0 6 16
5 22 14 0 6 16
5 22 14 5 0 6
5 22 14 4 6 16
5 22 14 17 0 16
5 22 14 5 17 0
5 22 5 2 8 16
5 22 14 2 17 16
5 22 14 5 2 16
5 22 14 5 2 17
5 22 14 5 8 16
5 22 4 13 8 16
5 22 4 13 8 3
5 22 17 0 23 16
5 22 2 17 23 16
5 22 2 13 23 16
5 22 2 13 8 16
5 22 4 0 25 16
5 22 4 12 0 25
5 22 13 25 23 16
5 22 0 25 23 16
5 22 2 27 13 23
5 22 2 27 13 8
5 22 12 13 23 3
5 22 7 13 23 3
5 22 4 13 25 16
5 22 12 13 25 3
5 22 4 13 25 3
5 22 4 12 25 3
5 22 12 13 25 23
5 22 12 0 25 23
5 22 7 27 13 23
5 22 7 27 13 3
5 22 28 8 3 10
5 22 28 7 3 10
5 22 28 2 8 10
5 22 28 2 27 10
5 22 28 2 27 8
5 22 28 13 8 3
5 22 28 27 13 3
5 22 28 27 13 8
5 22 28 7 27 3
5 9 30 32 31 10
5 9 18 32 31 10
5 9 18 30 31 10
5 9 18 30 32 31
5 9 30 32 17 23
5 9 18 32 17 23
5 9 21 30 32 23
5 9 21 18 32 23
5 9 21 18 30 32
5 9 30 32 5 10
5 9 30 32 5 17
5 9 18 32 0 10
5 9 18 32 17 0
5 9 18 30 1 10
5 9 21 18 7 23
5 9 32 5 0 10
5 9 32 5 17 0
5 9 30 5 2 10
5 9 30 5 2 17
5 9 22 17 0 23
5 9 18 12 0 10
5 9 12 17 0 23
5 9 18 12 17 23
5 9 18 12 17 0
5 9 18 7 23 3
5 9 18 12 23 3
5 9 30 2 1 10
5 9 7 1 19 10
5 9 18 1 19 10
5 9 18 7 1 19
5 9 21 30 7 1
5 9 21 18 7 1
5 9 21 18 30 1
5 9 21 7 24 23
5 9 21 30 24 23
5 9 21 30 7 24
5 9 22 2 17 23
5 9 2 17 24 23
5 9 30 17 24 23
5 9 30 2 17 24
5 9 22 5 0 10
5 9 22 5 17 0
5 9 22 5 2 10
5 9 22 5 2 17
5 9 22 12 0 10
5 9 22 12 0 23
5 9 22 7 3 10
5 9 22 12 3 10
5 9 22 7 23 3
5 9 22 12 23 3
5 9 7 19 3 10
5 9 18 7 19 3
5 9 12 19 3 10
5 9 18 12 19 10
5 9 18 12 19 3
5 9 7 27 1 10
5 9 2 27 1 10
5 9 30 7 27 1
5 9 30 2 27 1
5 9 22 2 27 10
5 9 22 7 27 23
5 9 22 2 27 23
5 9 7 27 24 23
5 9 2 27 24 23
5 9 30 7 27 24
5 9 30 2 27 24
5 9 28 7 27 10
5 9 22 28 27 10
5 9 22 28 7 10
5 9 22 28 7 27
