198
5 19 1 3 2 13
5 19 0 3 2 13
5 4 1 3 25 13
5 8 4 23 1 13
5 16 4 1 3 25
5 24 19 0 2 13
5 5 1 3 2 13
5 5 4 1 3 13
5 5 16 1 3 2
5 5 16 4 1 3
5 12 16 3 2 20
5 12 16 19 2 20
5 12 19 0 3 2
5 12 7 0 3 6
5 12 8 7 23 20
5 12 8 7 23 6
5 11 4 1 25 13
5 11 8 1 25 13
5 11 8 4 1 13
5 11 4 23 25 13
5 11 8 23 25 13
5 11 8 4 23 13
5 11 5 16 4 1
5 11 8 4 23 1
5 18 8 7 6 25
5 18 7 3 25 20
5 18 12 7 3 6
5 18 8 23 25 13
5 18 8 1 25 13
5 18 19 0 3 13
5 18 12 0 3 6
5 18 12 19 0 6
5 18 12 19 0 3
5 18 12 7 3 20
5 18 1 3 25 13
5 18 19 1 3 13
5 18 8 23 1 13
5 18 11 8 1 25
5 18 12 3 2 20
5 18 12 19 2 20
5 18 12 19 3 2
5 9 19 1 2 13
5 9 24 19 2 13
5 9 24 19 1 13
5 9 5 1 2 13
5 9 16 19 1 2
5 9 5 16 1 2
5 9 11 4 23 1
5 9 11 5 4 1
5 9 11 5 4 23
5 9 11 8 23 1
5 10 24 23 0 13
5 10 24 19 0 13
5 10 24 19 1 13
5 10 18 19 0 13
5 10 18 19 0 6
5 10 18 23 1 13
5 10 18 19 1 13
5 10 9 23 1 13
5 10 9 24 1 13
5 10 9 24 19 1
5 10 18 23 25 13
5 10 18 8 19 6
5 10 18 8 23 1
5 10 18 8 19 1
5 10 9 8 23 1
5 10 9 8 19 1
5 10 8 23 6 25
5 10 18 8 6 25
5 10 18 8 23 25
5 17 9 24 2 13
5 17 9 5 2 13
5 17 5 4 1 13
5 17 9 5 1 13
5 17 9 5 4 1
5 17 4 23 1 13
5 17 9 23 1 13
5 17 9 4 23 1
5 17 10 24 23 13
5 17 10 9 23 13
5 17 10 9 24 13
5 17 10 9 24 23
5 21 18 8 7 25
5 21 18 11 8 25
5 21 12 8 7 20
5 21 18 12 7 20
5 21 18 11 1 25
5 21 18 11 8 1
5 21 18 12 19 20
5 21 12 8 7 6
5 21 18 8 7 6
5 21 18 12 7 6
5 21 18 8 19 1
5 21 18 8 19 6
5 21 18 12 19 6
5 21 9 11 8 1
5 21 12 16 19 20
5 21 18 1 3 25
5 21 18 19 1 3
5 21 11 5 16 1
5 21 9 5 16 1
5 21 9 11 5 1
5 21 9 11 5 16
5 21 19 1 3 2
5 21 16 1 3 2
5 21 16 19 1 2
5 15 10 9 8 19
5 15 10 9 24 19
5 15 10 9 8 23
5 15 10 9 24 23
5 15 10 8 19 6
5 15 10 24 19 0
5 15 21 8 19 6
5 15 21 12 19 6
5 15 21 12 8 6
5 15 9 8 19 1
5 15 21 8 19 1
5 15 21 9 8 1
5 15 21 12 16 19
5 15 12 16 19 2
5 15 9 16 19 2
5 15 9 24 19 2
5 15 9 24 16 2
5 15 12 19 0 6
5 15 10 19 0 6
5 15 10 12 0 6
5 15 12 8 23 6
5 15 10 8 23 6
5 15 24 19 0 2
5 15 12 19 0 2
5 15 9 16 19 1
5 15 21 16 19 1
5 15 21 9 16 1
5 15 21 12 8 20
5 15 21 12 16 20
5 15 21 9 11 8
5 15 21 9 11 16
5 15 24 16 0 2
5 15 12 16 0 2
5 15 12 8 23 20
5 15 11 8 23 20
5 15 11 16 23 20
5 15 21 11 8 20
5 15 21 11 16 20
5 14 17 9 24 23
5 14 9 5 4 23
5 14 17 9 4 23
5 14 17 9 5 4
5 14 17 9 24 2
5 14 17 9 5 2
5 14 15 9 24 23
5 14 15 9 24 16
5 14 9 11 5 23
5 14 9 11 5 16
5 14 9 24 16 2
5 14 9 5 16 2
5 14 15 11 16 23
5 14 15 9 11 16
5 14 11 16 4 23
5 14 11 5 4 23
5 14 11 5 16 4
5 14 9 11 8 23
5 14 15 11 8 23
5 14 15 9 8 23
5 14 15 9 11 8
5 22 11 8 7 25
5 22 21 8 7 25
5 22 21 11 8 25
5 22 11 8 7 20
5 22 21 8 7 20
5 22 21 11 8 20
5 22 18 7 25 20
5 22 21 18 7 20
5 22 21 18 7 25
5 22 21 11 16 20
5 22 18 3 25 20
5 22 21 18 3 25
5 22 11 16 4 20
5 22 16 3 25 20
5 22 18 3 2 20
5 22 16 3 2 20
5 22 21 16 3 2
5 22 16 1 3 25
5 22 21 1 3 25
5 22 21 16 1 3
5 22 16 4 1 25
5 22 11 4 1 25
5 22 21 11 1 25
5 22 11 16 4 1
5 22 21 11 16 1
5 22 18 19 2 20
5 22 21 18 19 20
5 22 18 19 3 2
5 22 21 19 3 2
5 22 21 18 19 3
5 22 16 19 2 20
5 22 21 16 19 20
5 22 21 16 19 2
