295
5 16 0 9 4 1
5 19 29 22 20 31
5 18 7 16 25 6
5 18 16 25 6 23
5 18 16 0 4 1
5 18 16 25 23 1
5 13 18 25 23 1
5 13 18 0 23 1
5 13 18 0 25 1
5 14 16 0 9 1
5 14 11 0 9 1
5 14 11 0 9 22
5 14 18 0 25 1
5 14 18 16 25 1
5 14 18 16 0 1
5 12 14 11 9 22
5 12 14 11 9 1
5 12 11 5 25 22
5 12 14 11 25 22
5 12 7 5 25 22
5 12 14 7 25 22
5 12 14 7 16 27
5 26 19 29 22 20
5 26 19 29 22 31
5 26 19 27 9 4
5 2 19 27 9 22
5 2 11 0 9 22
5 2 26 19 27 9
5 2 14 16 0 9
5 2 26 27 9 4
5 2 16 0 9 4
5 2 16 27 9 4
5 2 26 19 4 31
5 2 26 19 9 4
5 2 18 16 0 4
5 24 5 29 20 23
5 24 5 29 6 23
5 32 14 0 25 22
5 32 14 11 25 22
5 32 14 11 0 22
5 32 13 0 25 1
5 32 14 0 25 1
5 32 14 11 0 1
5 32 13 25 23 1
5 32 11 0 9 1
5 32 12 14 25 1
5 32 12 14 11 1
5 32 12 14 11 25
5 32 12 11 9 1
5 32 12 11 5 25
5 32 24 5 20 23
5 15 26 21 29 22
5 15 26 7 29 22
5 15 24 13 5 22
5 15 24 13 21 22
5 15 24 13 21 23
5 15 7 5 29 22
5 15 7 5 29 6
5 15 24 5 29 22
5 15 24 21 29 22
5 15 24 5 29 6
5 15 24 13 5 25
5 15 24 5 6 23
5 15 24 21 29 23
5 15 13 18 25 23
5 15 24 13 25 23
5 15 5 25 6 23
5 15 18 25 6 23
5 15 24 5 25 23
5 17 12 11 9 22
5 17 19 27 9 22
5 17 12 27 9 22
5 17 12 19 27 9
5 17 19 11 9 20
5 17 12 11 9 20
5 17 12 19 9 20
5 17 26 19 27 22
5 17 12 11 5 22
5 17 26 19 22 20
5 17 12 19 27 20
5 17 26 19 27 20
5 17 12 7 5 20
5 17 12 7 5 22
5 17 12 7 27 20
5 17 12 7 27 22
5 17 26 7 27 20
5 17 26 7 27 22
5 17 5 29 22 20
5 17 7 5 29 20
5 17 7 5 29 22
5 17 26 29 22 20
5 17 26 7 29 20
5 17 26 7 29 22
5 10 2 27 9 22
5 10 12 27 9 22
5 10 12 14 9 22
5 10 12 14 27 9
5 10 14 0 9 22
5 10 2 0 9 22
5 10 2 14 0 9
5 10 14 16 27 9
5 10 2 16 27 9
5 10 2 14 16 9
5 10 12 7 27 22
5 10 12 14 7 22
5 10 12 14 7 27
5 10 2 14 16 0
5 10 14 7 16 27
5 10 14 0 25 22
5 10 14 18 0 25
5 10 14 18 16 0
5 10 26 19 27 22
5 10 2 19 27 22
5 10 2 26 19 27
5 10 2 18 16 0
5 10 18 7 16 27
5 10 14 7 25 22
5 10 14 7 16 25
5 10 15 18 7 27
5 10 13 0 25 22
5 10 13 18 0 25
5 10 14 18 16 25
5 10 26 7 27 22
5 10 15 26 7 22
5 10 15 26 7 27
5 10 2 18 0 4
5 10 18 16 27 4
5 10 2 16 27 4
5 10 2 18 16 4
5 10 18 7 16 25
5 10 15 13 21 22
5 10 15 13 18 25
5 10 13 5 25 22
5 10 15 13 5 22
5 10 15 13 5 25
5 10 7 5 25 22
5 10 15 7 5 22
5 10 18 7 25 6
5 10 15 18 25 6
5 10 7 5 25 6
5 10 15 5 25 6
5 10 15 7 5 6
5 30 2 11 9 22
5 30 2 19 9 22
5 30 17 11 9 22
5 30 17 19 9 22
5 30 17 19 11 9
5 30 2 19 9 31
5 30 10 2 19 22
5 30 19 22 20 31
5 30 17 19 22 20
5 30 17 19 11 20
5 30 2 11 0 22
5 30 26 19 22 31
5 30 10 26 19 22
5 30 2 26 19 31
5 30 10 2 26 19
5 30 10 13 21 22
5 30 2 13 21 31
5 30 10 13 0 22
5 30 10 2 0 22
5 30 2 26 21 31
5 30 10 2 26 21
5 30 29 22 20 31
5 30 21 29 20 31
5 30 2 13 21 0
5 30 10 13 21 0
5 30 10 2 21 0
5 30 26 29 22 31
5 30 26 21 29 31
5 30 26 21 29 22
5 30 15 26 21 22
5 30 10 15 21 22
5 30 10 15 26 22
5 30 10 15 26 21
5 8 15 7 29 6
5 8 15 18 6 23
5 8 24 29 6 23
5 8 15 24 6 23
5 8 15 24 29 23
5 8 15 24 29 6
5 8 18 7 16 6
5 8 15 18 7 27
5 8 10 18 7 6
5 8 10 15 7 6
5 8 10 15 18 6
5 8 10 15 18 7
5 8 18 16 6 23
5 8 7 16 27 4
5 8 18 16 27 4
5 8 18 7 16 27
5 3 10 18 27 4
5 3 10 15 18 27
5 3 8 18 27 4
5 3 8 15 18 27
5 3 10 15 26 27
5 3 10 18 0 4
5 3 8 7 27 4
5 3 8 15 7 27
5 3 8 18 4 23
5 3 8 15 18 23
5 3 26 7 27 4
5 3 15 26 7 27
5 3 2 26 27 4
5 3 10 2 27 4
5 3 10 2 26 27
5 3 10 15 26 21
5 3 10 13 18 0
5 3 10 15 13 18
5 3 8 7 29 4
5 3 8 15 7 29
5 3 8 29 4 23
5 3 8 15 29 23
5 3 26 7 29 4
5 3 15 26 7 29
5 3 10 2 26 21
5 3 15 26 21 29
5 3 13 18 0 4
5 3 10 2 0 4
5 3 10 2 21 0
5 3 10 13 21 0
5 3 10 15 13 21
5 3 13 21 4 23
5 3 13 18 4 23
5 3 15 21 29 23
5 3 15 13 21 23
5 3 15 13 18 23
5 3 2 21 4 31
5 3 2 26 4 31
5 3 2 26 21 31
5 3 21 29 4 31
5 3 26 29 4 31
5 3 26 21 29 31
5 3 2 13 0 4
5 3 2 13 21 4
5 3 2 13 21 0
5 28 30 2 11 0
5 28 30 2 13 0
5 28 2 11 0 9
5 28 2 13 0 9
5 28 30 11 0 22
5 28 30 13 0 22
5 28 30 2 11 9
5 28 32 11 0 9
5 28 32 13 0 9
5 28 32 11 0 22
5 28 2 13 9 31
5 28 30 2 9 31
5 28 30 2 13 31
5 28 13 0 25 22
5 28 32 0 25 22
5 28 32 13 0 25
5 28 32 11 25 22
5 28 24 13 5 22
5 28 24 13 21 22
5 28 30 13 21 22
5 28 30 19 9 31
5 28 30 19 11 9
5 28 11 5 25 22
5 28 13 5 25 22
5 28 24 13 5 25
5 28 30 17 22 20
5 28 30 17 11 20
5 28 30 17 11 22
5 28 30 29 22 20
5 28 24 21 29 22
5 28 30 21 29 22
5 28 19 9 20 31
5 28 19 11 9 20
5 28 30 19 20 31
5 28 30 19 11 20
5 28 30 21 20 31
5 28 30 13 21 31
5 28 32 24 20 23
5 28 32 24 5 20
5 28 32 11 5 25
5 28 24 13 25 23
5 28 32 13 25 23
5 28 17 5 22 20
5 28 17 11 5 22
5 28 5 29 22 20
5 28 24 5 29 20
5 28 24 5 29 22
5 28 24 21 29 20
5 28 30 21 29 20
5 28 24 21 20 31
5 28 24 5 25 23
5 28 32 5 25 23
5 28 32 24 5 23
5 28 32 12 5 20
5 28 17 12 5 20
5 28 32 12 11 20
5 28 17 12 11 20
5 28 32 12 11 5
5 28 17 12 11 5
