131
5 6 12 10 16 4
5 6 12 10 16 1
5 17 12 16 1 0
5 8 12 16 1 0
5 8 17 12 1 0
5 11 6 3 7 1
5 11 6 10 7 4
5 11 6 3 7 4
5 15 6 12 10 1
5 15 11 6 10 1
5 15 8 17 12 1
5 15 6 3 12 1
5 15 6 12 10 4
5 15 11 6 10 4
5 15 11 6 3 4
5 13 11 6 10 7
5 13 11 6 7 1
5 13 11 6 10 1
5 13 7 16 1 0
5 13 6 7 16 1
5 13 3 7 1 0
5 13 11 3 7 1
5 13 6 10 16 1
5 13 17 16 1 0
5 13 12 10 16 1
5 13 15 12 10 1
5 13 17 12 16 1
5 13 15 17 12 1
5 13 15 17 12 10
5 5 13 3 7 0
5 5 13 11 3 0
5 5 13 11 3 7
5 5 11 3 7 4
5 5 13 11 10 7
5 5 11 10 7 4
5 5 13 6 10 7
5 5 6 10 7 4
5 5 15 11 10 4
5 5 13 7 16 0
5 5 13 6 7 16
5 5 7 16 4 0
5 5 6 7 16 4
5 18 8 3 1 0
5 18 8 17 1 0
5 18 5 11 3 0
5 18 13 17 1 0
5 18 5 13 11 0
5 18 15 11 3 4
5 18 5 11 3 4
5 18 5 15 11 4
5 18 5 13 11 10
5 9 18 3 1 0
5 9 18 11 3 0
5 9 13 3 1 0
5 9 13 11 3 0
5 9 13 11 3 1
5 9 18 13 1 0
5 9 18 13 11 0
5 9 18 13 17 1
5 9 11 6 3 1
5 9 15 6 3 1
5 9 15 11 6 1
5 9 15 11 6 3
5 9 13 15 17 1
5 9 15 11 10 1
5 9 13 11 10 1
5 9 13 15 10 1
5 2 18 13 17 0
5 2 18 5 13 0
5 2 13 17 16 0
5 2 5 13 16 0
5 2 18 8 17 0
5 2 18 5 8 0
5 2 18 13 17 10
5 2 18 5 13 10
5 2 17 12 16 0
5 2 5 8 4 0
5 2 12 16 4 0
5 2 5 16 4 0
5 2 13 12 10 16
5 2 13 17 12 16
5 2 13 17 12 10
5 2 13 6 10 16
5 2 5 13 6 16
5 2 5 13 6 10
5 2 8 12 4 0
5 2 8 17 12 0
5 2 5 15 8 4
5 2 15 17 12 10
5 2 12 10 16 4
5 2 6 10 16 4
5 2 5 6 16 4
5 2 5 6 10 4
5 2 15 8 12 4
5 2 15 8 17 12
5 2 15 12 10 4
5 2 5 15 10 4
5 14 2 5 15 8
5 14 2 18 5 8
5 14 5 15 8 4
5 14 18 5 8 4
5 14 18 5 15 4
5 14 2 15 8 17
5 14 2 18 8 17
5 14 2 5 15 10
5 14 2 18 5 10
5 14 15 8 17 1
5 14 18 8 17 1
5 14 2 15 17 10
5 14 2 18 17 10
5 14 5 15 11 10
5 14 18 5 11 10
5 14 18 5 15 11
5 14 15 8 3 1
5 14 18 8 3 1
5 14 9 15 17 1
5 14 9 18 17 1
5 14 13 15 17 10
5 14 18 13 17 10
5 14 9 15 11 10
5 14 9 15 3 1
5 14 9 18 3 1
5 14 9 13 15 17
5 14 9 18 13 17
5 14 9 13 15 10
5 14 18 13 11 10
5 14 9 13 11 10
5 14 9 18 13 11
5 14 18 15 11 3
5 14 9 15 11 3
5 14 9 18 11 3
