222
5 12 10 18 6 23
5 4 0 11 15 23
5 4 24 11 15 23
5 17 10 18 23 20
5 17 0 18 23 20
5 17 10 6 11 23
5 17 10 18 6 23
5 17 24 18 6 7
5 17 4 0 18 20
5 17 4 24 11 23
5 17 4 24 18 23
5 17 4 0 11 23
5 17 4 0 18 23
5 17 24 6 11 23
5 17 24 18 6 23
5 17 12 18 6 7
5 17 12 10 6 7
5 17 12 10 18 7
5 17 12 10 18 6
5 3 12 10 18 7
5 3 17 10 18 20
5 3 17 10 18 7
5 3 9 7 25 20
5 1 13 0 15 23
5 1 12 10 6 23
5 1 13 12 10 25
5 1 13 12 10 6
5 1 10 6 11 23
5 1 13 10 6 11
5 1 24 6 11 23
5 8 13 12 7 25
5 8 9 7 25 20
5 14 3 17 10 20
5 14 3 17 10 7
5 14 8 9 7 20
5 14 3 9 7 20
5 14 8 18 7 20
5 14 3 18 7 20
5 14 3 17 18 20
5 14 3 17 18 7
5 14 17 4 18 20
5 14 8 4 18 20
5 14 17 24 18 7
5 14 8 24 18 7
5 14 17 0 11 20
5 14 17 4 0 20
5 14 17 4 0 11
5 14 8 4 0 20
5 14 8 9 0 20
5 14 17 4 24 18
5 14 8 4 24 18
5 14 8 4 24 15
5 14 8 4 0 15
5 21 1 13 10 11
5 21 9 13 0 11
5 21 1 13 10 25
5 21 14 17 11 20
5 21 14 17 10 20
5 21 14 17 10 11
5 21 14 0 11 20
5 21 14 9 0 20
5 21 14 9 0 11
5 21 14 3 10 20
5 21 1 10 11 23
5 21 13 0 11 23
5 21 1 13 11 23
5 21 1 13 0 23
5 21 9 13 0 25
5 21 1 13 0 25
5 21 17 0 11 20
5 21 17 0 11 23
5 21 17 10 11 23
5 21 1 0 25 23
5 21 17 0 23 20
5 21 17 10 23 20
5 21 3 12 10 25
5 21 1 12 10 23
5 21 1 12 10 25
5 2 14 8 0 15
5 2 14 8 9 0
5 2 13 0 15 25
5 2 8 0 15 25
5 2 8 13 15 25
5 2 9 13 0 25
5 2 8 9 0 25
5 16 3 9 7 25
5 16 14 3 9 7
5 16 8 9 7 25
5 16 2 8 9 25
5 16 2 9 13 25
5 16 14 8 9 7
5 16 2 14 8 7
5 16 2 14 8 9
5 16 21 14 3 10
5 16 21 9 13 25
5 16 2 8 13 25
5 16 21 13 10 25
5 16 21 3 10 25
5 16 21 9 13 11
5 16 21 14 9 11
5 16 2 13 0 15
5 16 2 9 13 0
5 16 2 14 0 15
5 16 2 14 9 0
5 16 13 12 10 25
5 16 3 12 7 25
5 16 3 12 10 25
5 16 9 13 0 11
5 16 21 13 10 11
5 16 21 14 10 11
5 22 3 9 25 20
5 22 21 9 0 20
5 22 21 9 0 25
5 22 21 3 12 25
5 22 14 3 9 20
5 22 21 14 9 20
5 22 21 14 3 20
5 22 16 3 9 25
5 22 16 21 9 25
5 22 16 21 3 25
5 22 21 3 10 20
5 22 21 3 12 10
5 22 16 14 3 9
5 22 16 21 14 9
5 22 16 21 14 3
5 22 21 0 23 20
5 22 21 0 25 23
5 22 3 10 18 20
5 22 3 12 18 20
5 22 3 12 10 18
5 22 1 12 25 23
5 22 21 1 25 23
5 22 21 1 12 23
5 22 21 1 12 25
5 22 10 18 23 20
5 22 21 10 23 20
5 22 12 10 18 23
5 22 21 12 10 23
5 19 13 12 7 25
5 19 16 12 7 25
5 19 16 13 12 25
5 19 8 13 7 25
5 19 16 8 7 25
5 19 16 8 13 25
5 19 16 13 12 10
5 19 16 2 8 7
5 19 16 2 8 13
5 19 12 10 6 7
5 19 13 12 10 6
5 19 3 12 10 7
5 19 16 3 12 7
5 19 16 3 12 10
5 19 16 13 10 11
5 19 13 10 6 11
5 19 1 13 12 6
5 19 14 3 10 7
5 19 16 14 3 7
5 19 16 14 3 10
5 19 16 14 10 11
5 19 16 2 14 7
5 19 17 10 6 7
5 19 17 10 6 11
5 19 24 12 6 7
5 19 1 24 12 6
5 19 8 13 12 7
5 19 14 17 10 7
5 19 14 17 10 11
5 19 17 24 6 7
5 19 17 24 6 11
5 19 1 13 6 11
5 5 14 9 0 11
5 5 16 9 0 11
5 5 16 14 9 11
5 5 16 14 9 0
5 5 16 14 0 15
5 5 4 0 11 15
5 5 14 4 0 15
5 5 14 4 0 11
5 5 16 13 0 15
5 5 16 13 0 11
5 5 16 2 14 15
5 5 4 24 11 15
5 5 14 4 24 15
5 5 0 11 15 23
5 5 13 0 15 23
5 5 13 0 11 23
5 5 16 2 13 15
5 5 19 16 14 11
5 5 19 16 2 14
5 5 17 4 24 11
5 5 14 17 4 11
5 5 14 17 4 24
5 5 1 13 15 23
5 5 1 13 11 23
5 5 19 16 13 11
5 5 19 16 2 13
5 5 14 8 24 15
5 5 2 14 8 15
5 5 19 17 24 11
5 5 19 14 17 11
5 5 24 11 15 23
5 5 1 24 15 23
5 5 1 24 11 23
5 5 2 8 13 15
5 5 19 2 8 13
5 5 14 8 24 7
5 5 2 14 8 7
5 5 19 2 14 7
5 5 14 17 24 7
5 5 19 17 24 7
5 5 19 14 17 7
5 5 8 1 24 15
5 5 8 1 13 15
5 5 19 1 13 11
5 5 19 8 24 7
5 5 19 2 8 7
5 5 19 8 1 24
5 5 19 8 1 13
5 5 1 24 6 11
5 5 19 24 6 11
5 5 19 1 6 11
5 5 19 1 24 6
