4
33
-7.55677 0.969659 -5.91393 -3.80617
-4.59667 0.613436 7.17576 6.80661
6.09435 -5.25868 0.329997 2.71882
-2.14984 -4.80318 -3.78884 -2.62072
-3.3423 2.08292 4.75199 3.37327
-2.07945 -0 -2.42165 8.80029
5.19714 -0 -4.31458 -5.61065
-8.74069 -0 -1.54602 -2.99525
3.33034 -0 6.65987 -4.47086
-8.02479 -0 3.001 -6.66474
1.78635 -0 -1.28708 7.98174
-3.83331 -0 3.03021 -8.55399
-0 6.46499 -3.76221 0.574915
-0 3.82795 2.19677 5.6725
-0 9.12392 1.1703 9.45963
-0 0.716579 -8.20312 -7.57625
-0 -4.41213 -6.81866 4.78614
-0 1.83975 -2.12421 2.41251
-0 -2.11008 -5.48623 5.42622
-6.82656 -8.71334 -0 9.55382
-1.576 -8.72384 -0 -1.78113
-6.76703 2.25226 -0 -4.31248
4.69136 3.90138 -0 -9.01231
-6.67852 -4.80207 -0 -2.76176
-1.58944 5.47566 -0 6.28129
-6.22522 8.88337 -0 8.1199
-3.10087 -3.95055 6.86175 -0
-2.62347 -2.9181 8.60525 -0
-0.288957 2.22838 -9.14267 -0
2.30457 1.20129 8.00957 -0
2.20276 0.536814 -6.71519 -0
5.67709 1.12226 -7.74316 -0
-1.4983 1.48069 -3.96387 -0
