4
33
-0.920158 -4.72392 2.88901 9.80822
7.46186 -2.86009 7.45229 -6.55002
-8.21372 -5.08815 -4.96132 -2.27523
0.3547 8.95132 3.36465 2.63236
5.09675 -7.14745 4.9341 5.86223
-8.91792 -8.45331 -0 -0.459691
7.88266 -6.5817 -0 -2.66966
9.17631 -7.37596 -0 -2.16107
-7.65422 8.4944 -0 0.0283158
4.29299 6.09793 -0 -5.64895
2.0614 7.60661 -0 -5.45982
-0.350906 5.68321 -0 -0.10516
-8.96554 5.32024 4.88361 -0
5.66658 -1.71854 -6.17512 -0
-1.69356 -7.01095 -0.439849 -0
0.309798 9.59041 -6.70925 -0
1.67061 -6.55149 0.257932 -0
7.51834 4.67176 5.84222 -0
6.14014 -0.896551 -4.09689 -0
-0 6.15462 5.19104 0.572971
-0 6.99765 2.4853 9.96995
-0 -6.40829 8.46875 2.31288
-0 3.26105 -9.55216 5.56776
-0 9.59319 -2.89185 -1.67268
-0 -6.16303 5.84235 0.639651
-0 1.14194 -8.23058 2.88516
2.68186 -0 -0.527045 -8.58066
-3.83907 -0 1.33309 9.06979
-8.88295 -0 4.40008 6.63909
-2.96064 -0 8.07202 1.74968
3.39402 -0 -1.30422 -6.81977
2.58021 -0 -0.835428 8.68154
-3.35261 -0 9.28927 -0.852168
