4
26
5.11499 -3.71105 1.81914 0.981194
-2.97154 8.10985 -4.3396 3.78993
-9.51298 7.99996 -9.06012 6.39767
3.28268 1.54916 -1.89627 3.51275
6.10811 3.54789 -6.826 3.79885
-0 6.15462 5.19104 0.572971
-0 6.99765 2.4853 9.96995
-0 -6.40829 8.46875 2.31288
-0 3.26105 -9.55216 5.56776
-0 9.59319 -2.89185 -1.67268
-0 -6.16303 5.84235 0.639651
-0 1.14194 -8.23058 2.88516
4.9019 -8.94458 -0 -9.27749
-6.33347 2.98294 -0 9.52246
-4.76958 -5.49989 -0 0.688025
-6.04775 -6.60794 -0 3.03066
2.80408 -8.05941 -0 1.7134
2.65468 -0.113663 -0 -5.46356
4.95417 -2.37132 -0 6.06715
-5.83645 -5.79136 -6.40111 -0
8.76317 -7.91159 8.76836 -0
-2.95474 4.55446 0.103447 -0
6.93293 -4.87332 8.69319 -0
-5.7284 2.71604 -0.405197 -0
7.27969 -3.38239 4.59128 -0
0.268572 -2.22331 -6.39652 -0
