4
26
-5.00081 3.42003 8.54051 -5.59337
6.23406 -8.91984 3.1515 2.88594
-5.61799 -1.49586 -4.83316 -6.16303
-9.82053 1.00389 1.02297 5.44753
1.99834 9.31431 4.57561 -7.60789
2.18838 -0 -1.99843 -2.90436
2.59317 -0 0.712446 7.20483
-8.7761 -0 -8.07621 1.97191
-6.49757 -0 -7.91715 -7.45852
-8.61686 -0 5.26055 -3.87776
-4.87803 -0 1.68256 5.74744
1.84724 -0 0.592902 0.45723
-6.82656 -8.71334 -0 9.55382
-1.576 -8.72384 -0 -1.78113
-6.76703 2.25226 -0 -4.31248
4.69136 3.90138 -0 -9.01231
-6.67852 -4.80207 -0 -2.76176
-1.58944 5.47566 -0 6.28129
-6.22522 8.88337 -0 8.1199
-3.19933 -3.9273 -4.98211 -0
-9.96536 4.47681 5.3237 -0
-7.94164 -0.532702 5.57026 -0
-8.88526 -0.0632806 6.03205 -0
7.81575 1.54615 7.3123 -0
5.7673 4.17758 -3.92243 -0
-9.72893 -9.6299 4.06872 -0
