4
33
-8.99202 6.00935 -7.05282 6.689
6.86491 0.564188 -2.05464 -8.4751
3.4606 7.16802 -5.80893 2.62201
0.40656 -9.48602 -9.28971 3.10748
-9.33856 -7.81741 5.5328 -1.57299
-0 -7.53688 3.69185 0.0322081
-0 -6.41886 8.46653 -3.78741
-0 -2.55582 9.51563 -0.62888
-0 -3.90014 9.86535 -5.56549
-0 9.94029 -5.95205 1.91105
-0 2.47585 2.59914 -1.75611
-0 -0.0423345 -6.36393 3.01036
4.2331 -0 -0.506039 -8.74694
-3.58624 -0 -1.54144 1.04925
1.3199 -0 -8.44367 -2.66751
4.94495 -0 -4.06204 -4.64391
-5.76517 -0 5.7261 -4.35021
-2.45896 -0 -4.17539 -5.00268
0.842176 -0 -9.02758 -2.05185
-0.30322 -8.49105 -0 -8.38523
-2.14858 1.93719 -0 7.37689
6.19624 -2.64922 -0 -1.36726
-7.61659 -1.12939 -0 2.41441
9.44613 0.85236 -0 1.05992
1.61583 -8.52408 -0 3.64564
-9.94148 -7.66067 -0 1.43461
1.14824 3.31549 -1.69705 -0
3.1736 2.06574 1.62412 -0
8.88158 -6.41121 -3.95616 -0
8.23044 -2.18805 4.25106 -0
6.47526 -7.4278 8.10043 -0
8.26192 9.89474 -7.36728 -0
-4.80221 -4.40366 1.98003 -0
