4
33
1.03426 3.53591 -4.67428 -5.15521
-9.6484 -0.8098 -6.5138 -2.68527
3.17792 8.24415 -3.67942 -2.23147
2.75336 4.18686 7.51432 -8.37333
0.738919 7.03109 9.38854 -9.57677
-0 -7.53688 3.69185 0.0322081
-0 -6.41886 8.46653 -3.78741
-0 -2.55582 9.51563 -0.62888
-0 -3.90014 9.86535 -5.56549
-0 9.94029 -5.95205 1.91105
-0 2.47585 2.59914 -1.75611
-0 -0.0423345 -6.36393 3.01036
-2.07945 -0 -2.42165 8.80029
5.19714 -0 -4.31458 -5.61065
-8.74069 -0 -1.54602 -2.99525
3.33034 -0 6.65987 -4.47086
-8.02479 -0 3.001 -6.66474
1.78635 -0 -1.28708 7.98174
-3.83331 -0 3.03021 -8.55399
7.18439 6.79406 -0 3.71701
9.56273 -2.32323 -0 9.34014
9.27916 0.604793 -0 -4.85728
1.20074 0.81434 -0 1.15463
6.83795 -9.46819 -0 -8.24079
8.39042 -7.83524 -0 -5.26758
-4.35957 -6.20785 -0 -2.51309
4.24315 5.3465 6.19267 -0
0.64515 5.37843 6.38331 -0
5.16897 -2.80324 -5.36687 -0
9.24579 -4.48766 7.91797 -0
5.57945 3.1758 -2.34204 -0
9.58032 4.88997 -0.740366 -0
-3.24123 -3.07143 -8.70722 -0
