4
26
3.85722 7.14545 1.50757 -3.49646
-5.22674 -0.580432 -9.02176 9.88051
7.13183 -8.29172 -3.23969 3.8177
4.56258 2.7727 -0.516928 0.826079
-6.87303 5.92986 -5.58173 5.2574
-0 8.93225 -1.09403 2.14199
-0 5.31057 2.88911 6.1088
-0 -3.31992 2.47848 -8.19131
-0 2.29109 2.67128 -3.60074
-0 1.2547 3.29729 8.10595
-0 7.07845 -1.53952 -7.94248
-0 3.84243 -7.61251 1.09741
-0.30322 -8.49105 -0 -8.38523
-2.14858 1.93719 -0 7.37689
6.19624 -2.64922 -0 -1.36726
-7.61659 -1.12939 -0 2.41441
9.44613 0.85236 -0 1.05992
1.61583 -8.52408 -0 3.64564
-9.94148 -7.66067 -0 1.43461
-5.83645 -5.79136 -6.40111 -0
8.76317 -7.91159 8.76836 -0
-2.95474 4.55446 0.103447 -0
6.93293 -4.87332 8.69319 -0
-5.7284 2.71604 -0.405197 -0
7.27969 -3.38239 4.59128 -0
0.268572 -2.22331 -6.39652 -0
