324
5 15 22 27 29 11
5 24 15 12 16 11
5 24 15 29 4 3
5 24 15 12 16 21
5 30 24 15 16 11
5 30 15 22 29 11
5 30 24 15 22 11
5 30 24 15 22 29
5 30 15 12 16 11
5 20 24 15 16 21
5 20 24 15 4 3
5 28 15 22 27 29
5 28 0 8 22 4
5 28 24 22 29 4
5 28 24 15 29 4
5 28 24 15 22 29
5 28 8 22 27 11
5 28 15 22 27 11
5 28 24 15 22 11
5 28 24 8 22 11
5 28 15 12 27 11
5 28 24 15 12 11
5 23 28 8 22 27
5 23 28 0 8 27
5 23 28 0 8 22
5 31 0 8 22 4
5 31 23 0 8 22
5 31 23 30 8 22
5 31 30 24 22 29
5 31 23 30 22 29
5 31 24 8 22 11
5 31 30 8 22 11
5 31 30 24 22 11
5 31 24 29 4 3
5 31 24 22 29 4
5 31 28 8 22 4
5 31 28 24 22 4
5 31 30 24 16 11
5 31 24 15 29 3
5 31 20 30 29 3
5 31 20 30 16 3
5 31 20 30 16 29
5 31 30 15 16 29
5 31 30 24 15 29
5 31 30 24 15 16
5 31 20 15 29 3
5 31 20 15 16 29
5 31 20 24 16 3
5 31 20 24 15 3
5 31 20 24 15 16
5 26 18 0 27 7
5 10 26 25 7 21
5 10 20 30 16 3
5 10 20 30 16 29
5 10 20 25 3 21
5 10 20 25 29 3
5 10 20 30 29 3
5 10 20 15 16 29
5 10 15 12 16 21
5 10 20 15 16 21
5 10 20 15 25 21
5 9 20 15 4 3
5 9 20 15 29 3
5 9 20 15 25 21
5 9 20 25 3 21
5 9 20 24 15 21
5 9 20 24 15 4
5 9 20 24 4 3
5 9 24 15 12 21
5 9 28 15 12 27
5 9 28 24 15 4
5 9 28 24 15 12
5 9 26 12 27 21
5 14 23 28 0 22
5 14 31 23 22 29
5 14 23 28 0 27
5 14 31 0 7 3
5 17 31 18 8 7
5 17 31 30 18 8
5 17 31 23 30 8
5 17 31 0 8 7
5 17 31 23 0 8
5 17 18 0 27 7
5 17 23 18 0 27
5 17 14 31 0 7
5 17 14 23 0 27
5 17 26 18 27 7
5 17 31 23 30 29
5 17 14 31 23 29
5 17 31 23 0 22
5 17 14 23 0 22
5 17 14 31 0 22
5 17 14 31 23 22
5 19 10 26 25 7
5 19 10 26 18 7
5 19 10 20 25 29
5 19 10 20 15 29
5 19 10 20 15 25
5 19 9 20 15 29
5 19 9 20 15 25
5 19 10 15 12 21
5 19 10 15 25 21
5 19 10 26 12 21
5 19 10 26 25 21
5 19 20 25 29 3
5 19 9 20 29 3
5 19 9 20 25 3
5 19 9 15 12 21
5 19 9 15 25 21
5 19 9 26 12 21
5 19 26 25 7 21
5 2 30 12 16 11
5 2 26 18 27 11
5 2 26 12 27 11
5 2 18 8 27 11
5 2 30 15 12 11
5 2 8 22 27 11
5 2 30 8 22 11
5 2 23 18 8 27
5 2 23 8 22 27
5 2 23 30 8 22
5 2 17 30 18 8
5 2 17 23 18 8
5 2 17 23 30 8
5 2 17 23 30 29
5 32 30 15 16 29
5 32 10 15 16 29
5 32 10 30 16 29
5 32 30 15 12 16
5 32 10 15 12 16
5 32 2 15 12 29
5 32 2 30 15 29
5 32 2 30 15 12
5 32 19 10 15 29
5 32 2 30 12 16
5 32 10 26 12 16
5 32 10 30 29 3
5 32 26 12 16 11
5 32 2 12 16 11
5 32 2 26 12 11
5 32 2 30 16 11
5 32 19 10 26 18
5 32 19 29 7 3
5 32 10 25 29 3
5 32 19 25 29 3
5 32 19 10 25 29
5 32 2 17 30 29
5 32 2 17 30 18
5 32 19 10 18 7
5 32 2 26 18 11
5 32 31 30 16 11
5 32 31 30 16 3
5 32 10 30 16 3
5 32 2 18 8 11
5 32 2 30 8 11
5 32 2 30 18 8
5 32 31 29 7 3
5 32 31 30 29 3
5 32 19 17 29 7
5 32 10 25 7 3
5 32 19 25 7 3
5 32 19 10 25 7
5 32 19 17 18 7
5 32 31 30 8 11
5 32 31 30 18 8
5 32 17 31 29 7
5 32 17 31 30 29
5 32 17 31 18 7
5 32 17 31 30 18
5 1 9 28 0 27
5 1 28 0 22 4
5 1 14 28 0 22
5 1 28 15 29 4
5 1 9 28 15 4
5 1 9 28 15 29
5 1 28 22 29 4
5 1 14 28 22 29
5 1 31 0 22 4
5 1 14 31 0 22
5 1 31 0 4 3
5 1 14 31 0 3
5 1 15 29 4 3
5 1 9 15 4 3
5 1 9 15 29 3
5 1 31 22 29 4
5 1 14 31 22 29
5 1 31 29 4 3
5 1 14 31 29 3
5 1 19 9 29 3
5 1 19 14 29 3
5 1 19 9 25 3
5 6 17 0 27 7
5 6 17 14 0 7
5 6 17 14 0 27
5 6 19 17 29 7
5 6 19 17 14 29
5 6 14 0 7 3
5 6 1 0 7 3
5 6 1 14 0 3
5 6 1 19 14 3
5 6 19 25 7 3
5 6 17 31 29 7
5 6 17 14 31 7
5 6 17 14 31 29
5 6 19 29 7 3
5 6 19 14 29 3
5 6 31 29 7 3
5 6 14 31 7 3
5 6 14 31 29 3
5 13 6 17 14 27
5 13 6 19 17 14
5 13 17 14 23 27
5 13 19 17 14 29
5 13 17 23 18 27
5 13 2 23 18 27
5 13 2 17 23 18
5 13 17 14 23 29
5 13 2 17 23 29
5 13 17 26 18 27
5 13 2 26 18 27
5 13 17 26 27 7
5 13 6 26 27 7
5 13 6 17 27 7
5 13 14 23 22 29
5 13 2 23 22 27
5 13 1 14 9 27
5 13 19 9 15 29
5 13 1 19 9 29
5 13 1 19 14 29
5 13 1 19 14 9
5 13 2 26 12 27
5 13 32 19 26 18
5 13 32 2 26 18
5 13 32 19 17 29
5 13 32 19 17 18
5 13 32 2 17 29
5 13 32 2 17 18
5 13 17 26 18 7
5 13 19 26 18 7
5 13 6 19 26 7
5 13 19 17 18 7
5 13 6 19 17 7
5 13 28 22 27 29
5 13 14 28 22 29
5 13 23 28 22 27
5 13 14 23 28 27
5 13 14 23 28 22
5 13 23 30 22 29
5 13 2 23 30 29
5 13 2 23 30 22
5 13 1 9 28 29
5 13 1 9 28 27
5 13 1 14 28 29
5 13 1 14 28 27
5 13 28 15 27 29
5 13 9 28 15 29
5 13 9 28 15 27
5 13 9 15 12 27
5 13 19 9 15 12
5 13 9 26 12 27
5 13 19 9 26 27
5 13 19 9 26 12
5 13 2 15 12 29
5 13 32 2 12 29
5 13 32 2 26 12
5 13 22 27 29 11
5 13 30 22 29 11
5 13 2 22 27 11
5 13 2 30 22 11
5 13 32 15 12 29
5 13 32 19 15 29
5 13 15 27 29 11
5 13 15 12 27 11
5 13 2 12 27 11
5 13 2 15 12 11
5 13 19 10 26 12
5 13 32 10 26 12
5 13 32 19 10 26
5 13 30 15 29 11
5 13 2 30 15 11
5 13 2 30 15 29
5 13 19 10 15 12
5 13 32 10 15 12
5 13 32 19 10 15
5 5 1 14 9 27
5 5 1 9 0 27
5 5 6 14 0 27
5 5 6 1 14 0
5 5 1 19 14 9
5 5 6 1 19 14
5 5 13 14 9 27
5 5 13 19 9 27
5 5 13 19 14 9
5 5 19 9 26 27
5 5 13 6 14 27
5 5 13 6 19 14
5 5 6 0 27 7
5 5 6 1 0 7
5 5 14 28 0 27
5 5 1 28 0 27
5 5 1 14 28 27
5 5 1 14 28 0
5 5 1 19 9 25
5 5 9 26 27 21
5 5 13 19 26 27
5 5 13 6 26 27
5 5 13 6 19 26
5 5 19 9 26 21
5 5 19 9 25 21
5 5 1 19 25 3
5 5 6 19 25 3
5 5 6 1 19 3
5 5 6 26 27 7
5 5 19 26 7 21
5 5 6 19 26 7
5 5 26 0 27 7
5 5 6 25 7 3
5 5 6 1 7 3
5 5 19 25 7 21
5 5 6 19 25 7
5 5 1 0 4 3
5 5 1 0 7 3
5 5 9 25 3 21
5 5 1 9 25 3
