217
5 14 13 5 17 11
5 19 0 25 9 17
5 19 6 14 5 11
5 20 6 14 5 11
5 20 19 6 5 11
5 20 19 5 17 11
5 20 19 0 17 11
5 20 19 6 7 11
5 20 19 0 7 11
5 20 19 0 9 17
5 20 19 25 9 17
5 20 0 6 7 9
5 20 19 6 7 9
5 20 19 0 7 9
5 20 0 25 9 17
5 16 19 6 7 5
5 16 19 6 14 5
5 16 19 14 7 11
5 16 19 6 7 11
5 16 19 6 14 11
5 24 20 0 6 8
5 24 20 0 25 17
5 24 20 25 6 9
5 24 20 0 6 9
5 24 20 0 25 9
5 22 1 0 6 7
5 22 20 6 7 11
5 22 20 0 7 11
5 22 20 0 6 7
5 22 16 6 7 11
5 22 1 0 6 8
5 22 20 0 6 8
5 22 16 6 14 11
5 22 0 8 17 11
5 22 20 0 17 11
5 22 8 13 17 11
5 22 24 20 6 8
5 22 24 0 8 17
5 22 24 20 0 17
5 22 24 20 0 8
5 10 16 6 14 5
5 10 16 23 14 5
5 10 20 19 6 5
5 10 25 13 5 17
5 10 20 19 5 17
5 10 23 19 9 5
5 10 20 19 6 9
5 10 20 25 6 9
5 10 19 25 5 17
5 10 20 19 25 17
5 10 19 6 7 5
5 10 20 19 25 9
5 10 24 25 6 9
5 4 19 7 9 5
5 4 24 25 9 12
5 4 24 8 9 12
5 3 22 0 7 11
5 3 22 16 14 11
5 3 22 16 1 14
5 3 22 0 8 11
5 3 22 1 0 8
5 3 0 8 17 11
5 3 22 14 8 11
5 3 22 1 14 8
5 3 14 8 13 11
5 2 0 6 7 9
5 2 1 0 6 7
5 2 1 0 8 9
5 2 1 0 6 8
5 2 16 1 6 12
5 2 4 16 6 12
5 2 24 0 8 9
5 2 24 0 6 9
5 2 24 0 6 8
5 2 19 6 7 9
5 2 10 19 6 9
5 2 10 19 6 7
5 2 4 7 9 5
5 2 16 6 7 5
5 2 10 6 7 5
5 2 10 16 6 5
5 2 10 16 23 6
5 2 4 24 8 9
5 2 4 8 9 12
5 2 1 6 8 12
5 2 19 7 9 5
5 2 10 19 9 5
5 2 10 19 7 5
5 2 10 23 9 5
5 2 4 23 9 5
5 2 4 10 23 9
5 2 10 16 23 5
5 2 4 16 23 5
5 2 24 6 8 12
5 2 4 24 8 12
5 21 23 25 13 5
5 21 10 25 13 5
5 21 10 23 13 5
5 21 23 19 25 5
5 21 10 19 25 5
5 21 10 23 19 5
5 21 23 19 25 9
5 21 10 19 25 9
5 21 10 23 19 9
5 21 23 25 13 12
5 21 24 25 13 12
5 21 10 24 25 9
5 21 4 23 25 12
5 21 4 24 25 12
5 21 4 23 25 9
5 21 4 24 25 9
5 21 4 10 23 9
5 21 10 16 23 6
5 21 10 24 6 9
5 21 4 16 6 12
5 21 4 16 23 12
5 21 2 10 23 6
5 21 2 4 10 23
5 21 2 24 6 12
5 21 2 4 6 12
5 21 2 4 24 12
5 21 2 24 6 9
5 21 2 4 24 9
5 21 2 10 6 9
5 21 2 4 10 9
5 21 2 16 23 6
5 21 2 4 16 6
5 21 2 4 16 23
5 15 24 20 25 6
5 15 10 20 25 6
5 15 10 24 25 6
5 15 22 24 20 6
5 15 10 20 6 5
5 15 21 10 24 6
5 15 24 25 13 17
5 15 24 20 25 17
5 15 10 25 13 17
5 15 10 20 25 17
5 15 21 24 25 13
5 15 21 10 25 13
5 15 21 10 24 25
5 15 22 24 6 8
5 15 22 24 20 17
5 15 20 6 14 5
5 15 10 6 14 5
5 15 10 13 5 17
5 15 10 20 5 17
5 15 21 10 16 6
5 15 22 16 6 14
5 15 20 6 14 11
5 15 22 6 14 11
5 15 22 20 6 11
5 15 22 1 6 8
5 15 24 8 13 17
5 15 22 8 13 17
5 15 22 24 8 17
5 15 22 13 17 11
5 15 22 20 17 11
5 15 14 13 5 11
5 15 20 14 5 11
5 15 23 14 13 5
5 15 10 23 13 5
5 15 10 23 14 5
5 15 10 16 6 14
5 15 13 5 17 11
5 15 20 5 17 11
5 15 24 8 13 12
5 15 21 24 13 12
5 15 24 6 8 12
5 15 21 24 6 12
5 15 21 16 6 12
5 15 22 16 1 14
5 15 22 16 1 6
5 15 14 8 13 11
5 15 22 8 13 11
5 15 22 14 8 11
5 15 1 6 8 12
5 15 22 1 14 8
5 15 21 10 23 13
5 15 16 1 6 12
5 15 21 23 13 12
5 15 21 16 23 12
5 15 10 16 23 14
5 15 21 10 16 23
5 15 16 1 14 12
5 15 14 8 13 12
5 15 1 14 8 12
5 15 23 14 13 12
5 15 16 23 14 12
5 18 3 0 7 11
5 18 16 14 7 11
5 18 3 16 14 11
5 18 2 1 0 7
5 18 22 1 0 7
5 18 3 22 0 7
5 18 3 22 1 0
5 18 16 19 7 5
5 18 16 19 14 5
5 18 16 19 14 7
5 18 2 16 1 12
5 18 3 22 16 1
5 18 22 16 7 11
5 18 3 22 7 11
5 18 3 22 16 11
5 18 2 0 7 9
5 18 4 16 23 5
5 18 2 4 16 12
5 18 2 16 7 5
5 18 2 4 7 5
5 18 2 4 16 5
5 18 2 1 6 7
5 18 2 16 6 7
5 18 2 16 1 6
5 18 22 1 6 7
5 18 22 16 6 7
5 18 22 16 1 6
5 18 2 4 7 9
