233
5 6 1 4 3 19
5 6 1 7 4 19
5 6 1 7 4 3
5 6 7 4 3 12
5 11 1 7 4 19
5 21 6 7 4 19
5 21 11 7 4 19
5 21 6 4 3 19
5 20 6 4 3 12
5 20 21 6 4 3
5 20 21 6 16 4
5 20 6 7 4 12
5 9 6 1 3 19
5 9 20 21 15 16
5 9 21 6 3 19
5 9 20 21 6 3
5 9 21 15 3 19
5 9 20 21 15 3
5 17 21 11 7 19
5 17 21 6 16 7
5 17 9 21 6 19
5 17 9 21 15 19
5 17 9 21 15 16
5 17 20 21 6 16
5 17 9 20 21 16
5 17 9 20 21 6
5 0 20 15 16 12
5 0 20 16 4 12
5 0 20 21 16 4
5 8 17 15 10 19
5 8 0 15 16 12
5 8 17 9 15 16
5 23 17 9 6 19
5 23 21 6 7 19
5 23 17 21 7 19
5 23 17 21 6 19
5 23 17 21 6 7
5 23 9 20 6 7
5 23 17 9 20 6
5 23 17 11 7 19
5 23 9 15 1 19
5 23 17 9 15 19
5 23 17 20 6 16
5 23 8 17 9 15
5 23 17 9 20 16
5 13 9 20 3 12
5 13 6 7 3 12
5 13 20 6 3 12
5 13 20 6 7 12
5 13 9 6 7 3
5 13 9 20 6 3
5 13 9 20 6 7
5 22 7 4 3 12
5 22 13 7 3 12
5 22 13 7 4 3
5 22 20 7 4 12
5 2 17 21 15 16
5 2 8 17 15 16
5 2 8 0 15 16
5 2 17 21 11 16
5 2 17 21 15 19
5 2 8 17 15 19
5 2 20 21 15 16
5 2 0 20 15 16
5 2 0 20 21 16
5 2 17 21 11 19
5 2 8 15 10 19
5 2 8 0 15 12
5 2 17 11 10 19
5 2 8 17 10 19
5 2 8 17 11 10
5 2 21 15 4 19
5 2 0 11 10 4
5 2 11 10 4 19
5 2 21 11 4 19
5 14 11 1 7 19
5 14 23 11 7 19
5 14 23 9 1 19
5 14 13 11 1 7
5 14 6 1 7 19
5 14 9 6 1 19
5 14 23 6 7 19
5 14 23 9 6 19
5 14 23 9 6 7
5 14 13 23 9 7
5 14 13 25 11 1
5 14 6 1 7 3
5 14 9 6 7 3
5 14 9 6 1 3
5 14 13 1 7 3
5 14 13 9 7 3
5 14 13 9 1 3
5 14 13 25 9 1
5 5 11 1 10 19
5 5 15 1 10 19
5 5 23 15 1 19
5 5 17 11 10 19
5 5 23 17 11 19
5 5 14 11 1 19
5 5 14 23 1 19
5 5 14 23 11 19
5 5 17 15 10 19
5 5 23 17 15 19
5 5 8 17 11 10
5 5 25 11 1 10
5 5 14 25 11 1
5 5 8 17 15 10
5 5 23 8 17 15
5 5 25 15 1 10
5 5 23 9 15 1
5 5 14 23 9 1
5 5 14 13 25 11
5 5 8 25 15 10
5 5 25 9 15 1
5 5 14 25 9 1
5 5 23 8 9 15
5 5 22 25 11 10
5 5 14 13 25 9
5 5 14 13 23 9
5 5 8 25 9 15
5 5 22 25 0 10
5 5 2 8 11 10
5 24 0 16 4 12
5 24 22 0 4 12
5 24 2 8 0 16
5 24 5 8 17 11
5 24 5 2 8 11
5 24 22 0 11 4
5 24 22 0 11 10
5 24 5 22 11 10
5 24 5 22 0 10
5 24 20 16 4 12
5 24 22 20 4 12
5 24 2 21 11 16
5 24 2 0 21 16
5 24 2 17 11 16
5 24 2 8 17 16
5 24 2 8 17 11
5 24 2 0 11 10
5 24 5 2 11 10
5 24 2 8 0 10
5 24 5 8 0 10
5 24 5 2 8 10
5 24 0 21 16 4
5 24 5 23 17 11
5 24 2 21 11 4
5 24 2 0 11 4
5 24 2 0 21 4
5 24 21 11 7 4
5 24 22 11 7 4
5 24 22 20 7 4
5 24 23 17 11 7
5 24 23 17 9 16
5 24 13 20 7 12
5 24 22 20 7 12
5 24 22 13 7 12
5 24 21 6 7 4
5 24 21 6 16 4
5 24 21 6 16 7
5 24 17 21 16 7
5 24 17 21 11 7
5 24 17 21 11 16
5 24 20 6 7 4
5 24 20 6 16 4
5 24 22 13 11 7
5 24 17 6 16 7
5 24 23 17 6 7
5 24 23 17 6 16
5 24 5 14 23 11
5 24 5 14 13 11
5 24 5 14 13 23
5 24 22 13 25 11
5 24 5 13 25 11
5 24 5 22 25 11
5 24 23 9 20 16
5 24 23 20 6 7
5 24 23 20 6 16
5 24 14 23 11 7
5 24 14 13 11 7
5 24 14 13 23 7
5 24 23 9 20 7
5 24 13 9 20 7
5 24 13 23 9 7
5 18 5 23 8 17
5 18 24 5 8 17
5 18 24 5 23 17
5 18 23 8 17 9
5 18 24 23 17 9
5 18 5 23 8 9
5 18 5 13 23 9
5 18 24 13 23 9
5 18 24 5 13 23
5 18 8 17 9 16
5 18 24 17 9 16
5 18 24 8 17 16
5 18 5 8 25 9
5 18 24 5 8 0
5 18 5 13 25 9
5 18 24 5 13 25
5 18 24 20 16 12
5 18 24 9 20 16
5 18 8 0 16 12
5 18 24 0 16 12
5 18 24 8 0 16
5 18 8 25 9 15
5 18 13 25 9 12
5 18 20 15 16 12
5 18 8 15 16 12
5 18 9 20 15 12
5 18 9 20 15 16
5 18 8 9 15 16
5 18 13 9 20 12
5 18 24 13 20 12
5 18 24 13 9 20
5 18 8 25 15 10
5 18 25 0 10 12
5 18 5 25 0 10
5 18 5 8 0 10
5 18 5 8 25 10
5 18 22 13 25 12
5 18 24 22 13 12
5 18 24 22 13 25
5 18 22 25 0 12
5 18 24 22 0 12
5 18 5 22 25 0
5 18 24 5 22 0
5 18 24 5 22 25
5 18 2 15 10 12
5 18 2 8 15 12
5 18 2 8 15 10
5 18 2 0 10 12
5 18 2 8 0 12
5 18 2 8 0 10
