324
5 13 3 24 21 20
5 11 25 13 17 31
5 11 13 17 31 1
5 11 13 29 1 20
5 11 13 29 17 20
5 11 13 29 17 1
5 11 25 13 31 24
5 11 4 32 24 21
5 11 4 32 15 21
5 11 13 31 24 1
5 16 15 0 23 21
5 16 32 21 27 19
5 16 32 15 21 19
5 16 4 15 23 21
5 16 4 32 15 21
5 16 3 21 27 19
5 9 16 18 27 19
5 9 16 0 18 19
5 9 16 15 0 21
5 9 16 0 23 21
5 9 16 4 23 21
5 9 16 4 3 21
5 9 16 4 3 23
5 10 11 25 17 31
5 10 11 17 31 1
5 10 17 18 1 19
5 6 11 29 17 20
5 6 11 15 0 23
5 6 11 4 15 23
5 6 11 29 1 20
5 6 9 0 23 21
5 6 9 4 23 21
5 6 11 4 15 21
5 6 15 0 23 21
5 6 4 15 23 21
5 6 9 3 21 20
5 6 9 4 3 20
5 6 9 4 3 21
5 6 13 3 21 20
5 6 13 24 21 20
5 6 11 13 24 20
5 6 4 13 24 21
5 6 11 4 24 21
5 6 11 4 13 24
5 5 11 29 17 1
5 5 6 29 0 1
5 5 6 11 0 1
5 5 6 11 29 1
5 5 6 11 29 17
5 5 6 29 17 20
5 5 6 11 0 23
5 5 6 9 0 23
5 5 16 0 18 23
5 5 9 16 18 23
5 5 9 16 0 23
5 5 9 16 0 18
5 5 6 0 21 20
5 5 6 9 21 20
5 5 6 9 0 21
5 5 0 3 21 20
5 5 9 3 21 20
5 5 9 0 3 21
5 30 10 32 31 19
5 30 10 11 25 31
5 30 11 4 25 24
5 30 11 4 25 23
5 30 16 4 15 23
5 30 16 4 32 15
5 30 11 4 15 23
5 30 11 4 32 15
5 7 4 32 24 21
5 7 16 4 32 21
5 7 32 24 21 27
5 7 16 32 21 27
5 7 30 4 32 24
5 7 30 16 4 32
5 7 30 16 32 27
5 7 3 24 21 27
5 7 4 3 24 21
5 7 16 3 21 27
5 7 16 4 3 21
5 7 16 4 3 23
5 7 30 4 25 24
5 7 13 3 24 27
5 7 9 16 3 27
5 7 9 16 3 23
5 7 30 4 25 23
5 7 30 16 4 23
5 26 17 18 27 19
5 26 10 17 18 19
5 26 25 13 17 31
5 26 10 25 17 31
5 26 13 17 31 1
5 26 25 31 24 27
5 26 25 13 31 24
5 26 31 1 27 19
5 26 17 1 27 19
5 26 10 31 1 19
5 26 10 17 1 19
5 26 10 17 31 1
5 26 13 31 24 1
5 26 7 13 24 27
5 26 7 25 24 27
5 26 7 25 13 24
5 22 5 29 0 1
5 22 5 29 17 1
5 22 5 9 0 18
5 22 9 0 18 19
5 22 9 18 27 19
5 22 17 1 27 19
5 22 17 18 27 19
5 22 17 18 1 19
5 22 26 17 18 27
5 22 26 9 18 27
5 22 26 9 17 18
5 22 26 29 17 27
5 22 26 9 29 27
5 22 26 9 29 17
5 14 10 11 17 1
5 14 5 11 17 1
5 14 5 10 11 17
5 14 10 17 18 1
5 14 5 10 17 18
5 14 5 11 0 1
5 14 22 17 18 1
5 14 22 5 17 1
5 14 22 5 17 18
5 14 5 11 0 23
5 14 5 10 11 23
5 14 22 0 18 1
5 14 22 5 0 1
5 14 22 5 0 18
5 14 5 0 18 23
5 14 5 10 18 23
5 14 11 15 0 23
5 14 0 18 1 19
5 14 10 18 1 19
5 14 30 11 15 23
5 14 30 10 11 23
5 14 16 0 18 19
5 14 16 15 0 19
5 14 16 0 18 23
5 14 16 15 0 23
5 14 30 10 18 23
5 14 16 32 15 19
5 14 30 10 18 19
5 14 30 10 32 19
5 14 30 16 18 23
5 14 30 16 15 23
5 14 30 16 18 19
5 14 30 16 32 19
5 14 30 16 32 15
5 2 30 11 32 15
5 2 14 30 32 15
5 2 14 30 10 32
5 2 14 30 11 15
5 2 14 30 10 11
5 2 30 10 32 31
5 2 30 10 11 31
5 2 14 11 15 1
5 2 30 32 31 24
5 2 10 32 31 19
5 2 14 10 32 19
5 2 10 11 31 1
5 2 14 10 11 1
5 2 11 31 24 1
5 2 11 25 31 24
5 2 30 25 31 24
5 2 30 11 25 24
5 2 30 11 25 31
5 2 11 4 32 24
5 2 30 4 32 24
5 2 30 11 4 24
5 2 30 11 4 32
5 2 11 32 24 21
5 2 11 32 15 21
5 2 10 31 1 19
5 2 14 10 1 19
5 8 7 30 32 24
5 8 32 24 27 19
5 8 7 32 24 27
5 8 7 30 32 27
5 8 32 31 24 19
5 8 30 32 31 19
5 8 30 25 31 24
5 8 30 32 31 24
5 8 7 25 24 27
5 8 7 30 25 24
5 8 16 32 27 19
5 8 30 16 32 19
5 8 30 16 32 27
5 8 31 24 27 19
5 8 25 31 24 27
5 8 30 10 31 19
5 8 30 10 25 31
5 8 7 30 16 27
5 8 26 31 27 19
5 8 26 25 31 27
5 8 30 16 18 19
5 8 26 10 31 19
5 8 26 10 25 31
5 8 30 10 18 19
5 8 26 7 25 27
5 8 7 30 25 23
5 8 7 30 16 23
5 8 16 18 27 19
5 8 26 18 27 19
5 8 30 16 18 23
5 8 26 10 18 19
5 8 9 16 18 27
5 8 26 9 18 27
5 8 26 10 17 18
5 8 26 10 25 17
5 12 9 4 3 20
5 12 7 13 3 24
5 12 7 4 3 24
5 12 9 4 3 23
5 12 7 4 3 23
5 12 7 9 3 23
5 12 6 13 3 20
5 12 6 4 3 20
5 12 13 29 3 20
5 12 9 29 3 20
5 12 13 3 24 21
5 12 4 3 24 21
5 12 4 13 24 21
5 12 7 25 13 24
5 12 7 4 25 24
5 12 26 9 13 29
5 12 7 13 3 27
5 12 26 7 13 27
5 12 7 9 3 27
5 12 7 4 25 23
5 12 6 13 3 21
5 12 6 4 3 21
5 12 6 4 13 21
5 12 6 9 4 20
5 12 6 9 4 23
5 12 11 25 13 24
5 12 11 4 13 24
5 12 11 4 25 24
5 12 11 4 25 13
5 12 13 29 3 27
5 12 26 13 29 27
5 12 9 29 3 27
5 12 26 9 29 27
5 12 8 26 9 27
5 12 8 26 7 27
5 12 26 7 25 13
5 12 7 9 16 27
5 12 8 9 16 27
5 12 8 7 16 27
5 12 8 7 25 23
5 12 8 26 7 25
5 12 7 9 16 23
5 12 8 9 16 23
5 12 8 7 16 23
5 28 12 26 9 13
5 28 12 26 25 13
5 28 12 8 9 23
5 28 12 8 26 9
5 28 26 25 13 17
5 28 26 9 17 18
5 28 26 13 29 17
5 28 26 9 29 17
5 28 26 9 13 29
5 28 12 6 13 20
5 28 12 6 9 20
5 28 12 6 9 23
5 28 12 13 29 20
5 28 12 9 29 20
5 28 12 9 13 29
5 28 12 4 25 23
5 28 12 4 25 13
5 28 12 8 25 23
5 28 12 8 26 25
5 28 8 26 9 18
5 28 22 9 17 18
5 28 22 9 29 17
5 28 11 25 13 17
5 28 8 26 25 17
5 28 8 26 17 18
5 28 22 5 9 20
5 28 22 9 29 20
5 28 12 6 4 23
5 28 12 6 4 13
5 28 5 6 9 20
5 28 5 6 9 23
5 28 11 4 25 23
5 28 11 4 25 13
5 28 9 16 18 23
5 28 8 16 18 23
5 28 8 9 16 23
5 28 8 9 16 18
5 28 13 29 17 20
5 28 22 5 17 18
5 28 5 9 18 23
5 28 22 5 9 18
5 28 10 11 25 17
5 28 8 10 25 17
5 28 8 10 17 18
5 28 11 13 17 20
5 28 6 11 17 20
5 28 6 11 13 20
5 28 6 11 4 23
5 28 6 11 4 13
5 28 5 6 17 20
5 28 5 29 17 20
5 28 22 5 29 20
5 28 22 5 29 17
5 28 5 10 18 23
5 28 5 10 17 18
5 28 5 6 11 23
5 28 5 6 11 17
5 28 5 10 11 23
5 28 5 10 11 17
5 28 30 11 25 23
5 28 30 10 11 23
5 28 30 10 11 25
5 28 8 30 25 23
5 28 8 30 10 25
5 28 30 10 18 23
5 28 8 30 18 23
5 28 8 30 10 18
