186
5 23 2 11 16 5
5 23 2 11 16 4
5 14 21 15 24 4
5 14 21 15 24 1
5 14 2 11 1 4
5 14 23 11 24 4
5 14 23 2 24 4
5 14 23 2 11 4
5 14 23 2 11 5
5 6 23 13 24 16
5 10 21 9 1 4
5 10 14 21 1 4
5 10 14 21 24 4
5 10 14 21 24 1
5 10 20 21 9 1
5 10 11 1 16 4
5 10 13 9 16 4
5 10 14 11 1 4
5 10 14 11 24 4
5 10 14 11 24 1
5 10 23 24 16 4
5 10 23 11 16 4
5 10 23 11 24 4
5 10 23 13 24 16
5 8 14 23 2 5
5 8 14 23 2 24
5 8 14 15 24 1
5 8 14 11 24 1
5 8 11 3 5 19
5 8 14 23 11 24
5 8 23 11 3 5
5 8 14 23 11 5
5 8 14 2 11 5
5 8 14 2 11 1
5 8 10 23 11 24
5 8 21 15 24 1
5 8 10 11 24 1
5 22 23 2 16 5
5 22 6 23 16 5
5 22 23 2 16 4
5 22 8 23 2 5
5 22 8 23 2 24
5 22 23 2 24 4
5 22 23 24 16 4
5 22 6 24 16 4
5 22 6 23 24 16
5 22 14 15 24 4
5 22 14 2 24 4
5 22 14 2 15 4
5 22 8 14 15 24
5 22 8 14 2 24
5 22 8 14 2 15
5 0 8 3 5 19
5 0 22 8 2 5
5 0 6 23 3 5
5 0 22 6 23 5
5 0 22 8 2 15
5 0 8 23 3 5
5 0 22 8 23 5
5 0 22 6 15 24
5 0 6 23 3 24
5 0 22 6 23 24
5 0 22 8 15 24
5 0 22 8 23 24
5 18 6 24 16 4
5 18 6 13 16 4
5 18 6 13 24 16
5 18 10 24 16 4
5 18 10 13 16 4
5 18 10 13 24 16
5 18 10 21 24 4
5 18 21 15 24 4
5 18 22 15 24 4
5 18 22 6 24 4
5 18 22 6 15 24
5 18 10 21 9 4
5 18 10 13 9 4
5 18 10 20 21 24
5 18 20 21 15 24
5 18 22 21 15 4
5 18 22 6 21 15
5 18 6 13 9 4
5 18 20 6 21 15
5 18 10 20 21 9
5 18 10 20 13 9
5 18 22 21 9 4
5 18 22 6 9 4
5 18 22 6 21 9
5 18 20 6 21 9
5 18 20 6 13 9
5 25 0 6 3 19
5 25 0 20 6 19
5 25 6 13 9 19
5 25 20 6 9 19
5 25 20 6 13 9
5 25 18 20 6 13
5 25 0 20 6 15
5 25 18 6 13 24
5 25 18 20 6 15
5 25 18 20 15 24
5 25 18 10 13 24
5 25 18 10 20 24
5 25 18 10 20 13
5 25 0 8 3 19
5 25 0 6 15 24
5 25 0 6 3 24
5 25 6 23 3 24
5 25 6 23 13 24
5 25 6 23 13 3
5 25 18 6 15 24
5 25 0 8 15 24
5 25 23 11 3 19
5 25 8 11 3 19
5 25 8 23 11 3
5 25 0 23 3 24
5 25 0 8 23 24
5 25 0 8 23 3
5 25 8 10 23 24
5 25 8 10 20 24
5 25 8 10 23 11
5 17 10 23 13 16
5 17 10 13 9 16
5 17 10 23 11 16
5 17 25 23 3 19
5 17 25 23 13 3
5 17 6 23 13 16
5 17 6 23 13 3
5 17 6 13 9 19
5 17 25 13 9 19
5 17 23 11 16 5
5 17 25 23 11 19
5 17 25 10 23 11
5 17 10 23 13 24
5 17 25 23 13 24
5 17 25 10 13 24
5 17 25 10 23 24
5 17 25 6 3 19
5 17 25 6 13 19
5 17 25 6 13 3
5 17 11 3 5 19
5 17 23 11 3 19
5 17 23 11 3 5
5 17 6 23 16 5
5 17 6 23 3 5
5 17 25 20 9 19
5 17 10 20 13 9
5 17 25 20 13 9
5 17 25 10 20 13
5 12 17 10 20 1
5 12 8 11 5 19
5 12 0 8 5 19
5 12 25 0 20 19
5 12 25 0 8 19
5 12 17 10 11 1
5 12 17 25 20 19
5 12 17 25 10 20
5 12 25 8 11 19
5 12 17 25 11 19
5 12 17 25 10 11
5 12 8 10 11 1
5 12 8 10 20 1
5 12 25 8 10 11
5 12 25 8 10 20
5 7 25 0 8 15
5 7 12 25 0 8
5 7 0 8 2 15
5 7 12 25 8 20
5 7 25 0 20 15
5 7 12 25 0 20
5 7 25 20 15 24
5 7 25 8 15 24
5 7 25 8 20 24
5 7 12 8 20 1
5 7 8 14 15 1
5 7 8 14 2 15
5 7 0 22 2 15
5 7 20 21 15 24
5 7 8 21 15 24
5 7 8 21 15 1
5 7 10 20 21 24
5 7 8 10 20 24
5 7 10 20 21 1
5 7 8 10 20 1
5 7 10 21 24 1
5 7 8 21 24 1
5 7 8 10 24 1
