345
5 4 21 9 2 18
5 23 21 9 2 18
5 23 4 31 2 18
5 23 4 21 2 18
5 20 4 31 3 18
5 20 4 15 3 18
5 7 23 4 31 2
5 7 20 4 31 3
5 7 23 4 31 18
5 19 23 15 31 18
5 19 20 23 31 18
5 19 15 31 3 18
5 19 20 31 3 18
5 19 20 15 3 18
5 19 15 11 31 3
5 19 20 11 31 3
5 19 20 4 15 18
5 19 15 11 31 14
5 19 23 15 31 14
5 0 7 20 31 3
5 0 7 31 3 2
5 1 23 4 21 2
5 1 7 4 21 2
5 1 7 23 4 2
5 1 23 4 21 18
5 1 7 23 4 18
5 1 4 21 9 18
5 1 20 4 31 18
5 1 7 4 31 18
5 1 7 20 4 31
5 1 23 21 9 18
5 1 20 23 31 18
5 1 7 23 31 18
5 1 19 20 23 18
5 1 19 20 23 31
5 32 4 15 9 18
5 32 19 4 15 18
5 32 23 15 9 18
5 32 19 23 15 18
5 32 1 4 9 18
5 32 1 23 9 18
5 32 1 19 23 18
5 32 19 20 4 18
5 32 1 20 4 18
5 32 1 19 20 18
5 16 0 7 2 27
5 16 0 7 3 2
5 16 1 7 4 21
5 10 1 23 21 2
5 10 1 7 21 2
5 10 1 7 23 2
5 10 16 1 7 21
5 10 16 7 21 2
5 10 7 23 31 2
5 10 23 9 14 2
5 10 23 21 9 2
5 10 1 23 21 9
5 10 1 7 23 31
5 10 1 19 23 31
5 10 1 19 20 31
5 24 32 19 23 15
5 24 32 15 9 14
5 24 32 23 15 9
5 24 19 15 11 14
5 24 32 19 15 11
5 17 1 4 21 9
5 17 32 1 4 9
5 17 16 1 4 21
5 17 16 21 2 27
5 17 16 7 4 3
5 17 16 7 4 21
5 25 19 20 4 15
5 25 32 19 4 15
5 25 32 19 20 4
5 25 20 4 15 3
5 25 32 4 15 3
5 25 19 20 15 3
5 25 19 15 11 3
5 25 32 15 11 3
5 25 32 19 15 11
5 25 19 20 11 3
5 25 17 16 4 3
5 25 32 1 20 4
5 25 17 32 1 4
5 25 24 32 19 11
5 25 7 20 4 3
5 25 16 7 4 3
5 25 17 16 1 4
5 25 32 1 19 20
5 25 24 32 1 19
5 25 0 7 20 3
5 25 16 0 7 3
5 25 1 7 20 4
5 25 16 1 7 4
5 13 19 23 15 14
5 13 24 19 15 14
5 13 24 19 23 15
5 13 23 15 9 14
5 13 24 15 9 14
5 22 10 1 21 9
5 22 13 24 9 14
5 22 10 1 23 9
5 22 32 1 23 9
5 22 24 32 23 9
5 22 10 9 14 2
5 22 10 21 9 2
5 22 10 23 9 14
5 22 13 23 9 14
5 22 13 10 23 14
5 22 24 23 15 9
5 22 13 23 15 9
5 22 13 24 15 9
5 22 13 24 23 15
5 22 13 24 19 23
5 22 32 1 19 23
5 22 24 32 19 23
5 22 24 32 1 19
5 5 25 20 11 3
5 5 19 20 11 31
5 5 25 19 20 11
5 5 25 24 19 11
5 5 25 1 19 20
5 5 25 24 1 19
5 5 24 19 11 14
5 5 13 24 19 14
5 5 10 19 23 31
5 5 13 19 23 31
5 5 13 10 23 31
5 5 22 13 24 19
5 5 22 24 1 19
5 5 22 13 19 23
5 5 22 13 10 23
5 5 10 1 19 23
5 5 22 1 19 23
5 5 22 10 1 23
5 28 25 16 0 3
5 28 25 17 16 3
5 28 25 24 32 11
5 28 25 24 0 11
5 28 24 11 14 27
5 12 19 23 31 14
5 12 13 19 23 14
5 12 13 19 23 31
5 12 13 10 23 14
5 12 13 10 23 31
5 12 5 13 19 14
5 12 5 13 19 31
5 12 23 31 14 2
5 12 10 23 14 2
5 12 10 23 31 2
5 12 19 11 31 14
5 12 5 19 11 14
5 12 5 19 11 31
5 12 22 10 14 2
5 12 22 13 10 14
5 12 5 24 11 14
5 12 5 13 24 14
5 12 5 13 10 31
5 12 22 14 2 27
5 12 22 13 14 27
5 12 24 11 14 27
5 12 13 24 14 27
5 12 5 24 11 27
5 29 10 16 1 21
5 29 22 16 1 21
5 29 22 10 1 21
5 29 22 16 21 27
5 29 5 22 10 1
5 29 16 21 2 27
5 29 10 16 21 2
5 29 22 21 2 27
5 29 22 10 21 2
5 29 10 16 1 7
5 29 16 7 2 27
5 29 10 16 7 2
5 29 12 10 2 27
5 29 12 22 2 27
5 29 12 22 10 2
5 29 25 16 1 7
5 29 5 25 24 1
5 29 5 22 24 1
5 29 12 5 24 27
5 29 5 22 13 10
5 29 12 22 13 10
5 29 22 13 24 27
5 29 12 13 24 27
5 29 12 22 13 27
5 29 5 22 13 24
5 29 12 5 13 24
5 26 17 16 1 21
5 26 22 16 1 21
5 26 22 17 1 21
5 26 22 17 16 21
5 26 25 17 16 1
5 26 29 25 16 1
5 26 29 22 16 1
5 26 25 17 32 1
5 26 28 25 17 16
5 26 29 25 24 1
5 26 29 22 24 1
5 26 17 32 1 9
5 26 22 32 1 9
5 26 25 24 32 1
5 26 22 24 32 1
5 26 28 25 17 32
5 26 22 17 16 27
5 26 28 17 16 27
5 26 29 22 16 27
5 26 28 25 24 32
5 26 29 22 24 27
5 26 28 16 0 27
5 26 28 25 16 0
5 26 28 25 24 0
5 26 28 24 14 27
5 26 29 5 25 24
5 26 13 24 14 27
5 26 22 13 14 27
5 26 22 13 24 27
5 26 22 13 24 14
5 30 17 1 21 9
5 30 22 1 21 9
5 30 22 17 1 21
5 30 17 21 9 2
5 30 22 21 9 2
5 30 26 17 1 9
5 30 26 22 1 9
5 30 26 22 17 1
5 30 22 9 14 2
5 30 17 21 2 27
5 30 22 21 2 27
5 30 22 14 2 27
5 30 17 16 21 27
5 30 22 16 21 27
5 30 22 17 16 27
5 30 22 17 16 21
5 30 28 17 32 9
5 30 26 17 32 9
5 30 26 28 17 32
5 30 26 22 17 27
5 30 26 28 17 27
5 30 22 24 9 14
5 30 26 22 24 14
5 30 26 22 14 27
5 30 26 28 14 27
5 30 24 32 9 14
5 30 28 24 32 14
5 30 26 28 24 14
5 30 26 28 24 32
5 30 22 24 32 9
5 30 26 22 32 9
5 30 26 22 24 32
5 6 25 0 20 3
5 6 5 25 20 3
5 6 0 20 31 3
5 6 25 0 11 3
5 6 5 25 11 3
5 6 20 11 31 3
5 6 5 20 11 3
5 6 5 20 11 31
5 6 0 11 31 3
5 6 25 24 0 11
5 6 5 25 24 11
5 6 16 0 7 27
5 6 26 25 16 0
5 6 26 25 24 0
5 6 26 5 25 24
5 6 0 7 2 27
5 6 0 7 31 2
5 6 5 24 11 27
5 6 26 16 0 27
5 6 26 29 16 27
5 6 29 5 24 27
5 6 26 29 24 27
5 6 0 11 2 27
5 6 0 11 31 2
5 6 12 5 11 27
5 6 28 0 11 27
5 6 28 24 11 27
5 6 28 24 0 11
5 6 26 28 0 27
5 6 26 28 24 27
5 6 26 28 24 0
5 8 12 11 31 2
5 8 6 11 31 2
5 8 12 10 31 2
5 8 12 11 2 27
5 8 6 11 2 27
5 8 6 12 11 27
5 8 12 5 11 31
5 8 6 5 11 31
5 8 6 12 5 11
5 8 10 7 31 2
5 8 6 7 31 2
5 8 12 10 2 27
5 8 12 5 10 31
5 8 6 7 2 27
5 8 10 1 7 31
5 8 29 12 10 27
5 8 29 7 2 27
5 8 29 10 2 27
5 8 29 10 7 2
5 8 1 7 20 31
5 8 29 10 1 7
5 8 29 12 5 27
5 8 6 12 5 27
5 8 6 29 5 27
5 8 10 1 20 31
5 8 6 5 20 31
5 8 29 5 10 1
5 8 12 5 13 10
5 8 29 5 13 10
5 8 29 12 13 10
5 8 29 12 5 13
5 8 29 16 7 27
5 8 6 16 7 27
5 8 6 29 16 27
5 8 0 7 20 31
5 8 6 0 20 31
5 8 6 0 7 31
5 8 25 1 7 20
5 8 29 25 1 7
5 8 10 19 20 31
5 8 5 19 20 31
5 8 5 10 19 31
5 8 10 1 19 20
5 8 5 1 19 20
5 8 5 10 1 19
5 8 5 25 1 20
5 8 6 5 25 20
5 8 29 5 25 1
5 8 29 25 16 7
5 8 25 0 7 20
5 8 6 25 0 20
5 8 26 29 5 25
5 8 6 26 5 25
5 8 25 16 0 7
5 8 6 16 0 7
5 8 6 25 16 0
5 8 26 29 25 16
5 8 6 26 25 16
5 8 6 26 29 16
5 8 26 29 5 24
5 8 6 29 5 24
5 8 6 26 5 24
5 8 6 26 29 24
