324
5 14 25 29 13 22
5 14 25 7 12 11
5 14 25 7 13 12
5 10 25 13 12 26
5 2 14 30 28 11
5 2 30 18 0 26
5 2 27 18 22 0
5 2 14 7 28 11
5 9 2 7 18 11
5 31 27 18 22 0
5 31 10 13 12 0
5 31 10 25 12 0
5 31 10 25 13 12
5 5 2 14 22 11
5 5 2 14 7 11
5 5 14 25 29 22
5 5 9 2 7 11
5 5 14 25 13 22
5 5 14 25 7 13
5 5 9 2 18 11
5 5 9 25 7 12
5 15 25 13 12 26
5 15 14 13 12 26
5 15 14 25 13 26
5 15 14 25 13 12
5 15 14 12 11 26
5 15 14 25 12 11
5 15 25 29 12 26
5 15 14 25 29 26
5 15 29 18 12 26
5 15 25 7 12 11
5 15 5 14 25 29
5 15 5 25 29 12
5 15 5 25 7 12
5 15 2 14 22 11
5 15 5 14 22 11
5 15 5 14 29 22
5 15 14 25 7 11
5 15 5 14 7 11
5 15 5 14 25 7
5 15 5 29 18 22
5 15 5 9 18 11
5 15 5 9 7 11
5 15 14 30 11 26
5 15 2 14 30 11
5 15 30 18 11 26
5 15 2 30 18 26
5 15 2 30 18 11
5 15 5 2 22 11
5 15 5 2 18 11
5 15 5 2 18 22
5 1 10 30 0 26
5 6 31 13 12 0
5 6 31 25 13 12
5 6 31 9 25 12
5 6 9 25 7 12
5 6 5 25 7 13
5 6 5 9 7 20
5 6 5 9 25 7
5 32 9 2 7 20
5 32 5 2 7 20
5 32 5 9 7 20
5 32 5 9 2 7
5 32 9 2 27 18
5 32 5 9 2 18
5 32 2 27 18 22
5 32 5 2 18 22
5 32 5 9 18 22
5 32 6 31 9 20
5 32 31 27 18 22
5 32 31 9 18 22
5 32 31 9 27 18
5 3 15 29 18 12
5 3 31 29 18 12
5 3 15 18 12 11
5 3 15 9 18 11
5 3 15 5 29 12
5 3 15 5 29 18
5 3 15 5 9 18
5 3 31 18 12 0
5 3 31 25 29 12
5 3 31 9 25 12
5 3 31 9 25 29
5 3 31 29 18 22
5 3 31 9 18 22
5 3 31 9 29 22
5 3 15 7 12 11
5 3 15 9 7 11
5 3 5 25 29 12
5 3 5 9 25 12
5 3 5 9 25 29
5 3 5 9 7 12
5 3 15 5 7 12
5 3 15 5 9 7
5 3 5 29 18 22
5 3 5 9 18 22
5 3 5 9 29 22
5 3 31 27 18 0
5 3 31 9 27 18
5 23 15 2 30 26
5 23 1 2 30 22
5 23 15 2 18 26
5 23 15 2 18 22
5 23 2 30 28 22
5 23 1 30 28 22
5 23 1 2 22 0
5 23 2 30 0 26
5 23 1 30 0 26
5 23 1 2 30 0
5 23 14 30 28 26
5 23 15 14 30 26
5 23 2 18 0 26
5 23 2 18 22 0
5 23 15 29 18 26
5 23 15 29 18 22
5 23 2 14 28 22
5 23 15 2 14 22
5 23 2 14 30 28
5 23 15 2 14 30
5 23 1 28 13 22
5 23 10 30 28 26
5 23 1 10 30 26
5 23 1 10 30 28
5 23 14 28 13 26
5 23 14 28 13 22
5 23 15 14 29 26
5 23 15 14 29 22
5 23 10 28 13 26
5 23 1 10 0 26
5 23 1 31 22 0
5 23 14 29 13 22
5 23 18 12 0 26
5 23 29 18 12 26
5 23 31 18 22 0
5 23 31 29 18 22
5 23 10 12 0 26
5 23 1 31 10 0
5 23 14 25 13 26
5 23 14 25 29 26
5 23 14 25 29 13
5 23 31 18 12 0
5 23 31 29 18 12
5 23 10 25 13 26
5 23 25 29 12 26
5 23 10 25 12 26
5 23 10 25 12 0
5 23 31 10 25 0
5 23 31 25 12 0
5 23 31 25 29 12
5 17 32 5 22 20
5 17 32 5 2 20
5 17 32 5 2 22
5 17 2 7 28 20
5 17 5 2 7 20
5 17 2 14 28 22
5 17 5 14 28 22
5 17 5 2 14 22
5 17 32 2 27 20
5 17 32 2 27 22
5 17 2 14 7 28
5 17 5 14 7 28
5 17 5 2 14 7
5 16 1 10 30 28
5 16 14 28 13 22
5 16 5 14 13 22
5 16 5 14 28 22
5 16 17 5 28 22
5 16 6 5 7 13
5 16 14 7 28 13
5 16 5 14 7 13
5 16 5 14 7 28
5 16 17 5 22 20
5 16 6 5 7 20
5 16 17 2 28 20
5 16 17 2 30 28
5 16 17 7 28 20
5 16 17 5 7 20
5 16 17 5 7 28
5 16 17 2 27 20
5 8 31 9 25 29
5 8 6 31 9 25
5 8 5 9 25 29
5 8 6 5 9 25
5 8 31 9 29 22
5 8 5 25 29 22
5 8 5 9 29 22
5 8 6 31 25 13
5 8 32 31 9 22
5 8 32 6 31 9
5 8 5 25 13 22
5 8 6 5 25 13
5 8 32 5 9 22
5 8 25 29 13 22
5 8 23 31 29 22
5 8 23 1 31 22
5 8 16 5 13 22
5 8 16 6 5 13
5 8 32 5 22 20
5 8 6 5 9 20
5 8 32 5 9 20
5 8 32 6 9 20
5 8 23 29 13 22
5 8 23 25 29 13
5 8 17 32 22 20
5 8 16 5 22 20
5 8 16 6 5 20
5 8 16 17 22 20
5 19 1 2 30 22
5 19 2 30 28 22
5 19 17 2 28 22
5 19 17 2 30 28
5 19 1 30 28 22
5 19 17 2 27 22
5 19 16 1 28 22
5 19 16 17 28 22
5 19 16 1 30 28
5 19 16 17 30 28
5 19 2 27 22 0
5 19 1 2 22 0
5 19 8 16 17 22
5 19 31 27 22 0
5 19 1 31 22 0
5 19 8 1 31 22
5 19 32 31 27 22
5 19 8 32 31 22
5 19 8 32 31 27
5 4 8 16 6 13
5 4 1 31 10 0
5 4 16 10 28 13
5 4 16 1 10 28
5 4 8 6 31 13
5 4 16 1 10 30
5 4 19 1 31 0
5 4 19 8 1 31
5 4 23 1 31 10
5 4 8 23 1 31
5 4 31 10 13 0
5 4 6 31 13 0
5 4 23 10 28 13
5 4 23 1 28 13
5 4 23 1 10 28
5 4 1 28 13 22
5 4 16 28 13 22
5 4 16 1 28 22
5 4 23 10 25 13
5 4 8 23 25 13
5 4 23 1 13 22
5 4 8 23 13 22
5 4 8 23 1 22
5 4 19 16 1 22
5 4 19 8 1 22
5 4 8 16 13 22
5 4 19 8 16 22
5 4 31 10 25 13
5 4 8 31 25 13
5 4 8 23 31 29
5 4 8 23 25 29
5 4 8 31 25 29
5 4 23 31 25 29
5 4 23 31 10 25
5 24 17 32 27 22
5 24 19 32 27 22
5 24 19 17 27 22
5 24 8 17 32 22
5 24 19 8 32 22
5 24 19 8 17 22
5 24 17 32 27 20
5 24 8 17 32 20
5 24 19 8 32 27
5 24 16 17 27 20
5 24 19 2 27 0
5 24 19 17 2 27
5 24 16 27 30 0
5 24 19 16 17 30
5 24 2 27 30 0
5 24 19 17 2 30
5 24 16 2 27 30
5 24 16 17 2 30
5 24 16 17 2 27
5 24 19 16 1 30
5 24 1 2 30 0
5 24 19 1 2 0
5 24 19 1 2 30
5 21 4 8 16 6
5 21 4 19 8 16
5 21 8 16 6 20
5 21 19 8 16 17
5 21 24 19 16 17
5 21 24 19 8 17
5 21 4 19 16 1
5 21 24 19 16 1
5 21 24 19 8 27
5 21 8 32 6 20
5 21 24 8 32 20
5 21 8 16 17 20
5 21 24 16 17 20
5 21 24 8 17 20
5 21 4 16 1 30
5 21 24 16 1 30
5 21 4 19 1 0
5 21 24 19 1 0
5 21 4 8 6 31
5 21 24 8 32 27
5 21 19 8 31 27
5 21 4 19 8 31
5 21 24 19 27 0
5 21 24 32 27 20
5 21 24 16 27 20
5 21 24 16 27 0
5 21 24 16 30 0
5 21 24 1 30 0
5 21 8 32 31 27
5 21 8 32 6 31
5 21 4 6 31 0
5 21 19 31 27 0
5 21 4 19 31 0
5 21 32 31 27 20
5 21 32 6 31 20
5 21 31 27 0 20
5 21 6 31 0 20
5 21 4 16 10 30
5 21 1 10 30 0
5 21 4 1 10 0
5 21 4 1 10 30
