327
5 3 8 14 26 5
5 15 3 14 26 5
5 22 8 14 26 5
5 22 3 8 26 5
5 22 3 2 24 26
5 22 1 8 29 5
5 22 3 2 24 13
5 22 3 8 2 13
5 32 1 8 29 5
5 32 8 29 13 5
5 32 22 8 14 5
5 32 22 1 8 5
5 32 22 1 8 14
5 32 9 1 7 5
5 32 15 3 0 5
5 32 3 0 13 5
5 16 30 11 14 4
5 12 22 3 8 2
5 12 3 8 2 13
5 12 22 8 2 13
5 12 11 2 0 13
5 12 11 2 13 4
5 12 30 11 2 4
5 12 30 11 2 0
5 10 12 3 8 13
5 10 12 3 8 14
5 10 32 20 29 13
5 10 32 8 29 13
5 10 32 8 20 29
5 10 32 20 0 13
5 10 32 3 0 13
5 10 32 3 20 0
5 10 3 8 13 5
5 10 32 8 13 5
5 10 32 3 13 5
5 10 32 3 8 5
5 10 12 11 0 13
5 10 12 16 11 13
5 10 12 16 8 13
5 10 16 20 11 14
5 10 16 8 20 14
5 10 12 16 11 14
5 10 12 16 8 14
5 10 3 2 0 13
5 10 12 2 0 13
5 10 12 3 2 13
5 10 12 3 2 0
5 10 16 8 29 13
5 10 16 8 20 29
5 10 20 11 29 13
5 10 16 11 29 13
5 10 16 20 11 29
5 25 16 30 14 4
5 25 3 2 0 26
5 25 15 3 0 26
5 27 10 3 20 0
5 27 32 3 20 0
5 27 32 15 3 0
5 27 10 12 3 0
5 27 10 12 3 14
5 27 10 32 3 20
5 27 15 3 14 5
5 27 32 15 3 5
5 27 10 20 11 14
5 27 12 3 2 0
5 27 10 8 20 14
5 27 10 32 8 20
5 27 10 3 8 14
5 27 10 32 3 8
5 27 32 9 20 29
5 27 3 8 14 5
5 27 32 8 14 5
5 27 32 3 8 5
5 27 32 8 20 29
5 27 25 9 15 7
5 27 32 9 1 7
5 27 9 15 7 5
5 27 32 9 7 5
5 27 32 9 15 5
5 27 16 20 11 14
5 27 16 30 11 14
5 27 16 8 20 14
5 27 16 8 20 29
5 27 32 1 8 14
5 27 25 16 7 14
5 18 16 8 29 13
5 18 22 1 29 5
5 18 22 1 8 29
5 18 16 11 29 13
5 18 16 30 11 4
5 18 16 1 7 4
5 18 20 11 29 13
5 18 9 1 7 29
5 18 30 9 7 29
5 31 22 8 14 26
5 31 3 8 14 26
5 31 12 3 8 14
5 31 22 3 8 26
5 31 12 22 3 8
5 31 16 22 8 14
5 31 12 16 8 14
5 31 22 2 24 26
5 31 22 3 2 26
5 31 12 22 3 2
5 31 25 3 2 26
5 31 27 12 3 14
5 31 27 12 3 2
5 31 25 2 24 26
5 31 16 11 14 4
5 31 12 16 11 4
5 31 12 16 11 14
5 31 15 3 14 26
5 31 25 15 14 26
5 31 25 15 3 26
5 31 27 12 30 14
5 31 25 30 14 4
5 31 12 30 2 4
5 31 25 30 2 4
5 31 30 11 14 4
5 31 12 30 11 4
5 31 12 30 11 14
5 31 27 15 3 14
5 31 27 25 15 14
5 31 25 3 2 0
5 31 27 3 2 0
5 31 12 30 2 0
5 31 27 12 2 0
5 31 27 12 30 0
5 31 25 15 3 0
5 31 27 15 3 0
5 31 27 25 15 0
5 6 27 10 20 0
5 6 27 10 12 0
5 6 27 12 30 0
5 6 27 10 20 11
5 6 12 30 11 0
5 6 10 12 11 0
5 6 10 12 11 14
5 6 27 10 11 14
5 6 27 10 12 14
5 6 10 11 0 13
5 6 10 20 0 13
5 6 10 20 11 13
5 6 27 16 20 11
5 6 27 16 30 11
5 6 12 30 11 14
5 6 27 30 11 14
5 6 27 12 30 14
5 6 18 20 11 29
5 6 18 30 11 29
5 28 27 32 20 0
5 28 27 32 9 20
5 28 32 9 20 29
5 28 6 27 20 0
5 28 6 27 9 20
5 28 27 32 15 0
5 28 27 32 9 15
5 28 32 9 15 5
5 28 27 25 9 15
5 23 32 1 8 29
5 23 27 32 8 29
5 23 27 32 1 8
5 23 27 16 8 29
5 23 32 9 1 29
5 23 27 32 9 29
5 23 27 32 9 1
5 23 18 1 8 29
5 23 18 16 8 29
5 23 27 1 8 14
5 23 27 16 8 14
5 23 9 1 7 29
5 23 27 9 1 7
5 23 18 1 7 29
5 23 18 16 1 7
5 23 18 22 1 8
5 23 18 16 22 8
5 23 18 16 22 1
5 23 30 9 7 29
5 23 18 30 7 29
5 23 6 27 16 30
5 23 18 30 11 29
5 23 18 16 11 29
5 23 18 16 30 11
5 23 18 30 7 4
5 23 18 16 7 4
5 23 18 16 30 4
5 23 6 30 11 29
5 23 6 16 30 11
5 23 27 16 20 29
5 23 6 27 16 20
5 23 27 9 20 29
5 23 6 9 20 29
5 23 6 27 9 20
5 23 16 20 11 29
5 23 6 20 11 29
5 23 6 16 20 11
5 19 23 27 1 14
5 19 23 27 1 7
5 19 32 22 1 14
5 19 27 32 1 14
5 19 23 16 1 7
5 19 25 16 7 14
5 19 23 16 22 1
5 19 27 16 7 14
5 19 23 27 16 14
5 19 23 27 16 7
5 19 27 25 7 14
5 19 32 22 14 5
5 19 27 32 14 5
5 19 32 22 1 5
5 19 1 7 24 5
5 19 22 1 24 5
5 19 32 1 7 5
5 19 27 32 7 5
5 19 27 32 1 7
5 19 25 16 14 4
5 19 22 1 8 14
5 19 23 1 8 14
5 19 23 22 1 8
5 19 16 22 8 14
5 19 23 16 8 14
5 19 23 16 22 8
5 19 16 1 7 4
5 19 27 25 15 14
5 19 25 15 7 24
5 19 27 25 15 7
5 19 27 15 14 5
5 19 15 7 24 5
5 19 27 15 7 5
5 19 31 16 22 14
5 19 25 7 24 4
5 19 25 16 7 4
5 19 18 1 7 4
5 19 18 1 7 24
5 19 18 22 1 24
5 19 18 16 1 4
5 19 18 16 22 1
5 19 31 22 14 26
5 19 31 22 24 26
5 19 31 25 14 26
5 19 31 25 24 26
5 19 25 15 14 26
5 19 25 15 24 26
5 19 15 14 26 5
5 19 22 14 26 5
5 19 15 24 26 5
5 19 22 24 26 5
5 17 18 11 13 4
5 17 18 16 11 4
5 17 18 16 11 13
5 17 12 11 13 4
5 17 12 16 11 4
5 17 12 16 11 13
5 17 18 16 8 13
5 17 12 16 8 13
5 17 18 22 8 13
5 17 18 16 22 8
5 17 12 22 8 13
5 17 31 12 16 4
5 17 31 12 16 8
5 17 31 16 22 8
5 17 19 18 16 4
5 17 19 18 16 22
5 17 12 2 13 4
5 17 12 22 2 13
5 17 31 12 22 8
5 17 22 2 24 13
5 17 19 18 22 24
5 17 19 31 16 22
5 17 31 12 2 4
5 17 31 12 22 2
5 17 31 22 2 24
5 17 19 31 22 24
5 17 18 7 24 4
5 17 19 7 24 4
5 17 19 18 7 4
5 17 19 18 7 24
5 17 31 16 14 4
5 17 19 16 14 4
5 17 19 31 16 14
5 17 25 2 24 4
5 17 31 25 2 4
5 17 31 25 2 24
5 17 19 25 24 4
5 17 19 31 25 24
5 17 31 25 14 4
5 17 19 25 14 4
5 17 19 31 25 14
5 21 28 6 30 9
5 21 28 6 27 9
5 21 23 6 27 9
5 21 23 6 27 30
5 21 6 27 30 0
5 21 28 6 30 0
5 21 28 6 27 0
5 21 23 30 9 7
5 21 23 27 9 7
5 21 6 30 9 29
5 21 23 30 9 29
5 21 23 6 9 29
5 21 23 6 30 29
5 21 27 25 9 7
5 21 28 27 25 9
5 21 23 27 16 7
5 21 23 27 16 30
5 21 27 25 16 7
5 21 31 27 30 0
5 21 31 27 25 0
5 21 27 25 15 0
5 21 28 25 15 0
5 21 28 27 15 0
5 21 28 27 25 15
5 21 23 30 7 4
5 21 23 16 7 4
5 21 23 16 30 4
5 21 25 16 7 4
5 21 25 16 30 4
5 21 25 16 30 14
5 21 27 16 30 14
5 21 27 25 16 14
5 21 25 30 2 0
5 21 31 30 2 0
5 21 31 25 2 0
5 21 31 25 30 2
5 21 31 25 30 14
5 21 31 27 30 14
5 21 31 27 25 14
