116
5 3 11 0 10 16
5 12 3 11 10 17
5 18 3 0 10 16
5 18 3 11 10 16
5 13 5 12 8 9
5 13 5 12 11 9
5 13 12 3 11 17
5 14 13 15 1 17
5 14 13 12 1 17
5 14 12 3 10 17
5 14 15 0 1 17
5 4 18 0 1 16
5 4 18 15 1 16
5 4 18 15 0 1
5 4 14 0 10 17
5 4 14 15 0 17
5 4 14 3 10 17
5 4 14 15 3 17
5 4 18 3 0 10
5 4 18 3 0 16
5 4 18 15 8 16
5 4 14 18 0 10
5 4 14 18 15 0
5 2 5 8 9 16
5 2 4 5 8 16
5 2 13 12 9 1
5 2 13 12 8 1
5 2 13 12 8 9
5 2 4 0 1 16
5 2 4 15 1 16
5 2 4 15 8 16
5 2 18 15 1 16
5 2 18 15 8 16
5 2 18 15 8 1
5 2 11 0 10 16
5 2 18 0 1 16
5 2 18 0 10 16
5 2 18 0 10 1
5 6 13 5 12 8
5 6 13 5 15 8
5 6 13 12 3 11
5 6 13 5 3 11
5 6 13 5 12 11
5 6 5 3 11 16
5 6 5 12 11 9
5 6 5 12 8 9
5 6 4 5 15 8
5 6 13 5 3 17
5 6 13 5 15 17
5 6 18 3 11 16
5 6 5 11 9 16
5 6 5 8 9 16
5 6 4 5 8 16
5 6 4 5 3 16
5 6 4 18 15 8
5 6 14 15 3 17
5 6 14 13 15 17
5 6 13 12 3 17
5 6 14 12 3 17
5 6 14 13 12 17
5 6 4 15 3 17
5 6 4 5 3 17
5 6 4 5 15 17
5 6 2 11 9 16
5 6 2 12 11 9
5 6 2 8 9 16
5 6 2 12 8 9
5 6 18 11 10 16
5 6 12 3 11 10
5 6 18 3 11 10
5 6 4 18 8 16
5 6 4 18 3 16
5 6 4 14 15 3
5 6 14 12 3 10
5 6 2 11 10 16
5 6 2 12 11 10
5 7 13 15 8 1
5 7 14 13 15 1
5 7 18 15 8 1
5 7 13 12 8 1
5 7 14 13 12 1
5 7 18 15 0 1
5 7 14 15 0 1
5 7 14 18 15 0
5 7 6 18 15 8
5 7 6 13 15 8
5 7 6 13 12 8
5 7 6 14 13 15
5 7 6 14 13 12
5 7 2 12 8 1
5 7 2 18 8 1
5 7 14 12 10 1
5 7 18 0 10 1
5 7 14 0 10 1
5 7 14 18 0 10
5 7 4 14 18 15
5 7 6 4 18 15
5 7 6 4 14 15
5 7 2 12 10 1
5 7 2 18 10 1
5 7 6 2 12 8
5 7 6 14 12 10
5 7 6 4 18 3
5 7 6 4 14 3
5 7 6 2 12 10
5 7 2 18 8 16
5 7 6 18 8 16
5 7 6 2 8 16
5 7 6 18 3 10
5 7 6 14 3 10
5 7 4 18 3 10
5 7 4 14 3 10
5 7 4 14 18 10
5 7 2 18 10 16
5 7 6 18 10 16
5 7 6 2 10 16
