209
5 0 23 9 7 14
5 16 23 5 7 14
5 4 16 3 5 7
5 4 16 3 9 5
5 8 16 23 9 6
5 12 16 23 5 14
5 12 4 16 9 5
5 12 23 9 7 14
5 12 16 23 7 14
5 12 4 3 9 5
5 12 16 5 7 14
5 12 4 5 7 14
5 12 4 16 5 7
5 12 4 9 7 14
5 1 12 16 5 25
5 1 12 16 9 5
5 13 17 0 9 7
5 24 12 4 3 9
5 24 1 12 9 25
5 24 12 4 3 5
5 24 1 3 5 25
5 24 1 12 5 25
5 24 12 3 9 5
5 24 1 12 9 5
5 24 16 3 9 5
5 24 1 16 9 5
5 24 1 16 3 5
5 24 1 16 3 9
5 20 13 17 0 9
5 20 24 1 9 25
5 20 1 12 9 25
5 20 1 12 16 25
5 20 1 12 16 9
5 15 17 0 7 6
5 15 20 1 16 9
5 15 20 1 8 16
5 21 12 16 5 25
5 21 12 16 23 5
5 21 20 12 16 25
5 21 12 16 23 9
5 21 20 12 16 9
5 21 8 16 23 9
5 21 20 8 16 9
5 21 8 23 9 6
5 21 20 8 9 6
5 21 0 23 9 6
5 21 20 0 9 6
5 19 1 16 5 25
5 19 15 20 1 25
5 19 15 20 1 8
5 19 21 0 23 6
5 19 20 17 0 6
5 19 21 20 0 6
5 19 21 8 23 6
5 19 21 20 8 6
5 19 15 20 17 6
5 19 15 20 8 6
5 19 21 23 5 25
5 19 21 16 5 25
5 19 20 1 16 25
5 19 20 1 8 16
5 19 21 13 23 25
5 19 21 13 0 23
5 19 20 13 17 25
5 19 21 20 13 25
5 19 20 13 17 0
5 19 21 20 13 0
5 19 21 20 16 25
5 19 21 20 8 16
5 19 21 16 23 5
5 19 21 8 16 23
5 2 13 17 9 7
5 2 13 4 9 7
5 2 24 4 3 9
5 2 24 13 4 9
5 2 24 4 3 25
5 2 24 1 3 25
5 2 20 24 1 9
5 2 15 20 1 9
5 2 20 24 9 25
5 2 24 13 4 25
5 2 24 13 9 25
5 2 19 1 17 25
5 2 19 15 1 25
5 2 19 15 1 17
5 2 20 24 1 25
5 2 15 20 1 25
5 2 20 13 9 25
5 2 20 13 17 25
5 2 20 13 17 9
5 2 19 20 17 25
5 2 19 15 20 25
5 2 19 15 20 17
5 18 21 12 5 25
5 18 24 12 5 25
5 18 13 4 25 14
5 18 24 13 4 25
5 18 21 23 5 25
5 18 12 23 5 14
5 18 21 12 23 5
5 18 3 5 25 14
5 18 24 3 5 25
5 18 12 4 5 14
5 18 24 12 4 5
5 18 4 3 25 14
5 18 24 4 3 25
5 18 4 3 5 14
5 18 24 4 3 5
5 10 0 9 7 14
5 10 13 0 9 7
5 10 21 13 0 23
5 10 4 9 7 14
5 10 13 4 9 7
5 10 13 17 0 7
5 10 19 13 0 23
5 10 18 21 23 14
5 10 18 23 25 14
5 10 18 13 25 14
5 10 21 13 23 25
5 10 18 21 23 25
5 10 18 21 13 25
5 10 4 3 25 14
5 10 13 4 25 14
5 10 2 13 4 7
5 10 2 13 17 7
5 11 20 13 0 9
5 11 21 20 0 9
5 11 21 20 13 0
5 11 10 13 0 9
5 11 10 21 13 0
5 11 21 20 12 9
5 11 10 0 9 14
5 11 20 12 9 25
5 11 20 13 9 25
5 11 21 20 12 25
5 11 21 20 13 25
5 11 0 23 9 14
5 11 21 0 23 9
5 11 10 0 23 14
5 11 10 21 23 14
5 11 10 21 0 23
5 11 24 12 9 25
5 11 24 13 9 25
5 11 18 21 12 25
5 11 18 21 13 25
5 11 12 23 9 14
5 11 21 12 23 9
5 11 12 4 9 14
5 11 10 4 9 14
5 11 10 13 4 14
5 11 10 13 4 9
5 11 10 18 13 14
5 11 10 18 21 14
5 11 10 18 21 13
5 11 18 24 12 25
5 11 18 24 13 25
5 11 24 12 4 9
5 11 24 13 4 9
5 11 18 12 23 14
5 11 18 21 23 14
5 11 18 21 12 23
5 11 18 12 4 14
5 11 18 13 4 14
5 11 18 24 12 4
5 11 18 24 13 4
5 22 2 17 9 7
5 22 2 15 17 7
5 22 15 17 7 6
5 22 2 20 17 9
5 22 2 15 20 9
5 22 2 15 20 17
5 22 17 0 7 6
5 22 17 0 9 7
5 22 15 8 7 6
5 22 15 20 17 6
5 22 2 4 9 7
5 22 2 4 3 7
5 22 2 4 3 9
5 22 2 1 3 7
5 22 2 15 1 7
5 22 2 15 1 9
5 22 20 0 9 6
5 22 20 17 0 6
5 22 20 17 0 9
5 22 8 16 9 6
5 22 20 8 9 6
5 22 15 20 8 6
5 22 4 16 3 7
5 22 4 16 3 9
5 22 1 16 3 9
5 22 15 1 16 9
5 22 24 1 3 9
5 22 2 24 3 9
5 22 2 24 1 9
5 22 2 24 1 3
5 22 0 23 9 6
5 22 16 23 9 6
5 22 16 0 23 6
5 22 0 23 9 7
5 22 16 0 23 7
5 22 20 8 16 9
5 22 15 20 16 9
5 22 15 20 8 16
5 22 12 4 9 7
5 22 12 4 16 7
5 22 12 4 16 9
5 22 12 23 9 7
5 22 12 16 23 7
5 22 12 16 23 9
