4
33
3.28364 9.48351 7.32358 -9.09653
3.38653 -7.81762 -6.86743 -0.8999
-3.75026 3.85041 9.36253 0.175391
1.15227 5.21286 9.76272 2.33955
-9.4 -5.17119 0.843355 -2.07761
9.63365 -0.586443 -0 4.41027
-0.567094 5.98748 -0 -7.99031
4.36082 -9.34105 -0 -6.24652
-0.343768 0.936547 -0 4.81967
9.29456 -3.52335 -0 -8.43988
-3.36507 7.51059 -0 -1.88727
-5.8292 4.46346 -0 -5.31817
-4.36013 3.82499 5.15885 -0
-5.87037 9.81359 0.739797 -0
1.12314 -0.150991 3.14278 -0
8.27348 0.423688 8.42555 -0
-3.84601 -2.06341 -3.28865 -0
-9.13808 -5.20965 1.14338 -0
-7.1926 -6.03027 -7.81062 -0
-0 -7.39722 4.12408 2.25733
-0 6.87343 -2.39021 -5.6483
-0 -2.32527 4.23113 -9.89236
-0 -3.12844 2.60109 7.01328
-0 -3.47216 -6.5555 -1.4457
-0 -7.95592 8.06307 7.05667
-0 -5.33362 7.81745 -3.86365
3.23706 -0 9.96345 4.32854
3.03513 -0 2.46395 -1.65012
8.43046 -0 2.10088 -9.57351
0.703699 -0 -8.92135 -1.26706
-2.9969 -0 3.61205 -9.89079
-1.85569 -0 6.84205 0.395198
9.34888 -0 -1.73979 2.24348
