4
26
-1.29556 -9.10976 1.82089 3.51263
3.1004 8.66191 -3.41903 5.21977
-4.23065 -7.64913 4.16865 3.80262
7.9528 1.11903 3.15262 -1.8562
7.31453 6.44329 -3.7709 6.67827
-0 3.27493 3.76103 -5.20843
-0 0.771649 6.98965 -4.16765
-0 -6.88881 -3.8531 7.96307
-0 -7.88167 -9.80551 1.31801
-0 1.54056 -4.23359 1.81587
-0 -2.25161 8.18593 2.8028
-0 -0.985569 -1.42929 6.97005
4.26145 -3.4225 -0 -8.22734
5.32888 -3.48094 -0 9.43463
0.30405 -3.18715 -0 -8.52806
-3.19797 0.127853 -0 -7.43235
9.118 2.90201 -0 2.57871
-1.49694 2.28845 -0 7.7234
6.75937 0.576651 -0 6.64181
9.17438 -0.977865 -0.297158 -0
-3.34709 5.43525 -2.81973 -0
1.92286 6.80659 -0.254847 -0
-9.10303 -6.6383 5.15208 -0
2.98226 -2.87941 -0.278777 -0
-2.83467 -3.39506 4.68648 -0
-6.71271 -9.86292 3.49046 -0
