4
33
6.61375 9.63835 0.780221 -6.55653
5.75888 0.00543202 5.59775 -3.1121
3.61796 1.36527 -3.10051 -8.3903
-3.86626 5.68002 -6.46496 2.40838
3.91679 -0.656734 9.94167 -2.18709
-6.46998 -3.76081 -3.0163 -0
-9.04882 0.12593 8.12361 -0
-8.18115 -7.20706 -5.01587 -0
-3.95609 1.15403 4.51095 -0
-8.58106 3.19295 -4.99062 -0
8.83785 -0.539473 8.17894 -0
-0.700217 -6.17368 -8.31874 -0
-0 7.35539 -5.81169 9.61468
-0 -1.97918 6.04582 7.36509
-0 -8.56384 -5.54035 -0.523333
-0 -3.75024 -7.59567 1.61722
-0 -5.9808 6.87523 -8.54033
-0 -0.745004 2.89278 -7.82756
-0 4.66021 -7.60186 -1.41218
1.76847 -0 4.67625 -5.33319
-9.69182 -0 3.56416 -6.62695
-0.0580172 -0 9.8017 -6.60863
-0.242145 -0 1.65604 -1.56434
6.40936 -0 1.2514 1.91779
0.666779 -0 4.26928 -7.67732
-1.15011 -0 2.36914 7.18062
9.63365 -0.586443 -0 4.41027
-0.567094 5.98748 -0 -7.99031
4.36082 -9.34105 -0 -6.24652
-0.343768 0.936547 -0 4.81967
9.29456 -3.52335 -0 -8.43988
-3.36507 7.51059 -0 -1.88727
-5.8292 4.46346 -0 -5.31817
