4
26
8.94059 -5.20084 -4.41138 -4.67566
4.1779 4.21272 -7.42409 -3.84926
-0.647235 2.73605 2.15189 -9.77709
8.8448 3.21487 -7.30093 -1.60542
-5.18791 4.81466 3.68353 -9.71405
3.23706 -0 9.96345 4.32854
3.03513 -0 2.46395 -1.65012
8.43046 -0 2.10088 -9.57351
0.703699 -0 -8.92135 -1.26706
-2.9969 -0 3.61205 -9.89079
-1.85569 -0 6.84205 0.395198
9.34888 -0 -1.73979 2.24348
-9.77555 9.93711 -0 -6.08374
-1.93155 -0.888876 -0 7.29724
8.34094 7.15709 -0 5.41304
-0.576907 -0.0550637 -0 5.29652
5.94021 8.41251 -0 -3.34464
1.52458 -9.00285 -0 3.3689
8.53345 4.50865 -0 -9.78107
6.55908 -4.7152 7.71553 -0
3.49512 -2.56151 2.57992 -0
-5.5931 1.95723 7.04787 -0
6.11171 0.279401 -3.10468 -0
-5.95694 3.47558 8.4185 -0
-3.7142 -3.52863 -6.93267 -0
-6.61583 -8.38883 -1.79265 -0
