4
33
0.48471 0.500934 7.1024 9.56194
0.465526 -4.10128 8.68751 -0.148523
3.0879 2.90643 -6.5867 1.17678
-4.33381 -9.08505 2.05047 -2.91797
3.36562 -6.91633 9.42418 -2.5187
-4.10019 -0 5.67065 6.16838
-3.32682 -0 2.99437 6.26449
-4.52946 -0 2.31046 9.90595
9.66341 -0 -3.62306 7.16849
-5.06421 -0 4.49245 -7.00095
-7.90253 -0 -5.57896 -5.86097
9.73484 -0 -4.94143 -3.04077
-0 3.98308 -4.58614 -9.58219
-0 4.0632 -1.67085 1.36642
-0 -0.196784 2.58511 4.89709
-0 -0.831645 -0.558705 -7.52649
-0 -2.09566 -8.82192 -9.44935
-0 0.990311 0.0104289 9.05341
-0 5.81799 -8.66118 5.85787
-4.8126 0.845366 -0 0.325617
-5.76236 -4.44755 -0 -6.33818
-9.37057 0.930556 -0 -8.33752
7.98522 -2.89845 -0 1.23235
3.9199 1.93765 -0 7.99071
6.35563 -6.95479 -0 -8.23535
-8.19212 -1.57476 -0 -3.0016
-1.62667 9.62375 -5.84774 -0
3.22663 9.08924 -0.241237 -0
7.72525 -1.20475 7.2807 -0
0.607659 -1.54359 -0.977408 -0
3.98546 -1.5091 -5.3866 -0
5.86085 -8.18995 -3.25869 -0
-1.66764 2.29352 -9.87079 -0
