4
26
-4.41987 -4.91813 -3.32518 9.41322
0.91493 -3.40343 -6.73682 -9.86372
8.30709 1.82616 -8.66658 7.1984
-6.92426 -0.925872 0.557182 6.03004
9.24926 -2.03057 2.59239 -0.190927
-0 7.35539 -5.81169 9.61468
-0 -1.97918 6.04582 7.36509
-0 -8.56384 -5.54035 -0.523333
-0 -3.75024 -7.59567 1.61722
-0 -5.9808 6.87523 -8.54033
-0 -0.745004 2.89278 -7.82756
-0 4.66021 -7.60186 -1.41218
-8.89407 -6.89214 -4.81706 -0
0.754384 -0.453066 7.51517 -0
4.68923 -1.77001 -7.55763 -0
3.41022 -7.626 -3.22195 -0
3.37888 6.69344 8.17826 -0
-7.53126 3.11177 4.6574 -0
3.53764 -3.3355 4.41169 -0
-9.83274 -1.9983 -0 3.64699
-4.64641 -9.09792 -0 -5.67871
3.23851 -7.79915 -0 -5.0503
6.86416 -2.54108 -0 8.61754
-0.440516 3.46866 -0 2.31186
2.70752 -1.3561 -0 1.26144
-6.75579 -3.23249 -0 3.60451
