4
33
0.147621 -8.15098 9.13305 -3.70612
2.11824 1.18881 -1.40007 -5.26621
-8.15204 9.96729 8.90848 -4.25757
7.5958 -9.56273 8.48381 -8.29456
9.25046 -2.18261 -6.09717 -6.85173
-0 -4.62298 4.76106 3.98721
-0 -5.58538 8.754 -0.184684
-0 -0.737291 7.06211 -7.5748
-0 -3.21462 7.72668 0.322218
-0 6.96701 -8.99061 -0.9757
-0 5.21877 3.69866 -0.346923
-0 -8.16161 9.06277 5.63746
-4.10019 -0 5.67065 6.16838
-3.32682 -0 2.99437 6.26449
-4.52946 -0 2.31046 9.90595
9.66341 -0 -3.62306 7.16849
-5.06421 -0 4.49245 -7.00095
-7.90253 -0 -5.57896 -5.86097
9.73484 -0 -4.94143 -3.04077
7.92887 -1.69877 -0 4.39461
7.50513 -3.66857 -0 -4.66947
-4.5681 5.01402 -0 -6.43542
-4.92496 2.58035 -0 1.0343
5.729 5.39714 -0 1.98781
-3.49399 -4.5663 -0 5.08936
0.574667 -8.73401 -0 -3.83762
-6.46998 -3.76081 -3.0163 -0
-9.04882 0.12593 8.12361 -0
-8.18115 -7.20706 -5.01587 -0
-3.95609 1.15403 4.51095 -0
-8.58106 3.19295 -4.99062 -0
8.83785 -0.539473 8.17894 -0
-0.700217 -6.17368 -8.31874 -0
