4
19
-9.05637 -3.38933 9.18217 4.41654
-3.76661 -9.37721 9.17125 0.774834
-8.76681 -9.2889 0.750457 -5.77721
-0.450519 6.58867 -4.38544 6.33596
-5.43896 1.86423 6.5292 -0.465995
-0 3.98308 -4.58614 -9.58219
-0 4.0632 -1.67085 1.36642
-0 -0.196784 2.58511 4.89709
-0 -0.831645 -0.558705 -7.52649
-0 -2.09566 -8.82192 -9.44935
-0 0.990311 0.0104289 9.05341
-0 5.81799 -8.66118 5.85787
5.43165 -0 -3.06377 3.36118
7.82896 -0 1.37696 -3.89102
3.58638 -0 2.67559 5.34032
0.677065 -0 7.1571 -1.03619
-9.39182 -0 2.46982 -1.72967
8.68725 -0 5.84093 0.824958
-4.32468 -0 4.2419 3.72591
