4
26
-4.33481 -3.02741 6.97911 8.71994
8.82375 -9.53802 -0.978487 -5.40261
-0.653093 -3.43055 7.00699 9.84753
-1.66525 9.45213 -7.22633 -7.53763
-0.332703 9.49706 5.55413 -9.86072
-0 -7.39722 4.12408 2.25733
-0 6.87343 -2.39021 -5.6483
-0 -2.32527 4.23113 -9.89236
-0 -3.12844 2.60109 7.01328
-0 -3.47216 -6.5555 -1.4457
-0 -7.95592 8.06307 7.05667
-0 -5.33362 7.81745 -3.86365
-9.83274 -1.9983 -0 3.64699
-4.64641 -9.09792 -0 -5.67871
3.23851 -7.79915 -0 -5.0503
6.86416 -2.54108 -0 8.61754
-0.440516 3.46866 -0 2.31186
2.70752 -1.3561 -0 1.26144
-6.75579 -3.23249 -0 3.60451
9.17438 -0.977865 -0.297158 -0
-3.34709 5.43525 -2.81973 -0
1.92286 6.80659 -0.254847 -0
-9.10303 -6.6383 5.15208 -0
2.98226 -2.87941 -0.278777 -0
-2.83467 -3.39506 4.68648 -0
-6.71271 -9.86292 3.49046 -0
