4
33
7.64624 -2.35223 -2.19746 6.13497
-4.66558 -9.19053 8.36965 7.69823
-5.55003 -9.74309 -3.57283 -0.533606
4.35001 9.59226 -1.42025 -9.33944
1.82946 0.0696007 -2.94358 -5.95576
7.92887 -1.69877 -0 4.39461
7.50513 -3.66857 -0 -4.66947
-4.5681 5.01402 -0 -6.43542
-4.92496 2.58035 -0 1.0343
5.729 5.39714 -0 1.98781
-3.49399 -4.5663 -0 5.08936
0.574667 -8.73401 -0 -3.83762
-0 3.27493 3.76103 -5.20843
-0 0.771649 6.98965 -4.16765
-0 -6.88881 -3.8531 7.96307
-0 -7.88167 -9.80551 1.31801
-0 1.54056 -4.23359 1.81587
-0 -2.25161 8.18593 2.8028
-0 -0.985569 -1.42929 6.97005
-9.15641 -0 -4.21563 8.55497
8.83298 -0 6.38989 -2.72644
5.07248 -0 -7.34685 -9.79429
7.89007 -0 3.07345 4.90381
1.24659 -0 -2.11351 -0.901019
-8.96666 -0 0.411317 -9.39879
-5.36918 -0 1.49881 -1.80253
-4.36013 3.82499 5.15885 -0
-5.87037 9.81359 0.739797 -0
1.12314 -0.150991 3.14278 -0
8.27348 0.423688 8.42555 -0
-3.84601 -2.06341 -3.28865 -0
-9.13808 -5.20965 1.14338 -0
-7.1926 -6.03027 -7.81062 -0
