4
33
9.37468 4.81387 4.50488 -4.37516
8.84831 -7.54643 -6.17057 -8.81171
5.80902 -8.16568 -9.00212 -8.71143
-9.52605 -9.98431 -4.88638 -6.80353
1.91369 -3.94453 6.0631 4.01814
-0 -4.62298 4.76106 3.98721
-0 -5.58538 8.754 -0.184684
-0 -0.737291 7.06211 -7.5748
-0 -3.21462 7.72668 0.322218
-0 6.96701 -8.99061 -0.9757
-0 5.21877 3.69866 -0.346923
-0 -8.16161 9.06277 5.63746
5.43165 -0 -3.06377 3.36118
7.82896 -0 1.37696 -3.89102
3.58638 -0 2.67559 5.34032
0.677065 -0 7.1571 -1.03619
-9.39182 -0 2.46982 -1.72967
8.68725 -0 5.84093 0.824958
-4.32468 -0 4.2419 3.72591
4.26145 -3.4225 -0 -8.22734
5.32888 -3.48094 -0 9.43463
0.30405 -3.18715 -0 -8.52806
-3.19797 0.127853 -0 -7.43235
9.118 2.90201 -0 2.57871
-1.49694 2.28845 -0 7.7234
6.75937 0.576651 -0 6.64181
-8.89407 -6.89214 -4.81706 -0
0.754384 -0.453066 7.51517 -0
4.68923 -1.77001 -7.55763 -0
3.41022 -7.626 -3.22195 -0
3.37888 6.69344 8.17826 -0
-7.53126 3.11177 4.6574 -0
3.53764 -3.3355 4.41169 -0
