124
5 9 7 0 5 4
5 9 6 0 10 14
5 9 7 0 10 14
5 9 6 0 5 14
5 9 7 0 5 14
5 15 7 0 10 4
5 15 3 0 5 4
5 15 7 0 5 4
5 15 7 3 5 4
5 15 7 0 10 14
5 1 6 0 5 4
5 1 9 0 5 4
5 1 9 6 0 5
5 1 18 6 5 4
5 1 9 6 0 10
5 1 7 0 10 4
5 1 9 7 0 4
5 1 9 7 0 10
5 1 18 6 2 4
5 16 6 5 2 4
5 16 18 6 2 4
5 16 18 6 5 4
5 16 3 5 2 4
5 16 18 3 2 4
5 16 13 2 10 14
5 12 3 13 2 10
5 12 18 3 2 10
5 12 18 3 13 2
5 12 16 13 2 10
5 12 16 18 2 10
5 12 16 18 13 2
5 12 15 3 13 10
5 12 15 7 3 13
5 12 16 6 10 14
5 12 16 18 6 10
5 12 15 13 10 14
5 12 15 7 10 14
5 12 15 7 13 14
5 12 15 3 10 4
5 12 15 7 10 4
5 12 15 7 3 4
5 12 9 7 10 14
5 12 1 9 7 10
5 12 9 6 10 14
5 12 1 9 7 4
5 12 9 7 5 4
5 12 9 6 5 14
5 12 1 9 6 5
5 12 1 18 6 5
5 12 1 9 5 4
5 12 1 18 5 4
5 8 15 7 3 5
5 8 15 3 0 5
5 8 15 7 0 14
5 8 15 7 0 5
5 8 16 13 2 14
5 8 13 2 10 14
5 8 3 13 2 10
5 8 15 13 10 14
5 8 15 3 13 10
5 17 1 18 2 4
5 17 12 18 6 10
5 17 12 1 18 6
5 17 18 3 2 4
5 17 18 3 2 10
5 17 12 1 18 4
5 17 1 9 6 10
5 17 12 9 6 10
5 17 12 1 9 10
5 17 12 1 9 6
5 17 12 3 10 4
5 17 12 18 3 4
5 17 12 18 3 10
5 17 1 7 10 4
5 17 12 7 10 4
5 17 12 1 7 4
5 17 12 1 7 10
5 11 16 18 6 5
5 11 12 18 6 5
5 11 12 16 18 6
5 11 16 6 5 14
5 11 12 6 5 14
5 11 12 16 6 14
5 11 12 16 18 13
5 11 12 18 3 13
5 11 8 16 5 14
5 11 8 16 13 14
5 11 12 7 13 14
5 11 16 13 10 14
5 11 12 13 10 14
5 11 12 16 10 14
5 11 12 16 13 10
5 11 16 3 5 4
5 11 16 18 5 4
5 11 16 18 3 4
5 11 18 3 13 2
5 11 16 18 13 2
5 11 16 18 3 2
5 11 12 18 5 4
5 11 12 18 3 4
5 11 9 7 5 14
5 11 12 9 5 14
5 11 12 9 7 14
5 11 12 9 7 5
5 11 12 7 5 4
5 11 8 7 3 5
5 11 16 3 5 2
5 11 8 3 5 2
5 11 8 16 5 2
5 11 8 3 13 2
5 11 8 16 13 2
5 11 7 3 5 4
5 11 12 7 3 4
5 11 12 7 3 13
5 11 7 0 5 14
5 11 8 0 5 14
5 11 8 7 0 14
5 11 8 7 0 5
5 11 15 7 13 14
5 11 8 15 13 14
5 11 8 15 7 14
5 11 15 7 3 13
5 11 8 15 3 13
5 11 8 15 7 3
