327
5 13 20 10 7 11
5 13 20 2 7 11
5 13 20 2 10 11
5 13 20 2 18 8
5 13 20 10 7 8
5 13 20 2 10 8
5 13 20 9 18 8
5 13 20 9 7 8
5 13 20 9 7 18
5 25 17 9 16 8
5 1 23 10 11 5
5 0 28 2 12 18
5 0 20 2 12 18
5 0 20 9 12 18
5 0 20 9 7 18
5 0 9 3 12 18
5 0 28 3 12 18
5 0 28 26 2 18
5 0 13 20 7 18
5 0 13 20 2 18
5 0 13 20 2 7
5 0 20 2 7 11
5 0 13 26 2 18
5 0 28 26 3 18
5 0 9 16 7 18
5 0 9 16 3 18
5 0 26 16 3 18
5 14 9 16 7 8
5 14 17 16 7 8
5 14 17 9 16 8
5 14 25 9 16 3
5 14 25 17 9 16
5 14 25 17 9 8
5 14 1 17 7 8
5 14 1 25 17 8
5 15 13 9 7 8
5 15 13 9 16 8
5 15 13 9 7 18
5 15 13 9 16 18
5 15 0 13 7 18
5 15 13 10 7 8
5 15 1 17 10 8
5 15 13 26 16 18
5 15 0 13 26 18
5 22 1 25 20 8
5 22 1 20 10 11
5 22 1 23 10 11
5 22 0 20 2 12
5 22 0 20 2 11
5 22 20 10 11 12
5 22 21 1 23 10
5 22 20 2 11 12
5 22 0 28 2 12
5 22 0 28 23 12
5 22 28 2 11 12
5 22 28 23 11 12
5 32 22 1 20 7
5 32 15 13 10 11
5 32 15 13 10 7
5 32 15 10 7 8
5 32 15 1 10 8
5 32 20 10 7 8
5 32 1 20 7 8
5 32 1 20 10 8
5 32 1 17 7 8
5 32 14 1 17 7
5 27 28 26 2 11
5 27 0 28 26 2
5 27 13 26 2 11
5 27 0 13 2 11
5 27 0 13 26 2
5 27 22 28 2 11
5 27 22 28 23 11
5 27 22 0 2 11
5 27 22 0 28 2
5 27 22 0 28 23
5 6 14 9 16 7
5 6 14 9 16 3
5 6 0 9 16 7
5 6 0 9 16 3
5 6 22 0 23 7
5 6 0 9 3 12
5 6 27 0 28 23
5 6 22 0 23 12
5 6 0 28 3 12
5 6 0 28 23 12
5 6 0 26 16 3
5 6 27 21 28 23
5 6 21 28 3 12
5 6 21 28 23 12
5 6 0 28 26 3
5 6 27 0 28 26
5 6 26 16 3 5
5 6 28 26 3 5
5 6 27 28 26 5
5 6 27 26 16 5
5 6 27 14 16 5
5 24 14 1 7 8
5 24 22 1 25 8
5 24 32 14 1 7
5 24 32 22 1 7
5 24 14 9 7 8
5 24 22 25 20 8
5 24 1 20 7 8
5 24 22 1 20 8
5 24 22 1 20 7
5 24 6 22 23 7
5 24 20 9 7 8
5 24 25 20 9 8
5 24 6 0 9 7
5 24 6 22 0 7
5 24 0 20 9 7
5 24 22 0 20 7
5 24 25 20 9 12
5 24 22 25 20 12
5 24 6 0 9 12
5 24 6 22 0 12
5 24 0 20 9 12
5 24 22 0 20 12
5 31 6 27 26 16
5 31 6 27 0 26
5 31 15 0 13 7
5 31 32 15 13 7
5 31 15 0 13 26
5 31 27 0 13 26
5 31 27 15 13 26
5 31 6 27 14 16
5 31 6 14 16 7
5 31 27 0 13 11
5 31 32 15 13 11
5 31 6 27 14 23
5 31 6 14 23 7
5 31 6 0 23 7
5 31 6 27 0 23
5 31 27 14 23 5
5 31 13 2 7 11
5 31 0 2 7 11
5 31 0 13 2 11
5 31 0 13 2 7
5 31 13 10 7 11
5 31 32 13 10 11
5 31 32 13 10 7
5 31 24 32 14 7
5 31 27 22 0 11
5 31 22 0 23 7
5 31 27 22 0 23
5 31 20 10 7 11
5 31 32 20 10 7
5 31 24 22 23 7
5 31 24 32 22 7
5 31 24 32 22 23
5 31 0 20 7 11
5 31 22 0 20 11
5 31 22 0 20 7
5 31 32 22 20 7
5 31 27 22 23 11
5 31 22 1 23 11
5 31 32 22 1 23
5 31 1 20 10 11
5 31 32 1 10 11
5 31 32 1 20 10
5 31 22 1 20 11
5 31 32 22 1 20
5 29 1 23 11 5
5 29 27 23 11 5
5 29 31 27 23 5
5 29 31 1 23 11
5 29 31 27 23 11
5 29 31 32 1 11
5 29 1 10 11 5
5 29 32 1 10 11
5 29 31 32 15 11
5 29 31 15 13 11
5 29 31 27 13 11
5 29 31 27 15 13
5 29 32 15 10 11
5 29 32 15 1 10
5 29 15 13 10 11
5 29 27 13 26 11
5 29 27 15 13 26
5 29 27 26 16 5
5 29 27 14 16 5
5 29 31 27 14 5
5 29 31 27 14 16
5 29 1 17 10 5
5 29 15 1 17 10
5 29 15 13 26 16
5 29 14 17 16 5
5 29 31 14 17 16
5 29 32 14 17 5
5 29 31 32 14 5
5 29 31 32 14 17
5 4 27 14 23 5
5 4 6 27 14 5
5 4 6 27 14 23
5 4 27 21 23 5
5 4 6 27 21 23
5 4 27 21 28 5
5 4 6 27 28 5
5 4 6 27 21 28
5 4 32 14 1 23
5 4 1 23 10 5
5 4 21 1 23 10
5 4 6 14 25 3
5 4 6 21 25 3
5 4 6 28 3 5
5 4 6 21 28 3
5 4 29 1 23 5
5 4 31 14 23 5
5 4 31 32 14 5
5 4 31 32 14 23
5 4 32 14 17 5
5 4 32 14 1 17
5 4 23 10 11 5
5 4 14 1 25 17
5 4 6 16 3 5
5 4 6 14 16 5
5 4 6 14 16 3
5 4 28 26 3 5
5 4 29 31 23 5
5 4 29 31 32 5
5 4 29 1 17 5
5 4 29 32 17 5
5 4 29 32 1 17
5 4 31 32 1 23
5 4 29 31 1 23
5 4 29 31 32 1
5 4 1 25 17 8
5 4 14 17 16 5
5 4 14 25 17 16
5 19 14 25 9 3
5 19 6 14 9 3
5 19 6 14 25 3
5 19 14 25 9 8
5 19 24 25 9 8
5 19 24 14 9 8
5 19 24 25 9 12
5 19 24 6 9 12
5 19 6 14 9 7
5 19 24 14 9 7
5 19 24 6 9 7
5 19 25 9 3 12
5 19 6 9 3 12
5 19 14 1 25 8
5 19 24 1 25 8
5 19 24 14 1 8
5 19 24 22 25 12
5 19 24 6 22 12
5 19 6 14 23 7
5 19 24 6 23 7
5 19 24 6 22 23
5 19 21 25 3 12
5 19 6 21 3 12
5 19 6 21 25 3
5 19 24 22 1 25
5 19 22 21 25 12
5 19 31 14 23 7
5 19 31 24 23 7
5 19 31 24 14 7
5 19 4 6 14 23
5 19 4 6 21 23
5 19 4 6 14 25
5 19 4 6 21 25
5 19 24 32 22 23
5 19 22 21 1 25
5 19 24 32 14 1
5 19 24 32 22 1
5 19 22 21 23 12
5 19 6 21 23 12
5 19 6 22 23 12
5 19 31 32 14 23
5 19 31 24 32 23
5 19 31 24 32 14
5 19 22 21 1 23
5 19 4 14 1 23
5 19 4 21 1 23
5 19 4 14 1 25
5 19 4 21 1 25
5 19 32 14 1 23
5 19 32 22 1 23
5 30 31 15 0 26
5 30 0 26 16 18
5 30 15 26 16 18
5 30 15 0 26 18
5 30 6 0 26 16
5 30 31 6 26 16
5 30 31 6 0 26
5 30 31 27 26 16
5 30 31 27 15 26
5 30 31 15 0 7
5 30 0 16 7 18
5 30 15 0 7 18
5 30 6 0 16 7
5 30 31 6 16 7
5 30 31 6 0 7
5 30 29 15 26 16
5 30 29 27 26 16
5 30 29 27 15 26
5 30 29 31 27 16
5 30 29 31 27 15
5 30 31 32 15 7
5 30 9 16 7 18
5 30 15 9 7 18
5 30 15 9 16 18
5 30 29 31 32 15
5 30 31 14 16 7
5 30 31 32 14 7
5 30 9 16 7 8
5 30 15 9 7 8
5 30 15 9 16 8
5 30 29 15 17 16
5 30 29 31 17 16
5 30 29 31 32 17
5 30 17 16 7 8
5 30 15 17 16 8
5 30 14 17 16 7
5 30 32 14 17 7
5 30 32 17 7 8
5 30 32 15 7 8
5 30 31 14 17 16
5 30 31 32 14 17
5 30 29 15 1 17
5 30 29 32 1 17
5 30 29 32 15 1
5 30 15 1 17 8
5 30 32 1 17 8
5 30 32 15 1 8
