335
5 31 11 1 22 27
5 31 32 11 1 27
5 31 32 11 1 22
5 31 16 9 1 27
5 31 16 32 1 27
5 3 31 21 28 22
5 3 31 28 22 27
5 3 31 11 22 27
5 3 31 32 11 22
5 3 11 1 22 27
5 3 31 32 28 27
5 3 31 32 11 27
5 30 31 21 28 22
5 30 3 31 21 22
5 24 3 11 28 27
5 24 32 26 11 27
5 24 12 32 26 11
5 24 32 11 1 27
5 24 12 11 1 27
5 24 12 32 11 1
5 23 24 3 6 11
5 23 3 21 6 28
5 23 24 3 11 28
5 23 24 3 6 28
5 23 32 26 11 27
5 23 3 32 11 27
5 23 3 11 28 27
5 23 24 11 28 27
5 23 24 26 28 27
5 23 24 26 11 27
5 4 30 21 9 25
5 8 30 31 21 9
5 8 30 3 31 21
5 8 3 31 32 28
5 8 3 31 21 28
5 8 3 31 32 22
5 8 3 32 11 22
5 14 4 30 21 6
5 14 3 12 11 22
5 2 12 1 22 0
5 2 30 1 22 0
5 2 16 12 1 0
5 2 8 30 31 22
5 2 16 12 32 1
5 2 16 9 1 0
5 2 30 9 1 0
5 2 32 11 1 22
5 2 12 11 1 22
5 2 12 32 11 1
5 2 31 32 1 22
5 2 8 31 32 22
5 2 31 9 1 22
5 2 30 9 1 22
5 2 30 31 9 22
5 2 8 30 31 9
5 2 31 16 32 1
5 2 31 16 9 1
5 2 14 12 11 22
5 2 8 32 11 22
5 2 12 32 26 11
5 2 8 32 26 11
5 29 24 26 28 27
5 29 23 24 26 28
5 29 23 24 6 28
5 29 16 32 26 27
5 29 24 32 26 27
5 29 16 32 1 27
5 29 24 32 1 27
5 29 16 12 1 0
5 29 24 12 32 26
5 29 2 16 12 0
5 29 16 12 32 1
5 29 24 12 32 1
5 29 2 12 32 26
5 29 2 16 32 26
5 29 2 16 12 32
5 10 29 23 24 6
5 10 29 23 24 26
5 10 2 8 26 11
5 10 2 12 26 11
5 10 29 24 12 6
5 10 29 24 12 26
5 10 23 24 6 11
5 10 23 24 26 11
5 10 23 3 21 6
5 10 14 3 21 6
5 10 24 12 6 11
5 10 24 12 26 11
5 10 23 3 6 11
5 10 14 3 6 11
5 5 31 21 9 25
5 5 8 31 21 9
5 5 4 21 9 25
5 5 31 21 28 25
5 5 8 31 21 28
5 5 4 30 21 9
5 5 8 30 21 9
5 5 8 4 30 21
5 5 31 9 25 27
5 5 8 31 32 28
5 5 16 9 25 27
5 5 31 28 25 27
5 5 31 32 28 27
5 5 31 16 9 27
5 5 31 16 32 27
5 5 8 32 28 27
5 13 2 12 22 0
5 13 2 30 22 0
5 13 2 14 12 22
5 13 2 14 30 22
5 13 14 4 30 6
5 13 29 12 6 0
5 13 10 29 6 0
5 13 10 29 12 6
5 13 29 2 12 0
5 13 14 12 6 11
5 13 10 12 6 11
5 13 10 14 6 11
5 13 2 14 12 11
5 13 10 2 12 11
5 13 14 4 30 21
5 13 10 29 26 0
5 13 29 2 12 26
5 13 10 2 12 26
5 13 10 29 12 26
5 13 14 4 21 6
5 13 10 4 21 6
5 13 10 14 21 6
5 15 5 4 9 25
5 15 5 16 9 25
5 15 13 4 6 0
5 15 13 10 6 0
5 15 10 29 6 0
5 15 10 29 26 0
5 17 2 8 30 9
5 17 5 8 4 30
5 17 2 8 31 9
5 17 2 31 16 32
5 17 2 8 31 32
5 17 8 16 32 26
5 17 2 16 32 26
5 17 2 8 32 26
5 17 10 2 8 26
5 17 13 10 2 26
5 17 15 10 26 0
5 17 13 10 26 0
5 17 29 2 16 0
5 17 29 2 16 26
5 17 13 29 26 0
5 17 13 29 2 0
5 17 13 29 2 26
5 17 15 29 26 0
5 17 15 29 16 0
5 17 15 29 16 26
5 19 13 14 30 21
5 19 13 10 14 21
5 19 14 30 3 21
5 19 10 14 3 21
5 19 13 4 30 21
5 19 13 10 4 21
5 19 8 30 3 21
5 19 10 14 3 11
5 19 8 4 30 21
5 19 13 2 14 30
5 19 13 10 14 11
5 19 10 23 3 21
5 19 14 3 11 22
5 19 14 30 3 22
5 19 17 8 4 30
5 19 2 8 30 22
5 19 2 14 30 22
5 19 17 2 8 30
5 19 13 2 14 11
5 19 10 2 8 11
5 19 13 10 2 11
5 19 8 3 21 28
5 19 10 23 3 11
5 19 8 3 11 22
5 19 5 8 4 21
5 19 17 5 8 4
5 19 17 10 2 8
5 19 17 13 10 2
5 19 2 8 11 22
5 19 2 14 11 22
5 19 8 3 32 28
5 19 23 3 32 11
5 19 8 3 32 11
5 19 10 23 26 11
5 19 10 8 26 11
5 19 30 3 31 22
5 19 8 3 31 22
5 19 8 30 31 22
5 19 8 30 3 31
5 19 3 32 28 27
5 19 23 3 28 27
5 19 23 3 32 27
5 19 23 32 26 11
5 19 8 32 26 11
5 19 17 10 8 26
5 7 15 4 30 9
5 7 13 4 30 0
5 7 15 4 30 0
5 7 15 13 4 0
5 7 13 2 30 0
5 7 17 4 30 9
5 7 17 2 30 9
5 7 19 13 4 30
5 7 19 17 4 30
5 7 19 13 2 30
5 7 19 17 2 30
5 7 19 17 13 2
5 7 2 30 9 0
5 7 15 30 9 0
5 7 17 13 2 0
5 7 19 13 10 4
5 7 19 17 10 4
5 7 19 17 13 10
5 7 2 16 9 0
5 7 15 16 9 0
5 7 15 5 4 9
5 7 17 2 16 9
5 7 17 2 16 0
5 7 17 15 16 0
5 7 15 13 10 0
5 7 17 13 10 0
5 7 17 15 10 0
5 7 13 10 4 6
5 7 15 10 4 6
5 7 15 13 4 6
5 7 15 13 10 6
5 18 5 8 30 9
5 18 17 8 30 9
5 18 17 5 8 30
5 18 5 4 30 9
5 18 17 4 30 9
5 18 17 5 4 30
5 18 5 8 31 9
5 18 17 8 31 9
5 18 7 5 4 9
5 18 7 17 4 9
5 18 5 31 16 9
5 18 7 15 5 9
5 18 7 15 5 4
5 18 7 17 15 4
5 18 2 31 16 9
5 18 17 2 16 9
5 18 17 2 31 9
5 18 17 2 31 16
5 18 15 5 16 9
5 18 5 31 16 32
5 18 5 8 31 32
5 18 17 31 16 32
5 18 17 8 16 32
5 18 17 8 31 32
5 18 17 8 16 26
5 18 7 15 16 9
5 18 7 17 16 9
5 18 7 17 15 16
5 18 19 17 5 8
5 20 19 10 4 21
5 20 4 21 6 25
5 20 10 4 21 6
5 20 5 4 21 25
5 20 19 5 4 21
5 20 19 10 23 21
5 20 19 17 10 4
5 20 10 23 21 6
5 20 15 4 6 25
5 20 15 10 4 6
5 20 19 5 8 21
5 20 19 17 5 4
5 20 21 6 28 25
5 20 23 21 6 28
5 20 10 29 23 6
5 20 15 29 6 25
5 20 15 10 29 6
5 20 5 21 28 25
5 20 5 8 21 28
5 20 19 8 21 28
5 20 18 17 5 4
5 20 18 19 17 5
5 20 23 3 21 28
5 20 19 3 21 28
5 20 19 23 3 28
5 20 19 23 3 21
5 20 19 10 23 26
5 20 18 17 15 4
5 20 19 17 10 26
5 20 29 6 28 25
5 20 29 23 6 28
5 20 10 29 23 26
5 20 15 10 29 26
5 20 15 5 4 25
5 20 18 15 5 4
5 20 19 23 28 27
5 20 7 15 10 4
5 20 7 17 10 4
5 20 7 17 15 4
5 20 7 17 15 10
5 20 17 15 10 26
5 20 19 17 8 26
5 20 18 17 8 26
5 20 18 19 17 8
5 20 29 23 26 28
5 20 19 23 32 26
5 20 19 8 32 26
5 20 18 19 5 8
5 20 23 26 28 27
5 20 8 32 28 27
5 20 19 32 28 27
5 20 19 8 32 28
5 20 19 23 32 27
5 20 5 28 25 27
5 20 17 15 16 26
5 20 18 17 16 26
5 20 18 17 15 16
5 20 29 28 25 27
5 20 29 26 28 27
5 20 15 29 16 25
5 20 15 5 16 25
5 20 15 29 16 26
5 20 18 15 5 16
5 20 5 8 28 27
5 20 23 32 26 27
5 20 18 8 16 26
5 20 29 16 25 27
5 20 5 16 25 27
5 20 29 16 26 27
5 20 5 8 32 27
5 20 8 16 32 26
5 20 18 8 16 32
5 20 18 5 16 32
5 20 18 5 8 32
5 20 16 32 26 27
5 20 5 16 32 27
