321
5 24 30 29 20 7
5 14 24 30 29 20
5 14 2 30 29 20
5 14 1 24 15 20
5 13 0 6 29 7
5 31 6 29 8 7
5 31 27 6 8 7
5 31 0 11 30 29
5 31 5 2 28 15
5 31 14 5 11 15
5 23 5 2 15 22
5 23 5 2 28 15
5 23 27 2 15 22
5 23 27 2 28 15
5 23 5 15 4 22
5 23 5 28 15 4
5 23 27 15 22 8
5 23 27 28 22 8
5 23 27 28 15 8
5 23 15 4 22 8
5 23 28 15 4 8
5 23 5 28 11 32
5 19 1 5 11 32
5 19 14 1 5 11
5 19 23 5 28 32
5 19 1 5 15 4
5 19 14 1 5 15
5 19 5 28 11 32
5 19 31 5 28 11
5 19 31 14 11 29
5 19 31 14 5 11
5 16 0 11 30 29
5 16 24 30 29 7
5 16 14 24 30 29
5 16 13 29 12 7
5 16 14 11 30 29
5 16 0 11 30 32
5 16 24 29 12 7
5 16 14 24 29 12
5 16 13 24 12 7
5 16 31 0 11 29
5 16 14 24 30 20
5 16 14 1 24 12
5 16 14 1 24 20
5 9 31 28 4 8
5 9 13 6 4 8
5 9 6 4 29 8
5 9 31 4 29 8
5 9 31 6 29 8
5 9 31 0 6 29
5 9 13 6 4 29
5 9 13 0 6 29
5 9 23 4 22 8
5 9 23 28 22 8
5 9 23 28 4 8
5 9 23 0 28 22
5 9 23 0 22 32
5 9 23 5 28 4
5 9 19 5 28 4
5 9 23 5 22 32
5 9 19 5 22 32
5 9 19 23 5 32
5 9 23 5 4 22
5 10 31 27 29 7
5 10 24 29 20 7
5 10 30 29 20 7
5 10 27 30 20 7
5 10 27 30 29 7
5 10 31 14 15 29
5 10 27 2 15 20
5 10 14 24 29 20
5 10 2 30 29 20
5 10 27 2 30 20
5 10 14 2 29 20
5 10 31 14 2 29
5 10 14 2 15 20
5 10 31 14 2 15
5 10 31 2 30 29
5 10 31 27 30 29
5 10 31 27 2 30
5 10 27 2 28 15
5 10 31 2 28 15
5 10 31 27 2 28
5 26 31 27 8 7
5 26 10 24 15 20
5 26 27 6 8 7
5 26 1 24 15 20
5 26 10 27 20 7
5 26 1 15 4 8
5 26 10 24 20 7
5 26 24 6 12 7
5 17 31 27 2 30
5 17 31 27 2 28
5 17 23 0 28 22
5 17 27 2 30 22
5 17 27 28 22 8
5 17 31 0 11 30
5 17 0 6 30 7
5 17 27 6 30 7
5 17 31 0 30 29
5 17 27 30 29 7
5 17 31 27 29 7
5 17 31 27 30 29
5 17 31 27 6 7
5 17 9 31 0 6
5 17 9 31 0 28
5 17 31 27 6 8
5 17 31 27 28 8
5 17 23 27 28 22
5 17 23 27 2 22
5 17 23 27 2 28
5 17 9 28 22 8
5 17 9 0 22 8
5 17 9 0 28 22
5 17 0 6 22 8
5 17 27 6 22 8
5 17 27 0 6 22
5 17 16 30 29 7
5 17 16 0 30 29
5 17 0 6 29 7
5 17 31 6 29 7
5 17 31 0 6 29
5 17 9 0 6 8
5 17 9 31 6 8
5 17 9 31 28 8
5 17 13 0 29 7
5 17 16 13 29 7
5 17 16 13 0 29
5 17 13 0 30 7
5 17 16 13 30 7
5 17 16 13 0 30
5 3 31 5 28 11
5 3 31 5 2 28
5 3 23 5 28 11
5 3 23 5 2 28
5 3 31 28 11 32
5 3 31 5 11 15
5 3 31 5 2 15
5 3 23 28 11 32
5 3 23 5 11 32
5 3 17 31 2 28
5 3 31 14 11 15
5 3 31 14 2 15
5 3 17 23 2 28
5 3 1 5 11 32
5 3 23 5 22 32
5 3 23 5 2 22
5 3 31 0 11 32
5 3 17 31 0 11
5 3 17 31 11 30
5 3 17 31 2 30
5 3 31 0 28 32
5 3 17 31 0 28
5 3 14 2 15 20
5 3 14 5 11 15
5 3 1 2 15 20
5 3 1 5 2 15
5 3 31 14 11 29
5 3 31 14 2 29
5 3 23 0 28 32
5 3 17 23 0 28
5 3 17 23 2 22
5 3 0 11 30 32
5 3 17 0 11 30
5 3 2 30 22 32
5 3 17 2 30 22
5 3 31 11 30 29
5 3 31 2 30 29
5 3 16 14 11 20
5 3 14 1 15 20
5 3 14 1 5 15
5 3 14 1 11 20
5 3 14 1 5 11
5 3 14 11 30 29
5 3 14 2 30 29
5 3 23 0 22 32
5 3 17 23 0 22
5 3 0 30 22 32
5 3 17 0 30 22
5 3 14 2 30 20
5 3 16 14 30 20
5 3 16 14 11 30
5 25 14 24 29 12
5 25 14 1 24 12
5 25 16 14 29 12
5 25 9 13 4 29
5 25 13 6 4 29
5 25 26 6 12 7
5 25 24 29 12 7
5 25 26 24 12 7
5 25 26 1 4 8
5 25 16 13 29 12
5 25 13 1 12 32
5 25 13 29 12 7
5 25 13 6 12 7
5 25 13 6 29 7
5 25 13 6 4 8
5 18 5 28 15 4
5 18 19 5 15 4
5 18 19 5 28 4
5 18 31 5 28 15
5 18 19 31 5 28
5 18 31 14 5 15
5 18 19 14 5 15
5 18 19 31 14 5
5 18 28 15 4 8
5 18 26 15 4 8
5 18 31 28 4 8
5 18 31 14 15 29
5 18 19 31 14 29
5 18 27 28 15 8
5 18 26 27 15 8
5 18 31 4 29 8
5 18 10 31 15 29
5 18 31 27 28 8
5 18 26 31 27 8
5 18 10 27 28 15
5 18 10 31 28 15
5 18 10 31 27 28
5 18 26 10 27 15
5 18 19 1 15 4
5 18 25 26 4 8
5 18 26 1 15 4
5 18 25 26 1 4
5 18 31 29 8 7
5 18 26 31 8 7
5 18 26 10 24 15
5 18 10 31 29 7
5 18 10 31 27 7
5 18 26 31 27 7
5 18 26 10 27 7
5 18 25 14 24 29
5 18 19 14 1 15
5 18 6 4 29 8
5 18 25 6 4 8
5 18 25 6 4 29
5 18 25 26 6 8
5 18 25 24 29 7
5 18 25 26 24 7
5 18 26 1 24 15
5 18 25 26 1 24
5 18 6 29 8 7
5 18 26 6 8 7
5 18 10 14 15 29
5 18 10 14 24 29
5 18 10 24 29 7
5 18 26 10 24 7
5 18 14 1 24 15
5 18 25 14 1 24
5 18 25 6 29 7
5 18 25 26 6 7
5 18 14 24 15 20
5 18 10 24 15 20
5 18 10 14 15 20
5 18 10 14 24 20
5 21 18 19 1 4
5 21 18 25 1 4
5 21 9 19 1 4
5 21 18 25 4 29
5 21 18 19 14 1
5 21 18 25 14 1
5 21 9 1 4 32
5 21 25 9 4 29
5 21 9 19 1 32
5 21 18 19 14 29
5 21 18 25 14 29
5 21 19 14 1 11
5 21 13 1 4 32
5 21 25 13 1 32
5 21 25 13 1 4
5 21 9 13 4 32
5 21 25 9 13 4
5 21 19 1 11 32
5 21 9 31 4 29
5 21 18 31 4 29
5 21 18 19 31 29
5 21 9 19 28 4
5 21 18 19 28 4
5 21 25 16 14 29
5 21 16 14 1 11
5 21 16 1 11 32
5 21 9 31 28 4
5 21 18 31 28 4
5 21 18 19 31 28
5 21 19 14 11 29
5 21 16 14 11 29
5 21 16 14 1 12
5 21 25 14 1 12
5 21 25 16 14 12
5 21 16 13 0 32
5 21 9 13 0 32
5 21 16 13 12 32
5 21 25 13 12 32
5 21 25 16 13 12
5 21 25 16 13 29
5 21 25 9 13 29
5 21 19 31 11 29
5 21 9 31 0 29
5 21 16 1 12 32
5 21 25 1 12 32
5 21 16 13 0 29
5 21 9 13 0 29
5 21 16 31 11 29
5 21 31 28 11 32
5 21 19 28 11 32
5 21 19 31 28 11
5 21 16 31 0 29
5 21 31 0 28 32
5 21 9 31 0 28
5 21 19 23 28 32
5 21 9 19 23 32
5 21 31 0 11 32
5 21 16 0 11 32
5 21 16 31 0 11
5 21 23 0 28 32
5 21 9 23 0 32
5 21 9 23 0 28
5 21 19 23 5 28
5 21 9 23 5 28
5 21 9 19 5 28
5 21 9 19 23 5
