330
5 15 23 20 24 14
5 22 15 19 4 8
5 25 32 24 14 27
5 7 22 15 4 32
5 31 22 15 19 3
5 31 22 19 4 32
5 31 22 15 4 32
5 31 22 15 19 4
5 21 15 19 4 8
5 21 31 15 19 4
5 21 7 15 14 8
5 21 15 20 14 8
5 21 15 20 24 14
5 21 32 24 14 27
5 21 31 6 3 27
5 21 6 15 23 24
5 21 31 19 3 27
5 21 31 15 19 3
5 21 7 15 4 8
5 21 7 15 4 32
5 21 31 15 4 32
5 21 7 15 32 14
5 21 25 23 24 27
5 5 22 15 19 8
5 5 22 19 4 8
5 13 25 23 24 14
5 13 23 20 24 14
5 13 25 6 24 17
5 13 5 7 20 17
5 13 15 23 20 24
5 13 5 22 20 29
5 2 31 19 3 27
5 2 21 31 32 27
5 2 21 31 4 32
5 2 31 19 4 32
5 2 21 31 19 27
5 2 21 31 19 4
5 2 7 4 32 0
5 2 21 7 4 32
5 1 13 5 23 29
5 1 2 19 3 0
5 1 22 19 4 32
5 1 5 7 22 4
5 1 13 5 23 17
5 1 13 5 7 17
5 1 2 31 19 3
5 1 5 22 3 29
5 1 5 22 19 3
5 1 12 25 3 17
5 1 5 22 19 4
5 1 31 22 32 29
5 1 31 22 19 32
5 1 31 22 3 29
5 1 31 22 19 3
5 16 15 23 20 14
5 16 15 23 20 29
5 16 13 23 20 14
5 16 13 7 20 14
5 16 13 23 20 29
5 16 7 15 32 14
5 16 1 13 23 29
5 16 1 13 7 29
5 16 21 15 32 14
5 16 31 15 23 29
5 16 7 22 15 32
5 16 1 25 23 29
5 16 21 32 24 14
5 16 15 23 24 14
5 16 21 15 24 14
5 16 21 15 23 24
5 16 21 31 15 32
5 16 21 31 15 23
5 16 31 25 23 29
5 16 31 22 32 29
5 16 31 22 15 29
5 16 31 22 15 32
5 16 25 32 24 14
5 16 25 23 24 14
5 16 1 31 25 29
5 16 21 32 24 27
5 16 21 23 24 27
5 16 21 31 32 27
5 16 25 32 24 27
5 16 25 23 24 27
5 16 21 25 23 27
5 16 21 31 25 27
5 16 21 31 25 23
5 9 5 7 20 17
5 9 5 19 4 8
5 9 1 5 7 17
5 9 1 5 7 4
5 9 5 15 19 8
5 9 1 19 4 0
5 9 1 5 19 4
5 9 1 5 19 3
5 9 1 12 3 17
5 9 1 12 5 17
5 9 1 12 5 3
5 28 13 6 23 24
5 28 13 25 23 24
5 28 13 25 6 24
5 28 21 6 23 24
5 28 21 25 23 24
5 28 13 25 6 17
5 28 25 6 24 27
5 28 21 6 24 27
5 28 21 25 24 27
5 28 21 31 25 23
5 28 21 31 6 27
5 28 21 31 25 27
5 28 31 25 23 29
5 28 21 6 15 23
5 28 21 31 15 23
5 28 21 31 6 15
5 28 12 25 3 17
5 28 25 6 3 27
5 28 31 6 3 27
5 28 31 25 3 27
5 28 31 15 23 29
5 28 1 25 23 29
5 28 1 31 25 29
5 28 1 31 25 3
5 28 1 12 25 3
5 30 28 12 6 17
5 30 13 5 23 17
5 30 13 5 23 29
5 30 13 5 20 29
5 30 28 13 6 17
5 30 28 13 6 23
5 30 28 12 25 17
5 30 1 5 23 17
5 30 1 5 23 29
5 30 1 12 5 17
5 30 1 25 23 17
5 30 1 12 25 17
5 30 13 5 20 17
5 30 13 25 23 17
5 30 28 13 25 17
5 30 28 13 25 23
5 30 28 1 25 23
5 30 28 1 12 23
5 30 28 1 12 25
5 30 9 12 5 17
5 11 21 31 15 3
5 11 21 31 6 3
5 11 21 31 6 15
5 11 28 31 6 3
5 11 28 12 6 3
5 11 28 31 6 15
5 11 21 15 19 3
5 11 28 15 23 29
5 11 28 6 15 23
5 11 30 28 12 6
5 11 9 15 19 8
5 11 21 15 20 8
5 11 21 6 20 8
5 11 30 28 6 23
5 11 21 15 20 24
5 11 21 6 20 24
5 11 21 6 15 24
5 11 30 12 6 17
5 11 30 9 12 17
5 11 30 13 6 23
5 11 13 15 20 24
5 11 13 6 20 24
5 11 9 5 20 8
5 11 9 20 17 8
5 11 15 23 20 29
5 11 13 23 20 29
5 11 13 15 23 20
5 11 6 15 23 24
5 11 13 15 23 24
5 11 13 6 23 24
5 11 13 6 20 17
5 11 30 13 20 17
5 11 30 13 6 17
5 11 9 5 20 17
5 11 30 5 20 17
5 11 30 9 5 17
5 10 16 15 20 14
5 10 16 7 20 14
5 10 16 7 15 14
5 10 15 20 14 8
5 10 7 20 14 8
5 10 7 15 14 8
5 10 15 20 29 8
5 10 16 15 20 29
5 10 16 7 22 15
5 10 22 20 29 8
5 10 22 15 29 8
5 10 16 22 15 29
5 10 5 22 20 8
5 10 16 7 22 29
5 10 22 15 4 8
5 10 7 15 4 8
5 10 7 22 15 4
5 10 9 5 20 8
5 10 9 5 7 20
5 10 5 22 4 8
5 10 5 7 22 4
5 10 13 5 22 20
5 10 13 5 7 20
5 10 13 22 20 29
5 10 16 13 20 29
5 10 16 13 7 29
5 10 16 13 7 20
5 10 9 5 4 8
5 10 9 5 7 4
5 10 1 5 7 22
5 10 1 13 5 7
5 10 1 7 22 29
5 10 1 13 7 29
5 10 13 5 22 29
5 10 1 5 22 29
5 10 1 13 5 29
5 18 16 13 7 14
5 18 16 1 13 7
5 18 16 13 23 14
5 18 16 1 13 23
5 18 1 13 7 17
5 18 7 32 14 0
5 18 16 7 32 14
5 18 13 25 23 14
5 18 16 25 23 14
5 18 16 1 25 23
5 18 9 7 0 17
5 18 9 1 0 17
5 18 9 1 7 17
5 18 16 25 32 14
5 18 7 4 32 0
5 18 9 7 4 0
5 18 9 1 4 0
5 18 9 1 7 4
5 18 1 7 22 4
5 18 13 25 23 17
5 18 1 25 23 17
5 18 1 13 23 17
5 18 2 32 14 0
5 18 7 22 4 32
5 18 16 7 22 32
5 18 16 1 31 25
5 18 2 4 32 0
5 18 1 22 4 32
5 18 1 7 22 29
5 18 16 7 22 29
5 18 16 1 7 29
5 18 1 2 3 0
5 18 25 32 14 27
5 18 2 32 14 27
5 18 16 25 32 27
5 18 16 31 32 27
5 18 16 31 25 27
5 18 1 31 32 29
5 18 16 31 32 29
5 18 16 1 31 29
5 18 2 19 4 0
5 18 1 19 4 0
5 18 1 2 19 0
5 18 2 19 4 32
5 18 1 19 4 32
5 18 1 22 32 29
5 18 16 22 32 29
5 18 1 31 25 3
5 18 1 2 31 3
5 18 2 31 32 27
5 18 2 31 19 32
5 18 1 31 19 32
5 18 1 2 31 19
5 18 31 25 3 27
5 18 2 25 3 27
5 18 2 31 3 27
5 26 11 31 15 3
5 26 31 22 3 29
5 26 31 22 15 29
5 26 31 22 15 3
5 26 28 31 15 29
5 26 11 28 15 29
5 26 11 28 31 15
5 26 5 22 3 29
5 26 1 31 3 29
5 26 11 28 31 3
5 26 11 28 12 3
5 26 22 15 19 3
5 26 5 22 19 3
5 26 5 22 15 19
5 26 1 5 3 29
5 26 1 12 5 3
5 26 11 15 19 3
5 26 9 12 5 3
5 26 11 9 12 3
5 26 28 1 31 29
5 26 28 1 31 3
5 26 28 1 12 3
5 26 11 30 28 12
5 26 22 15 29 8
5 26 5 22 20 29
5 26 5 22 15 8
5 26 30 1 5 29
5 26 30 1 12 5
5 26 30 5 20 29
5 26 11 30 5 20
5 26 30 9 12 5
5 26 11 30 9 5
5 26 11 30 9 12
5 26 9 5 19 3
5 26 11 9 19 3
5 26 9 5 15 19
5 26 11 9 15 19
5 26 28 1 23 29
5 26 28 1 12 23
5 26 30 28 12 23
5 26 11 28 23 29
5 26 11 30 28 23
5 26 15 20 29 8
5 26 11 15 20 8
5 26 11 15 20 29
5 26 22 20 29 8
5 26 5 22 20 8
5 26 11 5 20 8
5 26 9 5 15 8
5 26 11 9 15 8
5 26 11 9 5 8
5 26 30 1 23 29
5 26 30 1 12 23
5 26 30 13 20 29
5 26 11 13 20 29
5 26 11 30 13 20
5 26 30 13 23 29
5 26 11 13 23 29
5 26 11 30 13 23
