233
5 19 17 12 1 13
5 11 17 4 13 23
5 11 3 4 13 23
5 11 3 17 13 23
5 11 17 4 12 13
5 11 19 4 12 13
5 11 19 17 12 13
5 11 19 17 12 1
5 6 3 4 10 23
5 6 3 4 10 0
5 21 11 3 17 9
5 21 11 3 4 23
5 21 11 3 4 9
5 21 17 4 12 23
5 21 11 17 4 23
5 21 11 17 4 12
5 21 11 17 12 1
5 5 21 20 17 9
5 15 6 3 10 0
5 15 6 3 14 0
5 15 21 20 14 9
5 15 5 21 20 9
5 15 5 3 14 9
5 25 21 11 17 9
5 25 11 19 17 1
5 25 21 11 17 1
5 25 11 19 4 12
5 25 21 11 4 12
5 25 21 11 4 9
5 25 11 19 12 1
5 25 21 11 12 1
5 7 6 4 12 23
5 7 3 4 9 0
5 7 6 3 4 0
5 7 3 14 9 0
5 7 6 3 14 0
5 7 6 3 14 9
5 7 25 4 9 0
5 7 25 4 9 12
5 7 25 14 9 0
5 7 15 6 14 12
5 7 25 19 4 0
5 7 25 19 4 12
5 7 19 4 13 0
5 7 19 4 12 13
5 8 21 20 9 1
5 8 21 20 14 9
5 8 15 20 14 9
5 8 15 5 20 9
5 8 15 5 14 9
5 8 25 19 12 1
5 8 7 25 14 9
5 8 15 19 14 0
5 8 14 12 1 0
5 8 19 12 1 0
5 8 7 25 19 12
5 8 7 14 12 0
5 8 7 19 12 0
5 8 25 19 14 0
5 8 7 25 14 0
5 8 7 25 19 0
5 24 19 17 1 13
5 24 25 19 17 1
5 24 8 25 19 1
5 24 15 5 20 10
5 24 8 19 1 0
5 24 8 15 19 0
5 24 8 15 5 20
5 24 5 20 17 9
5 24 8 5 20 9
5 24 8 15 14 0
5 24 8 15 14 1
5 24 21 20 17 1
5 24 25 21 17 1
5 24 8 20 9 1
5 24 8 25 9 1
5 24 21 20 9 1
5 24 25 21 9 1
5 24 21 20 17 9
5 24 25 21 17 9
5 16 11 19 17 13
5 16 25 11 19 17
5 16 25 11 17 9
5 16 11 19 4 13
5 16 25 11 19 4
5 16 24 19 17 13
5 16 24 25 19 17
5 16 3 4 13 0
5 16 11 3 4 13
5 16 3 4 9 0
5 16 11 3 4 9
5 16 19 4 13 0
5 16 25 19 4 0
5 16 25 19 14 0
5 16 24 8 25 19
5 16 25 4 9 0
5 16 25 11 4 9
5 16 25 14 9 0
5 16 24 8 5 9
5 16 24 8 25 9
5 16 24 15 19 0
5 16 24 8 15 19
5 16 24 8 15 5
5 16 15 19 14 0
5 16 8 25 19 14
5 16 8 5 14 9
5 16 8 25 14 9
5 16 8 15 19 14
5 16 8 15 5 14
5 22 5 17 10 23
5 22 5 20 10 23
5 22 6 3 10 23
5 22 6 20 10 23
5 22 15 5 3 10
5 22 15 5 20 10
5 22 11 3 17 23
5 22 21 11 17 23
5 22 21 11 3 23
5 22 21 11 3 17
5 22 21 20 17 23
5 22 5 20 17 23
5 22 5 21 20 17
5 22 15 6 3 10
5 22 15 6 20 10
5 22 15 5 21 20
5 22 15 5 3 9
5 22 15 5 21 9
5 22 15 6 3 14
5 22 15 21 20 14
5 22 21 3 14 9
5 22 15 3 14 9
5 22 15 21 14 9
5 22 21 3 4 23
5 18 8 21 14 9
5 18 8 7 14 9
5 18 7 6 14 9
5 18 8 7 14 12
5 18 6 3 14 9
5 18 21 3 14 9
5 18 7 6 3 9
5 18 7 4 9 12
5 18 8 21 9 1
5 18 7 25 9 12
5 18 8 7 25 12
5 18 8 7 25 9
5 18 8 21 20 14
5 18 22 6 3 14
5 18 22 21 3 14
5 18 21 3 4 9
5 18 7 3 4 9
5 18 7 6 14 12
5 18 25 4 9 12
5 18 25 21 4 12
5 18 25 21 4 9
5 18 25 21 12 1
5 18 25 21 9 1
5 18 8 25 12 1
5 18 8 25 9 1
5 18 8 21 20 1
5 18 22 21 20 14
5 18 8 15 20 14
5 18 22 21 3 4
5 18 7 6 3 4
5 18 7 6 12 23
5 18 21 4 12 23
5 18 22 21 4 23
5 18 7 4 12 23
5 18 20 17 12 1
5 18 21 17 12 1
5 18 21 20 17 1
5 18 22 21 20 23
5 18 15 6 14 12
5 18 15 14 12 1
5 18 8 14 12 1
5 18 8 15 14 1
5 18 6 3 4 23
5 18 22 3 4 23
5 18 22 6 3 23
5 18 7 6 4 23
5 18 22 6 20 23
5 18 22 15 20 14
5 18 22 15 6 14
5 18 22 15 6 20
5 18 20 17 12 23
5 18 21 17 12 23
5 18 21 20 17 23
5 18 24 15 20 1
5 18 24 8 20 1
5 18 24 8 15 1
5 18 24 8 15 20
5 2 16 24 17 13
5 2 3 17 13 23
5 2 16 3 13 0
5 2 11 3 17 13
5 2 16 11 17 13
5 2 16 11 3 13
5 2 22 5 17 10
5 2 22 5 3 10
5 2 16 24 15 5
5 2 24 5 17 9
5 2 16 24 5 9
5 2 3 4 10 23
5 2 3 4 13 23
5 2 22 17 10 23
5 2 22 3 10 23
5 2 22 3 17 23
5 2 3 4 10 0
5 2 3 4 13 0
5 2 15 3 10 0
5 2 15 5 3 10
5 2 16 15 14 0
5 2 16 15 5 14
5 2 22 5 3 9
5 2 11 3 17 9
5 2 16 11 17 9
5 2 16 11 3 9
5 2 24 25 17 9
5 2 16 25 17 9
5 2 16 24 25 9
5 2 16 24 25 17
5 2 15 3 14 0
5 2 15 5 3 14
5 2 3 14 9 0
5 2 16 14 9 0
5 2 16 3 9 0
5 2 5 3 14 9
5 2 16 5 14 9
5 2 21 3 17 9
5 2 22 21 3 9
5 2 22 21 3 17
5 2 5 21 17 9
5 2 22 5 21 9
5 2 22 5 21 17
