229
5 19 5 7 11 4
5 3 21 1 8 4
5 18 19 5 8 4
5 18 19 5 7 4
5 12 18 21 8 24
5 12 18 10 21 24
5 12 18 21 8 4
5 12 18 10 21 4
5 12 19 7 8 4
5 12 18 19 8 4
5 12 18 19 7 4
5 12 18 19 7 8
5 12 18 5 7 4
5 0 19 5 8 4
5 0 3 19 8 4
5 0 3 19 5 4
5 0 18 5 8 4
5 0 18 3 8 4
5 0 18 3 5 4
5 0 3 14 19 5
5 0 18 3 14 8
5 0 18 3 14 5
5 0 18 19 5 8
5 0 18 19 7 8
5 0 12 7 8 24
5 0 12 18 8 24
5 0 12 18 7 8
5 23 3 19 5 4
5 23 19 5 11 4
5 23 3 10 5 4
5 23 3 1 8 4
5 23 3 19 8 4
5 23 3 19 5 11
5 23 3 19 1 11
5 23 19 8 11 4
5 23 19 1 8 11
5 2 0 18 19 7
5 2 18 19 5 7
5 2 0 12 7 24
5 2 0 12 18 24
5 2 0 12 18 7
5 2 0 14 19 5
5 2 0 18 19 5
5 25 17 10 21 1
5 25 23 10 21 1
5 25 23 17 10 1
5 25 18 10 21 24
5 25 3 21 1 4
5 25 23 21 1 4
5 25 23 3 1 4
5 25 23 10 21 4
5 25 23 3 10 4
5 25 18 10 21 4
5 25 18 3 14 8
5 25 18 14 10 5
5 25 18 3 14 5
5 25 23 3 10 5
5 25 18 21 8 24
5 25 0 3 14 8
5 25 3 21 8 4
5 25 18 21 8 4
5 25 18 3 8 4
5 25 3 10 5 4
5 25 18 10 5 4
5 25 18 3 5 4
5 25 0 18 8 24
5 25 0 18 14 24
5 25 0 18 14 8
5 16 23 19 1 8
5 16 23 3 1 8
5 16 23 3 19 8
5 16 3 21 1 8
5 16 25 0 8 24
5 16 25 0 3 8
5 16 2 19 7 11
5 16 2 0 19 7
5 16 25 21 8 24
5 16 25 3 21 8
5 16 25 3 21 1
5 16 25 0 14 24
5 16 25 0 3 14
5 20 0 18 14 5
5 20 2 0 14 5
5 20 2 0 18 5
5 20 0 18 14 24
5 20 2 0 18 24
5 20 16 0 14 24
5 20 16 2 0 24
5 20 25 18 14 24
5 6 23 10 5 4
5 6 23 17 10 5
5 6 12 5 7 4
5 6 2 19 5 7
5 6 23 5 11 4
5 6 5 7 11 4
5 6 19 5 7 11
5 6 2 19 7 11
5 6 2 17 7 11
5 22 25 17 21 1
5 22 16 21 1 24
5 22 16 25 21 24
5 22 16 25 21 1
5 22 17 10 21 24
5 22 25 10 21 24
5 22 25 17 10 21
5 22 2 17 10 24
5 22 20 16 2 24
5 22 16 25 14 24
5 22 20 25 14 24
5 22 20 16 14 24
5 22 20 25 10 24
5 15 0 3 19 8
5 15 16 3 19 8
5 15 16 0 19 8
5 15 16 0 3 8
5 15 0 3 14 19
5 15 16 0 3 14
5 15 2 0 14 19
5 15 16 2 0 19
5 15 20 2 0 14
5 15 20 16 0 14
5 15 20 16 2 0
5 15 23 3 19 1
5 15 16 23 19 1
5 15 16 23 3 1
5 15 16 23 3 19
5 15 16 19 1 11
5 15 16 2 1 11
5 15 16 2 19 11
5 15 22 20 16 14
5 15 22 20 16 2
5 15 16 25 3 1
5 15 22 25 3 1
5 15 22 16 25 1
5 15 16 25 3 14
5 15 22 25 3 14
5 15 22 16 25 14
5 9 12 18 10 24
5 9 20 2 18 5
5 9 2 12 18 24
5 9 20 2 18 24
5 9 12 18 10 4
5 9 2 12 18 7
5 9 25 18 10 24
5 9 20 25 10 24
5 9 20 25 18 24
5 9 18 14 10 5
5 9 20 18 14 5
5 9 20 2 14 5
5 9 2 12 7 24
5 9 22 2 10 24
5 9 22 20 10 24
5 9 22 20 2 24
5 9 18 10 5 4
5 9 6 10 5 4
5 9 12 18 5 4
5 9 6 12 5 4
5 9 2 18 5 7
5 9 6 2 5 7
5 9 6 2 17 7
5 9 12 18 5 7
5 9 6 12 5 7
5 9 25 18 14 10
5 9 20 25 18 14
5 9 2 17 10 24
5 9 12 7 11 4
5 9 6 7 11 4
5 9 6 12 7 4
5 9 6 17 7 11
5 9 22 20 25 10
5 13 22 25 3 1
5 13 22 25 17 1
5 13 25 23 3 1
5 13 25 23 17 1
5 13 22 25 3 14
5 13 25 23 3 5
5 13 2 17 1 11
5 13 15 22 3 1
5 13 25 3 14 5
5 13 23 3 5 11
5 13 23 3 1 11
5 13 23 17 1 11
5 13 23 17 10 5
5 13 25 23 10 5
5 13 25 23 17 10
5 13 15 2 1 11
5 13 22 16 2 1
5 13 15 16 2 1
5 13 15 22 16 1
5 13 15 22 16 2
5 13 15 22 3 14
5 13 25 14 10 5
5 13 9 25 14 10
5 13 22 20 25 14
5 13 9 20 25 14
5 13 9 22 20 25
5 13 22 25 17 10
5 13 9 22 25 10
5 13 6 23 5 11
5 13 6 23 17 11
5 13 6 23 17 5
5 13 3 19 1 11
5 13 15 19 1 11
5 13 15 3 19 1
5 13 15 2 19 11
5 13 3 19 5 11
5 13 15 3 14 19
5 13 15 2 14 19
5 13 15 20 2 14
5 13 15 22 20 14
5 13 15 22 20 2
5 13 3 14 19 5
5 13 2 14 19 5
5 13 9 6 2 17
5 13 9 20 2 14
5 13 9 22 20 2
5 13 22 2 17 10
5 13 9 2 17 10
5 13 9 22 2 10
5 13 9 14 10 5
5 13 6 19 5 11
5 13 6 2 19 11
5 13 6 2 17 11
5 13 6 2 19 5
5 13 9 2 14 5
5 13 9 6 2 5
5 13 6 17 10 5
5 13 9 6 10 5
5 13 9 6 17 10
