206
5 5 3 12 15 14
5 5 3 21 24 14
5 5 3 12 21 14
5 19 5 12 15 14
5 19 1 4 12 0
5 19 5 4 12 0
5 19 5 1 4 12
5 19 5 3 12 15
5 19 5 1 3 15
5 19 5 1 3 12
5 2 5 1 4 24
5 2 5 1 4 12
5 2 5 1 3 24
5 16 3 12 15 14
5 16 19 12 15 14
5 16 12 0 18 14
5 16 5 0 18 14
5 16 19 5 18 14
5 16 19 5 0 18
5 16 5 12 0 14
5 16 19 5 12 14
5 16 19 5 12 0
5 7 16 19 18 14
5 7 16 19 15 14
5 7 19 5 18 14
5 7 19 5 15 14
5 7 16 19 10 18
5 7 16 19 10 15
5 7 10 9 18 14
5 7 16 9 18 14
5 7 16 10 9 18
5 7 16 9 15 14
5 7 3 9 15 14
5 7 5 3 24 14
5 7 5 3 15 14
5 7 3 21 24 14
5 7 3 9 21 14
5 7 25 3 9 15
5 7 25 9 21 24
5 7 25 3 21 24
5 7 25 3 9 21
5 22 7 19 10 4
5 22 7 5 4 24
5 22 7 25 9 24
5 22 7 10 9 15
5 22 7 25 9 15
5 22 25 9 21 24
5 22 2 25 21 24
5 11 25 3 9 21
5 11 5 3 12 21
5 11 2 5 12 21
5 11 5 1 3 12
5 11 2 5 1 12
5 11 2 5 1 3
5 11 9 12 21 14
5 11 3 12 21 14
5 11 3 9 21 14
5 11 25 3 21 24
5 11 2 25 21 24
5 11 5 3 21 24
5 11 2 5 21 24
5 11 2 5 3 24
5 20 19 5 1 15
5 20 19 5 1 4
5 20 5 1 3 15
5 20 5 1 4 24
5 20 22 5 4 24
5 20 7 19 5 15
5 20 7 19 5 4
5 20 22 7 5 4
5 20 22 7 19 4
5 20 5 1 3 24
5 20 2 1 4 24
5 20 22 2 4 24
5 20 22 2 1 4
5 20 22 7 5 24
5 20 7 19 10 15
5 20 22 7 10 15
5 20 22 7 19 10
5 20 7 5 3 24
5 20 7 5 3 15
5 20 22 2 25 24
5 20 22 2 25 1
5 20 22 7 25 24
5 20 22 7 25 15
5 20 7 25 3 24
5 20 7 25 3 15
5 20 2 1 3 24
5 20 11 25 3 24
5 20 11 2 3 24
5 20 11 2 25 24
5 20 11 25 1 3
5 20 11 2 1 3
5 20 11 2 25 1
5 13 16 19 12 0
5 13 19 10 4 0
5 13 19 10 0 18
5 13 16 19 0 18
5 13 16 19 10 18
5 17 20 22 25 15
5 17 20 22 25 1
5 17 22 2 25 1
5 17 20 1 3 15
5 17 20 25 3 15
5 17 20 25 1 3
5 17 11 25 3 15
5 17 11 25 1 3
5 17 20 19 1 15
5 17 20 22 1 4
5 17 13 19 10 15
5 17 11 1 3 12
5 17 20 19 1 4
5 17 20 19 10 15
5 17 20 22 10 15
5 17 20 22 19 10
5 17 20 22 19 4
5 17 22 19 10 4
5 17 13 19 10 4
5 17 19 3 12 15
5 17 19 1 3 15
5 17 19 1 3 12
5 17 16 19 12 15
5 17 13 16 19 15
5 17 13 16 19 12
5 17 19 1 12 0
5 17 13 1 12 0
5 17 13 19 12 0
5 17 19 1 4 0
5 17 13 1 4 0
5 17 13 19 4 0
5 23 16 10 9 18
5 23 13 16 10 18
5 23 16 12 18 14
5 23 16 9 18 14
5 23 7 10 9 15
5 23 7 16 9 15
5 23 7 16 10 15
5 23 7 16 10 9
5 23 17 13 10 15
5 23 16 19 10 15
5 23 13 19 10 15
5 23 13 16 19 15
5 23 13 16 19 10
5 23 16 3 12 14
5 23 11 3 12 14
5 23 11 3 9 14
5 23 3 9 15 14
5 23 16 9 15 14
5 23 16 3 15 14
5 6 22 2 25 21
5 6 22 25 9 21
5 6 17 22 2 25
5 6 11 2 25 21
5 6 11 25 9 21
5 6 11 2 25 1
5 6 17 2 25 1
5 6 17 11 25 1
5 6 17 11 25 15
5 6 11 9 12 21
5 6 11 25 3 15
5 6 11 9 12 14
5 6 23 11 12 14
5 6 23 11 9 14
5 6 17 11 1 12
5 6 17 13 1 12
5 6 17 13 16 12
5 6 23 13 16 12
5 6 23 11 3 12
5 6 17 3 12 15
5 6 17 11 3 15
5 6 17 11 3 12
5 6 17 16 12 15
5 6 13 1 12 0
5 8 6 22 25 9
5 8 6 17 22 25
5 8 22 25 9 15
5 8 17 22 25 15
5 8 6 17 25 15
5 8 22 10 9 15
5 8 17 22 10 15
5 8 25 3 9 15
5 8 6 25 3 15
5 8 17 13 22 10
5 8 23 10 9 15
5 8 23 17 10 15
5 8 23 3 9 15
5 8 11 25 3 9
5 8 6 11 25 9
5 8 6 11 25 3
5 8 6 17 16 15
5 8 23 17 13 10
5 8 23 16 3 15
5 8 23 11 3 9
5 8 6 23 11 9
5 8 6 23 11 3
5 8 17 13 16 15
5 8 23 13 16 15
5 8 23 17 13 15
5 8 6 17 13 16
5 8 6 23 13 16
5 8 16 3 12 15
5 8 6 3 12 15
5 8 6 16 12 15
5 8 23 16 3 12
5 8 6 23 3 12
5 8 6 23 16 12
