322
5 30 19 27 26 21
5 28 0 19 26 21
5 14 8 25 27 21
5 14 30 8 27 21
5 14 30 19 27 21
5 14 5 8 25 21
5 14 23 30 0 19
5 14 23 28 30 22
5 14 28 0 19 21
5 14 28 30 19 21
5 14 28 30 0 19
5 14 23 28 30 0
5 1 31 19 27 26
5 1 14 30 8 27
5 13 14 5 8 25
5 13 14 23 5 25
5 13 14 23 30 22
5 13 1 14 30 8
5 16 1 31 30 19
5 16 31 19 27 26
5 16 32 31 26 3
5 16 1 31 19 27
5 16 1 30 19 27
5 15 32 5 22 3
5 15 13 5 22 3
5 15 13 5 8 3
5 15 32 5 26 3
5 15 28 32 5 22
5 15 14 5 8 21
5 15 13 14 5 8
5 15 28 5 26 21
5 15 28 32 5 26
5 15 13 23 5 22
5 15 13 14 23 22
5 15 13 14 23 5
5 15 28 5 25 21
5 15 14 5 25 21
5 15 23 28 5 22
5 15 14 23 28 22
5 12 28 0 19 26
5 12 28 30 0 19
5 12 23 28 30 0
5 12 23 28 30 22
5 2 14 23 0 19
5 2 14 23 28 0
5 2 14 28 0 21
5 2 14 23 5 25
5 2 15 28 25 21
5 2 15 14 25 21
5 2 15 14 28 21
5 2 15 28 5 25
5 2 15 14 5 25
5 2 15 23 28 5
5 2 15 14 23 5
5 2 15 14 23 28
5 6 14 8 25 27
5 6 1 14 8 27
5 6 5 8 25 3
5 6 13 5 8 3
5 6 13 5 8 25
5 6 1 31 8 3
5 6 13 31 8 3
5 6 13 1 31 8
5 6 16 1 30 27
5 6 13 23 5 25
5 6 13 14 8 25
5 6 13 14 23 25
5 6 13 1 14 8
5 6 1 14 30 27
5 6 16 30 19 27
5 6 13 14 23 30
5 6 13 1 14 30
5 6 14 30 19 27
5 6 14 23 19 27
5 6 14 23 30 19
5 9 1 30 8 27
5 9 13 1 30 8
5 9 30 27 26 21
5 9 30 8 27 21
5 9 13 1 31 8
5 9 15 28 32 26
5 9 15 28 32 22
5 9 15 28 26 21
5 9 14 30 8 21
5 9 15 14 8 21
5 9 13 14 30 22
5 9 15 13 14 22
5 9 13 14 30 8
5 9 15 13 14 8
5 9 12 28 30 22
5 9 12 28 32 22
5 9 1 31 30 19
5 9 30 19 26 21
5 9 28 19 26 21
5 9 28 30 19 21
5 9 14 28 30 21
5 9 14 28 30 22
5 9 15 14 28 21
5 9 15 14 28 22
5 9 12 28 19 26
5 9 12 28 32 26
5 9 12 28 30 19
5 29 11 5 26 3
5 29 2 28 5 25
5 29 32 5 26 3
5 29 28 32 5 26
5 29 11 32 26 3
5 29 11 28 32 26
5 29 2 23 5 25
5 29 2 23 28 5
5 29 32 5 22 3
5 29 28 32 5 22
5 29 23 28 5 22
5 29 11 5 25 3
5 29 12 28 32 22
5 17 11 28 32 26
5 17 12 28 32 26
5 17 11 28 0 26
5 17 12 28 0 26
5 17 12 11 28 0
5 17 29 11 28 32
5 17 29 12 28 32
5 17 29 12 11 28
5 17 11 32 26 3
5 17 12 0 19 26
5 7 12 30 0 19
5 7 6 16 30 19
5 7 13 23 30 22
5 7 6 13 23 30
5 7 9 13 30 22
5 7 9 13 31 22
5 7 6 13 1 30
5 7 6 13 1 31
5 7 16 1 31 30
5 7 6 16 1 30
5 7 6 16 1 31
5 7 9 1 31 30
5 7 9 13 1 30
5 7 9 13 1 31
5 4 9 13 31 22
5 4 9 13 31 8
5 4 9 15 32 22
5 4 9 12 31 22
5 4 9 12 32 22
5 4 13 31 22 3
5 4 13 31 8 3
5 4 15 32 22 3
5 4 32 31 26 3
5 4 9 15 13 22
5 4 9 15 13 8
5 4 9 15 32 26
5 4 9 1 31 8
5 4 15 13 22 3
5 4 15 13 8 3
5 4 15 32 26 3
5 4 15 8 26 21
5 4 9 15 26 21
5 4 9 15 8 21
5 4 9 12 19 26
5 4 9 12 32 26
5 4 9 1 8 27
5 4 1 31 19 26
5 4 9 1 31 19
5 4 8 27 26 21
5 4 9 27 26 21
5 4 9 8 27 21
5 4 1 19 27 26
5 4 30 19 27 26
5 4 9 30 27 26
5 4 9 30 19 26
5 4 1 30 19 27
5 4 9 1 30 27
5 4 9 1 30 19
5 20 7 16 0 19
5 20 7 6 16 19
5 20 2 23 0 19
5 20 23 30 0 19
5 20 7 30 0 19
5 20 6 23 30 19
5 20 7 6 30 19
5 20 7 6 23 30
5 20 12 23 30 0
5 20 7 12 30 0
5 20 7 12 23 30
5 20 2 23 28 0
5 20 7 6 23 25
5 20 2 11 28 0
5 20 12 23 28 0
5 20 29 2 23 28
5 20 12 11 28 0
5 20 29 2 11 28
5 20 29 2 23 25
5 20 29 2 11 25
5 20 29 11 25 3
5 24 6 16 31 3
5 24 7 6 16 3
5 24 7 6 16 31
5 24 7 9 31 22
5 24 9 12 31 22
5 24 9 12 30 22
5 24 7 12 30 22
5 24 7 9 30 22
5 24 7 12 16 30
5 24 4 31 22 3
5 24 4 32 22 3
5 24 4 32 31 3
5 24 4 12 31 22
5 24 4 12 32 22
5 24 13 31 22 3
5 24 6 13 31 3
5 24 7 13 31 22
5 24 7 6 13 31
5 24 7 16 31 30
5 24 7 9 31 30
5 24 12 16 31 30
5 24 9 12 31 30
5 10 29 23 5 22
5 10 13 23 5 22
5 10 7 13 23 22
5 10 13 5 22 3
5 10 6 13 23 5
5 10 7 6 13 23
5 10 29 5 22 3
5 10 24 7 12 22
5 10 12 23 28 22
5 10 29 23 28 22
5 10 29 12 28 22
5 10 12 23 30 22
5 10 7 23 30 22
5 10 7 12 30 22
5 10 7 12 23 30
5 10 20 7 12 23
5 10 29 23 5 25
5 10 20 29 23 25
5 10 20 7 23 25
5 10 24 13 22 3
5 10 24 7 13 22
5 10 6 13 5 3
5 10 6 23 5 25
5 10 7 6 23 25
5 10 29 32 22 3
5 10 24 32 22 3
5 10 29 12 32 22
5 10 24 12 32 22
5 10 24 20 7 12
5 10 24 7 11 3
5 10 20 12 23 28
5 10 20 29 23 28
5 10 29 5 25 3
5 10 20 29 25 3
5 10 20 29 11 3
5 10 20 7 11 3
5 10 24 6 13 3
5 10 24 7 6 3
5 10 24 7 6 13
5 10 6 5 25 3
5 10 29 11 32 3
5 10 17 29 12 32
5 10 24 17 12 32
5 10 24 20 12 11
5 10 24 20 7 11
5 10 29 12 11 28
5 10 20 12 11 28
5 10 20 29 11 28
5 10 20 6 25 3
5 10 20 7 6 3
5 10 20 7 6 25
5 10 17 11 32 3
5 10 24 17 32 3
5 10 24 17 11 3
5 10 17 29 11 32
5 10 17 29 12 11
5 10 24 17 12 11
5 18 24 17 12 32
5 18 24 4 12 32
5 18 17 12 32 26
5 18 4 12 32 26
5 18 24 17 32 3
5 18 24 4 32 31
5 18 24 12 16 31
5 18 24 4 12 31
5 18 16 32 26 3
5 18 17 32 26 3
5 18 16 32 31 26
5 18 4 32 31 26
5 18 17 12 19 26
5 18 4 12 19 26
5 18 16 32 31 3
5 18 24 32 31 3
5 18 24 16 31 3
5 18 24 17 11 3
5 18 17 12 0 19
5 18 24 7 12 16
5 18 16 31 19 26
5 18 4 31 19 26
5 18 17 0 19 26
5 18 7 11 16 3
5 18 24 7 16 3
5 18 24 7 11 3
5 18 7 16 0 19
5 18 7 12 0 19
5 18 20 7 16 0
5 18 20 7 12 0
5 18 24 20 7 12
5 18 20 11 16 0
5 18 17 12 11 0
5 18 20 12 11 0
5 18 24 17 12 11
5 18 24 20 12 11
5 18 16 31 30 19
5 18 12 16 31 30
5 18 4 9 31 19
5 18 4 9 12 19
5 18 4 9 12 31
5 18 20 7 11 16
5 18 24 20 7 11
5 18 7 16 30 19
5 18 7 12 30 19
5 18 7 12 16 30
5 18 9 31 30 19
5 18 9 12 30 19
5 18 9 12 31 30
