4
26
-3.62768 3.39872 -7.11853 -1.03199
-6.08623 3.27206 -1.74244 -4.92421
-1.20704 -0.690324 -8.8702 -9.07299
-3.10984 -4.22597 7.37176 3.79287
7.66704 -4.49977 7.47853 8.9596
-0.934621 -0 -6.16633 -8.40277
-4.74927 -0 -3.93015 3.53676
1.79305 -0 -9.18573 -7.87501
0.354328 -0 -6.98762 -0.905846
3.47839 -0 -6.55419 -2.87799
-3.24749 -0 -4.58955 -0.804198
-2.5325 -0 -8.3664 -9.72354
-8.6046 -0.514727 -0 -3.03018
4.76933 -2.72772 -0 -9.83908
-6.26387 -2.93401 -0 2.02455
-9.35774 8.41237 -0 1.97794
-7.7528 5.09103 -0 -0.877286
5.48958 -5.59554 -0 -5.9352
-1.79579 -8.35741 -0 2.51041
-7.64884 -1.85315 6.08543 -0
0.581547 -4.15903 8.72666 -0
-3.48563 6.0931 0.929302 -0
0.271031 9.75898 4.16184 -0
0.610202 1.56828 3.04726 -0
-2.61138 -3.27952 -7.61011 -0
4.37069 -4.85958 3.51194 -0
