4
26
8.46901 9.18062 4.23185 5.65311
-1.03557 3.78818 9.16582 0.38245
-0.191203 -7.94401 8.98324 0.410122
8.38516 8.46156 -0.789815 2.75636
5.44679 -7.1851 -5.38065 -4.62023
-5.71981 -0 9.04844 -9.76896
-6.79191 -0 -9.03483 4.78929
4.16947 -0 -6.25902 -5.57811
-5.73099 -0 -0.600813 -2.17942
2.64361 -0 -1.25833 3.09227
7.21383 -0 -9.16098 1.35562
7.59594 -0 1.89325 2.90984
5.6474 -0.931329 7.9499 -0
5.0638 9.37623 7.05532 -0
-4.10025 3.73544 0.176503 -0
0.226431 -0.281444 -1.66532 -0
1.37576 9.73457 -9.33399 -0
-1.74754 2.32483 -1.27601 -0
-9.8746 0.739812 -7.76874 -0
-3.47477 2.47955 -0 -0.181433
6.49841 -7.87429 -0 8.46198
0.500347 -5.68832 -0 -8.43085
-9.23246 -8.93855 -0 -0.976834
-4.75139 0.871374 -0 -0.636013
-4.46056 1.0897 -0 -9.89806
-1.39943 -9.07098 -0 -1.97267
