4
26
5.30922 -1.09889 -9.8789 4.22964
-2.84778 1.1506 3.39186 3.46975
6.4253 -2.66998 9.35582 -0.0289698
4.37276 4.81793 -3.44991 -2.2138
7.22568 -9.90656 2.64069 -7.32511
-0.430835 -0 3.48162 -6.68023
-9.4239 -0 4.64728 -3.41017
-8.82833 -0 -8.9652 -8.78505
1.28763 -0 7.77578 -7.9503
4.92498 -0 -5.70241 5.24211
-7.82709 -0 2.00141 7.37494
-4.04514 -0 3.07995 -0.329126
-3.47477 2.47955 -0 -0.181433
6.49841 -7.87429 -0 8.46198
0.500347 -5.68832 -0 -8.43085
-9.23246 -8.93855 -0 -0.976834
-4.75139 0.871374 -0 -0.636013
-4.46056 1.0897 -0 -9.89806
-1.39943 -9.07098 -0 -1.97267
-7.64884 -1.85315 6.08543 -0
0.581547 -4.15903 8.72666 -0
-3.48563 6.0931 0.929302 -0
0.271031 9.75898 4.16184 -0
0.610202 1.56828 3.04726 -0
-2.61138 -3.27952 -7.61011 -0
4.37069 -4.85958 3.51194 -0
