4
33
-5.82896 7.76593 8.25525 -8.39626
-1.60302 -1.79235 6.83666 0.403783
0.982009 7.38036 6.6059 -9.69272
1.27141 -2.97155 9.49676 -8.24133
-7.81979 5.7754 6.82831 -8.31463
-5.94228 -5.7563 4.22664 -0
8.02316 -6.33773 -4.80893 -0
-8.27622 4.77049 -4.23446 -0
-9.23757 0.32894 -6.72102 -0
-6.22686 -7.43231 5.96488 -0
-8.67606 2.66916 -4.91007 -0
0.955848 -7.98847 -1.53265 -0
-0 -8.69101 4.36046 0.58821
-0 -1.87056 -6.39022 9.57428
-0 6.45161 -9.7665 4.77309
-0 -0.803864 -4.0858 -4.56315
-0 2.41396 -0.635324 0.00973412
-0 -9.95843 2.03251 9.93618
-0 5.79714 4.31042 0.585891
-5.71981 -0 9.04844 -9.76896
-6.79191 -0 -9.03483 4.78929
4.16947 -0 -6.25902 -5.57811
-5.73099 -0 -0.600813 -2.17942
2.64361 -0 -1.25833 3.09227
7.21383 -0 -9.16098 1.35562
7.59594 -0 1.89325 2.90984
-0.408336 -6.77451 -0 -0.32115
8.64092 4.47988 -0 -7.6867
6.9047 -3.70786 -0 1.81287
-1.00374 -0.759403 -0 -0.473459
1.29834 -8.47768 -0 4.93938
2.54033 1.5075 -0 -6.69649
-0.0981054 6.68315 -0 -4.30538
