4
33
-4.59302 4.00958 -5.80411 8.32336
-6.065 -8.46448 -0.675451 -7.93356
-2.83037 6.6762 -6.39907 -6.02219
-4.5159 4.52879 -7.31381 -4.89735
-5.77003 -2.85361 5.89747 3.69266
-8.6643 -0 0.0252525 -3.19211
4.44218 -0 8.3137 8.08666
8.52872 -0 3.41612 2.4564
0.2188 -0 9.88813 6.18659
-7.42391 -0 3.00295 4.7724
3.15975 -0 4.13809 -6.35403
-4.91734 -0 -7.36499 -3.52699
-0 -9.63082 -3.3783 1.82779
-0 -8.32522 -4.06832 7.432
-0 -4.46882 -4.20221 -4.3737
-0 -0.326095 5.17345 -6.33156
-0 -5.60161 -7.4076 0.863681
-0 8.22922 -3.20531 3.96226
-0 -2.02716 3.38399 -2.09116
-8.6046 -0.514727 -0 -3.03018
4.76933 -2.72772 -0 -9.83908
-6.26387 -2.93401 -0 2.02455
-9.35774 8.41237 -0 1.97794
-7.7528 5.09103 -0 -0.877286
5.48958 -5.59554 -0 -5.9352
-1.79579 -8.35741 -0 2.51041
5.6474 -0.931329 7.9499 -0
5.0638 9.37623 7.05532 -0
-4.10025 3.73544 0.176503 -0
0.226431 -0.281444 -1.66532 -0
1.37576 9.73457 -9.33399 -0
-1.74754 2.32483 -1.27601 -0
-9.8746 0.739812 -7.76874 -0
