4
26
-5.4642 -9.15288 -9.97582 8.40295
6.34452 4.54567 -2.14097 7.80349
9.703 8.8947 1.72277 5.13708
-0.616201 7.06234 1.48327 -1.46005
7.86069 2.38047 -9.94021 4.87274
-0 4.79818 -9.31389 -3.26902
-0 -3.50374 7.43435 6.47746
-0 -3.21226 1.29203 -8.67566
-0 -5.91319 5.9493 2.05316
-0 -5.5487 7.30819 -7.49439
-0 -8.13573 4.00382 -7.11383
-0 9.24685 4.883 3.54336
-8.8756 8.12804 -0 4.97739
-2.7162 -9.17172 -0 5.61218
-9.611 3.10441 -0 -9.17729
1.60292 0.0736731 -0 -2.02434
-6.98395 -7.04152 -0 -0.983765
3.91726 -2.41416 -0 4.0902
-7.6463 -9.9028 -0 -5.83899
0.900334 -2.52822 -7.09108 -0
7.75816 2.69433 -0.705829 -0
6.58498 9.97841 8.48983 -0
9.01484 2.37971 1.30945 -0
-2.92047 -8.27019 5.63933 -0
9.78193 7.93758 1.74742 -0
6.14084 4.14788 5.26234 -0
