4
33
-8.43246 3.08097 -7.14853 7.00095
0.0570532 4.9286 8.69979 -0.701303
-7.9133 -7.25636 -2.87373 -1.00254
8.68283 -9.42551 2.05459 -7.41241
4.26696 4.28139 0.430337 -2.93594
-0 -6.80324 0.139084 -9.02276
-0 -6.66926 9.45431 2.63753
-0 -7.11806 3.32494 5.09534
-0 2.16334 5.74109 -6.85156
-0 3.44425 2.38927 -2.93399
-0 -6.88844 -0.88091 1.70528
-0 -9.06227 -7.4142 5.81392
1.83799 -0 -2.78122 2.8188
0.546228 -0 4.0597 -4.1957
-9.55715 -0 1.76503 -4.27017
-0.23796 -0 0.245556 -9.66115
4.0439 -0 7.37277 7.74194
5.32565 -0 -6.44923 6.14446
4.81586 -0 -0.584907 7.54471
-8.8756 8.12804 -0 4.97739
-2.7162 -9.17172 -0 5.61218
-9.611 3.10441 -0 -9.17729
1.60292 0.0736731 -0 -2.02434
-6.98395 -7.04152 -0 -0.983765
3.91726 -2.41416 -0 4.0902
-7.6463 -9.9028 -0 -5.83899
6.12859 8.74115 -9.86552 -0
-5.61115 8.15553 9.53497 -0
-3.08931 -2.98056 -6.37729 -0
-2.48986 -7.49227 -5.01947 -0
-6.35743 5.23187 3.91069 -0
3.61789 3.40676 7.28389 -0
5.79984 2.59844 -5.3422 -0
