4
26
3.80318 5.17072 -4.11387 6.32937
4.24333 -8.926 6.6904 4.1927
8.03658 -0.217105 -3.36535 -2.42669
3.77383 -0.286621 2.14191 3.79845
-6.95366 2.97762 3.65778 0.144366
-0 0.105279 -1.42201 -1.55826
-0 -2.87059 -1.5472 -6.33789
-0 -3.07643 -9.21087 -3.91755
-0 9.24612 -2.23236 9.02808
-0 2.03254 -0.804718 -8.09884
-0 3.83723 5.1996 -8.33103
-0 -9.33246 -5.89026 -4.02627
-3.09402 6.43644 -0 -4.75982
7.11601 -1.87798 -0 -1.26663
4.46582 1.82932 -0 0.940772
6.28621 -0.574337 -0 5.2805
7.70317 0.645911 -0 8.10768
2.53424 -4.98367 -0 -7.98858
-1.69183 5.33194 -0 -2.60421
0.900334 -2.52822 -7.09108 -0
7.75816 2.69433 -0.705829 -0
6.58498 9.97841 8.48983 -0
9.01484 2.37971 1.30945 -0
-2.92047 -8.27019 5.63933 -0
9.78193 7.93758 1.74742 -0
6.14084 4.14788 5.26234 -0
