4
33
9.5118 -4.97156 5.13461 0.683918
-3.20734 4.4513 9.95532 9.19775
3.9264 1.15939 1.79266 4.55538
-3.42645 6.35854 -6.9695 -3.93403
5.33677 -5.17401 -4.90449 0.265954
-0.408336 -6.77451 -0 -0.32115
8.64092 4.47988 -0 -7.6867
6.9047 -3.70786 -0 1.81287
-1.00374 -0.759403 -0 -0.473459
1.29834 -8.47768 -0 4.93938
2.54033 1.5075 -0 -6.69649
-0.0981054 6.68315 -0 -4.30538
6.90837 8.75113 7.93126 -0
8.58703 1.94769 0.01927 -0
7.13856 7.80213 -1.29237 -0
7.08526 -7.72315 2.32504 -0
0.0634915 -5.49107 3.92948 -0
1.26409 -3.35771 0.808169 -0
0.696088 -4.57737 0.917156 -0
-0 0.105279 -1.42201 -1.55826
-0 -2.87059 -1.5472 -6.33789
-0 -3.07643 -9.21087 -3.91755
-0 9.24612 -2.23236 9.02808
-0 2.03254 -0.804718 -8.09884
-0 3.83723 5.1996 -8.33103
-0 -9.33246 -5.89026 -4.02627
-0.430835 -0 3.48162 -6.68023
-9.4239 -0 4.64728 -3.41017
-8.82833 -0 -8.9652 -8.78505
1.28763 -0 7.77578 -7.9503
4.92498 -0 -5.70241 5.24211
-7.82709 -0 2.00141 7.37494
-4.04514 -0 3.07995 -0.329126
