4
19
-6.05178 -7.45294 -8.76077 -7.36291
4.70321 -3.90389 -9.44757 4.82133
8.44203 2.39967 9.45431 5.66915
8.19457 1.11764 3.20531 -6.61406
8.83908 -6.04245 -7.37339 -2.04926
-0 -9.63082 -3.3783 1.82779
-0 -8.32522 -4.06832 7.432
-0 -4.46882 -4.20221 -4.3737
-0 -0.326095 5.17345 -6.33156
-0 -5.60161 -7.4076 0.863681
-0 8.22922 -3.20531 3.96226
-0 -2.02716 3.38399 -2.09116
1.83799 -0 -2.78122 2.8188
0.546228 -0 4.0597 -4.1957
-9.55715 -0 1.76503 -4.27017
-0.23796 -0 0.245556 -9.66115
4.0439 -0 7.37277 7.74194
5.32565 -0 -6.44923 6.14446
4.81586 -0 -0.584907 7.54471
