209
5 21 12 0 23 2
5 8 13 22 2 20
5 3 13 23 2 20
5 3 8 13 2 20
5 3 8 13 22 20
5 7 12 23 17 20
5 7 21 12 24 23
5 25 7 4 17 6
5 19 13 23 22 2
5 19 8 13 22 2
5 19 21 0 23 2
5 19 21 13 23 2
5 19 21 12 0 2
5 5 3 8 13 2
5 5 21 24 2 6
5 5 21 13 23 2
5 14 3 8 4 22
5 14 3 8 13 22
5 14 3 13 22 20
5 14 25 7 3 20
5 9 0 4 17 6
5 9 25 4 17 6
5 9 0 4 22 17
5 9 19 25 13 22
5 9 12 0 17 6
5 9 19 21 0 23
5 9 21 12 0 23
5 9 19 21 13 23
5 16 7 21 12 23
5 16 9 21 12 23
5 16 7 12 23 17
5 16 25 7 23 17
5 16 7 21 12 24
5 16 9 12 23 17
5 16 9 25 23 17
5 16 25 21 13 23
5 16 9 21 13 23
5 16 9 25 13 23
5 16 7 12 24 17
5 16 9 12 17 6
5 16 9 25 17 6
5 16 9 19 21 13
5 16 12 24 17 6
5 16 7 24 17 6
5 16 25 7 17 6
5 16 12 24 2 6
5 16 21 24 2 6
5 16 21 12 24 2
5 16 5 21 24 6
5 16 19 12 2 6
5 16 19 21 12 2
5 16 19 12 0 6
5 16 9 12 0 6
5 16 19 21 12 0
5 16 9 21 12 0
5 16 9 19 21 0
5 16 5 21 2 6
5 1 16 7 24 6
5 1 16 5 24 6
5 1 25 7 4 6
5 1 25 7 3 4
5 1 14 25 3 4
5 1 14 25 7 3
5 1 16 25 7 6
5 1 16 5 25 6
5 10 24 23 2 20
5 10 3 23 2 20
5 10 21 24 23 2
5 10 5 21 23 2
5 10 5 21 24 2
5 10 3 13 23 2
5 10 5 13 23 2
5 10 5 3 13 2
5 10 7 24 23 20
5 10 7 21 24 23
5 10 3 13 23 20
5 10 16 7 21 24
5 10 16 5 21 24
5 10 1 16 7 24
5 10 1 16 5 24
5 10 14 13 23 20
5 10 14 3 13 20
5 10 14 7 3 20
5 10 16 7 21 23
5 10 16 25 21 23
5 10 16 25 7 23
5 10 25 21 13 23
5 10 5 21 13 23
5 10 1 14 7 3
5 10 1 16 25 7
5 10 1 16 5 25
5 10 25 7 23 20
5 10 14 25 23 20
5 10 14 25 7 20
5 10 16 25 21 13
5 10 16 5 21 13
5 10 16 5 25 13
5 10 1 14 25 7
5 11 19 8 4 22
5 11 14 8 4 22
5 11 19 8 13 22
5 11 14 8 13 22
5 11 5 8 4 6
5 11 14 25 4 22
5 11 19 25 13 22
5 11 19 8 2 6
5 11 5 8 2 6
5 11 19 8 13 2
5 11 5 8 13 2
5 11 19 4 22 6
5 11 16 5 25 6
5 11 16 5 25 13
5 11 16 19 2 6
5 11 16 5 2 6
5 11 19 21 13 2
5 11 5 21 13 2
5 11 9 25 4 6
5 11 9 25 4 22
5 11 9 19 25 22
5 11 16 9 25 6
5 11 9 19 25 13
5 11 16 9 25 13
5 11 16 9 19 13
5 11 16 19 21 13
5 11 16 5 21 13
5 11 16 19 21 2
5 11 16 5 21 2
5 11 0 4 22 6
5 11 9 0 4 6
5 11 9 0 4 22
5 11 19 0 22 6
5 11 9 19 0 22
5 11 16 19 0 6
5 11 16 9 0 6
5 11 16 9 19 0
5 18 14 25 3 20
5 18 14 25 3 4
5 18 25 7 3 20
5 18 25 7 3 4
5 18 3 4 22 20
5 18 14 3 22 20
5 18 14 3 4 22
5 18 14 25 4 22
5 18 25 7 4 17
5 18 14 13 22 20
5 18 14 25 13 22
5 18 7 23 17 20
5 18 25 7 23 20
5 18 25 7 23 17
5 18 9 4 22 17
5 18 9 25 4 17
5 18 9 25 4 22
5 18 9 25 13 22
5 18 14 13 23 20
5 18 14 25 23 20
5 18 14 25 13 23
5 18 9 25 23 17
5 18 9 0 22 17
5 18 9 25 13 23
5 18 13 22 2 20
5 18 13 23 2 20
5 18 13 23 22 2
5 18 12 23 17 20
5 18 9 12 23 17
5 18 9 12 0 17
5 18 9 12 0 23
5 18 0 22 2 20
5 18 19 13 23 22
5 18 9 19 0 22
5 18 9 19 13 22
5 18 9 19 0 23
5 18 9 19 13 23
5 18 19 23 22 2
5 18 19 0 22 2
5 18 19 0 23 2
5 15 11 5 25 13
5 15 10 5 25 13
5 15 10 1 5 25
5 15 10 1 14 25
5 15 1 14 25 4
5 15 14 25 13 22
5 15 11 25 13 22
5 15 11 14 13 22
5 15 11 14 25 22
5 15 11 5 8 13
5 15 11 14 8 13
5 15 11 5 25 6
5 15 14 25 13 23
5 15 10 25 13 23
5 15 10 14 13 23
5 15 10 14 25 23
5 15 10 5 3 13
5 15 10 14 3 13
5 15 10 1 5 3
5 15 10 1 14 3
5 15 1 25 4 6
5 15 1 5 4 6
5 15 1 5 25 6
5 15 1 5 3 4
5 15 1 14 3 4
5 15 5 3 8 13
5 15 14 3 8 13
5 15 11 5 8 4
5 15 11 14 8 4
5 15 11 25 4 6
5 15 11 14 25 4
5 15 11 5 4 6
5 15 5 3 8 4
5 15 14 3 8 4
