341
5 5 28 22 7 0
5 8 27 1 23 2
5 8 5 1 2 0
5 8 5 27 1 2
5 8 5 14 27 0
5 8 5 14 27 2
5 8 27 30 23 2
5 6 8 1 23 2
5 6 8 5 1 0
5 6 8 5 27 0
5 6 5 27 1 23
5 6 8 27 1 23
5 6 8 5 27 1
5 6 8 14 27 0
5 9 6 31 21 16
5 9 6 8 31 21
5 9 6 27 31 20
5 9 8 27 30 23
5 9 6 27 23 20
5 9 6 8 27 23
5 9 8 30 23 2
5 9 14 27 31 20
5 9 6 14 27 31
5 9 6 8 14 31
5 9 6 8 14 27
5 15 30 1 23 2
5 15 6 1 23 2
5 15 6 8 1 2
5 15 9 6 21 16
5 15 9 6 23 16
5 15 28 1 16 0
5 15 6 31 16 0
5 15 6 31 21 16
5 15 6 8 1 0
5 17 30 1 23 2
5 17 15 30 1 32
5 17 15 30 1 23
5 17 15 1 16 32
5 17 15 30 16 32
5 17 30 7 16 32
5 3 14 31 19 0
5 3 31 21 16 0
5 3 28 31 16 0
5 3 28 31 21 16
5 3 6 8 31 21
5 3 6 14 31 0
5 3 6 8 14 0
5 3 6 8 14 31
5 3 22 7 19 0
5 3 28 7 19 0
5 3 28 22 7 0
5 3 15 31 21 0
5 3 15 6 31 0
5 3 15 6 31 21
5 3 15 6 8 0
5 3 8 5 2 0
5 3 8 5 14 0
5 3 8 5 14 2
5 3 8 1 2 0
5 13 30 7 16 32
5 13 28 7 16 32
5 13 9 30 21 16
5 13 15 9 21 16
5 13 15 9 30 16
5 13 3 28 21 16
5 13 15 30 16 32
5 13 15 28 16 32
5 13 3 21 16 0
5 13 3 15 21 0
5 13 15 28 16 0
5 13 3 28 16 0
5 13 9 8 30 2
5 13 9 30 23 2
5 13 15 30 23 2
5 13 15 9 30 23
5 13 31 21 16 0
5 13 15 31 16 0
5 13 15 31 21 0
5 13 15 31 21 16
5 13 15 28 1 0
5 13 30 1 2 32
5 13 15 30 1 32
5 13 15 30 1 2
5 13 15 6 8 2
5 13 9 6 8 21
5 13 15 9 6 21
5 13 15 6 23 2
5 13 15 9 6 23
5 13 15 8 1 0
5 13 3 8 1 0
5 13 3 15 8 0
5 13 15 8 1 2
5 13 3 8 1 2
5 13 3 6 8 21
5 13 3 15 6 21
5 13 3 15 6 8
5 13 6 8 23 2
5 13 9 8 23 2
5 13 9 6 8 23
5 26 17 1 16 32
5 26 17 30 7 32
5 4 17 30 23 2
5 4 9 27 23 20
5 4 9 27 30 23
5 4 9 6 23 20
5 4 15 9 30 23
5 4 17 15 30 23
5 4 9 6 16 20
5 4 17 6 16 20
5 4 17 9 16 20
5 4 9 6 23 16
5 4 17 6 23 16
5 4 15 9 23 16
5 4 17 15 23 16
5 4 15 9 30 16
5 4 17 9 30 16
5 4 17 15 30 16
5 12 17 30 7 16
5 12 9 30 21 16
5 12 9 30 19 20
5 12 17 9 16 20
5 12 17 9 30 16
5 12 4 9 30 20
5 12 4 17 9 20
5 12 4 17 9 30
5 12 17 7 16 32
5 12 26 17 16 32
5 12 26 17 7 32
5 12 9 31 16 20
5 12 9 31 21 16
5 24 3 31 19 0
5 24 3 28 19 0
5 24 3 28 31 0
5 24 3 28 31 21
5 24 13 3 28 21
5 24 28 31 21 16
5 24 12 9 31 21
5 24 9 14 31 19
5 24 3 14 31 19
5 24 9 8 31 21
5 24 3 8 31 21
5 24 13 3 8 21
5 24 12 31 21 16
5 24 13 28 21 16
5 24 13 28 7 16
5 24 12 9 30 19
5 24 12 9 30 21
5 24 9 31 19 20
5 24 12 31 19 20
5 24 12 9 19 20
5 24 12 9 31 20
5 24 9 8 14 19
5 24 3 8 14 19
5 24 9 8 14 31
5 24 3 8 14 31
5 24 12 13 7 16
5 24 13 9 30 21
5 24 13 9 8 21
5 24 13 9 8 30
5 24 13 30 21 16
5 24 12 30 21 16
5 24 12 13 30 16
5 18 3 22 19 0
5 18 3 14 19 0
5 18 8 14 27 2
5 18 5 27 22 2
5 18 5 14 27 2
5 18 14 31 19 0
5 18 3 5 22 0
5 18 3 5 14 0
5 18 9 8 14 19
5 18 9 8 14 27
5 18 9 14 27 20
5 18 12 22 19 20
5 18 9 31 19 20
5 18 9 14 31 20
5 18 9 14 31 19
5 18 9 8 30 19
5 10 13 3 1 2
5 10 5 1 2 0
5 10 3 1 2 0
5 10 3 5 2 0
5 10 3 5 28 0
5 10 13 1 2 32
5 10 13 28 1 0
5 10 13 3 1 0
5 10 13 3 28 0
5 10 28 1 16 0
5 10 13 15 1 32
5 10 13 15 28 32
5 10 13 15 28 1
5 10 26 5 22 32
5 10 5 22 7 32
5 10 5 28 7 32
5 10 5 28 22 7
5 10 15 1 16 32
5 10 15 28 16 32
5 10 15 28 1 16
5 25 12 26 17 22
5 25 12 4 17 30
5 25 12 4 17 20
5 25 18 12 22 19
5 25 18 12 22 20
5 25 18 27 22 2
5 25 5 27 22 2
5 25 4 27 23 20
5 25 18 12 19 20
5 25 12 30 19 20
5 25 12 4 30 20
5 25 27 30 23 2
5 25 4 30 23 2
5 25 4 27 30 23
5 25 8 27 30 2
5 25 18 8 30 2
5 25 18 8 27 2
5 25 27 1 23 2
5 25 5 27 1 23
5 25 9 30 19 20
5 25 18 9 19 20
5 25 18 9 30 19
5 25 9 8 27 30
5 25 18 9 8 30
5 25 18 9 8 27
5 25 4 9 30 20
5 25 4 9 27 20
5 25 4 9 27 30
5 25 18 9 27 20
5 11 13 30 7 16
5 11 12 30 7 16
5 11 12 13 7 16
5 11 12 13 30 16
5 11 24 12 13 7
5 11 24 12 13 30
5 11 24 12 7 19
5 11 24 12 30 19
5 11 24 13 28 7
5 11 13 8 30 2
5 11 24 13 8 30
5 11 12 22 7 19
5 11 13 30 2 32
5 11 13 30 7 32
5 11 13 28 7 32
5 11 24 28 7 19
5 11 24 13 3 28
5 11 13 3 8 2
5 11 24 13 3 8
5 11 25 12 22 19
5 11 25 12 30 19
5 11 10 28 7 32
5 11 10 13 2 32
5 11 10 13 28 32
5 11 3 22 7 19
5 11 3 28 7 19
5 11 24 3 28 19
5 11 18 8 30 19
5 11 18 8 30 2
5 11 24 3 8 19
5 11 9 8 30 19
5 11 24 9 30 19
5 11 24 9 8 19
5 11 24 9 8 30
5 11 10 13 3 2
5 11 10 13 3 28
5 11 10 22 7 32
5 11 10 28 22 7
5 11 18 3 22 19
5 11 3 28 22 7
5 11 25 18 22 19
5 11 25 18 22 2
5 11 25 18 30 19
5 11 25 18 30 2
5 11 18 5 22 2
5 11 18 3 5 22
5 11 3 8 14 19
5 11 18 8 14 19
5 11 18 3 14 19
5 11 3 8 14 2
5 11 18 8 14 2
5 11 10 5 22 2
5 11 10 3 5 2
5 11 10 5 28 22
5 11 10 3 5 28
5 11 3 5 14 2
5 11 18 5 14 2
5 11 18 3 5 14
5 11 5 28 22 0
5 11 3 28 22 0
5 11 3 5 22 0
5 11 3 5 28 0
5 29 10 5 1 2
5 29 10 26 5 1
5 29 10 1 2 32
5 29 10 26 1 32
5 29 10 5 22 2
5 29 10 26 5 22
5 29 5 27 1 2
5 29 25 27 1 2
5 29 25 5 27 2
5 29 25 5 27 1
5 29 25 1 23 2
5 29 25 5 22 2
5 29 25 26 5 22
5 29 26 5 1 23
5 29 25 5 1 23
5 29 25 26 5 23
5 29 30 1 2 32
5 29 11 10 2 32
5 29 11 10 22 2
5 29 17 1 23 2
5 29 26 17 1 23
5 29 25 4 23 2
5 29 11 25 22 2
5 29 11 30 2 32
5 29 17 30 1 32
5 29 26 17 1 32
5 29 26 17 30 32
5 29 17 30 1 2
5 29 10 26 22 32
5 29 11 10 22 32
5 29 4 17 23 2
5 29 25 26 17 23
5 29 25 4 17 23
5 29 11 25 30 2
5 29 25 12 26 22
5 29 11 25 12 22
5 29 26 30 7 32
5 29 11 30 7 32
5 29 26 22 7 32
5 29 11 22 7 32
5 29 4 17 30 2
5 29 25 4 30 2
5 29 25 4 17 30
5 29 11 25 12 30
5 29 12 26 22 7
5 29 11 12 22 7
5 29 11 12 30 7
5 29 25 12 17 30
5 29 25 12 26 17
5 29 26 17 30 7
5 29 12 17 30 7
5 29 12 26 17 7
