327
5 26 24 13 6 23
5 26 24 1 13 6
5 26 32 4 6 23
5 26 32 4 19 23
5 22 24 1 13 6
5 27 22 24 1 6
5 27 20 22 1 6
5 31 26 24 1 13
5 31 26 25 1 13
5 31 26 24 13 23
5 31 26 25 13 23
5 31 27 26 24 1
5 31 27 26 25 1
5 31 22 24 1 13
5 5 31 25 1 13
5 5 27 25 1 10
5 5 31 27 25 1
5 5 22 1 13 6
5 7 27 26 25 1
5 7 20 25 1 10
5 7 27 25 1 10
5 7 27 20 1 10
5 7 17 5 20 1
5 7 26 1 13 6
5 7 26 25 1 13
5 7 17 18 1 6
5 7 17 1 4 6
5 7 26 32 4 6
5 7 26 32 4 19
5 7 17 32 4 19
5 7 32 18 4 6
5 7 17 18 4 6
5 7 17 32 18 4
5 2 26 25 13 23
5 2 26 13 6 23
5 2 26 32 6 23
5 2 24 13 6 23
5 2 7 26 25 13
5 2 7 26 13 6
5 2 7 26 32 6
5 2 7 32 18 6
5 2 5 16 22 13
5 2 7 1 13 6
5 2 5 22 13 6
5 29 31 26 25 23
5 28 17 18 4 6
5 28 17 20 4 6
5 28 32 18 4 19
5 28 16 22 24 6
5 28 17 18 1 6
5 28 20 22 1 6
5 28 17 20 1 6
5 28 2 5 22 6
5 28 2 5 16 22
5 28 5 22 1 6
5 28 17 5 20 1
5 9 20 25 1 10
5 9 5 25 1 10
5 9 5 20 1 10
5 9 5 25 1 13
5 9 7 25 1 13
5 9 29 26 4 19
5 9 2 7 25 13
5 9 7 17 4 19
5 9 7 26 4 19
5 9 29 26 19 23
5 9 29 26 25 23
5 9 7 26 32 19
5 9 26 32 19 23
5 9 2 26 32 25
5 9 2 7 26 25
5 9 2 7 26 32
5 0 27 20 1 10
5 0 5 20 1 10
5 0 5 27 1 10
5 0 27 20 22 10
5 0 5 20 22 10
5 0 27 20 22 1
5 0 28 20 22 1
5 0 28 5 22 1
5 0 28 5 20 1
5 0 28 5 20 22
5 0 5 31 27 1
5 0 27 22 24 1
5 0 31 22 24 1
5 0 31 27 24 1
5 0 31 27 22 24
5 0 31 22 1 13
5 0 5 22 1 13
5 0 5 31 1 13
5 21 2 16 32 19
5 21 29 16 32 19
5 21 29 2 32 23
5 21 2 32 6 23
5 21 2 24 6 23
5 21 2 32 18 6
5 21 16 24 13 23
5 21 2 24 13 23
5 21 16 22 24 6
5 21 28 32 18 6
5 21 28 2 18 6
5 21 28 2 32 18
5 21 28 2 16 32
5 21 16 22 24 13
5 21 2 16 22 13
5 21 22 24 13 6
5 21 2 24 13 6
5 21 2 22 13 6
5 21 28 16 22 6
5 21 28 2 22 6
5 21 28 2 16 22
5 11 16 24 13 23
5 11 29 16 24 23
5 11 31 24 13 23
5 11 29 31 24 23
5 11 16 22 24 13
5 11 29 31 25 23
5 11 31 22 24 13
5 11 0 31 22 13
5 11 31 27 22 24
5 11 29 31 27 24
5 11 29 31 25 10
5 11 0 31 27 22
5 11 29 31 27 10
5 11 0 31 27 10
5 15 28 17 5 20
5 15 2 16 32 19
5 15 28 16 32 19
5 15 28 2 16 32
5 15 28 18 4 19
5 15 28 17 18 4
5 15 28 32 18 19
5 15 28 2 32 18
5 15 28 2 18 6
5 15 28 2 5 6
5 15 28 17 18 1
5 15 28 17 5 1
5 15 32 18 4 19
5 15 17 32 4 19
5 15 17 32 18 4
5 15 2 5 13 6
5 15 28 18 1 6
5 15 28 5 1 6
5 15 7 17 18 1
5 15 7 17 5 1
5 15 7 17 32 19
5 15 9 7 32 19
5 15 9 7 17 19
5 15 7 17 32 18
5 15 2 7 32 18
5 15 9 2 7 32
5 15 9 2 7 13
5 15 9 7 17 5
5 15 5 1 13 6
5 15 2 1 13 6
5 15 2 7 1 13
5 15 9 5 1 13
5 15 9 7 1 13
5 15 9 7 5 1
5 15 7 18 1 6
5 15 2 7 1 6
5 15 2 7 18 6
5 14 9 20 25 10
5 14 7 20 25 10
5 14 9 29 25 10
5 14 9 29 4 19
5 14 9 7 26 4
5 14 9 7 26 25
5 14 7 17 20 4
5 14 9 7 17 4
5 14 7 20 25 1
5 14 9 20 25 1
5 14 9 7 25 1
5 14 7 17 5 20
5 14 9 7 17 5
5 14 7 5 20 1
5 14 9 5 20 1
5 14 9 7 5 1
5 14 9 17 4 19
5 14 15 17 4 19
5 14 15 9 17 19
5 14 28 17 20 4
5 14 15 28 17 4
5 14 15 28 17 20
5 14 15 17 5 20
5 14 15 9 17 5
5 30 11 29 16 19
5 30 11 29 16 24
5 30 11 16 22 24
5 30 15 28 16 19
5 30 27 22 24 10
5 30 11 27 24 10
5 30 11 27 22 24
5 30 5 20 22 10
5 30 28 20 22 10
5 30 28 5 20 22
5 30 28 5 16 22
5 30 15 28 5 20
5 30 0 5 22 10
5 30 5 16 22 13
5 30 11 16 22 13
5 30 15 2 16 19
5 30 0 27 22 10
5 30 11 0 27 10
5 30 11 0 27 22
5 30 28 2 5 16
5 30 15 28 2 16
5 30 15 28 2 5
5 30 0 5 22 13
5 30 11 0 22 13
5 30 2 5 16 13
5 30 15 2 5 13
5 8 9 29 25 10
5 8 11 29 25 10
5 8 11 9 29 25
5 8 9 5 25 10
5 8 11 31 25 10
5 8 9 5 25 13
5 8 31 27 25 10
5 8 5 27 25 10
5 8 5 31 27 25
5 8 11 0 31 10
5 8 5 31 25 13
5 8 9 5 20 10
5 8 30 5 20 10
5 8 30 0 5 10
5 8 30 11 0 10
5 8 14 9 20 10
5 8 0 31 27 10
5 8 0 5 27 10
5 8 0 5 31 27
5 8 0 5 31 13
5 8 11 0 31 13
5 8 14 9 5 20
5 8 30 0 5 13
5 8 30 11 0 13
5 8 15 9 5 13
5 8 30 15 5 13
5 8 14 15 9 5
5 3 8 30 11 13
5 3 30 2 16 13
5 3 30 11 16 13
5 3 30 15 2 13
5 3 8 30 15 13
5 3 21 2 16 13
5 3 30 2 16 19
5 3 30 11 16 19
5 3 9 2 25 13
5 3 15 9 2 13
5 3 8 15 9 13
5 3 8 9 25 13
5 3 8 11 9 25
5 3 30 15 2 19
5 3 21 16 13 23
5 3 11 16 13 23
5 3 21 2 13 23
5 3 11 29 16 19
5 3 11 9 29 25
5 3 8 31 25 13
5 3 8 11 31 13
5 3 8 11 31 25
5 3 21 29 16 23
5 3 11 29 16 23
5 3 21 29 2 23
5 3 21 2 16 19
5 3 21 29 16 19
5 3 2 25 13 23
5 3 11 29 25 23
5 3 9 29 25 23
5 3 15 2 32 19
5 3 15 9 32 19
5 3 15 9 2 32
5 3 31 25 13 23
5 3 11 31 13 23
5 3 11 31 25 23
5 3 21 2 32 19
5 3 21 29 32 19
5 3 21 29 2 32
5 3 9 2 32 25
5 3 29 2 32 23
5 3 29 32 19 23
5 3 9 32 19 23
5 3 9 29 19 23
5 3 2 26 25 23
5 3 2 26 32 23
5 3 2 26 32 25
5 3 9 26 25 23
5 3 9 26 32 23
5 3 9 26 32 25
5 12 14 15 5 20
5 12 8 14 5 20
5 12 8 14 15 5
5 12 30 15 5 20
5 12 8 30 5 20
5 12 8 30 15 5
5 12 14 15 28 20
5 12 30 28 20 19
5 12 30 15 28 19
5 12 30 15 28 20
5 12 8 14 20 10
5 12 8 30 20 10
5 12 8 30 11 10
5 12 14 15 9 19
5 12 8 14 15 9
5 12 3 30 15 19
5 12 3 8 30 15
5 12 28 20 4 19
5 12 14 28 20 4
5 12 15 28 4 19
5 12 14 15 4 19
5 12 14 15 28 4
5 12 30 11 29 19
5 12 8 11 29 10
5 12 30 11 29 10
5 12 3 30 11 19
5 12 3 8 30 11
5 12 3 15 9 19
5 12 3 8 15 9
5 12 14 9 29 19
5 12 14 9 29 10
5 12 8 9 29 10
5 12 8 14 9 10
5 12 8 11 9 29
5 12 3 8 11 9
5 12 3 9 29 19
5 12 3 11 29 19
5 12 3 11 9 29
