217
5 18 5 1 10 9
5 18 25 5 2 9
5 18 25 5 1 9
5 18 25 5 1 2
5 18 1 10 9 12
5 8 18 10 9 12
5 14 8 18 10 9
5 14 18 5 2 9
5 4 20 25 1 12
5 4 20 1 10 12
5 4 19 20 25 12
5 4 20 5 1 10
5 4 11 5 24 10
5 4 11 20 24 10
5 4 11 20 5 10
5 4 11 20 5 1
5 0 20 8 24 10
5 0 11 20 24 10
5 0 20 8 10 12
5 0 20 8 24 12
5 0 14 11 24 10
5 0 14 11 3 24
5 0 19 8 3 12
5 21 4 5 24 10
5 21 11 5 24 10
5 21 14 11 24 10
5 21 14 11 5 10
5 21 14 11 5 24
5 21 14 8 18 10
5 21 18 5 1 10
5 21 4 5 1 10
5 21 4 18 5 1
5 21 8 18 10 12
5 21 14 8 3 10
5 21 14 8 3 24
5 21 0 8 24 10
5 21 0 8 3 10
5 21 0 8 3 24
5 21 0 14 24 10
5 21 0 14 3 10
5 21 0 14 3 24
5 17 14 11 2 22
5 17 14 24 2 22
5 17 14 3 24 22
5 17 14 11 3 24
5 23 19 8 25 12
5 23 19 8 3 12
5 23 17 19 3 22
5 6 14 24 2 22
5 6 23 25 2 9
5 6 23 19 8 25
5 6 17 24 2 22
5 6 23 17 2 22
5 6 23 17 24 2
5 6 14 2 9 22
5 6 23 2 9 22
5 6 23 8 25 9
5 6 8 25 9 12
5 6 21 14 8 24
5 6 19 8 25 12
5 6 23 19 8 3
5 6 23 17 19 22
5 6 14 8 9 22
5 6 23 8 9 22
5 6 14 3 24 22
5 6 14 8 3 22
5 6 14 8 3 24
5 6 23 8 3 22
5 6 0 19 8 12
5 6 0 8 3 24
5 6 0 19 3 24
5 6 0 19 8 3
5 6 23 19 3 22
5 6 17 3 24 22
5 6 17 19 3 22
5 15 0 11 20 24
5 15 0 19 20 24
5 15 4 11 20 24
5 15 4 11 20 1
5 15 0 11 3 24
5 15 17 11 3 24
5 15 17 0 11 3
5 15 4 11 5 24
5 15 19 11 25 2
5 15 11 20 25 1
5 15 19 11 20 25
5 15 4 20 25 1
5 15 4 19 20 25
5 15 17 14 24 2
5 15 17 14 11 2
5 15 17 14 11 24
5 15 23 17 24 2
5 15 14 11 5 2
5 15 14 11 5 24
5 15 11 5 1 2
5 15 4 11 5 1
5 15 6 23 24 2
5 15 6 23 19 24
5 15 18 5 1 2
5 15 23 19 25 2
5 15 6 23 25 2
5 15 6 23 19 25
5 15 18 25 1 2
5 13 0 8 24 12
5 13 6 0 8 12
5 13 6 0 8 24
5 13 6 21 8 24
5 13 6 0 19 12
5 13 6 0 19 24
5 13 21 8 10 12
5 13 21 8 24 10
5 13 6 21 18 24
5 13 21 8 18 12
5 13 6 21 8 18
5 13 0 20 24 12
5 13 0 19 20 12
5 13 0 19 20 24
5 13 6 19 25 12
5 13 20 8 10 12
5 13 20 8 24 12
5 13 20 8 24 10
5 13 8 18 9 12
5 13 6 8 9 12
5 13 6 8 18 9
5 13 4 19 20 12
5 13 4 19 25 12
5 13 15 6 19 24
5 13 15 6 19 25
5 13 4 20 10 12
5 13 4 20 24 10
5 13 21 4 24 10
5 13 18 1 10 12
5 13 21 18 10 12
5 13 21 18 1 10
5 13 21 4 18 24
5 13 21 4 18 1
5 13 18 1 9 12
5 13 15 19 20 24
5 13 15 4 20 24
5 13 15 4 19 20
5 13 15 4 19 25
5 13 4 25 1 12
5 13 4 1 10 12
5 13 21 4 1 10
5 13 25 1 9 12
5 13 6 25 9 12
5 13 18 25 1 9
5 13 6 18 25 9
5 13 15 4 25 1
5 7 15 19 11 20
5 7 15 0 11 20
5 7 15 0 19 20
5 7 15 17 0 11
5 7 15 19 11 2
5 7 15 17 11 2
5 7 15 17 0 3
5 7 23 0 19 3
5 7 23 17 19 3
5 7 15 23 19 2
5 7 15 23 17 2
5 7 0 19 3 24
5 7 15 0 3 24
5 7 15 0 19 24
5 7 15 17 3 24
5 7 15 23 19 24
5 7 15 23 17 24
5 7 6 19 3 24
5 7 6 17 3 24
5 7 6 17 19 3
5 7 6 23 19 24
5 7 6 23 17 24
5 7 6 23 17 19
5 16 13 6 18 25
5 16 13 15 6 25
5 16 15 18 25 2
5 16 15 6 25 2
5 16 15 18 25 1
5 16 13 18 25 1
5 16 13 15 25 1
5 16 13 6 18 24
5 16 13 15 6 24
5 16 18 25 2 9
5 16 6 25 2 9
5 16 6 18 25 9
5 16 15 6 24 2
5 16 13 4 18 1
5 16 13 15 4 1
5 16 13 4 18 24
5 16 13 15 4 24
5 16 14 18 2 9
5 16 6 14 2 9
5 16 6 14 24 2
5 16 15 14 24 2
5 16 4 18 5 1
5 16 15 18 5 1
5 16 15 4 5 1
5 16 15 4 5 24
5 16 14 8 18 9
5 16 6 8 18 9
5 16 6 14 8 9
5 16 6 21 18 24
5 16 6 21 14 24
5 16 14 18 5 2
5 16 15 18 5 2
5 16 15 14 5 2
5 16 15 14 5 24
5 16 21 4 5 24
5 16 21 4 18 24
5 16 21 4 18 5
5 16 21 14 8 18
5 16 6 21 8 18
5 16 6 21 14 8
5 16 21 14 5 24
5 16 14 18 5 10
5 16 21 18 5 10
5 16 21 14 5 10
5 16 21 14 18 10
