115
5 6 14 2 13 15
5 1 6 14 13 15
5 1 14 2 13 15
5 1 9 14 2 13
5 1 9 12 14 11
5 1 12 14 2 15
5 1 9 12 14 2
5 17 1 12 11 15
5 17 1 12 14 15
5 17 1 12 14 11
5 4 8 9 0 13
5 4 1 9 14 13
5 4 9 18 11 13
5 4 1 18 11 13
5 4 1 9 11 13
5 7 9 12 14 2
5 7 8 9 12 2
5 7 8 9 12 14
5 7 4 8 0 13
5 7 6 2 0 13
5 7 6 14 2 13
5 7 9 14 2 13
5 7 8 9 2 13
5 7 4 9 14 13
5 7 4 8 9 13
5 7 4 8 9 14
5 5 17 1 11 15
5 5 17 18 11 0
5 5 1 6 14 15
5 5 17 1 14 15
5 5 1 6 13 15
5 10 5 1 6 14
5 10 7 6 2 0
5 10 7 6 14 2
5 10 5 17 18 0
5 10 17 2 0 15
5 10 5 6 14 15
5 10 5 17 14 15
5 10 7 8 12 0
5 10 7 8 12 14
5 10 17 12 2 0
5 10 7 12 2 0
5 10 7 12 14 2
5 10 6 14 2 15
5 10 12 14 2 15
5 10 17 12 2 15
5 10 17 12 14 15
5 16 4 9 18 0
5 16 4 8 9 0
5 16 10 17 18 0
5 16 9 18 11 0
5 16 17 18 11 0
5 16 7 4 8 0
5 16 7 4 8 14
5 16 4 8 9 14
5 16 17 12 11 0
5 16 8 12 11 0
5 16 8 9 11 0
5 16 8 9 12 11
5 16 8 9 12 14
5 16 10 17 12 0
5 16 10 17 12 14
5 16 10 8 12 0
5 16 10 8 12 14
5 16 10 7 8 0
5 16 10 7 8 14
5 16 4 1 18 14
5 16 4 1 9 14
5 16 9 12 14 11
5 16 17 12 14 11
5 16 1 9 14 11
5 16 5 17 18 11
5 16 5 17 18 14
5 16 4 9 18 11
5 16 4 1 18 11
5 16 4 1 9 11
5 16 5 1 18 11
5 16 5 1 18 14
5 16 17 1 14 11
5 16 5 17 1 11
5 16 5 17 1 14
5 3 5 17 18 14
5 3 10 5 17 14
5 3 10 5 17 18
5 3 16 17 18 14
5 3 16 10 17 14
5 3 16 10 17 18
5 3 16 4 18 14
5 3 4 1 18 14
5 3 5 1 18 14
5 3 10 5 1 14
5 3 16 7 4 14
5 3 16 10 7 14
5 3 16 4 18 0
5 3 16 10 18 0
5 3 10 1 6 14
5 3 10 5 6 18
5 3 10 5 1 6
5 3 10 7 6 14
5 3 16 7 4 0
5 3 16 10 7 0
5 3 10 6 18 0
5 3 1 6 14 13
5 3 4 1 14 13
5 3 4 1 18 13
5 3 5 6 18 13
5 3 5 1 18 13
5 3 5 1 6 13
5 3 7 6 14 13
5 3 7 4 14 13
5 3 10 7 6 0
5 3 6 18 0 13
5 3 4 18 0 13
5 3 7 6 0 13
5 3 7 4 0 13
