225
5 0 15 12 24 5
5 0 17 3 24 5
5 22 15 12 24 25
5 19 22 12 24 25
5 19 0 17 3 24
5 19 4 8 17 21
5 7 0 12 21 5
5 23 15 13 24 25
5 23 22 15 24 25
5 11 19 22 24 25
5 11 19 22 8 25
5 11 13 3 24 25
5 11 23 8 13 25
5 11 23 22 8 25
5 11 23 13 24 25
5 11 23 22 24 25
5 11 23 13 3 24
5 11 23 22 8 9
5 20 19 22 8 25
5 20 23 22 8 25
5 20 23 22 8 9
5 20 23 8 13 9
5 20 4 8 13 25
5 20 19 4 8 25
5 20 23 8 13 25
5 2 20 19 4 25
5 2 20 4 13 25
5 2 22 15 12 25
5 2 19 22 12 25
5 2 20 19 22 25
5 2 23 15 13 25
5 2 20 23 13 25
5 2 23 22 15 25
5 2 20 23 22 25
5 1 11 19 8 17
5 1 11 8 13 3
5 1 4 17 21 5
5 1 7 17 21 5
5 1 7 4 21 5
5 10 22 15 12 24
5 10 23 22 15 24
5 10 2 22 15 12
5 10 2 23 22 15
5 10 2 23 15 9
5 10 19 0 12 24
5 10 19 22 12 24
5 10 2 20 23 22
5 10 2 20 23 9
5 10 11 23 22 9
5 10 20 23 22 9
5 10 2 19 22 12
5 10 2 20 19 22
5 10 2 19 12 9
5 10 2 20 19 9
5 10 11 19 22 24
5 10 19 0 3 24
5 10 11 19 3 24
5 10 1 11 9 3
5 10 11 22 8 9
5 10 20 22 8 9
5 10 11 19 8 9
5 10 20 19 8 9
5 10 11 19 22 8
5 10 20 19 22 8
5 14 19 0 17 21
5 14 1 7 17 21
5 14 0 17 21 5
5 14 7 17 21 5
5 14 7 0 21 5
5 14 7 0 17 5
5 14 1 7 0 9
5 14 1 7 0 17
5 14 1 7 4 21
5 14 19 0 12 21
5 14 7 0 12 21
5 14 10 7 0 9
5 14 10 1 0 9
5 14 19 4 17 21
5 14 1 4 17 21
5 14 19 0 17 3
5 14 10 19 0 3
5 14 2 19 12 21
5 14 10 19 12 9
5 14 10 7 12 9
5 14 10 19 0 12
5 14 10 7 0 12
5 14 1 0 17 3
5 14 10 1 0 3
5 14 19 4 8 17
5 14 1 4 8 17
5 14 1 19 8 17
5 14 10 11 19 9
5 14 10 1 11 9
5 14 1 11 19 8
5 14 10 11 19 3
5 14 10 1 11 3
5 14 11 19 17 3
5 14 1 11 17 3
5 14 1 11 19 17
5 6 2 15 12 21
5 6 2 4 15 21
5 6 14 7 12 21
5 6 14 2 12 21
5 6 14 7 4 21
5 6 15 12 21 5
5 6 7 12 21 5
5 6 7 15 12 5
5 6 4 15 21 5
5 6 7 4 21 5
5 6 14 7 12 9
5 6 10 7 15 12
5 6 10 2 15 12
5 6 2 4 15 13
5 6 4 15 13 5
5 6 10 7 12 9
5 6 10 2 12 9
5 6 2 19 12 9
5 6 14 19 12 9
5 6 14 2 19 12
5 6 10 2 15 9
5 6 20 4 13 9
5 6 2 20 4 13
5 6 20 23 13 9
5 6 2 23 15 9
5 6 2 20 23 9
5 6 2 23 15 13
5 6 2 20 23 13
5 18 11 23 8 13
5 18 1 11 8 13
5 18 23 8 13 9
5 18 1 8 13 9
5 18 11 23 13 3
5 18 1 11 13 3
5 18 11 23 8 9
5 18 1 11 8 9
5 18 1 11 9 3
5 18 23 13 3 24
5 18 10 11 9 3
5 18 10 11 23 9
5 18 1 7 0 9
5 18 1 13 3 5
5 18 1 4 13 9
5 18 1 7 4 9
5 18 11 23 3 24
5 18 10 11 3 24
5 18 13 3 24 5
5 18 10 0 3 24
5 18 23 15 13 24
5 18 6 23 13 9
5 18 10 1 9 3
5 18 10 1 0 3
5 18 10 1 0 9
5 18 1 4 13 5
5 18 1 7 4 5
5 18 6 4 13 9
5 18 6 7 4 9
5 18 11 23 22 24
5 18 10 23 22 24
5 18 10 11 22 24
5 18 10 11 23 22
5 18 0 3 24 5
5 18 10 7 0 9
5 18 15 13 24 5
5 18 10 23 15 24
5 18 10 23 15 9
5 18 6 23 15 13
5 18 6 23 15 9
5 18 0 17 3 5
5 18 1 17 3 5
5 18 1 0 17 3
5 18 7 0 17 5
5 18 1 7 17 5
5 18 1 7 0 17
5 18 6 4 13 5
5 18 6 7 4 5
5 18 0 15 24 5
5 18 6 15 13 5
5 18 6 7 15 5
5 18 6 10 15 9
5 18 6 10 7 9
5 18 6 10 7 15
5 18 0 15 12 5
5 18 7 15 12 5
5 18 7 0 12 5
5 18 0 15 12 24
5 18 10 15 12 24
5 18 10 0 12 24
5 18 10 7 15 12
5 18 10 7 0 12
5 16 2 20 19 4
5 16 20 19 4 8
5 16 14 19 4 8
5 16 2 19 4 21
5 16 14 19 4 21
5 16 14 2 19 21
5 16 6 2 20 4
5 16 6 14 2 19
5 16 20 19 8 9
5 16 6 2 4 21
5 16 6 14 4 21
5 16 6 14 2 21
5 16 6 20 4 9
5 16 2 20 19 9
5 16 6 2 19 9
5 16 6 2 20 9
5 16 6 14 19 9
5 16 20 8 13 9
5 16 20 4 13 9
5 16 20 4 8 13
5 16 14 1 4 8
5 16 11 19 8 9
5 16 14 11 19 9
5 16 14 11 19 8
5 16 6 7 4 9
5 16 6 14 7 9
5 16 6 14 7 4
5 16 1 8 13 9
5 16 1 4 13 9
5 16 1 4 8 13
5 16 1 11 8 9
5 16 14 1 11 9
5 16 14 1 11 8
5 16 1 7 4 9
5 16 14 1 7 9
5 16 14 1 7 4
