311
5 6 26 30 31 25
5 6 26 8 31 25
5 6 26 8 30 0
5 14 6 8 0 4
5 14 11 8 4 3
5 14 11 8 0 3
5 14 6 26 30 0
5 14 6 26 8 0
5 5 18 2 1 19
5 5 2 12 1 21
5 5 18 2 12 1
5 32 5 2 27 19
5 10 6 30 31 25
5 10 2 12 1 21
5 10 5 2 12 21
5 10 5 2 12 27
5 10 32 6 30 27
5 10 5 12 1 21
5 10 18 12 1 25
5 10 32 5 2 27
5 10 5 18 1 27
5 10 5 18 12 27
5 10 5 18 12 1
5 9 1 3 19 21
5 9 2 1 19 21
5 9 5 2 1 21
5 9 5 2 1 19
5 9 11 16 3 19
5 9 11 16 27 3
5 9 32 2 19 21
5 9 32 5 2 21
5 9 32 5 2 19
5 9 18 1 3 19
5 9 18 16 3 19
5 9 18 16 1 3
5 9 5 18 1 19
5 9 18 16 27 19
5 9 18 16 1 27
5 9 5 18 1 27
5 7 32 6 30 27
5 7 9 3 19 21
5 7 32 5 27 19
5 7 9 5 27 19
5 7 9 32 5 19
5 7 14 6 30 27
5 7 14 6 30 0
5 7 9 11 3 19
5 7 14 6 11 27
5 7 14 11 0 3
5 7 9 16 27 19
5 7 9 11 16 19
5 7 9 11 16 27
5 13 32 6 2 31
5 13 10 2 31 25
5 13 32 6 8 31
5 13 26 8 30 0
5 13 10 32 5 2
5 13 10 6 2 31
5 13 10 6 30 31
5 13 10 32 6 2
5 13 10 32 6 30
5 13 6 8 30 0
5 13 7 6 30 0
5 13 7 32 6 30
5 13 6 26 30 31
5 13 6 26 8 31
5 13 6 26 8 30
5 13 7 5 30 27
5 13 7 32 30 27
5 13 7 32 5 27
5 13 10 5 30 27
5 13 10 32 30 27
5 13 10 32 5 27
5 28 18 16 27 19
5 28 32 2 27 19
5 28 32 18 2 19
5 28 5 2 27 19
5 28 5 18 2 19
5 28 9 18 27 19
5 28 9 5 27 19
5 28 9 5 18 19
5 28 9 5 18 27
5 28 5 2 12 27
5 28 5 18 12 27
5 28 5 18 2 12
5 28 10 2 12 27
5 15 10 5 30 27
5 15 10 5 1 27
5 15 10 18 1 25
5 15 10 30 27 25
5 15 9 5 1 3
5 15 9 5 1 27
5 15 30 16 27 25
5 15 10 18 16 25
5 15 18 16 1 3
5 15 10 16 27 25
5 15 9 16 27 3
5 15 9 16 1 3
5 15 9 16 1 27
5 15 7 9 5 27
5 15 18 16 1 27
5 15 10 18 1 27
5 15 10 18 16 27
5 15 7 14 11 3
5 15 7 14 11 27
5 15 11 16 27 3
5 15 6 30 16 25
5 15 6 30 16 27
5 15 14 6 30 27
5 15 9 11 27 3
5 15 7 9 11 3
5 15 7 9 11 27
5 15 14 11 4 3
5 15 14 6 11 27
5 15 6 26 30 25
5 15 14 26 30 25
5 15 14 6 26 30
5 15 6 8 4 25
5 15 14 6 8 4
5 15 14 6 11 4
5 15 11 16 4 27
5 15 6 16 4 27
5 15 6 11 4 27
5 15 6 26 8 25
5 15 14 6 26 8
5 22 7 32 27 19
5 22 28 32 27 19
5 22 7 32 6 27
5 22 28 16 27 19
5 22 11 16 4 27
5 22 7 16 27 19
5 22 7 11 16 19
5 22 7 11 16 27
5 22 6 11 4 27
5 22 7 6 11 27
5 22 32 6 8 4
5 22 28 18 16 19
5 22 28 18 16 4
5 22 11 8 4 3
5 22 14 6 11 4
5 22 7 14 6 11
5 22 6 8 0 4
5 22 11 8 0 3
5 22 7 11 3 19
5 22 7 11 0 3
5 22 14 8 0 4
5 22 14 11 8 4
5 22 14 11 8 0
5 22 7 14 11 0
5 22 14 6 0 4
5 22 7 14 6 0
5 22 13 6 8 0
5 22 13 32 8 0
5 22 13 32 6 8
5 22 13 7 6 0
5 22 13 7 32 0
5 22 13 7 32 6
5 17 10 2 1 21
5 17 13 2 1 21
5 17 10 5 1 21
5 17 10 5 2 21
5 17 13 5 2 21
5 17 13 10 5 2
5 17 10 2 12 1
5 17 13 10 5 30
5 17 10 12 1 25
5 17 10 2 12 25
5 17 13 10 2 25
5 17 15 10 5 1
5 17 15 10 5 30
5 17 15 10 1 25
5 17 15 10 30 25
5 17 10 30 31 25
5 17 13 10 31 25
5 17 13 10 30 31
5 17 13 26 30 0
5 17 15 14 30 25
5 17 15 5 1 3
5 17 26 30 31 25
5 17 13 26 31 25
5 17 13 26 30 31
5 17 14 26 30 25
5 17 14 26 30 0
5 24 13 7 32 0
5 24 13 7 32 5
5 24 7 3 19 21
5 24 9 32 19 21
5 24 7 9 19 21
5 24 7 9 32 19
5 24 22 7 32 19
5 24 22 7 32 0
5 24 7 9 3 21
5 24 17 13 0 21
5 24 9 32 5 21
5 24 7 9 32 5
5 24 32 5 2 21
5 24 13 5 2 21
5 24 13 32 2 21
5 24 13 32 5 2
5 24 22 7 3 19
5 24 22 7 0 3
5 24 17 0 3 21
5 24 7 14 0 3
5 24 17 13 5 21
5 24 13 7 30 0
5 24 17 13 30 0
5 24 9 1 3 21
5 24 17 1 3 21
5 24 17 14 0 3
5 24 9 5 1 21
5 24 17 5 1 21
5 24 13 7 5 30
5 24 17 13 5 30
5 24 9 5 1 3
5 24 17 5 1 3
5 24 15 7 14 3
5 24 15 9 5 3
5 24 15 7 9 3
5 24 15 7 9 5
5 24 7 14 30 0
5 24 17 14 30 0
5 24 17 15 14 3
5 24 17 15 5 3
5 24 15 7 14 27
5 24 15 7 5 27
5 24 7 14 30 27
5 24 7 5 30 27
5 24 17 15 14 30
5 24 17 15 5 30
5 24 15 14 30 27
5 24 15 5 30 27
5 23 28 18 16 4
5 23 22 28 18 4
5 23 22 32 6 4
5 23 22 18 4 19
5 23 22 28 18 19
5 23 6 8 31 25
5 23 6 8 4 25
5 23 32 6 8 31
5 23 32 6 8 4
5 23 15 16 4 25
5 23 15 6 4 25
5 23 15 6 16 25
5 23 15 6 16 4
5 29 22 6 4 27
5 29 6 16 4 27
5 29 22 16 4 27
5 29 22 28 16 27
5 29 22 28 16 4
5 29 22 32 6 27
5 29 22 28 32 27
5 29 23 22 6 4
5 29 23 22 28 4
5 29 23 6 16 4
5 29 23 28 16 4
5 29 23 22 32 6
5 29 23 22 28 32
5 29 23 6 16 25
5 29 10 32 6 27
5 29 30 16 27 25
5 29 6 30 16 25
5 29 6 30 16 27
5 29 23 10 6 25
5 29 10 16 27 25
5 29 23 18 16 25
5 29 23 28 18 16
5 29 10 32 2 27
5 29 28 32 2 27
5 29 28 10 2 27
5 29 10 30 27 25
5 29 10 6 30 25
5 29 10 6 30 27
5 29 10 18 16 25
5 29 10 18 16 27
5 29 28 18 16 27
5 29 28 10 2 12
5 29 10 18 12 27
5 29 28 18 12 27
5 29 28 10 12 27
5 20 29 28 2 12
5 20 28 18 2 12
5 20 29 10 2 12
5 20 29 28 18 12
5 20 29 23 28 18
5 20 29 28 32 2
5 20 29 23 28 32
5 20 28 32 18 2
5 20 10 2 12 25
5 20 29 10 18 12
5 20 29 10 32 2
5 20 10 18 12 25
5 20 28 32 18 19
5 20 23 28 18 19
5 20 10 2 31 25
5 20 29 10 18 25
5 20 29 23 18 25
5 20 29 23 10 25
5 20 10 32 6 2
5 20 29 10 32 6
5 20 29 23 32 6
5 20 29 23 10 6
5 20 22 28 32 19
5 20 23 22 32 19
5 20 23 22 28 19
5 20 23 22 28 32
5 20 10 6 31 25
5 20 23 6 31 25
5 20 23 10 6 25
5 20 10 6 2 31
5 20 32 6 2 31
5 20 23 32 6 31
