4
26
-7.64966 8.71633 2.37698 0.867733
8.74944 -6.76627 0.145256 1.22367
6.64127 -3.81246 -2.85176 -0.0800924
6.06733 -4.02257 -3.3072 -8.20071
-1.10595 -0.844728 -8.85928 8.14249
-0 1.36474 6.74088 8.45094
-0 0.5088 -0.744538 -1.75856
-0 -2.29969 5.45668 9.97662
-0 -2.94757 5.28428 3.16349
-0 2.47395 6.732 -6.29875
-0 -7.91878 3.90767 6.61507
-0 -6.93789 7.34797 0.44979
9.59377 -9.17269 -0 -4.16341
-0.43142 4.16362 -0 -0.725703
-6.81504 -4.35621 -0 4.39364
-1.99865 6.88555 -0 -9.18971
-4.68719 7.9653 -0 -5.66463
-6.00851 1.65804 -0 -4.65892
1.43077 -9.4096 -0 -7.20301
-7.91117 -8.8458 5.26391 -0
5.32539 -0.557147 5.74732 -0
-9.87676 3.4535 4.07984 -0
-4.82458 -6.76028 3.0514 -0
-8.85756 7.7698 4.54676 -0
-0.569937 -1.74568 -5.21016 -0
-8.34393 -5.91056 9.91962 -0
