4
26
-1.25739 2.15196 4.0009 6.19582
9.40607 4.96359 -9.39716 1.48082
1.12329 1.17181 -9.90097 5.35833
-3.45045 7.59764 9.10231 -0.451399
9.74765 -2.49901 7.52448 -8.77829
5.69647 -0 9.95736 3.03621
-6.18624 -0 5.91193 9.82231
1.3508 -0 6.69912 -6.41526
-7.59875 -0 -2.01118 -3.15335
9.35094 -0 -8.77846 -4.16445
-6.11451 -0 -9.37238 -9.29888
4.42249 -0 -5.28797 3.40053
7.13068 -9.02703 -0 2.26943
-4.59001 -8.57164 -0 -4.16948
9.69652 0.372209 -0 -6.49664
3.98712 -7.76447 -0 6.44445
-6.67343 -7.9671 -0 -1.2122
9.10268 2.70784 -0 1.28806
-9.62194 1.3758 -0 -7.80998
4.20961 6.5038 7.18627 -0
6.63484 -1.22651 3.75129 -0
-0.407619 9.38592 -8.07873 -0
4.29873 -5.58843 7.80373 -0
4.44869 -6.18217 6.42308 -0
-7.96185 -4.72155 9.96752 -0
9.34388 -9.45272 7.80658 -0
