4
33
-5.31484 8.67513 -2.70213 -8.43851
5.95567 -1.74684 8.50654 1.53421
-9.21367 -1.57276 -3.03935 9.52731
1.04586 -9.8776 6.14159 -0.0712096
7.63303 6.85803 -8.09454 -1.13461
-0 5.98339 -9.61867 -2.50331
-0 7.9781 7.53352 3.08072
-0 -0.632892 8.08647 4.48942
-0 5.12692 2.63012 -0.908567
-0 -6.52162 -6.73687 -7.72339
-0 4.79238 -2.75288 3.34994
-0 -9.07812 -4.29087 5.4365
6.32704 -0 2.08457 -3.26365
-7.07347 -0 -2.71025 2.58602
8.20826 -0 1.37475 2.89244
-7.90821 -0 -7.81918 9.42777
8.56293 -0 2.32493 -2.2002
0.39976 -0 1.40803 -5.86559
4.2468 -0 6.92995 8.87606
-4.20656 0.939723 -0 2.40664
-2.08347 -9.34657 -0 -4.73263
2.01054 -8.12486 -0 5.75517
0.331793 3.91302 -0 4.50633
3.50553 -0.458755 -0 5.83291
-9.56432 8.08448 -0 7.47724
5.15368 8.78029 -0 0.444681
9.02436 -7.23743 -1.64282 -0
-6.72254 -3.83377 -8.11484 -0
8.21692 8.74113 5.53354 -0
-2.28051 -4.39527 -1.01825 -0
-9.25467 -1.21839 0.0621737 -0
9.82601 2.906 -2.53186 -0
2.00019 2.61063 2.53666 -0
