4
33
7.17169 -4.23715 1.65293 -1.22616
3.98957 6.39235 -4.61649 -8.8857
-9.0576 6.93449 -1.30425 7.26792
-9.11209 -2.96433 -2.73262 4.43676
-0.590249 5.54562 -1.85869 1.63039
-0 5.98339 -9.61867 -2.50331
-0 7.9781 7.53352 3.08072
-0 -0.632892 8.08647 4.48942
-0 5.12692 2.63012 -0.908567
-0 -6.52162 -6.73687 -7.72339
-0 4.79238 -2.75288 3.34994
-0 -9.07812 -4.29087 5.4365
-8.3753 -0 7.95955 3.11342
8.98702 -0 -7.36641 7.86165
-3.46521 -0 -0.322339 -0.218661
-8.41792 -0 -9.91807 -7.53291
0.556838 -0 7.10225 -1.18478
-4.62302 -0 3.93263 -8.38646
5.7221 -0 3.61566 -6.35542
9.59377 -9.17269 -0 -4.16341
-0.43142 4.16362 -0 -0.725703
-6.81504 -4.35621 -0 4.39364
-1.99865 6.88555 -0 -9.18971
-4.68719 7.9653 -0 -5.66463
-6.00851 1.65804 -0 -4.65892
1.43077 -9.4096 -0 -7.20301
9.78276 0.405206 -4.76844 -0
3.89997 3.36954 -0.559251 -0
-7.50969 4.81355 0.581748 -0
1.81716 -1.79059 6.7371 -0
-2.53627 7.31458 1.2694 -0
-4.38508 -7.20861 2.38455 -0
-0.593368 9.23799 0.927943 -0
