4
26
-6.76836 2.18743 2.63616 1.47442
-2.55962 1.88269 0.637498 -8.45411
8.48321 -1.14544 1.42572 5.20723
-5.38123 -0.00267166 5.91152 -9.43174
5.67426 1.81806 -5.85236 -5.79273
-8.52278 -0 -7.23087 2.04587
2.52723 -0 -3.81004 1.84139
-2.09354 -0 -2.52283 2.2742
3.76393 -0 6.66196 -8.19724
1.37583 -0 0.883443 -1.01547
-1.35039 -0 4.95878 2.3167
1.06424 -0 8.14549 -8.56745
3.2331 1.13288 -0 9.77152
8.06267 -9.7563 -0 -4.10676
-0.129598 5.81589 -0 -2.09661
5.7475 -6.589 -0 9.91643
2.57056 2.60105 -0 -3.16108
-6.68525 5.73563 -0 -6.43037
-3.73348 -3.91846 -0 -0.00384081
4.20961 6.5038 7.18627 -0
6.63484 -1.22651 3.75129 -0
-0.407619 9.38592 -8.07873 -0
4.29873 -5.58843 7.80373 -0
4.44869 -6.18217 6.42308 -0
-7.96185 -4.72155 9.96752 -0
9.34388 -9.45272 7.80658 -0
