4
26
-1.72593 -5.06605 -1.66803 5.01561
8.74399 6.18275 4.36385 0.0851119
-3.56547 -4.41698 9.66313 -4.02338
-3.33339 -5.48671 -1.90846 3.26279
6.41816 3.34016 3.23512 2.1184
-0 9.1123 8.55447 5.95761
-0 2.70426 -4.04743 -4.76958
-0 -7.61953 1.9154 -0.796779
-0 3.0992 -9.70058 -3.67831
-0 9.62029 -9.47668 -9.0431
-0 6.94229 -0.757977 8.44423
-0 -5.53564 6.82108 4.18401
9.78276 0.405206 -4.76844 -0
3.89997 3.36954 -0.559251 -0
-7.50969 4.81355 0.581748 -0
1.81716 -1.79059 6.7371 -0
-2.53627 7.31458 1.2694 -0
-4.38508 -7.20861 2.38455 -0
-0.593368 9.23799 0.927943 -0
2.65679 -6.60133 -0 -2.26397
6.90239 -0.951136 -0 5.1073
-0.317774 6.4255 -0 2.59169
-8.03891 -6.60012 -0 -3.69265
-0.604677 -7.90984 -0 -6.59124
0.467913 2.84363 -0 0.935664
8.65969 1.19932 -0 -8.43254
