4
26
-3.53394 -4.83252 3.44412 -1.12705
8.78225 7.72733 -7.05293 4.70711
6.98558 -3.72308 -9.36891 -5.97882
4.65111 -7.29178 3.562 -6.29459
2.24222 -8.61401 5.0206 -4.94948
-0 3.10269 1.20468 -2.55968
-0 5.23878 -8.762 9.44596
-0 7.22135 6.13825 0.4836
-0 1.84963 1.63186 -8.27864
-0 1.18331 7.71458 9.46205
-0 4.85677 -4.30442 2.38458
-0 0.542406 6.71022 9.52989
2.65679 -6.60133 -0 -2.26397
6.90239 -0.951136 -0 5.1073
-0.317774 6.4255 -0 2.59169
-8.03891 -6.60012 -0 -3.69265
-0.604677 -7.90984 -0 -6.59124
0.467913 2.84363 -0 0.935664
8.65969 1.19932 -0 -8.43254
-7.91117 -8.8458 5.26391 -0
5.32539 -0.557147 5.74732 -0
-9.87676 3.4535 4.07984 -0
-4.82458 -6.76028 3.0514 -0
-8.85756 7.7698 4.54676 -0
-0.569937 -1.74568 -5.21016 -0
-8.34393 -5.91056 9.91962 -0
