4
33
1.13218 6.05682 6.63574 7.91186
-1.07199 -8.0567 -6.13887 8.93657
5.14538 -8.06833 -1.41687 -0.0893383
-3.31719 1.02334 -4.26978 6.14038
7.78967 5.24562 -7.6271 3.29191
8.11129 6.44752 -0 6.81673
-0.455973 -6.87025 -0 4.55765
8.81884 5.1341 -0 -5.47899
7.7735 5.16621 -0 6.14648
-1.49289 4.18045 -0 4.32144
-9.58118 -4.06665 -0 -9.84492
9.94106 7.39258 -0 1.39447
7.2001 -3.0873 -9.45009 -0
-9.21057 2.39111 -9.32277 -0
-3.61898 -4.79541 9.65525 -0
8.92072 9.49967 0.300075 -0
-3.15619 6.68806 6.09749 -0
0.281845 2.15385 -9.06841 -0
5.29299 -3.20087 9.64017 -0
-0 3.10269 1.20468 -2.55968
-0 5.23878 -8.762 9.44596
-0 7.22135 6.13825 0.4836
-0 1.84963 1.63186 -8.27864
-0 1.18331 7.71458 9.46205
-0 4.85677 -4.30442 2.38458
-0 0.542406 6.71022 9.52989
-8.52278 -0 -7.23087 2.04587
2.52723 -0 -3.81004 1.84139
-2.09354 -0 -2.52283 2.2742
3.76393 -0 6.66196 -8.19724
1.37583 -0 0.883443 -1.01547
-1.35039 -0 4.95878 2.3167
1.06424 -0 8.14549 -8.56745
