4
33
7.18476 -8.19263 -1.62067 -5.25125
7.20692 1.16872 -6.90135 1.30479
1.66064 0.212592 -2.03776 2.36044
0.642889 -4.4711 0.806868 -5.20358
-1.90803 4.54656 -0.319372 8.40285
9.02436 -7.23743 -1.64282 -0
-6.72254 -3.83377 -8.11484 -0
8.21692 8.74113 5.53354 -0
-2.28051 -4.39527 -1.01825 -0
-9.25467 -1.21839 0.0621737 -0
9.82601 2.906 -2.53186 -0
2.00019 2.61063 2.53666 -0
-0 9.1123 8.55447 5.95761
-0 2.70426 -4.04743 -4.76958
-0 -7.61953 1.9154 -0.796779
-0 3.0992 -9.70058 -3.67831
-0 9.62029 -9.47668 -9.0431
-0 6.94229 -0.757977 8.44423
-0 -5.53564 6.82108 4.18401
-3.93082 -0 8.62989 -0.223477
-9.62996 -0 6.61833 9.14873
-6.45513 -0 -1.15996 -7.29796
7.43648 -0 7.77358 7.63106
-2.00924 -0 -5.78498 5.95676
-4.72196 -0 3.95445 -5.71347
0.75644 -0 3.7102 9.1435
8.11129 6.44752 -0 6.81673
-0.455973 -6.87025 -0 4.55765
8.81884 5.1341 -0 -5.47899
7.7735 5.16621 -0 6.14648
-1.49289 4.18045 -0 4.32144
-9.58118 -4.06665 -0 -9.84492
9.94106 7.39258 -0 1.39447
