100 1
1
18.9259 666.668 7.28779
0
208.022 532.522 6.76986
0
396.381 455.536 10.6255
1
257 349.821 6.99701
0
32.4006 893.834 8.57954
0
160.572 571.966 5.10663
1
793.715 702.309 9.8856
0
600.573 837.862 2.98615
0
207.171 713.45 9.32915
1
377.144 817.022 9.05593
0
411.401 82.6084 21.8186
0
267.872 375.782 9.07556
1
452.162 372.793 7.84187
0
507.485 810.771 6.1288
0
568.371 608.255 6.11581
1
228.524 700.173 2.35771
0
83.7269 892.901 9.78517
0
43.5729 627.484 7.91345
1
540.676 62.0292 4.47304
0
457.217 622.07 8.66533
0
204.863 403.207 13.0684
1
336.776 256.6 7.21641
0
779.249 257.321 3.12607
0
426.522 842.851 10.3272
1
86.2684 386.48 10.043
0
963.329 747.962 7.40502
0
47.85 369.685 4.16461
1
405.626 549.38 9.32083
0
821.704 982.334 6.37751
0
450.505 978.097 5.19709
1
428.709 539.124 2.18818
0
296.224 916.533 9.98266
0
837.568 924.578 9.94203
1
378.338 5.41359 9.40758
0
3.86072 468.991 8.27192
0
961.959 198.723 3.89646
1
726.543 421.8 7.22697
0
709.696 353.101 5.78247
0
992.047 362.683 7.23128
1
207.303 149.24 6.69119
0
980.843 648.989 4.9537
0
976.834 681.509 7.9469
1
940.901 538.166 3.66198
0
183.073 89.1856 8.98421
0
850.275 552.943 6.92127
1
522.012 239.934 4.86339
0
236.631 107.834 6.346
0
389.085 867.52 19.0858
1
539.529 623.747 8.49462
0
706.591 671.088 8.17626
0
230.015 748.514 3.86706
0
387.086 470.592 6.81706
0
834.191 398.597 8.25095
0
985.732 929.73 9.61656
0
650.322 451.692 4.43497
1
0.233873 250.882 1.45587
0
708.563 199.466 2.60197
0
205.41 611.89 11.4266
0
97.4149 478.999 5.70596
0
761.332 747.701 5.67155
0
639.283 839.571 4.43203
1
156.905 593.072 9.58053
0
160.459 576.927 6.56985
0
4.97845 113.945 11.5546
1
483.957 106.368 10.4979
0
793.802 437.925 7.94999
0
525.14 523.249 11.1732
1
86.8296 969.819 6.16359
0
518.26 277.069 7.0412
0
769.756 94.3263 10.4847
1
332.32 473.312 8.9037
0
881.447 196.652 8.81822
0
630.963 560.839 2.87691
1
594.847 797.367 9.43015
0
155.673 767.526 8.19909
0
712.279 410.449 4.12233
1
432.408 941.35 7.9271
0
312.175 742.554 5.334
0
117.781 41.8833 7.55249
1
349.179 249.207 3.65912
0
826.222 881.752 8.30549
0
454.123 264.249 11.9864
1
231.798 616.197 8.66172
0
322.66 546.11 10.7764
0
270.455 803.665 7.69137
1
530.58 592.293 5.18236
0
2.13651 126.013 8.93743
0
709.719 660.787 1.46676
1
860.022 939.84 4.9429
0
837.194 867 7.85709
0
995.189 792.278 9.84425
0
554.487 969.063 8.45771
0
108.836 464.074 8.3538
1
324.075 820.826 7.88861
0
363.411 858.83 6.45128
0
82.9213 347.715 6.88639
1
586.018 713.157 10.6621
0
923.968 698.397 10.5419
0
909.88 130.231 2.84549
1
581.82 497.288 24.9152
