100 1
1
224.583 251.799 9.87682
0
928.625 325.736 7.6316
0
46.3308 915.659 11.5415
1
477.288 716.42 9.70168
0
216.734 82.8218 9.82621
0
559.182 940.334 2.83765
1
53.9225 869.041 8.32516
0
737.065 246.415 9.80303
0
949.161 822.107 4.33411
1
77.4204 387.91 8.60367
0
200.238 637.301 4.14022
0
803.157 689.731 8.7535
1
742.091 302.825 7.64947
0
851.457 668.367 4.99743
0
382.055 819.072 3.95922
0
607.173 918.843 5.73196
0
527.236 352.47 8.2916
0
366.974 680.346 6.87407
0
825.167 422.743 10.967
1
672.443 307.808 8.53638
0
824.788 131.372 9.63738
0
110.306 283.526 6.54257
1
671.688 406.478 7.58087
0
572.197 735.753 8.60848
0
461.845 667.361 6.75132
1
115.56 94.1871 11.0214
0
200.381 344.862 9.88531
0
422.234 933.02 7.00888
1
48.1028 829.748 4.26561
0
857.904 241.591 6.20817
0
143.237 633.692 11.2252
1
962.879 540.045 6.2375
0
330.849 104.049 8.27626
0
433.79 174.274 11.0093
1
394.08 116.691 10.0064
0
162.591 212.391 6.30834
0
803.608 678.174 6.89685
1
105.901 834.632 12.5486
0
623.535 510.343 8.3432
0
325.015 644.269 12.3788
1
552.855 569.16 4.62139
0
727.403 232.44 8.08603
0
913.513 880.442 6.5778
1
857.832 630.542 4.98609
0
52.901 203.85 9.7041
0
951.849 182.677 8.27917
1
958.981 222.423 7.43163
0
478.219 627.298 4.8943
0
978.041 41.964 5.15528
1
298.716 664.447 8.99767
0
521.949 678.23 7.18792
0
679.516 641.15 1.96491
1
11.0952 277.239 7.37357
0
694.194 805.376 11.6974
0
648.844 843.434 6.38656
1
191.484 614.824 9.27591
0
122.993 391.24 8.13339
0
992.249 528.662 4.50533
1
533.905 901.181 7.00568
0
606.52 532.937 10.4516
0
739.543 665.206 8.76918
1
971.85 328.925 5.00118
0
881.399 70.6676 5.51849
0
797.591 995.84 9.77763
0
952.987 490.101 7.76292
0
680.034 832.32 5.88014
0
799.557 300.479 2.58839
0
636.835 563.357 10.021
0
202.752 612.551 8.48844
0
248.456 669.612 3.33472
0
223.103 797.942 8.28353
0
100.967 478.017 3.87735
0
211.033 851.503 3.21354
0
333.503 520.6 7.74784
1
294.533 85.6598 11.9101
0
803.365 103.526 9.54821
0
946.628 958.531 5.76209
1
481.589 710.743 3.61026
0
748.021 706.481 6.85476
0
628.298 788.342 5.72671
1
567.909 141.404 5.72318
0
561.404 254.006 9.73506
0
461.858 156.033 8.23113
1
651.427 204.866 9.08897
0
513.611 747.16 7.5809
0
750.675 658.985 2.34801
1
968.94 373.433 8.59801
0
817.989 892.654 5.25239
0
848.035 540.449 5.00985
1
592.995 987.971 5.90685
0
901.08 441.081 3.137
0
99.5723 19.1592 1.26878
1
685.806 888.455 9.49169
0
556.687 323.842 10.4314
0
296.143 187.355 9.0542
1
532.102 699.588 4.43322
0
952.323 415.052 9.71471
0
353.943 17.7454 10.6382
1
147.15 622.151 7.23553
0
540.095 978.562 3.62493
