100 1
0
978.102 621.706 4.51822
1
262.369 985.904 8.7196
0
136.487 907.961 7.21211
0
486.344 612.912 8.85282
1
146.922 558.972 5.77284
0
31.2997 669.955 6.33711
0
561.677 11.1717 5.11755
1
181.853 344.809 9.52287
0
330.269 811.204 6.18546
0
127.37 29.0443 6.68882
1
261.008 432.727 7.16248
0
624.026 192.848 9.56798
0
797.941 164.121 9.40733
0
557.132 62.2293 7.79343
0
345.827 659.986 8.70608
0
808.307 870.66 5.54163
0
208.038 307.169 6.39456
0
426.871 815.515 11.5758
0
545.68 294.109 11.5771
1
202.638 606.213 11.0549
0
263.623 518.276 7.88237
0
275.115 231.726 9.01966
1
71.6853 801.679 5.91898
0
544.619 480.625 9.67343
0
798.231 357.841 5.05277
1
348.793 687.133 6.97184
0
260.669 106.317 7.94682
0
569.758 921.764 3.71726
1
890.234 864.537 8.51539
0
333.928 621.149 8.07309
0
965.122 211.839 11.2756
1
344.577 203.529 11.1545
0
832.488 149.869 4.12591
0
144.223 460.022 8.46393
1
668.706 608.445 4.57519
0
404.022 422.22 13.7649
0
164.342 979.326 8.53271
1
334.435 960.012 9.31452
0
165.872 181.333 8.69173
0
173.793 31.2531 7.59129
1
385.869 594.902 14.051
0
197.237 659.204 7.62649
0
876.439 3.60017 11.1936
1
113.541 717.003 10.7232
0
969.56 276.91 5.10363
0
978.627 946.371 7.83851
1
166.898 964.807 11.7138
0
68.2709 717.136 6.17026
0
818.339 972.475 4.7916
1
427.83 238.778 5.58456
0
13.0473 658.664 6.14391
1
531.913 931.624 5.43721
0
677.257 900.409 5.65618
0
97.207 356.277 8.45874
1
9.99854 328.7 1.94537
0
866.909 266.644 9.62856
0
381.897 641.404 3.15496
1
630.074 71.4188 2.68539
0
194.955 311.732 10.0301
0
558.464 822.198 5.90004
1
739.802 905.695 7.85055
0
117.599 982.788 8.07683
0
343.416 489.666 6.65802
1
927.151 759.887 4.72098
0
471.097 109.138 1.72534
0
100.084 692.651 5.70833
1
533.085 142.632 8.98039
0
703.018 269.929 6.74118
0
600.56 368.866 2.69707
1
877.108 147.778 8.0486
0
745.015 359.842 10.5447
0
303.038 790.953 5.03632
1
441.735 777.916 4.91582
0
852.886 177.537 8.19574
0
939.406 240.496 1.80406
1
221.779 572.487 4.53808
0
101.965 479.196 5.77448
0
911.05 251.29 5.26429
1
675.281 892.201 9.54698
0
719.697 985.119 9.3812
1
793.39 844.941 11.1665
0
557.783 794.52 8.63619
0
268.381 269.592 4.23142
1
118.685 392.382 5.45205
0
576.17 16.0442 18.1861
0
598.449 746.299 8.74903
1
752.496 680.026 4.74567
0
600.624 636.473 8.80673
0
528.473 828.073 7.94023
1
639.116 871.05 3.93119
0
680.426 281.292 2.56841
0
212.618 117.199 25.3643
0
780.65 653.782 6.60247
0
737.679 144.008 9.55655
0
996.354 769.57 6.31853
0
164.604 912.749 11.2988
0
254.571 647.38 11.923
0
530.587 976.849 6.50385
0
612.118 243.838 16.4564
0
573.966 176.394 10.4752
