100 1
0
606.696 204.512 9.22884
1
204.895 542.56 10.387
0
843.203 482.198 6.87465
0
72.3613 887.326 7.12048
1
354.478 866.339 12.669
0
773.562 469.924 8.24329
0
159.771 159.06 3.43293
1
993.971 733.607 10.161
0
739.21 873.376 7.07175
0
740.017 122.446 4.43986
1
576.943 97.234 7.37328
0
169.657 742.606 4.76312
0
803.193 190.712 6.6064
0
252.637 486.535 9.8328
0
456.609 881.849 8.22598
0
579.092 827.052 5.72717
0
26.3535 75.5343 10.2957
1
612.96 648.801 5.57325
0
870.678 726.114 8.90425
0
574.065 456.413 11.5733
1
655.128 735.853 12.0135
0
219.804 199.509 3.74292
0
906.692 17.1953 7.65399
1
448.409 698.517 5.99773
0
967.607 36.8869 7.87942
0
592.59 380.756 5.24183
1
308.548 26.5794 7.08309
0
61.336 443.367 8.94324
0
629.444 197.107 7.71455
1
377.993 4.21246 8.84743
0
780.753 261.749 4.83431
0
326.503 609.347 7.96422
1
891.899 778.486 5.53777
0
299.519 438.447 3.56402
0
869.608 547.562 7.37253
1
312.953 820.003 6.3483
0
160.749 640.717 3.58429
0
442.461 487.633 7.71474
1
388.143 813.304 7.14181
0
845.724 282.949 9.58055
0
944.47 104.09 11.6485
1
800.042 878.882 2.60809
0
892.822 937.995 6.60771
0
752.926 755.482 10.755
1
686.523 612.395 27.4403
0
305.545 553.227 10.9184
0
818.265 816.393 8.65875
1
262.004 19.1304 5.28668
0
986.66 277.188 8.9278
0
228.03 443.704 7.93327
1
271.504 453.095 7.39848
0
342.608 109.066 7.22989
0
324.282 743.69 9.52772
1
811.564 73.6256 7.44052
0
430.214 170.95 5.23846
0
791.694 632.306 7.45856
0
857.014 262.362 8.31754
0
547.614 265.853 8.79012
0
158.86 739.34 2.51763
0
841.055 664.61 8.40359
1
740.748 469.118 6.02249
0
885.218 938.454 9.50915
0
451.962 926.921 6.74105
1
457.256 252.241 6.90314
0
727.697 242.732 5.93856
0
878.456 711.148 3.71463
1
969.097 218.184 3.69508
0
894.55 28.2348 9.88442
0
824.831 528.909 9.65726
1
727.784 488.35 7.03424
0
654.895 817.302 10.2798
0
757.77 929.242 4.96233
1
70.0938 933.799 7.91097
0
116.525 833.826 10.8725
0
1.68376 187.451 5.48391
1
630.087 630.904 2.0779
0
137.545 973.327 6.38203
0
7.51613 119.646 4.85652
1
412.174 355.619 8.96139
0
303.299 897.61 9.54605
0
820.452 536.397 8.49526
1
435.645 15.4221 11.55
0
723.783 178.023 7.83167
0
943.388 624.682 12.3648
1
819.209 174.263 7.51324
0
514.603 701.333 9.8061
0
936.898 867.366 8.25803
1
426.135 80.9264 6.55583
0
184.526 996.751 10.7187
0
653.967 81.8305 8.16877
1
114.991 336.375 11.318
0
108.447 775.592 10.752
0
723.464 736.822 8.4933
1
906.827 207.045 9.56432
0
633.08 57.5082 6.83646
0
578.059 413.717 24.9164
1
391.38 716.071 8.42772
0
663.948 713.466 9.53033
0
14.1719 76.6119 10.0221
1
917.815 720.331 3.34371
