100 1
1
661.786 943.447 7.15495
0
932.213 407.195 7.72256
0
519.913 259.54 2.16083
1
676.52 898.558 9.10043
0
648.469 944.727 8.12563
0
859.391 913.632 8.1643
1
266.175 930.603 6.43001
0
76.4987 251.379 7.15053
0
871.313 642.757 8.72638
1
249.087 369.145 3.6502
0
401.824 18.0329 5.99745
0
961.428 154.233 9.22729
1
620.841 695.5 9.5879
0
930.276 629.959 1.35504
0
250.243 504.092 8.0682
1
939.164 763.591 6.73245
0
240.312 214.744 9.91548
0
722.114 150.255 3.9833
1
996.702 846.891 8.18347
0
253.236 287.015 8.195
0
762.002 740.229 2.90489
1
114.471 689.681 9.3964
0
428.036 917.285 8.35478
0
323.9 105.545 10.0278
1
263.738 800.572 7.82728
0
93.1287 966.318 10.4971
0
647.186 507.535 9.33951
1
584.389 302.457 10.308
0
980.406 545.928 6.16296
0
746.654 720.113 6.06599
1
285.792 518.821 9.18652
0
617.835 894.262 9.22812
0
396.692 644.026 10.3195
1
890.163 5.69617 8.93097
0
474.125 209.238 7.39727
0
200.369 26.5569 8.44527
1
991.656 137.687 6.68629
0
668.746 652.571 5.95099
0
656.641 978.03 7.38075
1
747.516 712.886 8.42154
0
561.046 568.296 3.991
0
82.861 761.4 5.46241
1
813.022 464.816 11.7411
0
903.1 973.126 9.50615
0
33.6487 382.241 11.0701
1
39.4648 65.8105 7.65298
0
813.349 595.784 10.9293
0
124.606 707.653 10.5896
0
837.14 666.772 10.1087
0
971.443 660.682 3.21948
0
782.142 456.328 7.17646
0
476.645 818.135 6.11872
0
249.794 521.714 2.80678
0
371.072 799.918 2.30166
0
607.797 82.4158 5.82339
0
253.303 653.259 8.37039
0
363 912.56 8.7888
0
568.822 559.47 2.29634
0
69.014 617.007 7.09194
0
380.961 352.092 6.01712
0
70.5693 441.185 4.38662
0
540.178 226.714 7.26329
0
1.16326 739.554 3.36755
0
199.939 124.266 9.26053
1
280.742 460.364 3.41918
0
212.566 919.185 8.06141
0
611.7 216.422 7.4991
1
525.673 305.003 16.0798
0
108.708 895.054 8.56305
0
335.743 340.462 8.04038
1
757.846 740.547 6.8039
0
177.942 60.1497 5.18409
0
259.754 26.8455 7.5238
1
353.252 429.555 9.36809
0
260.521 68.6481 3.64044
0
240.061 80.8388 1.84923
1
748.404 877.701 4.56238
0
865.392 964.743 13.1245
0
197.667 395.73 10.3121
1
280.242 675.149 9.89794
0
565.616 378.354 9.46418
0
862.165 633.649 9.27542
1
197.179 577.082 8.93814
0
943.984 281.128 9.98603
0
502.769 908.668 6.37561
1
619.162 688.344 4.95557
0
729.104 0.434476 2.80009
0
837.698 66.3779 9.08676
1
306.192 376.022 9.26795
0
196.78 207.585 7.03276
0
659.126 94.2685 9.34822
1
184.236 284.277 11.1445
0
794.186 972.557 10.0333
0
409.742 93.2309 8.05346
1
546.283 587.935 7.74922
0
367.741 70.3327 5.8261
0
425.542 890.755 10.7592
1
300.561 608.712 5.98529
0
980.449 807.383 8.39032
0
140.372 274.776 9.45916
