100 1
1
342.782 700.776 6.26537
0
839.372 928.97 2.0725
0
730.129 444.737 8.18719
1
184.595 555.979 11.63
0
393.433 803.972 10.3656
0
382.054 824.602 11.5817
1
456.25 804.403 11.4368
0
21.7455 639.332 4.39716
0
384.807 148.427 10.1171
0
22.5558 808.806 7.9121
0
612.317 356.644 9.10855
0
58.6831 385.169 9.38135
0
868.572 342.977 5.81814
0
454.1 257.977 9.56774
0
185.849 685.78 11.3579
0
789.195 940.302 3.72992
1
738.943 559.959 3.11612
0
330.921 288.18 3.59436
0
122.025 113.129 6.23775
1
564.88 901.911 9.05468
0
948.979 658.465 2.92575
0
562.893 428.672 7.92402
1
867.123 138.933 4.42002
0
719.63 949.982 2.06901
0
982.811 319.752 5.37642
1
258.434 869.477 3.86147
0
100.151 489.967 0.917134
0
77.0318 2.57873 8.07553
1
337.832 842.89 7.13906
0
797.286 988.668 8.98319
0
379.118 263.09 6.65838
1
908.209 809.303 4.55049
0
882.924 453.947 9.60822
0
666.612 490.68 6.62812
1
742.885 936.498 9.04702
0
213.004 976.55 8.17709
0
774.282 834.54 11.7892
1
386.801 827.862 7.18331
0
885.97 803.965 10.8801
0
793.052 298.68 6.67607
1
428.09 65.2868 9.36694
0
239.553 164.567 9.2819
0
700.028 168.306 2.31298
1
67.7903 670.222 5.08605
0
2.84585 530.812 4.81453
0
805.946 222.655 10.1193
1
929.718 795.947 6.8062
0
19.8455 112.917 6.11466
0
275.897 797.704 9.82403
1
912.358 796.174 8.46833
0
58.1847 356.644 7.15184
0
912.366 864.97 9.1208
0
94.1592 59.9766 7.63778
0
771.663 290.598 2.64114
0
629.51 318.578 7.24369
0
825.91 486.912 10.0013
1
600.33 431.252 4.35194
0
817.665 880.793 5.17015
0
680.059 732.232 4.23028
1
566.996 576.404 10.0266
0
361.375 388.252 4.94038
0
763.164 456.48 11.3265
1
14.1278 337.741 8.44082
0
532.671 551.853 5.87067
0
69.1669 391.856 4.76062
1
808.48 329.941 2.07259
0
653.013 643.805 9.14159
0
563.149 410.919 6.32474
1
285.326 618.328 9.72254
0
380.814 723.05 5.75429
0
8.96984 793.289 8.32652
1
727.298 448.964 4.53868
0
865.078 844.099 12.3776
0
431.746 699.901 3.19841
1
451.649 960.38 4.23071
0
666.31 703.683 10.8612
0
933.95 653.791 9.39691
1
617.572 819.176 6.50714
0
225.691 535.924 11.539
0
12.2706 354.591 10.1092
1
210.294 354.892 9.89241
0
590.329 899.825 4.11844
0
118.066 446.972 7.30747
1
266.321 148.087 8.77559
0
360.227 731.017 2.46632
0
127.533 750.29 5.28507
1
496.902 461.914 8.89998
0
757.764 73.2282 7.58968
0
630.727 906.044 6.61977
1
92.9786 972.116 7.63162
0
121.955 505.64 8.80652
0
800.785 373.279 6.88122
1
361.074 797.171 7.16074
0
177.591 693.796 7.68251
0
611.26 776.915 5.18382
0
839.937 701.118 1.98211
1
846.676 887.16 9.90507
0
438.517 160.338 4.40055
0
893.548 622.949 10.9608
1
593.502 309.684 5.82217
