100 1
1
636.245 327.811 9.18855
0
385.207 334.656 12.5359
0
165.226 593.785 10.8984
1
57.682 353.921 8.652
0
873.619 767.956 7.31598
0
338.462 42.5293 6.37166
1
666.079 781.925 7.84322
0
937.699 154.187 9.23126
0
34.223 935.734 12.9219
1
804.387 139.827 7.96315
0
810.808 442.534 4.57975
0
429.72 235.594 8.29589
1
890.31 697.605 6.8067
0
643.352 56.3502 10.202
0
913.821 358.144 8.51936
1
907.825 707.07 7.83185
0
21.4495 260.32 3.88179
0
169.392 630.745 2.08536
1
61.374 828.361 5.77543
0
718.22 901.01 4.66951
0
473.592 898.831 8.36486
1
470.594 393.985 8.69222
0
868.923 945.886 7.19598
0
921.649 126.947 7.16029
1
994.274 166.531 10.7782
0
459.589 782.008 7.88256
0
484.703 668.511 9.95626
1
817.673 25.386 10.0914
0
977.972 300.322 5.42659
0
947.632 738.708 6.058
1
254.575 261.978 9.44036
0
476.959 906.497 10.1058
0
583.481 499.008 7.67221
1
837.903 789.568 4.81634
0
659.45 802.696 2.94666
0
527.878 309.795 3.92784
1
11.9748 610.773 3.08292
0
361.826 239.289 5.07255
0
655.81 373.886 10.0954
1
14.7061 887.106 9.60874
0
620.743 257.745 6.08305
0
948.402 567.578 6.48389
1
621.568 477.095 5.92626
0
108.742 458.55 4.09304
0
556.178 687.379 8.62454
1
249.955 366.727 5.78206
0
335.923 127.799 8.62582
0
869.837 428.141 5.80091
1
791.776 648.777 4.0886
0
233.244 542.395 8.54348
0
59.8622 624.474 8.22128
1
794.389 109.928 8.98172
0
390.819 979.836 1.30419
0
846.901 870.358 5.45228
1
947.189 242.355 9.5239
0
647.368 112.452 7.21575
0
72.3288 383.83 9.16802
1
341.797 31.1466 3.90519
0
925.482 188.994 10.5831
0
997.937 373.968 7.10723
0
880.531 624.105 9.05631
0
336.31 654.965 10.8366
0
878.221 22.1778 4.53108
0
23.4686 34.5519 11.6693
0
93.5957 669.261 7.74152
0
741.02 429.129 2.02297
0
268.916 773.974 8.46924
1
927.674 341.219 5.12642
0
889.564 664.836 8.4121
0
504.001 356.959 11.2965
1
1.75343 42.9674 8.62784
0
263.023 348.458 8.92775
0
15.084 852.836 9.7803
1
336.787 300.556 5.31207
0
947.834 162.672 6.8431
0
19.781 624.075 7.06826
1
600.187 263.67 8.10839
0
399.765 893.516 8.79555
0
744.032 274.492 12.0339
1
364.016 188.85 7.9371
0
294.173 728.545 9.95744
0
947.002 386.37 9.17015
1
969.484 719.334 1.88568
0
658.409 296.151 8.52093
0
116.128 464.032 11.0752
1
458.441 517.427 7.38474
0
215.997 434.422 11.6512
0
701.574 954.245 8.87392
1
75.5155 919.801 9.41538
0
767.557 97.6571 6.57929
0
800.325 613.668 10.0943
1
935.097 677.981 10.4018
0
247.581 819.576 4.55914
0
162.937 719.276 5.99867
1
950.14 595.897 9.59136
0
8.83435 930.285 2.21401
0
229.904 358.684 3.302
1
53.9524 552.178 8.37909
0
790.748 611.612 17.5188
0
119.292 717.773 4.55617
