1000 10
443.01 383.787
651.78 702.916
702.141 669.485
112.697 793.559
177.964 501.314
34.6366 750.786
678.041 402.548
181.49 252.408
162.261 425.373
456.463 789.626
49.5029 691.342
874.81 613.322
814.89 341.753
925.039 952.611
362.492 909.965
46.8454 239.257
558.212 538.132
904.282 243.194
41.2474 286.68
882.546 540.727
444.233 64.8939
221.5 151.602
600.098 933.212
342.905 487.869
988.533 741.64
684.746 917.444
936.79 31.5494
916.921 526.037
748.37 159.604
11.3426 405.208
182.131 691.503
407.138 789.049
151.197 281.021
189.193 688.318
320.344 969.883
47.2564 92.8735
148.694 66.7662
359.26 278.69
781.433 948.574
331.682 854.576
987.194 327.635
283.993 198.721
484.392 607.488
640.596 256.331
393.744 505.416
991.546 102.804
888.867 378.987
60.6262 933.76
275.48 521.391
715.92 965.333
102.681 512.653
369.872 976.618
24.796 634.298
493.596 382.726
403.074 716.405
571.731 458.849
402.091 669.15
993.348 176.103
802.592 988.954
815.086 975.647
701.05 221.31
355.28 706.008
6.99359 82.5177
349.363 68.5431
202.192 134.497
690.453 606.626
754.392 415.701
884.466 887.806
603.233 280.795
877.339 456.009
470.916 951.859
67.2089 213.38
358.562 866.033
703.702 829.412
912.384 146.294
758.525 249.429
556.374 840.717
262.723 25.1705
672.79 240.141
263.427 677.747
958.044 774.594
836 31.5161
975.597 481.573
750.661 405.029
591.561 527.718
564.399 348.476
987.592 518.332
235.787 140.69
577.812 323.549
499.437 813.873
105.088 235.547
897.537 547.062
445.446 401.125
658.731 264.672
261.121 482.514
854.963 137.043
751.58 636.691
998.051 701.699
251.073 344.993
513.251 171.747
142.327 491.575
482.325 476.245
225.94 291.73
630.006 611.81
542.726 519.932
27.3058 569.29
504.254 239.235
747.699 604.789
821.924 800.135
476.561 637.987
244.002 788.591
802.566 167.54
232.543 488.713
768.021 842.623
181.895 481.059
275.743 977.706
243.954 867.847
748.711 88.5665
866.866 26.5267
674.382 27.0246
233.895 931.261
119.328 13.6213
743.698 232.452
806.96 114.37
370.08 727.768
629.568 566.03
731.98 92.2665
721.517 712.583
830.752 693.224
58.7195 994.94
174.675 539.542
407.061 62.4914
861.29 93.1303
889.791 790.979
112.891 180.916
996.885 220.485
547.069 528.739
703.735 818.46
580.021 883.432
827.926 121.745
687.432 392.507
482.05 96.6357
497.694 716.76
885.383 813.905
412.417 946.034
110.764 963.053
302.146 898.982
821.654 896.137
240.629 598.546
689.398 936.28
810.651 699.571
454.598 882.309
462.43 578.29
811.373 262.436
143.385 98.1568
398.665 504.713
693.332 935.47
43.5984 201.391
317.588 470.995
166.507 999.457
408.505 420.212
617.097 839.447
236.629 278.254
194.04 700.533
201.973 743.12
638.039 304.913
653.085 199.901
229.033 776.458
990.086 589.473
212.971 271.815
600.709 182.845
292.524 356.916
505.623 117.946
503.384 929.259
334.425 842.794
69.3753 842.452
103.728 790.431
713.405 378.088
322.712 737.493
333.893 758.273
248.445 192.714
570.032 87.8041
900.54 445.382
774.507 429.607
589.46 650.963
586.614 222.838
593.072 174.585
859.001 280.133
64.8709 422.864
832.989 459.047
605.66 207.76
908.595 616.42
203.285 790.767
315.105 452.551
903.544 17.5951
467.746 591.561
573.019 838.102
753.92 393.809
504.595 551.374
541.596 198.244
293.75 899.679
597.229 557.226
646.287 862.975
688.292 567.811
602.418 803.241
942.858 11.0494
686.734 37.8486
169.921 165.361
616.932 762.643
887.738 309.049
836.986 451.784
558.405 557.219
486.976 142.65
610.406 831.384
894.414 796.645
745.708 477.886
326.06 792.035
504.469 691.266
695.022 783.814
896.617 302.98
767.147 439.188
303.914 973.316
498.421 308.894
705.077 102.324
881.515 108.8
542.96 75.2893
669.572 72.7951
197.201 250.74
520.153 395.207
10.1541 60.4424
51.5249 624.106
408.267 699.752
426.001 311.666
646.018 443.274
959.425 371.371
81.871 298.232
577.48 162.725
798.714 470.677
136.29 194.804
428.12 152.124
928.237 944.542
727.871 303.211
900.462 958.794
876.813 822.167
527.464 203.302
559.755 269.992
856.426 148.31
271.654 899.322
635.166 838.991
71.31 21.8933
466.415 383.133
328.435 134.021
489.777 8.16733
485.381 286.188
36.6393 342.809
246.431 391.406
547.721 350.862
7.53557 763.284
574.873 815.584
530.604 684.18
58.3074 392.935
14.9912 766.191
341.177 236.467
209.7 799.547
145.376 573.979
241.872 842.713
272.727 587.533
496.19 695.998
837.452 483.724
714.672 747.097
772.582 925.248
953.658 926.677
241.991 482.184
811.572 83.6198
964.629 548.488
701.104 407.268
527.719 461.179
889.976 141.567
731.613 420.829
355.057 60.3987
906.062 242.451
559.265 622.463
43.8657 245.663
608.749 635.167
685.176 410.65
48.4302 303.721
746.867 890.123
199.095 89.4629
302.806 459.43
188.731 6.30379
584.516 567.954
206.319 730.687
465.08 542.496
851.84 971.013
943.301 991.244
922.621 459.061
480.164 648.072
15.1708 550.026
994.776 808.315
421.37 989.423
310.012 908.753
670.851 157.317
924.091 700.719
33.9075 432.763
907.518 25.7717
839.21 839.913
967.017 610.086
654.593 224.111
571.405 339.65
290.552 257.579
886.671 841.012
821.792 153.266
65.2637 274.306
46.3234 194.989
39.5837 797.598
918.517 430.21
273.116 905.821
7.55404 270.523
119.246 438.128
607.437 884.532
156.824 120.367
523.659 632.132
929.353 281.185
5.24243 156.169
932.347 636.757
232.657 799.214
57.9026 368.644
561.277 951.801
803.101 27.3431
667.586 134.847
953.257 180.713
759.403 3.30916
296.569 622.394
984.379 123.248
750.999 364.993
896.183 893.951
902.305 498.918
196.761 114.797
922.466 333.402
834.655 234.7
393.817 218.754
124.208 465.698
21.8422 803.706
42.8368 95.8309
175.98 193.485
241.999 221.095
820.879 699.482
475.433 244.655
529.696 415.322
14.0953 427.456
369.969 789.779
264.199 548.328
415.843 247.181
552.342 489.83
233.635 739.874
780.128 754.676
630.919 769.876
228.407 716.489
715.372 958.195
533.213 387.108
20.2092 796.492
10.3474 182.333
631.173 439.756
758.198 945.462
953.041 778.514
624.801 752.289
186.142 710.2
544.902 300.389
112.894 705.195
118.822 546.687
195.175 470.045
127.672 941.578
834.168 108.239
294.204 894.52
430.405 390.125
712.634 739.731
426.237 494.347
437.762 178.449
74.4569 756.411
389.617 964.343
582.608 949.457
709.251 60.0001
841.165 220.365
690.023 797.939
709.922 5.81181
67.4583 997.375
984.931 820.204
183.458 811.26
324.685 546.397
1.34467 85.2795
72.7832 25.2444
509.519 520.476
897.117 685.948
748.69 555.794
269.634 478.395
82.873 497.257
14.2511 350.769
212.411 252.112
962.755 517.742
752.052 312.304
419.401 537.599
323.145 129.489
396.813 314.952
140.26 233.72
26.8972 286.714
815.95 258.467
387.786 694.048
568.918 739.355
191.745 22.6283
685.319 304.08
240.945 187.234
301.071 355.713
214.013 690.709
588.985 799.132
583.131 142.208
735.852 226.635
716.494 247.45
547.038 866.458
279.941 334.95
882.852 2.20607
776.996 973.077
530.546 652.658
278.731 920.477
37.0494 713.028
276.753 528.257
312.085 634.009
695.928 474.303
978.181 892.559
636.783 152.902
233.368 266.568
515.161 604.446
537.537 98.5736
259.185 547.895
118.166 678.122
423.993 44.2438
662.376 199.773
146.674 307.729
870.25 889.815
882.591 569.764
55.3433 806.5
731.288 567.11
364.886 753.028
645.772 518.012
79.8814 244.847
951.753 426.807
206.111 532.471
908.674 948.028
651.56 249.19
646.788 903.139
758.965 246.886
62.038 765.016
679.996 888.359
644.818 983.131
518.333 503.984
623.649 662.964
640.246 492.728
489.863 98.2707
784.708 860.818
114.32 473.289
398.69 8.63595
174.26 185.111
149.295 697.859
317.968 700.841
535.138 346.13
443.94 166.545
92.1166 948.642
393.758 823.474
11.3559 122.857
987.977 159.873
650.518 735.649
208.382 223.486
802.824 493.051
654.737 450.639
458.617 320.737
713.815 263.125
370.172 240.778
997.193 659.454
330.072 423.791
159.652 508.537
743.523 708.922
819.538 341.479
796.987 231.776
497.042 617.502
4.26475 113.153
934.662 364.017
761.009 11.9373
161.859 95.9154
284.97 938.738
342.447 57.6331
197.363 49.1626
50.2165 698.423
301.015 923.512
676.403 359.65
457.514 250.302
555.397 826.02
713.644 908.706
71.7022 543.111
761.978 768.957
336.76 71.2407
611.81 635.68
308.022 159.028
585.706 862.018
616.424 163.778
145.099 764.954
262.749 205.342
738.204 208.432
965.937 300.491
692.749 275.267
119.016 96.7078
831.446 340.037
610.945 839.973
89.6368 191.016
352.77 901.419
821.148 350.049
911.52 828.675
411.479 427.555
173.499 430.803
52.7385 500.181
873.414 248.518
221.798 162.845
870.104 647.389
482.101 819.002
949.34 151.28
680.839 858.294
520.724 151.137
891.779 685.726
468.618 512.706
597.945 842.079
688.023 772.831
340.567 751.45
645.929 22.4982
151.977 206.479
620.872 690.789
29.8944 736.698
770.512 348.036
877.972 124.516
736.585 680.149
194.255 332.523
146.887 943.834
58.5363 889.231
215.157 34.444
234.582 660.698
433.256 595.403
603.623 787.05
991.732 879.247
169.196 668.109
207.518 835.74
74.7648 79.0259
549.023 151.194
978.266 745.407
153.549 690.522
531.255 254.635
54.1375 621.975
507.312 274.993
878.724 464.122
171.913 464.447
616.434 764.036
159.12 326.833
163.309 835.123
624.471 265.339
494.577 953.444
136.373 18.2702
926.281 961.967
589.414 233.949
706.837 262.984
25.2621 328.655
24.3146 317.482
208.31 382.616
774.397 315.329
406.969 728.857
724.156 847.042
579.296 900.467
700.345 928.542
147.564 225.294
916.038 190.819
419.419 767.196
839.359 680.58
911.421 418.004
832.462 489.815
397.548 244.518
932.751 101.766
110.269 249.307
83.2651 454.533
312.383 640.682
62.3035 443.132
106.51 742.172
491.396 792.123
834.652 632.423
506.572 362.269
108.942 769.486
497.902 615.339
258.021 521.316
186.482 287.879
351.759 967.462
808.339 113.734
692.713 985.816
890.32 523.765
63.5636 903.175
927.251 407.461
197.47 963.562
94.3023 668.115
736.196 424.441
76.9755 568.133
727.04 87.5266
42.5042 160.37
326.95 334.821
362.197 277.246
225.6 846.512
104.446 16.275
692.602 239.384
258.826 42.2534
857.429 540.353
146.599 264.738
785.882 696.931
264.298 96.86
604.912 662.234
410.116 694.319
228.874 150.519
5.82935 274.702
866.765 132.842
295.817 950.958
818.63 287.899
388.878 304.57
710.682 79.1537
854.522 911.372
744.447 214.558
644.687 862.854
501.451 16.2558
566.116 680.959
301.089 706.469
844.523 791.21
946.542 179.601
850.255 533.631
588.788 270.943
530.782 393.617
28.745 74.7838
192.215 134.024
764.382 216.938
369.502 74.0308
50.9817 447.994
234.582 389.714
420.786 825.485
29.7003 330.586
69.3897 190.585
853.479 23.5515
553.269 308.681
124.152 28.0685
184.436 555.162
808.515 475.574
520.52 712.192
329.551 430.868
173.487 165.943
75.261 157.548
274.061 611.617
324.416 326.713
572.73 714.631
935.401 347.214
408.376 715.278
282.109 856.114
762.636 877.678
712.432 427.151
385.315 693.995
888.617 182.247
584.4 181.657
166.237 668.751
939.285 509.59
38.4555 37.2139
22.0296 861.192
569.015 779.817
104.146 44.286
721.17 132.921
994.15 276.775
744.733 368.941
294.678 921.332
737.829 473.381
918.931 701.406
214.457 140.166
925.255 396.671
469.526 21.5034
929.581 657.332
441.228 27.504
175.822 284.936
42.4467 404.673
829.26 413.054
975.761 874.319
819.072 19.462
373.397 304.512
758.964 708.726
713.824 811.948
823.026 653.237
834.726 686.822
427.935 804.576
393.614 430.089
226.046 422.565
316.82 569.716
939.537 521.727
702.958 344.951
268.066 829.937
678.047 80.5845
833.751 924.733
530.798 811.843
509.03 613.137
932.757 147.078
318.615 367.954
801.124 70.005
359.351 2.25042
678.236 784.355
674.9 137.264
328.966 973.407
414.091 294.753
450.063 161.842
101.858 534.364
973.959 660.123
330.759 215.232
666.49 609.351
403.683 889.608
860.827 968.976
286.608 737.325
690.213 989.081
207.028 628.819
465.575 934.788
257.444 765.82
983.473 558.985
143.387 424.7
876.447 802.727
216.114 560.44
571.156 849.759
535.162 940.383
955.654 671.711
803.974 539.426
686.1 253.452
251.69 605.14
612.414 692.225
519.418 706.415
663.779 993.757
272.093 910.476
575.468 5.89536
146.777 685.077
315.595 664.871
387.257 802.993
280.594 597.967
932.215 936.777
456.283 105.799
263.763 876.118
163.717 984.045
606.321 709.124
633.164 440.849
948.795 633.884
327.671 547.799
85.2452 562.194
692.792 517.573
397.771 212.044
907.172 560.205
460.547 620.743
498.978 867.554
896.532 688.179
525.46 516.848
653.607 870.555
935.433 154.353
816.937 213.618
964.091 237.43
541.199 641.267
60.9467 82.7406
509.054 589.152
261.103 927.298
822.384 653.443
470.867 7.87128
751.865 678.192
422.559 487.443
717.177 143.089
937.139 260.261
924.946 406.234
677.148 556.415
949.857 401.392
97.0034 948.374
181.747 49.7959
444.997 728.472
469.553 111.966
872.999 465.518
995.352 490.954
965.985 781.223
233.331 399.683
956.778 206.598
635.71 745.383
55.3954 432.262
545.349 478.886
913.668 667.848
43.3732 731.035
126.316 295.656
275.562 65.4013
262.669 100.408
990.344 199.356
430.62 429.648
671.097 983.7
198.575 213.476
822.219 616.966
397.972 756.814
729.436 298.59
579.299 854.337
596.351 956.663
920.642 739.982
668.2 197.351
706.027 414.243
282.721 934.344
620.252 707.541
882.543 552.621
485.043 956.696
935.201 378.283
662.243 647.218
49.16 13.9634
227.039 891.794
479.981 800.32
692.722 407.708
316.341 350.364
454.156 238.425
717.729 227.224
379.36 71.4006
313.681 675.494
820.768 922.479
99.9845 37.2008
911.617 276.702
454.708 903.589
417.201 488.462
861.828 277.632
262.813 960.699
445.125 720.097
683.42 389.275
464.347 797.967
571.712 422.811
54.4838 603.304
694.089 971.986
635.198 241.264
549.983 2.22523
15.4173 199.117
767.278 131.499
268.398 598.154
942.103 61.3397
897.969 562.389
179.04 967.192
263.443 174.243
983.307 742.736
247.015 128.884
429.065 663.447
848.592 93.8612
563.234 825.423
459.245 258.575
290.8 245.213
846.969 712.744
485.234 361.735
567.979 825.787
0.859398 931.389
71.1599 832.976
931.957 940.802
914.913 753.15
816.028 672.086
274.816 635.851
128.519 528.635
497.905 838.842
321.216 933.465
400.331 248.659
46.5652 897.383
245.364 550.069
842.402 139.205
944.183 500.402
165.312 189.744
505.812 831.97
416.74 163.895
387.185 293.568
102.942 295.179
497.726 502.311
820.748 636.13
794.94 528.219
855.951 53.5404
179.077 72.8901
111.108 235.062
275.996 888.705
412.013 457.708
206.588 935.724
163.978 81.9835
331.52 957.136
307.948 954.22
708.283 681.615
938.837 506.084
548.808 377.125
506.998 799.046
906.021 545.877
747.679 970.488
227.774 392.421
305.596 376.37
566.881 810.071
492.709 222.258
121.246 735.738
369.64 266.94
537.886 372.366
437.273 541.403
469.632 686.807
74.1867 463.947
770.487 27.741
461.094 142.69
330.972 970.03
753.765 303.507
18.5201 705.153
117.025 436.52
208.103 442.067
193.762 112.272
460.028 505.695
801.646 926.444
972.638 148.42
426.345 476.273
960.054 747.839
126.071 305.318
485.657 507.859
496.989 470.438
886.728 194.763
157.097 273.218
798.373 134.573
379.524 707.989
457.041 384.536
503.334 846.409
367.512 998.688
794.545 678.575
462.11 919.282
901.917 227.321
819.143 674.119
755.408 910.907
244.457 645.267
725.417 935.67
764.584 647.597
416.309 806.788
228.919 976.004
309.985 449.133
229.126 147.78
990.037 625.883
566.99 469.659
287.818 48.4593
800.089 8.62214
9.7927 143.075
242.104 202.908
871.721 392.09
798.331 40.5484
556.85 603.851
264.639 982.076
238.725 554.401
175.61 186.616
296.846 607.519
787.054 368.678
628.194 821.222
150.577 30.6111
601.649 292.709
716.26 957.404
689.467 168.625
645.896 948.833
425.142 752.555
996.344 666.536
429.333 284.224
991.63 817.181
46.638 878.198
191.33 556.269
486.932 703.074
517.161 874.527
650.97 575.953
809.535 382.54
833.778 953.125
685.664 472.995
267.692 997.292
270.592 459.433
474.424 629.828
978.911 122.411
359.543 462.486
922.025 663.569
659.904 622.408
772.379 953.041
662.542 166.15
859.173 458.22
331.051 719.591
93.672 706.023
819.572 413.802
82.6229 47.8817
492.12 525.666
660.266 672.35
629.415 706.893
569.815 799.325
685.204 228.665
645.178 748.774
773.187 330.975
538.217 534.352
979.292 507.001
787.907 270.968
832.6 801.551
450.023 60.7111
762.589 213.323
502.621 450.544
25.9801 518.867
627.313 941.087
203.172 447.247
51.6548 209.993
235.601 534.179
581.399 193.761
992.329 992.891
313.367 687.962
3
1.45016 106.015
171.256 186.835
128.568 112.053
7
182.4 351.488
145.082 318.014
84.3778 310.083
64.388 360.956
66.167 420.601
127.555 419.721
185.362 420.272
5
120.461 576.362
67.6014 580.004
83.2699 643.736
131.646 673.038
180.226 633.283
10
71.0628 874.606
65.7615 904.062
110.33 915.011
136.862 935.022
196.225 922.784
226.163 891.95
195.213 847.142
139.934 842.428
105.162 787.687
78.6394 843.344
8
323.659 126.107
355.417 178.009
380.105 180.373
412.887 174.202
430.03 117.113
398.001 74.5332
363.758 75.6529
324.414 71.2818
4
336.198 441.899
441.616 369.937
416.934 310.691
323.149 368.076
9
343.317 586.226
312.35 627.534
329.877 659.547
349.582 697.912
386.008 684.051
390.186 640.973
447.112 642.524
435.697 609.68
386.023 582.878
8
356.56 855.697
375 875
365.909 898.408
399.089 933.046
390.614 885.74
422.444 868.706
390.026 827.481
356.295 792.886
4
684.145 102.574
606.349 81.1181
529.631 106.484
626.057 129.273
10
563.071 350.777
553.052 390.368
588.701 422.023
615.845 430.457
650.469 443.464
679.011 396.242
668.456 363.961
683.386 321.761
633.006 306.476
600.906 310.526
