1000 10
286.257 403.237
223.082 747.606
209.268 77.1916
176.644 556.673
658.175 300.583
717.096 506.589
720.07 408.083
557.706 689.694
489.321 617.642
334.94 172.15
859.305 713.383
17.5504 984.613
514.032 963.248
134.134 261.265
265.844 101.543
57.3575 945.707
491.274 278.162
285.162 857.602
833.337 495.455
737.79 70.6589
601.056 460.163
27.5459 726.465
270.035 33.6449
539.584 519.853
307.235 275.539
947.662 699.931
64.406 899.764
669.468 989.084
918.023 358.29
880.113 734.15
196.288 68.7216
558.269 901.538
980.121 86.4062
683.548 6.18207
96.7881 276.468
79.2511 737.172
69.3675 319.797
634.729 227.486
528.364 893.055
792.442 600.516
379.929 224.577
389.076 718.595
552.26 928.09
157.38 993.019
880.63 30.6778
838.619 309.989
902.668 454.287
326.666 675.639
140.069 724.805
303.531 275.074
90.0212 747.239
977.343 274.583
817.928 703.301
297.676 372.716
952.928 948.99
911.277 553.789
110.854 857.654
247.496 781.733
490.193 199.748
872.911 872.003
758.269 324.15
496.45 721.773
841.135 573.404
620.25 625.146
170.335 711.179
523.066 301.798
647.999 826.133
923.474 742.828
285.716 892.213
33.6845 544.472
797.158 478.737
762.532 6.40794
190.482 919.854
66.3118 376.653
792.755 499.994
47.4689 334.321
892.959 345.564
862.321 931.729
760.793 15.5585
64.6575 977.552
700.703 923.645
731.451 612.659
575.838 149.096
399.624 798.581
53.0065 90.4343
291.635 430.561
711.841 660.276
287.828 745.186
911.257 243.753
943.856 568.604
206.528 586.109
945.746 699.854
334.499 704.207
549.665 235.143
889.745 396.706
143.948 292.329
720.119 333.605
916.759 881.333
490.889 579.55
650.659 316.665
218.951 906.472
192.121 83.8108
242.974 610.862
505.739 14.6948
466.28 420.053
453.503 581.439
16.2648 834.616
24.1152 68.8263
206.979 297.639
50.3532 772.219
3.57243 459.792
518.755 356.891
571.407 249.513
705.039 660.178
3.56079 409.872
984.601 76.3473
542.243 20.4881
139.317 850.839
363.769 548.899
891.929 760.035
255.484 683.437
646.57 984.333
685.205 229.942
309.112 199.873
864.346 274.286
197.939 714.764
103.641 627.842
766.257 453.555
446.059 512.822
483.361 154.83
752.803 288.297
938.667 572.323
870.705 265.112
817.851 113.958
841.021 615.174
930.704 703.273
751.683 113.857
24.7186 548.382
182.827 95.5246
808.236 299.149
921.485 424.292
212.214 551.784
988.99 107.428
350.821 844.74
465.47 328.273
600.206 217.952
210.28 812.145
484.024 416.543
572.097 567.131
533.107 823.99
453.922 907.299
572.259 444.945
735.55 566.89
371.408 714.053
911.15 745.335
447.492 525.38
251.201 159.42
947.094 995.487
71.246 351.155
487.947 869.212
181.931 922.187
981.25 827.437
266.443 897.178
40.0861 455.707
935.707 178.62
53.277 301.901
362.273 795.567
747.411 823.234
48.8839 401.034
994.037 216.003
644.058 535.86
566.679 119.974
696.002 34.4893
511.128 355.784
950.853 987.057
10.3773 901.294
786.556 548.291
806.557 779.125
890.052 662.53
42.8451 709.537
625.667 618.467
143.763 440.308
807.686 185.609
242.788 559.186
871.341 56.5014
637.146 911.916
893.146 863.702
297.229 869.164
181.105 543.313
753.808 47.3065
880.889 788.295
544.588 365.06
846.099 282.226
772.754 91.9273
662.294 506.166
457.989 804.677
877.938 9.11763
765.507 814.91
805.895 325.191
718.444 682.29
870.626 412.607
682.861 546.074
56.1638 913.073
902.919 963.299
784.833 241.096
966.97 426.09
866.017 504.998
53.7749 263.526
365.379 685.956
797.154 144.464
624.446 825.689
616.642 189.182
458.719 360.492
648.78 225.399
746.612 90.5302
170.447 566.433
730.462 947.654
453.997 556.112
237.038 335.948
813.215 960.539
732.271 573.756
858.611 482.784
823.619 373.709
743.164 490.794
690.85 480.81
543.703 755.105
661.134 595.999
534.176 227.839
266.765 857.309
430.9 190.102
484.045 599.325
159.98 27.7321
925.571 636.79
747.362 68.2816
301.723 939.724
518.838 446.661
781.698 151.033
213.916 820.172
998.267 833.415
904.559 156.557
292.699 371.984
624.514 659.675
459.443 356.057
540.804 802.741
85.3006 716.237
711.389 798.958
66.6345 826.128
9.6949 656.954
139.215 626.101
629.193 965.772
766.858 250.981
598.928 955.732
944.37 401.111
354.706 840.226
259.209 662.269
727.811 919.113
624.654 914.372
335.253 514.338
315.513 723.758
303.268 285.027
835.849 826.869
103.741 694.101
998.408 650.668
520.332 550.233
774.086 418.658
766.01 93.8855
637.942 272.94
902.447 709.483
539.504 826.425
923.164 264.11
850.217 588.957
874.358 309.101
166.06 883.219
207.888 513.828
293.001 638.865
832.307 464.966
268.226 537.889
870.83 161.244
210.177 971.709
588.23 980.91
69.4498 936.741
275.919 791.018
16.9332 5.59388
517.274 443.4
161.353 870.344
135.891 507.164
846.088 444.731
22.8675 348.795
728.601 263.799
993.242 167.459
920.743 582.646
492.256 610.144
880.424 767.72
670.624 974.019
508.988 483.303
819.613 704.375
257.191 922.895
782.559 123.057
72.9429 597.951
586.772 882.409
709.982 898.196
332.644 626.724
300.125 894.697
540.32 8.9393
413.964 764.977
867.933 923.994
504.825 101.896
319.445 240.391
776.287 652.858
649.296 830.789
51.7594 199.918
749.751 693.779
164.415 213.904
965.017 860.756
725.447 678.775
252.917 771.99
323.492 42.1031
469.545 601.069
90.6677 481.821
388.023 441.351
946.608 557.314
931.944 809.817
657.823 963.609
700.441 196.471
579.062 927.295
831.158 633.498
193.313 950.585
921.934 50.986
367.938 174.556
949.403 717.859
216.064 984.123
980.433 227.502
608.08 334.494
166.945 631.492
741.595 8.89712
531.999 233.678
925.137 525.967
596.898 686.386
285.641 467.503
13.8645 627.662
488.595 564.215
4.9263 669.362
93.0388 707.606
216.951 872.615
58.1415 585.49
594.159 46.4368
384.803 547.963
455.16 305.593
46.2494 479.617
287.235 809.023
642.811 192.624
611.448 179.21
241.225 634.786
154.334 605.889
585.701 476.928
763.546 638.038
287.085 282.64
874.513 168.753
825.201 502.514
805.552 960.779
917.926 474.555
25.0112 985.091
445.844 799.064
959.678 430.34
423.919 931.74
548.166 43.1042
274.862 142.499
463.354 575.076
445.762 58.6374
622.246 21.8495
666.097 81.3772
915.137 452.387
19.9515 297.069
307.92 624.098
493.57 164.286
22.335 912.421
341.819 984.282
167.656 802.85
709.929 842.821
799.933 889.442
21.4281 947.346
493.714 690.277
539.11 450.171
353.252 743.908
8.58221 909.208
852.95 122.979
435.556 507.001
45.1977 799.607
578.377 967.973
300.21 487.585
419.316 751.81
189.592 96.106
646.655 555.583
169.815 283.137
815.834 937.914
317.269 196.169
997.36 516.155
298.826 310.999
915.888 321.585
744.908 134.19
518.596 735.095
268.313 387.35
720.415 236.965
356.009 531.828
44.8834 142.405
241.669 231.165
159.535 272.57
272.828 595.964
248.598 232.063
532.452 362.089
899.778 434.002
4.52995 856.755
494.6 136.794
306.596 880.848
305 205.898
459.007 963.358
934.649 700.789
149.484 726.529
678.174 748.694
79.8833 128.875
553.119 444.473
534.04 687.238
176.384 104.094
469.431 467.395
965.223 945.265
726.289 54.3353
142.998 0.679831
228.048 992.009
595.087 844.369
963.306 787.99
416.01 496.852
936.307 530.834
990.873 707.959
534.481 866.85
322.103 360.89
800.998 46.3935
246.846 893.694
578.189 610.902
461.817 768.44
101.4 0.355865
561.574 764.834
581.909 62.915
71.6282 823.448
227.922 784.462
792.158 758.614
233.761 0.966331
283.142 18.1742
613.67 505.271
797.968 369.837
591.977 507.047
645.282 673.323
206.049 761.442
655.899 987.479
943.327 103.134
569.015 10.2149
630.107 928.886
697.749 197.914
887.226 422.649
271.227 286.586
991.338 218.111
681.084 767.221
603.767 610.781
290.711 499.059
494.007 821.709
456.059 768.571
18.9011 189.733
735.921 965.033
496.259 962.658
646.48 513.307
778.077 652.146
239.608 475.485
766.636 485.314
657.114 913.927
429.717 251.954
611.389 56.0953
479.65 991.706
16.8632 996.946
216.661 176.462
72.6192 422.864
30.181 895.705
967.409 431.556
732.075 56.9012
294.552 623.793
435.9 501.42
507.398 137.87
309.607 806.521
886.38 503.991
153.487 226.487
776.645 575.794
315.741 103.789
683.673 466.571
752.819 195.891
163.802 3.01009
258.14 804.958
864.076 169.937
515.586 999.123
141.1 284.299
571.766 771.672
125.801 772.005
311.549 826.481
240.501 99.7986
0.193436 547.074
929.789 276.65
267.729 957.516
390.031 693.737
807.315 616.96
505.787 924.238
130.523 76.0168
574.735 828.122
885.047 254.758
839.764 287.101
748.343 756.461
385.43 680.031
4.47712 310.368
223.632 530.548
702.232 162.856
518.39 789.929
443.806 253.727
303.321 292.928
571.944 185.409
639.813 186.309
58.8147 212.87
3.96533 709.277
950.688 865.084
899.996 174.999
87.3541 229.204
922.696 158.085
194.43 173.553
166.688 642.353
599.234 723.894
61.2019 918.302
680.093 196.2
248.359 397.959
40.5805 43.6672
709.797 544.675
681.517 821.259
934.411 546.895
302.982 278.216
382.545 951.339
947.053 680.487
825.584 959.719
532.202 612.427
627.689 184.257
245.382 167.265
410.702 777.501
440.964 30.6734
318.862 367.291
331.433 38.1325
996.857 844.424
458.158 670.23
337.637 188.767
190.297 604.965
632.988 30.8594
840.937 815.679
745.97 491.354
760.938 170.068
625.199 295.85
793.573 29.5815
617.875 601.824
526.358 507.958
256.035 155.706
77.6534 624.27
836.007 38.8154
946.564 210.491
693.075 762.044
320.5 227.178
262.404 118.42
991.99 179.613
414.489 788.748
179.01 769.189
543.463 12.8602
783.917 236.421
960.699 811.671
89.0719 495.524
715.73 236.167
967.899 693.758
982.523 621.668
855.37 591.322
478.82 864.48
659.888 704.447
46.1295 307.39
286.066 974.126
63.5304 339.368
136.433 664.485
700.329 710.302
18.9219 486.629
874.276 310.943
455.199 608.363
655.829 764.335
485.017 298.602
966.483 741.403
623.656 769.221
988.647 620.894
526.722 241.487
464.582 732.963
7.58804 952.284
242.118 907.558
163.078 284.401
649.119 947.378
352.554 988.278
718.435 639.524
218.806 243.155
827.653 962.401
585.931 64.5071
60.3813 188.604
395.222 550.317
920.75 381.46
218.467 751.554
781.459 983.675
968.517 737.324
153.044 567.097
50.4755 609.716
637.922 883.944
581.193 911.494
37.2563 562.719
711.506 297.446
997.355 842.242
478.063 225.463
827.517 710.703
249.78 773.26
606.353 516.679
984.364 511.896
544.442 566.125
61.0149 533.668
39.5705 740.749
408.983 481.777
65.4006 187.44
974.928 912.76
213.884 959.372
290.113 608.279
82.4367 839.491
136.145 59.9563
710.947 641.599
389.068 669.892
567.614 297.624
432.252 567.833
891.666 43.3534
157.913 645.279
617.833 443.23
843.733 142.497
278.711 457.443
503.021 767.364
15.0354 472.899
123.244 752.474
889.335 308.969
245.279 722.016
761.201 763.275
202.687 377.157
529.09 868.142
755.534 803.592
851.307 282.341
67.0955 592.058
929.797 909.431
957.873 372.021
69.0781 755.591
129.309 319.24
344.365 184.401
15.0768 94.0643
732.596 108.98
819.497 590.303
192.747 624.28
767.651 428.532
510.279 926.455
474.768 206.146
835.883 859.097
731.293 318.348
64.1279 296.555
516.861 431.093
721.162 863.783
378.913 503.334
424.718 537.984
170.505 56.6557
778.255 53.5642
864.249 711.388
97.8134 507.21
842.013 144.994
91.1098 699.163
791.872 545.619
495.153 333.971
141.112 231.233
533.729 972.055
45.8399 764.969
783.453 903.816
749.959 610.268
969.052 702.315
483.393 800.322
675.022 113.994
704.086 225.313
862.042 318.707
126.077 503.347
247.599 590.225
475.688 908.105
958.757 752.266
29.4862 341.165
97.2273 81.6331
568.592 116.634
554.54 439.537
522.269 471.607
387.55 925.842
274.28 300.548
267.587 951.52
262.452 863.224
813.905 356.68
544.67 350.558
919.703 285.95
825.203 441.491
838.161 31.1358
581.536 896.174
572.217 782.052
538.55 820.409
548.293 285.526
568.639 916.625
444.818 58.9087
863.691 313.163
761.888 991.347
498.15 630.521
103.47 280.398
726.028 666.219
481.908 708.4
176.232 832.479
543.065 333.024
647.834 895.461
84.4876 871.739
26.1996 846.733
654.369 262.282
292.037 884.041
502.103 98.3498
749.164 341.09
14.9601 180.412
401.297 534.289
355.964 20.5721
712.362 451.867
162.725 12.5313
953.487 642.688
100.793 799.38
100.008 955.051
674.241 307.936
334.636 817.46
853.506 923.726
634.046 997.281
24.1198 751.146
458.118 4.83299
583.23 14.7388
409.343 804.387
962.053 154.013
812.418 840.136
142.713 666.253
120.012 845.7
753.136 895.283
390.083 956.169
910.989 248.613
345.69 19.323
772.866 416.788
149.079 312.492
930.825 879.931
502.983 467.833
325.245 945.307
461.821 142.073
42.0519 485.554
958.259 670.848
847.833 427.395
947.898 900.458
546.817 806.759
67.3984 166.289
209.391 942.972
41.3591 587.267
687.849 968.133
967.026 87.5787
511.411 297.654
648.442 227.908
697.726 86.7615
722.362 606.804
827.997 446.395
159.573 969.074
686.126 602.799
937.927 390.042
694.386 767.361
706.386 287.641
6.16981 693.364
913.17 99.5801
932.215 822.423
594.282 650.047
643.428 175.542
733.719 913.527
126.577 291.152
842.871 388.005
868.675 801.489
182.659 989.068
823.424 340.84
214.856 588.325
530.559 712.045
354.806 700.564
232.115 142.609
322.05 853.58
414.315 396.963
317.867 467.296
55.0098 511.09
880.026 773.075
937.174 227.181
316.301 601.72
471.712 336.124
258.709 230.709
852.441 533.674
502.399 957.605
93.2097 126.854
767.452 573.025
114.458 714.348
955.826 428.682
99.644 239.818
535.92 588.058
38.1777 959.152
97.2532 26.8563
258.828 844.302
982.879 916.005
549.312 426.657
682.389 654.071
755.15 655.03
935.411 132.308
558.922 615.907
941.701 562.363
974.565 619.036
222.848 433.167
946.858 949.887
544.18 593.334
705.686 761
494.243 571.806
311.805 358.931
689.817 978.391
806.493 937.067
500.559 819.324
920.076 191.508
478.003 456.984
885.83 511.43
909.883 81.6849
965.039 301.446
412.992 559.739
211.717 897.512
860.038 29.07
443.428 454.625
711.976 657.075
194.648 912.331
981.41 655.828
29.9249 722.989
629.043 304.853
2.5429 927.006
890.768 226.462
738.387 404.108
81.4482 884.332
822.725 922.276
962.23 47.6548
713.826 500.434
670.842 761.67
846.166 997.113
822.076 783.058
225.74 107.049
206.321 83.4119
834.802 307.607
450.802 827.824
341.07 205.23
806.301 254.768
732.843 826.021
815.794 600.192
335.774 117.666
590.134 77.9211
140.937 967.647
744.299 969.598
300.735 334.517
47.7032 673.945
693.202 959.78
705.398 480.416
589.703 626.476
360.152 687.338
384.639 984.809
296.873 745.62
377.532 543.024
27.0526 843.483
85.3288 252.144
104.145 223.188
93.3766 685.017
36.9869 909.157
850.967 717.098
357.273 768.442
608.816 306.291
310.909 339.014
390.046 975.033
739.213 152.074
315.231 915.116
564.745 605.274
471.728 738.447
745.124 930.141
741.942 407.348
914.724 946.699
813.357 310.182
484.433 620.357
767.846 58.3263
749.62 954.1
182.56 458.159
431.997 281.818
23.8345 408.293
269.687 444.712
351.716 174.236
425.375 736.339
36.0775 943.467
265.553 816.932
169.682 239.492
662.643 300.187
303.32 527.914
637.856 951.568
488.549 288.584
155.346 550.473
960.705 439.924
498.33 461.052
430.587 35.0246
535.558 66.6173
898.516 246.522
19.4011 868.388
463.97 277.169
372.18 489.071
13.8602 855.249
517.022 138.948
753.222 548.536
51.6928 2.43434
868.574 601.627
207.367 199.582
298.408 217.075
0.843254 991.373
331.351 815.6
897.948 305.587
906.207 480.976
863.565 291.467
714.297 72.2075
227.508 895.242
44.8438 958.831
607.414 222.869
167.024 106.907
947.049 502.027
930.415 303.362
162.462 984.062
728.137 531.883
291.819 761.342
4.17959 273.16
189.786 205.077
853.658 878.638
729.469 457.537
45.2535 589.71
136.472 55.0853
381.766 772.107
633.807 281.142
846.791 354.784
982.249 328.77
470.914 397.509
229.167 634.533
64.0523 718.814
454.888 245.078
888.107 328.864
615.39 717.583
897.943 500.039
138.373 519.399
98.1581 429.269
843.549 52.5496
671.294 452.133
481.528 201.571
44.7649 181.912
628.337 782.057
534.266 985.158
515.434 446.556
451.965 738.954
400.685 501.382
981.255 229.395
577.724 301.949
498.102 572.06
548.905 605.33
523.862 498.411
743.3 788.126
865.158 904.686
632.387 462.078
755.476 643.398
291.923 146.477
750.472 866.136
429.534 259.723
771.118 655.692
105.167 523.096
460.888 514.859
900.134 220.666
77.6521 188.253
802.597 230.775
928.227 229.443
833.006 130.246
802.237 733.713
243.623 992.726
701.077 678.039
236.317 232.996
412.54 748.083
761.818 41.3779
440.392 377.21
81.8223 932.627
174.956 445.776
913.034 192.093
784.264 16.4226
926.015 922.418
5
93.184 123.283
121.762 239.893
187.829 181.447
155.584 95.1849
99.6838 80.7044
10
166.68 322.335
127.624 324.652
91.7108 323.364
71.3371 358.025
76.2584 391.328
93.5216 424.317
126.957 431.817
161.904 424.932
187.724 395.887
193.181 354.383
3
88.8217 670.733
133.28 694.928
140.481 542.709
10
170.255 832.679
128.093 858.951
99.4612 820.44
125 875
85.0125 879.973
107.48 891.387
109.187 956.924
152.182 933.095
191.839 911.919
128.914 874.513
8
405.367 3.74468
316.991 72.2636
363.132 125.76
262.54 179.57
370.851 135.106
415.66 228.559
420.938 153.366
449.714 86.9712
10
297.432 473.022
371.791 446.614
400.273 414.216
415.857 390.906
475.491 336.61
408.184 331.509
384.898 268.244
335.231 317.884
333.049 362.401
299.155 400.814
7
384.584 644.704
456.408 642.491
430.085 563.994
341.638 553.445
324.547 585.053
346.201 635.586
360.728 651.08
8
440.797 833.544
378.426 855.818
329.803 839.311
328.119 855.354
342.486 896.803
347.897 967.507
401.829 904.745
405.945 890.319
5
682.568 144.975
661.789 76.6657
594.066 74.7109
566.484 142.813
628.221 179.239
6
707.967 315.76
634.151 335.188
572.116 361.272
506.023 413.334
651.572 447.771
726.75 380.386
