1000 10
494.03 341.217
865.696 507.995
678.303 485.344
225.427 867.091
989.033 207.849
156.771 129.591
565.793 574.709
36.8767 172.544
715.261 820.088
158.483 298.592
465.811 707.152
896.614 998.306
991.363 916.43
687.548 674.018
621.224 760.856
675.093 549.632
984.548 439.344
489.304 125.813
334.402 503.455
615.6 670.575
208.053 571.886
133.466 306.144
569.666 206.936
972.165 586.753
438.291 600.736
77.8963 11.6335
812.377 521.637
78.1644 574.572
199.532 128.402
289.665 302.357
978.568 272.706
932.236 824.459
44.0013 276.649
847.574 884.55
826.631 218.746
693.846 490.384
737.974 221.371
584.912 44.2036
343.426 4.78457
941.987 323.573
591.333 701.251
712.906 241.973
65.5621 119.551
285.995 748.628
9.49962 607.933
987.411 509.995
649.785 562.087
790.431 68.6147
519.756 143.825
661.413 42.1148
649.719 907.238
931.823 638.686
876.264 39.7377
992.837 110.477
798.021 186.212
460.41 986.588
29.4519 619.479
253.908 633.721
159.414 812.989
558.789 135.063
18.6131 79.9166
829.025 145.482
234.298 150.163
561.99 673.616
257.038 397.207
117.859 331.633
217.386 738.494
521.581 88.8623
458.873 431.411
666.431 745.612
284.18 534.413
266.533 554.698
151.222 398.04
935.302 819.109
596.371 41.8969
897.662 174.423
883.643 531.07
144.57 281.195
886.595 376.425
947.164 405.47
672.437 677.074
973.746 76.9774
188.005 817.572
982.893 980.592
268.644 561.167
572.927 725.199
757.889 871.105
571.977 628.475
994.118 641.097
272.869 634.14
148.796 794.333
150.276 768.947
395.628 412.884
281.908 84.8629
447.675 371.443
47.3128 225.188
282.529 792.013
653.065 855.158
762.571 914.416
773.284 437.994
543.768 828.453
94.1836 359.303
885.84 270.907
14.6514 140.419
274.923 769.932
793.9 957.054
391.56 267.533
143.378 191.925
885.432 463.062
82.0931 477.513
382.218 706.224
141.778 462.732
228.239 464.812
562.096 52.2693
770.115 523.197
706.525 777.236
197.587 204.921
308.385 753.115
567.97 299.799
429.695 327.035
78.3251 992.935
128.337 521.087
189.783 709.924
341.232 218.161
290.29 638.603
869.073 891.447
26.6046 301.634
378.694 556.919
443.38 182.358
651.473 246.726
241.315 548.203
574.932 273.769
464.118 814.282
289.006 919.892
938.284 919.449
665.085 784.069
351.869 27.5575
279.708 170.543
163.287 488.108
600.712 255.858
637.865 828.112
531.535 52.288
426.853 968.916
195.672 989.733
468.652 420.584
114.211 677.86
776.349 275.93
473.279 331.408
417.249 828.509
65.8986 712.798
367.119 308.18
351.174 79.7838
39.1103 352.632
279.243 656.417
909.187 396.171
21.8633 410.665
487.554 626.472
26.5277 453.457
798.73 709.042
194.38 70.3021
561.758 84.263
687.974 757.093
25.7622 308.181
479.765 161.221
473.615 45.2256
918.732 514.585
290.326 129.692
90.8651 450.124
755.778 690.491
786.791 956.671
769.088 180.224
898.202 947.854
338.647 171.753
20.1264 324.933
911.99 847.672
579.421 983.212
602.499 745.897
492.347 774.437
727.472 661.835
389.358 43.6686
314.286 273.421
777.105 959.535
472.934 515.147
296.393 589.477
975.823 961.838
882.727 89.3193
452.976 859.652
727.42 880.362
982.937 398.799
576.465 148.136
220.159 78.2888
694.744 539.368
359.675 747.744
201.761 591.586
100.953 675.405
933.668 592.971
263.435 899.396
200.082 980.811
943.056 704.716
702.215 332.514
882.527 7.74184
206.67 728.064
42.9248 416.201
361.798 753.568
579.026 94.2489
192.174 17.6986
32.4493 587.501
515.111 284.506
33.5707 578.01
919.985 478.752
195.478 656.814
307.036 956.463
470.355 207.728
267.261 353.555
605.672 296.477
874.942 474.775
589.687 852.577
656.201 967.924
794.877 206.839
297.087 176.417
464.41 764.544
423.911 104.327
641.351 939.279
198.171 944.265
734.451 767.55
632.436 708.125
93.7078 982.491
42.3325 501.621
316.283 939.152
400.413 441.991
727.539 843.415
979.58 709.124
969.111 319.315
400.917 829.126
78.9396 251.7
102.059 693.342
724.226 722.214
642.486 706.547
823.319 970.184
261.512 931.289
554.561 506.909
618.943 538.476
834.567 76.0491
341.58 339.184
624.211 883.397
881.871 34.3071
30.7041 358.92
549.942 837.777
826.404 378.622
89.7896 820.036
232.7 281.801
828.374 584.196
583.32 460.19
703.059 819.455
943.036 327.148
877.752 709.168
754.401 156.345
936.877 983.885
878.744 636.929
763.471 364.864
293.24 256.148
499.686 391.216
826.958 962.861
391.794 473.717
998.301 695.138
570.724 191.865
770.858 906.216
997.503 33.204
969.953 246.796
279.488 927.465
547.904 857.284
546.771 22.7655
405.595 184.948
593.714 686.498
616.967 714.884
29.7336 453.473
310.975 900.393
441.318 281.767
445.152 476.965
328.882 408.445
196.52 523.128
616.401 58.9465
749.568 475.691
278.375 748.423
265.776 80.9733
789.51 504.59
677.637 724.307
358.272 291.055
645.025 802.497
718.322 968.635
466.448 356.065
700.429 241.185
684.731 318.05
62.4607 673.154
100.363 6.16961
406.915 61.4031
767.055 279.382
989.872 847.925
855.431 223.261
971.401 54.1801
518.681 261.154
380.552 941.454
969.255 892.452
327.428 40.0435
614.676 634.701
242.99 36.9941
217.66 49.0628
732.023 17.4337
416.662 408.999
777.448 935.315
491.351 891.385
970.778 35.5983
620.491 580.142
886.739 680.051
849.52 221.047
105.148 297.41
457.252 477.204
769.877 478.762
974.345 787.407
192.671 587.569
512.584 829.34
85.7935 432.899
387.577 88.3512
504.872 112.447
758.553 533.185
599.524 40.0256
591.865 463.106
77.8607 686.693
488.725 134.115
48.7485 908.973
234.045 481.286
130.129 270.484
956.142 372.599
652.589 293.032
732.055 97.6252
875.698 996.158
636.031 866.088
476.328 237.581
21.1295 804.532
74.3697 454.745
445.086 888.82
483.503 120.512
797.258 689.135
888.872 575.27
303.115 949.388
295.867 949.049
58.3767 951.479
706.137 127.179
234.136 303.647
993.097 941.937
539.782 25.7585
831.942 649.22
99.1204 71.099
230.338 208.708
922.682 590.37
2.13094 259.793
836.865 399.748
267.733 224.747
774.903 794.106
477.533 536.595
734.432 444.418
840.119 331.428
320.883 4.28533
259.028 326.411
684.692 104.915
169.314 530.753
687.931 679.162
907.693 858.751
235.469 552.309
760.106 702.743
374.163 228.3
383.537 304.806
394.341 808.372
357.443 523.39
433.409 591.249
299.664 865.001
36.6498 273.753
109.021 80.038
959.893 548.89
513.893 590.131
770.812 605.92
998.99 322.031
152.447 740.001
988.55 911.029
862.817 761.981
12.5955 678.803
93.8728 119.207
748.922 187.956
68.1812 458.453
661.981 931.005
548.63 79.7602
250.357 304.324
593.014 801.616
194.776 260.933
613.97 807.139
213.76 476.082
469.64 268.034
693.641 75.743
183.218 291.481
831.937 324.066
445.756 855.964
72.497 108.581
534.132 248.155
429.638 540.299
310.307 437.812
505.971 285.231
773.358 333.299
909.093 292.545
699.78 44.1505
506.743 185.603
610.397 532.841
176.819 363.467
263.201 648.349
861.745 528.234
869.769 440.53
372.021 215.377
915.066 397.545
376.11 791.408
623.335 507.515
607.534 275.051
433.351 226.327
652.699 19.6196
482.767 319.792
202.717 146.449
28.2125 719.195
402.283 683.252
730.113 669.798
890.897 160.078
56.7526 158.928
639.465 724.259
200.12 466.943
958.63 214.973
235.001 801.35
858.252 964.433
704.655 738.861
660.056 661.515
575.652 747.718
342.016 343.379
991.079 776.39
851.253 951.214
34.7905 468.146
820.144 823.215
148.318 513.803
775.971 825.903
726.508 60.7685
945.319 1.37809
99.8209 767.095
159.728 235.996
961.449 502.43
910.017 750.91
783.086 214.559
417.184 558.695
626.013 282.304
631.883 468.885
167.295 285.454
83.278 273.44
655.661 230.623
83.1738 759.932
288.61 198.598
759.442 94.7218
302.934 650.34
980.466 813.275
898.844 229.705
732.065 859.148
35.8217 582.471
560.378 434.171
708.739 841.784
15.3588 368.615
597.128 290.632
852.229 467.055
307.828 630.9
360.898 269.645
306.507 134.958
358.057 288.196
358.385 787.624
217.448 927.135
523.923 968.339
64.7504 425.186
557.842 31.2419
402.35 999.169
46.8836 564.235
774.855 565.268
792.365 395.807
570.76 89.229
679.558 76.4916
502.676 265.189
928.656 859.418
567.559 638.065
433.658 910.635
417.515 170.676
501.481 768.811
317.621 784.987
938.012 165.271
425.81 6.58663
566.996 235.717
855.145 83.7762
926.467 955.131
575.356 141.833
240.212 757.44
388.066 760.207
742.156 347.364
736.662 827.289
951.98 245.724
320.877 99.4116
536.791 693.399
489.571 663.87
477.241 906.102
848.435 637.36
552.962 753.798
164.826 281.016
459.22 451.675
916.173 45.6752
536.449 707.304
639.654 767.594
116.715 792.938
35.5482 931.472
514.639 765.529
749.905 149.416
429.701 949.778
964.243 978.361
753.02 223.535
228.616 59.9139
692.222 560.639
294.975 581.001
553.925 876.073
910.037 39.2693
331.911 736.045
944.609 791.728
85.5458 514.054
323.577 991.852
772.249 271.02
522.889 745.765
779.729 553.443
890.653 229.766
823.572 188.832
384.533 796.927
802.159 895.16
41.0972 705.58
321.538 239.742
206.34 161.09
905.675 794.058
284.267 309.901
491.915 874.977
434.764 825.545
548.732 442.86
228.439 685.852
487.248 402.746
982.183 901.048
533.126 110.695
469.477 737.162
202.771 606.924
422.227 521.297
513.527 305.997
53.9504 993.979
436.66 263.971
769.201 931.941
416.887 789.454
77.8592 621.143
460.597 965.038
665.66 812.227
995.461 175.104
637.483 584.187
212.337 210.619
181.292 879.174
598.081 824.696
73.3035 457.535
280.88 367.418
677.452 470.434
485.609 880.918
726.838 926.247
902.541 565.077
689.188 249.55
562.544 31.142
846.839 491.544
317.128 975.075
263.617 804.862
474.559 217.683
919.083 19.1399
878.848 419.298
95.501 923.273
371.812 998.909
660.827 64.4394
60.4684 505.179
94.0074 461.071
338.486 164.294
581.679 68.6808
596.407 747.603
516.428 462.966
500.671 886.226
833.09 166.14
998.711 926.171
284.006 184.307
794.294 604.016
908.879 679.762
335.436 2.00467
444.774 526.636
484.44 336.844
340.564 998.475
157.823 618.164
813.284 185.078
302.845 40.4831
205.469 187.432
160.761 688.404
912.884 456.996
646.645 256.121
467.27 177.017
912.874 428.484
605.025 517.773
439.538 769.236
787.112 452.786
168.857 983.01
299.617 634.516
21.2874 888.447
542.863 260.563
94.3982 900.357
768.271 535.243
138.413 551.336
586.545 809.04
689.148 448.132
789.584 564.295
23.1147 945.832
800.229 791.837
59.4639 251.615
442.432 323.658
874.182 554.945
561.719 829.639
127.586 495.976
437.984 791.342
833.673 817.753
825.367 731.992
878.168 70.5607
385.608 743.331
948.965 908.465
182.368 299.405
240.247 317.547
810.532 922.942
950.979 388.325
485.016 371.969
324.168 55.0082
573.256 162.312
89.4355 347.665
227.303 992.432
190.055 657.704
58.8962 77.4345
220.755 56.4079
184.284 601.743
271.524 801.43
361.606 296.75
861.128 73.5062
581.179 775.628
859.761 478.545
441.804 691.35
64.1879 434.888
536.043 53.6991
22.9393 749.557
148.46 442.526
141.254 473.238
302.501 708.552
83.4646 928.045
115.021 735.941
753.976 298.481
697.516 436.09
657.704 611.585
902.518 844.731
404.597 348.013
515.638 801.518
998.084 289.608
952.493 257.352
3.19292 407.186
78.4042 311.253
825.498 737.722
809.967 915.092
249.378 399.336
58.8752 169.538
843.026 222.129
530.879 621.092
886.97 317.716
517.711 525.067
169.192 57.4418
59.4722 824.742
904.752 247.805
150.938 784.647
506.845 32.4924
242.035 34.5842
944.38 704.902
788.149 22.0597
525.505 746.224
590.386 295.713
308.971 921.26
611.077 214.067
436.636 499.569
546.878 850.701
666.692 563.946
838.249 904.856
897.397 404.067
315.254 551.384
564.487 38.6708
552.075 566.244
987.633 919.549
51.6364 228.218
168.804 380.649
349.353 750.52
462.712 432.04
486.16 314.322
85.9247 225.659
110.79 341.027
243.79 331.542
19.643 373.577
769.006 197.153
323.128 813.313
54.0497 530.301
999.123 289.026
421.355 896.307
419.564 81.7126
953.351 929.847
615.09 263.893
854.222 632.956
871.508 367.714
624.898 469.413
427.968 960.573
684.511 738.289
671.173 760.443
727.458 337.544
354.615 759.822
267.534 128.122
771.389 315.705
109.106 478.74
847.14 164.985
517.809 403.543
378.53 905.948
476.402 264.927
284.209 12.4174
436.267 228.209
818.007 27.0535
504.244 699.104
632.465 533.221
878.267 521.541
277.488 914.028
478.313 258.561
766.802 973.494
989.24 375.753
171.797 474.595
739.119 656.932
738.882 501.645
883.85 610.143
756.797 388.991
103.105 131.899
562.15 253.652
436.687 935.118
327.474 657.559
811.854 790.648
717.83 67.2297
206.189 118.147
991.694 59.5206
853.583 882.115
376.057 766.835
176.94 538.367
482.78 168.55
148.565 271.722
687.422 142.422
773.345 131.66
688.663 276.395
654.924 875.525
96.8122 786.377
766.27 190.841
956.564 167.957
782.948 136.768
164.668 813.571
678.632 25.9524
302.649 270.49
190.576 116.832
541.764 434.879
364.153 179.803
424.333 398.132
863.533 477.939
932.012 606.4
827.942 965.59
214.86 390.042
445.003 270.812
452.872 725.935
17.2295 790.592
777.767 114.52
60.1001 109.473
15.9389 767.2
749.087 180.851
699.879 169.14
398.1 4.66846
754.915 953.558
949.206 160.642
173.078 599.564
711.903 858.273
606.064 241.426
538.585 987.302
838.16 986.342
808.365 475.072
870.317 243.039
43.5462 850.453
377.579 468.033
20.2256 921.766
286.135 755.091
894.337 489.178
642.668 827.738
167.508 70.6707
104.865 122.917
28.0697 788.447
266.972 739.073
179.418 750.632
334.644 818.469
953.606 757.242
555.164 657.771
338.006 822.532
798.674 878.046
596.9 936.392
954.641 704.783
21.5563 595.048
775.408 209.892
818.608 259.497
307.659 388.964
848.463 552.176
675.731 797.575
4.63327 801.173
850.704 961.932
16.6415 966.826
78.6262 919.396
360.219 330.067
23.3393 278.584
932.989 507.718
519.664 874.795
896.164 243.319
798.102 103.13
262.829 285.478
630.63 85.6205
268.52 301.486
805.322 385.163
320.152 432.788
492 851.222
809.351 7.39412
860.3 56.3001
940.08 711.994
943.184 848.898
79.9503 872.525
877.035 101.929
798.204 969.528
132.421 222.667
995.036 783.123
905.142 902.925
141.74 534.404
90.5336 38.1593
89.4593 906.948
251.681 831.784
729.611 777.347
602.847 759.149
920.886 3.78012
15.0667 606.2
2.21697 747.315
536.24 641.594
83.6432 799.525
219.178 704.065
195.843 851.683
182.809 565.975
458.752 884.255
278.117 134.49
890.537 446.747
884.136 728.537
651.678 289.918
419.265 299.102
929.357 273.123
267.895 825.308
18.4405 29.4999
646.406 94.567
468.77 868.663
577.522 843.7
91.4903 798.554
527.322 77.3163
676.396 906.66
399.058 248.383
814.953 377.817
223.801 675.125
479.29 475.699
580.241 657.325
151.834 801.31
378.672 43.956
665.164 853.539
220.025 637.988
312.544 85.7269
139.462 973.127
535.172 140.639
556.293 978.76
430.756 810.951
90.473 242.614
111.365 849.065
68.8039 205.334
585.157 516.193
301.815 18.1348
447.613 322.83
969.906 901.839
6.59115 880.706
742.239 480.6
622.125 471.226
287.105 13.3172
107.245 670.708
535.476 324.603
45.7212 647.098
766.35 281.13
41.2373 84.7031
224.078 519.027
453.579 913.671
144.049 654.539
249.331 928.837
14.1816 238.059
190.357 982.656
710.964 113.866
49.5027 748.023
0.491525 556.156
743.339 144.518
205.516 123.295
675.452 173.583
904.405 522.469
19.7804 436.13
204.852 960.45
780.427 246.138
400.889 977.33
276.024 51.7042
904.217 603.451
14.9969 526.769
795.88 997.728
947.241 456.929
406.399 783.658
901.249 509.833
777.3 908.264
864.292 255.444
245.163 882.113
119.579 774.534
992.38 514.739
407.637 169.632
457.768 992.987
415.522 545.992
470.577 702.034
157.417 982.362
999.221 283.277
123.416 194.539
340.151 271.298
721.346 913.229
913.39 398.863
233.947 441.381
415.186 11.5945
301.664 315.939
359.717 491.466
669.032 847.007
560.549 255.208
677.604 57.9449
147.491 583.31
582.225 98.441
668.274 37.0738
830.491 960.759
305.164 914.538
550.826 140.003
220.974 427.03
740.469 130.42
24.8567 564.07
403.187 936.173
817.407 791.969
184.731 893.867
838.559 569.331
952.155 173.163
188.549 110.249
712.987 37.9188
495.956 338.962
910.445 690.653
962.249 547.026
789.33 0.280818
702.416 103.553
14.4302 126.935
476.527 948.321
976.004 350.448
539.272 36.0161
485.235 948.483
428.553 222.843
598.374 892.871
735.887 783.77
510.321 802.165
785.794 760.135
703.456 915.603
552.842 221.07
884.993 762.209
951.47 324.575
391.083 568.382
654.272 782.891
626.573 633.466
384.808 952.095
163.758 332.843
123.364 45.4823
345.065 247.894
339.917 546.899
704.053 749.414
240.668 491.961
524.386 251.223
3.05473 788.999
789.889 155.38
697.853 653.217
5
140.899 142.149
225.044 70.1453
127.361 96.8247
120.85 122.537
73.1717 197.812
3
176.141 341.754
55.7627 368.756
122.227 435.019
3
78.4725 592.378
144.354 676.563
141.681 566.224
3
60.2697 888.303
183.452 925.505
162.629 815.938
5
392.722 96.7176
332.148 90.4646
300.254 155.597
368.837 170.845
479.679 120.515
3
308.738 462.927
429.032 381.061
359.95 342.798
8
321.185 588.003
319.85 624.518
315.537 645.212
358.086 678.948
419.791 670.179
441.065 630.317
417.583 578.027
355.007 568.163
5
433.836 864.34
374.366 806.524
308.328 854.169
335.796 921.891
388.729 896.306
4
597.168 84.6771
570.988 174.297
646.613 192.645
679.016 106.666
8
571.905 419.942
599.31 474.19
679.58 441.522
663.407 384.95
701.301 340.29
645.165 287.312
580.253 312.444
515.876 338.283
