1000 10
643.173 500.321
221.121 374.655
555.532 381.005
303.029 142.734
972.308 371.727
648.048 542.575
884.554 475.872
209.095 413.406
550.139 391.733
265.201 357.384
501.24 490.77
298.82 743.433
684.504 268.982
582.786 863.458
461.481 101.863
272.612 11.6411
579.943 3.32888
100.153 753.698
791.311 593.97
286.468 841.38
274.696 913.211
592.301 860.498
449.893 612.195
679.72 930.357
585.164 17.6418
12.7224 285.084
78.8417 91.8706
732.167 659.941
917.096 890.33
783.968 756.095
962.045 368.066
549.358 913.232
313.116 18.0906
55.7515 468.945
556.011 409.605
298.078 668.269
184.401 589.041
313.535 767.8
751.303 252.516
394.571 202.685
416.969 430.325
523.198 657.873
681.635 529.619
832.367 592.081
603.27 813.6
80.4301 958.267
974.601 763.659
609.179 775.114
835.394 242.476
241.412 227.275
428.307 697.377
524.519 597.292
201.679 900.872
187.043 688.909
360.078 183.113
456.734 5.74906
699.156 724.311
471.574 511.929
321.788 837.7
325.2 486.754
598.334 291.798
744.11 656.829
715.906 602.461
658.395 808.119
192.501 13.8084
947.553 823.706
692.987 270.949
761.02 704.531
511.467 630.076
645.503 604.089
148.689 599.81
595.395 333.727
920.694 514.335
680.619 278.324
156.366 10.4345
621.624 171.003
64.1036 265.46
733.484 671.781
902.033 465.019
676.243 702.175
315.144 443.225
74.4579 272.313
900.739 799.67
7.43552 4.28507
687.739 679.721
743.451 936.933
819.514 647.521
447.368 695.542
528.526 801.01
12.4325 264
846.313 690.489
837.273 558.988
896.539 227.425
494.522 356.434
344.424 818.346
408.94 799.482
250.913 214.385
467.608 746.379
534.649 253.796
715.618 382.26
216.552 17.3324
486.851 196.548
610.735 727.119
619.804 718.085
327.446 22.6364
657.047 436.383
15.7737 567.699
886.758 259.806
728.464 617.743
677.032 718.756
771.475 453.857
811.023 2.16037
459.331 896.062
619.588 167.36
763.953 577.537
128.553 237.102
746.079 594.769
354.376 491.377
48.1203 16.6969
982.159 164.332
851.917 484.384
277.828 685.691
683.309 615.135
465.606 195.011
70.4988 783.301
733.109 826.705
723.889 15.9935
986.462 101.248
643.971 738.231
213.416 47.1316
938.711 991.887
79.1538 57.9136
535.049 607.292
17.1427 401.179
599.295 37.3619
960.67 193.11
643.57 642.896
604.271 307.624
797.138 693.387
335.675 915.802
995.431 505.421
969.729 906.859
48.2401 17.5097
646.098 876.493
25.6361 317.975
801.713 230.507
748.828 4.80154
13.3788 469.458
584.878 265.206
736.853 39.3113
83.0628 74.6318
906.913 596.013
201.263 850.561
752.863 645.37
297.195 303.694
982.273 167.619
222.692 340.915
311.536 50.777
551.191 729.067
910.068 590.7
100.376 514.689
607.292 988.996
947.204 445.011
488.809 459.974
708.498 9.30877
721.095 503.025
934.958 847.317
692.373 271.349
484.038 736.823
86.435 61.3883
974.557 965.08
924.004 268.639
677.123 305.003
608.995 484.437
876.886 706.353
989.858 837.814
804.462 787.525
959.728 993.59
683.549 51.7682
454.818 235.94
232.258 678.952
476.236 250.709
365.142 560.588
1.36624 152.199
713.834 873.967
511.946 148.101
92.0418 828
515.23 850.127
33.5849 779.518
503.586 984.49
262.656 914.141
635.117 570.741
634.109 941.085
286.398 74.5499
732.93 809.542
729.667 131.445
806.079 271.632
852.6 999.103
340.466 490.37
853.832 174.456
932.346 586.473
663.845 442.148
798.941 723.702
250.98 727.599
393.071 520.77
129.256 229.351
22.4819 672.798
324.912 934.49
524.883 448.628
230.35 869.761
268.36 292.406
487.871 875.148
210.853 893.051
112.58 576.017
228.553 879.683
482.971 641.359
766.895 997.2
126.96 241.993
587.712 277.019
234.233 864.288
115.177 946.71
552.277 535.798
863.703 143.442
84.2371 653.333
876.149 392.13
94.3799 966.639
526.273 22.725
641.503 841.735
808.705 912.212
957.313 215.389
908.293 342.016
851.891 652.684
769.25 513.225
896.96 338.297
705.77 885.741
758.504 274.498
264.87 597.736
114.739 990.825
927.582 511.467
962.428 321.478
686.425 729.524
963.598 689.355
238.869 732.323
602.749 29.7415
549.351 202.794
276.629 466.625
870.536 376.238
968.078 693.847
197.212 15.7579
488.262 992.207
447.479 421.705
902.644 904.278
837.73 812.025
408.103 46.3912
250.727 795.635
581.057 416.534
559.347 240.416
32.9893 905.979
733.713 610.935
354.474 466.135
277.047 847.759
627.541 766.103
499.956 200.363
625.583 776.903
550.209 378.671
54.0043 379.15
258.072 381.06
300.444 331.958
653.339 24.2899
267.882 537.836
917.774 2.31354
996.399 531.817
568.981 40.4988
14.8806 669.219
708.076 481.313
268.861 949.39
550.097 430.224
52.499 196.304
777.62 264.075
8.33892 88.4134
577.8 606.751
254.116 724.333
554.143 89.7933
383.066 998.161
942.72 424.632
666.522 677.287
839.828 176.721
785.122 13.0159
624.293 632.803
550.666 800.058
261.747 307.522
951.376 318.694
202.197 844.263
893.326 740.32
407.747 767.82
164.2 761.021
242.515 703.189
262.058 738.814
389.309 528.767
451.869 157.387
779.816 133.982
532.426 260.133
714.823 468.579
498.414 758.175
670.788 774.005
808.81 59.2875
776.842 413.99
107.166 979.06
430.469 436.772
304.989 734.11
284.078 947.038
783.044 21.4915
62.0753 287.332
501.789 205.052
335.731 675.399
195.259 7.60033
990.777 377.727
681.698 602.383
990.698 317.758
72.1591 830.862
898.695 276.312
510.692 464.578
975.296 918.335
473.977 730.102
847.62 397.135
366.305 254.8
688.35 729.654
954.444 837.902
840.085 490.998
576.681 853.068
892.982 400.886
911.171 986.241
891.703 738.951
792.046 956.539
535.747 518.805
963.139 63.6566
961.856 377.63
717.098 227.391
955.432 201.535
484.642 521.343
568.852 890.508
760.936 419.061
404.156 63.3824
502.307 154.553
183.816 511.222
682.279 336.401
282.78 161.351
810.923 678.986
916.951 966.878
553.39 97.5521
843.663 645.953
211.628 572.491
172.651 710.399
20.898 273.743
856.668 194.097
696.579 99.9271
705.274 818.212
471.117 20.7207
450.974 712.04
650.791 633.242
454.93 560.325
314.089 688.882
216.626 862.037
832.736 328.77
348.924 227.177
603.912 190.315
775.611 367.591
48.858 270.239
471.082 623.103
601.302 713.969
494.378 602.507
818.729 572.72
654.63 403.341
813.412 244.265
121.553 558.656
650.053 242.048
992.536 55.5566
244.576 358.374
554.316 688.133
894.357 894.699
914.992 823.67
351.108 247.501
214.845 135.787
392.519 472.932
492.719 215.269
284.809 723.092
165.757 676.212
269.066 206.949
943.659 489.608
431.346 796.732
890.5 569.06
146.811 763.33
526.686 365.197
843.801 65.2364
296.052 449.971
765.633 649.475
571.659 757.833
305.092 541.328
474.651 951.599
378 37.0287
538.489 41.8762
223.105 741.761
696.518 761.94
824.035 923.952
536.766 226.48
172.049 297.165
278.946 640.112
716.385 448.001
172.107 809.968
443.919 367.857
389.273 708.852
719.321 26.8079
942.962 516
808.233 116.83
126.821 470.033
91.0471 754.278
670.026 981.236
793.392 97.9095
906.736 526.747
303.004 843.918
36.2167 412.662
768.236 961.889
726.821 942.444
732.842 330.487
62.8173 362.19
215.163 420.361
860.861 961.66
347.235 958.772
84.2698 53.0302
536.233 378.868
990.904 365.613
583.538 477.623
529.462 311.45
875.758 201.713
22.0057 57.3032
435.368 248.512
721.497 938.967
464.237 749.181
26.5012 110.837
621.29 503.798
479.306 639.075
244.318 267.954
857.725 481.821
953.65 504.422
61.824 502.149
99.8983 988.598
70.0705 511.018
388.209 556.914
941.868 804.242
851.291 366.656
866.292 288.157
776.141 790.201
211.18 852.748
66.0717 883.549
945.079 756.028
499.88 184.574
71.6491 72.1923
692.167 963.588
522.873 18.1582
605.346 821.055
99.5654 701.766
425.074 754.561
111.175 568.401
217.537 941.942
264.834 644.26
29.7491 150.073
898.611 493.701
644.209 39.1584
973.077 511.309
890.848 278.254
684.541 529.002
763.734 898.385
308.547 851.799
880.99 669.357
462.629 738.191
624.943 941.39
61.8021 711.891
240.86 15.7554
985.417 293.365
541.98 644.229
57.385 295.482
83.8034 858.269
676.801 977.389
827.646 444.329
499.238 335.775
604.836 822.373
405.148 764.96
48.2734 211.186
261.941 343.46
636.43 951.964
984.027 973.818
556.546 209.307
172.691 846.529
79.593 645.899
309.278 322.949
924.229 280.577
494.699 177.043
559.26 770.482
178.195 940.301
46.5564 718.257
81.0066 437.525
57.4534 215.958
416.545 527.353
885.29 21.3612
288.306 640.422
351.117 966.259
631.674 874.366
13.5881 634.149
870.737 959.691
453.669 462.088
502.877 436.438
442.824 347.985
781.979 489.349
730.196 60.5724
555.727 101.566
998.768 386.378
973.965 764.569
6.64964 960.107
665.025 517.622
261.938 136.072
401.607 742.273
27.3608 992.942
210.211 784.519
771.006 216.085
474.119 531.534
303.553 466.8
430.007 895.228
515.145 921.616
908.495 779.146
544.567 300.962
188.74 687.249
123.35 585.748
864.947 597.277
543.837 429.131
477.976 676.982
788.914 717.177
345.887 752.358
408.406 903.975
694.474 380.398
431.631 577.332
46.5772 839.492
364.231 498.967
334.253 696.885
699.247 897.492
770.836 811.482
121.213 242.391
927.354 588.459
262.202 935.6
220.756 854.767
104.228 446.436
937.076 444.776
500.68 771.341
766.888 548.934
960.911 213.637
457.528 991.657
12.2051 781.296
708.373 547.434
986.679 234.597
205.736 782.645
620.312 700.826
229.924 163.931
636.433 271.558
238.754 999.153
438.137 737.673
528.561 343.2
600.713 720.689
701.229 340.145
419.586 763.078
501.545 300.162
339.133 927.861
588.317 86.0888
934.459 802.388
138.859 984.167
171.253 686.555
848.762 239.952
962.858 170.989
439.706 856.449
348.584 707.314
943.072 219.436
264.931 708.85
668.553 521.112
754.462 160.67
60.6723 938.404
649.032 315.447
624.571 486.569
208.718 940.648
260.506 541.087
424.561 11.7094
342.076 191.761
923.973 80.8188
115.944 215.382
825.527 588.437
538.208 241.789
671.351 574.797
136.359 836.438
890.643 493.118
68.7302 866.988
289.518 277.677
812.015 650.313
293.252 30.3917
146.937 765.539
152.675 694.35
22.1203 995.889
531.846 99.2496
486.732 164.354
284.053 632.632
197.851 335.378
46.118 814.53
419.312 676.194
728.085 483.708
350.637 770.039
859.057 379.805
733.383 352.625
472.787 491.387
87.3955 492.394
4.83783 188.909
466.327 880.423
521.135 378.924
975.863 627.644
976.412 263.131
430.606 902.511
499.487 733.528
353.354 797.744
924.396 906.27
670.293 169.152
969.434 848.831
39.3879 754.258
542.097 809.593
871.388 238.411
111.915 688.172
789.09 288.329
42.1145 869.821
805.984 267.051
592.585 916.153
165.702 910.656
24.5239 205.617
532.402 668.578
376.785 465.417
858.657 659.416
535.485 628.768
724.017 848.49
353.072 983.69
427.098 253.913
424.015 13.0105
711.146 802.134
969.028 18.9823
153.78 285.251
825.334 570.609
290.712 722.511
963.131 106.214
710.116 127.667
771.075 401.117
997.201 993.109
285.226 585.192
867.453 15.1
548.65 485.575
780.862 560.147
76.6345 734.053
622.668 132.505
2.34064 523.903
650.827 985.858
814.743 179.898
253.252 753.428
743.053 135.222
137.58 681.313
524.171 906.322
13.2954 855.533
476.155 859.567
866.275 642.546
522.694 534.465
505.498 646.983
922.987 869.555
699.082 654.259
585.892 199.449
280.419 349.596
496.738 573.235
825.975 546.649
894.383 224.072
854.37 198.689
162.139 780.934
684.836 934.552
281.22 881.463
514.542 999.971
511.902 7.57376
590.917 796.868
664.643 262.624
747.319 874.458
577.556 336.433
284.912 988.385
886.83 565.11
204.466 47.5818
356.497 485.523
468.539 559.74
854.71 881.215
213.967 519.472
169.355 488.2
534.187 278.34
780.114 215.559
506.831 3.89388
738.222 706.156
45.1355 924.629
808.009 60.7959
354.997 474.866
900.912 170.429
431.942 545.192
680.087 27.7541
192.492 318.26
64.4776 435.744
577.269 158.265
256.312 992.399
496.508 638.48
555.908 747.589
710.934 574.792
521.064 127.507
50.6794 464.88
903.46 445.391
759.002 527.431
547.219 241.406
513.392 633.889
923.194 964.578
842.724 570.006
994.707 627.341
787.637 754.946
184.027 709.333
773.06 256.449
830.466 95.7481
944.548 834.191
51.978 345.292
440.269 960.964
137.67 604.785
289.399 906.255
52.2855 874.302
459.407 737.643
268.145 363.73
219.736 432.458
450.903 460.464
238.378 39.4743
128.105 702.619
798.336 784.704
297.351 104.363
824.433 416.454
777.796 432.594
714.59 166.171
133.924 476.203
84.4732 960.017
788.358 592.213
604.754 480.462
556.155 865.192
552.782 764.788
367.914 554.056
773.917 998.16
877.513 313.276
885.863 254.439
663.864 494.993
845.091 814.012
911.336 581.993
40.737 154.881
340.097 285.257
261.409 471.68
423.122 969.807
215.94 333.658
247.053 307.692
271.85 684.723
221.8 414.432
698.046 638.536
463.852 729.99
553.84 629.075
136.458 272.567
229.844 353.706
736.82 128.261
34.2512 513.933
608.839 861.995
506.178 338.253
554.845 549.065
911.98 374.987
792.25 40.9981
806.618 779.058
202.883 535.188
676.869 553.946
847.629 318.306
600.254 490.897
231.381 566.902
483.511 471.903
432.594 753.553
904.882 602.183
476.078 467.193
35.3453 459.423
762.658 1.59262
15.7716 135.83
824.451 234.432
955.749 717.66
471.379 394.53
249.712 212.496
561.935 679.93
109.197 727.07
870.425 436.522
893.179 569.161
278.519 673.695
898.062 655.617
954.186 278.552
27.3205 536.553
679.677 777.253
890.159 119.734
729.149 852.309
352.717 684.712
729.928 71.205
442.486 476.737
546.788 198.225
371.61 958.548
375.9 56.5986
519.789 884.098
156.779 666.003
238.617 260.564
926.018 442.684
950.324 244.515
45.8023 50.3954
254.831 417.698
204.745 748.515
499.4 733.094
320.66 610.644
209.67 549.163
720.409 693.372
703.936 921.438
225.548 160.836
580.201 694.412
892.525 756.478
0.963463 563.04
899.966 350.602
346.532 968.418
662.444 11.3382
528.143 628.352
68.1853 391.627
687.425 235.164
697.01 697.477
772.384 384.417
403.291 64.12
282.245 304.946
310.203 681.456
804.147 827.93
945.95 442.589
648.748 819.109
854.348 671.135
471.343 849.187
868.051 99.6273
734.546 58.6559
327.053 995.357
818.721 576.082
673.464 738.886
569.269 578.815
929.475 269.17
760.595 300.025
432.902 28.4398
725.546 28.4078
491.934 573.81
836.54 616.284
814.804 664.72
823.383 400.925
840.592 880.047
179.655 614.12
208.686 556.139
3.73822 602.788
961.063 975.007
115.213 961.558
52.5663 837.733
400.133 16.7443
471.743 894.831
588.958 936.415
923.255 794.401
999.23 530.782
696.043 17.3042
871.337 358.529
4.82143 241.189
545.38 761.734
169.229 806.942
829.211 591.018
79.1505 394.613
487.446 548.603
681.492 172.92
880.581 716.955
954.244 790.362
994.535 86.8042
503.978 664.88
144.936 488.576
97.3069 55.9636
739.971 894.588
911.733 964.581
942.533 615.616
258.298 150.437
202.187 448.031
835.485 463.613
793.36 134.995
893.478 645.594
956.03 66.1615
753.11 80.56
473.321 732.172
47.1845 829.614
31.9445 953.465
416.834 303.67
628.352 936.325
834.743 309.49
798.823 592.608
759.359 818.176
684.793 467.781
27.1486 766.442
195.516 704.953
335.887 432.758
601.968 22.3435
516.991 347.719
182.429 615.618
945.599 574.658
928.926 185.82
596.761 708.494
43.3658 325.414
214.241 502.285
99.1017 998.388
743 747.266
826.952 342.77
850.271 985.581
207.475 509.228
219.173 10.6282
103.591 812.286
911.145 249.37
293.38 48.8152
649.94 492.43
861.016 741.74
171.843 959.73
513.37 360.749
64.4712 868.105
940.361 737.494
441.149 382.387
789.442 439.15
800.855 530.738
332.207 334.493
777.171 628.073
661.252 177.487
955.65 50.6541
997.594 136.947
802.869 422.997
217.691 233.564
685.7 302.344
610.167 620.193
799.55 773.455
43.9266 692.18
42.4879 905.868
991.681 422.661
562.518 346.285
34.1604 903.604
24.0738 681.813
728.887 928.54
946.056 162.92
890.784 95.7544
875.959 392.244
855.417 635.232
528.242 274.679
881.88 565.784
223.926 756.284
318.683 539.834
307.101 474.954
540.11 53.605
871.505 597.564
92.1043 521.695
609.229 999.932
236.564 127.226
267.278 636.388
439.267 11.8927
332.154 813.699
75.9868 645.207
879.318 898.025
352.635 4.43533
511.172 27.53
129.888 935.983
703.459 984.52
682.058 49.8909
559.594 777.448
872.965 447.333
270.068 257.191
732.364 742.068
159.916 487.607
878.515 842.466
996.5 604.257
31.7535 845.258
823.292 232.766
104.341 491.102
163.052 619.774
345.837 706.672
72.0865 203.509
330.154 184.381
334.941 496.134
875.626 969.47
712.681 85.7943
740.915 700.44
60.6211 742.628
304.27 959.808
320.299 674.739
816.117 27.4298
914.388 932.095
678.478 915.805
500.512 816.933
960.639 272.679
989.846 642.966
6
221.315 204.677
205.386 61.0875
153.561 12.7594
87.664 106.74
45.3103 177.292
94.7133 205.566
7
138.161 285.064
78.0262 259.162
77.6348 371.77
84.731 435.149
172.897 461.053
189.436 406.705
198.553 358.385
3
98.557 592.429
114.891 682.611
198.57 641.687
4
64.7753 893.752
141.099 940.312
182.984 847.68
130.669 848.029
7
430.035 145.118
431.143 82.5497
368.084 64.3915
328.924 85.1124
318.169 140.52
337.747 177.328
395.8 181.833
8
443.537 407.942
430.088 371.045
438.261 303.237
367.364 320.796
363.004 363.809
347.096 381.756
339.279 420.861
399.05 441.845
10
452.842 629.348
420.252 588.46
405.103 548.83
351.995 574.749
331.985 596.166
314.881 645.576
330.207 668.014
353.938 683.04
389.474 697.081
408.736 648.411
5
334.238 825.719
314.71 877.109
387.844 933.808
436.802 843.929
395.169 818.325
8
589.688 86.725
546.886 109.235
561.761 160.89
622.884 130.645
642.052 178.684
667.308 142.043
696.034 92.5526
641.333 52.4262
10
561.321 367.559
576.693 401.848
608.138 410.921
641.203 461.672
654.827 402.453
662.195 379.516
684.75 341.248
645.045 331.723
616.494 332.946
587.853 340.572
