1000 10
804.424 762.286
44.4432 367.763
254.491 558.162
720.797 348.424
300.759 532.257
637.017 67.5577
738.504 857.551
856.915 468.537
293.082 106.954
315.77 116.799
485.894 614.445
880.631 132.125
876.426 774.129
752.257 607.363
521.365 415.121
951.411 107.759
435.98 395.034
180.266 156.67
477.887 933.148
620.998 523.768
719.321 825.414
728.931 441.047
613.952 870.047
63.1458 680.468
702.047 405.771
878.608 152.562
137.508 832.99
743.927 522.969
803.885 511.605
852.553 416.743
310.427 238.661
940.969 158.393
971.051 164.361
928.759 882.026
606.546 499.982
435.021 84.286
13.9096 433.603
977.66 504.438
494.939 672.729
311.838 103.471
329.029 875.355
207.438 869.686
949.918 395.527
457.451 725.383
544.586 755.624
230.575 427.614
107.033 699.201
255.39 720.238
431.111 438.478
924.326 288.571
555.851 896.241
945.746 941.789
357.181 5.35594
521.436 521.045
796.733 261.444
211.036 245.429
888.011 676.247
428.08 445.336
11.7003 920.205
273.226 569.998
649.851 86.1737
647.796 831.015
634.147 662.696
866.931 451.128
838.022 718.828
71.0638 245.997
835.609 578.586
77.1728 989.95
708.342 222.589
791.717 547.251
550.48 69.4488
938.881 262.203
710.433 288.254
210.017 552.81
870.732 832.629
308.974 264.474
670.689 273.388
970.8 589.284
6.02911 71.5333
561.569 843.542
60.0133 61.2644
488.919 147.138
219.303 35.1017
315.98 230.424
457.14 678.261
437.611 519.01
212.323 722.383
398.839 575.674
181.624 790.246
798.471 625.38
280.031 179.024
326.544 658.968
995.749 93.7341
6.04216 589.697
682.254 687.245
238.237 339.786
363.995 192.705
906.236 872.695
797.479 607.566
243.603 454.34
915.295 986.668
84.8133 547.869
861.694 778.852
805.751 342.034
523.71 347.206
789.573 265.815
236.675 803.6
895.483 871.47
528.432 582.628
66.6179 453.649
182.531 52.3986
643.003 780.419
867.195 365.716
83.6495 759.426
233.633 951.422
162.836 715.247
512.138 692.233
643.425 765.511
752.71 768.9
924.51 975.379
308.406 521.471
15.2355 209.367
251.083 147.993
60.7318 805.944
774.972 346.619
56.7919 893.231
170.244 905.802
117.165 453.045
849.219 833.673
626.406 849.255
939.916 1.70384
751.857 304.305
946.619 381.144
446.48 70.4919
957.673 560.919
16.7842 276.632
479.523 628.553
211.655 984.732
780.023 403.544
363.804 68.3591
929.643 881.748
383.431 89.7699
954.229 958.692
337.893 743.387
112.149 415.445
886.762 895.007
535.671 577.463
72.5244 266.923
712.417 98.2973
634.232 621.795
863.539 784.067
571.431 422.223
348.448 956.741
419.637 76.9493
873.541 102.728
47.399 742.559
122.148 826.535
415.714 397.951
561.739 446.959
691.059 101.018
36.2873 595.401
818.623 337.552
101.511 188.275
643.901 482.209
334.395 699.579
625.355 683.634
130.56 188.094
459.593 527.584
589.003 949.644
977.876 837.714
7.92578 47.9453
867.13 18.8148
30.3282 985.73
866.343 386.26
905.481 749.504
251.702 181.558
806.087 384.752
681.739 711.946
285.41 819.195
682.375 580.232
359.503 472.789
988.67 835.88
638.486 10.0099
919.837 837.908
761.538 263.693
606.735 30.0326
633.812 52.0379
857.161 57.3957
220.151 763.674
961.68 442.737
676.888 931.335
760.931 452.768
373.694 469.891
39.9934 295.153
636.535 975.631
23.3061 715.859
738.828 100.115
640.85 831.875
28.7042 177.968
465.512 48.2986
483.509 251.452
725.601 897.036
395.666 741.867
741.682 784.991
987.851 56.1258
190.502 89.8315
243.816 786.547
299.246 344.508
126.786 554.788
717.679 189.821
191.024 790.952
710.4 676.19
829.368 292.244
540.598 209.382
709.012 896.547
327.415 196.985
464.054 449.594
315.772 452.439
47.0708 529.817
6.93978 162.888
409.922 218.102
37.4791 821.246
986.028 839.213
119.042 429.581
723.441 705.244
292.295 308.277
23.7891 947.992
546.559 919.94
237.537 752.83
480.365 456.618
914.533 988.404
579.268 6.08138
369.249 514.306
199.063 138.16
752.761 611.702
508.095 48.127
512.62 128.063
717.827 231.351
580.861 648.986
719.748 139.86
49.0454 929.701
890.386 744.244
441.839 281.715
658.705 768.379
259.507 590.184
329.14 85.2572
879.645 730.721
240.755 189.519
72.958 741.163
606.187 280.069
49.6725 136.847
280.839 135.497
702.67 489.316
591.513 753.462
396.547 967.382
668.066 294.923
68.7079 793.014
827.224 842.767
787.706 885.943
296.416 862.308
504.48 41.2932
753.372 372.587
371.853 522.247
645.391 887.495
565.221 996.309
23.8307 728.25
787.9 532.499
322.723 121.86
7.68668 778.555
343.237 893.701
353.752 509.37
46.4205 628.837
666.102 619.899
446.81 587.838
970.464 433.936
613.533 825.127
191.669 294.045
441.604 223.049
280.743 341.75
726.95 72.2782
816.715 462.188
414.102 381.496
539.31 554.424
618.271 308.435
506.492 876.952
963.477 225.388
11.8286 482.927
493.438 114.872
827.512 625.826
635.124 910.087
248.539 665.978
664.856 846.838
35.6933 640.527
846.167 302.852
201.684 699.945
861.688 108.436
337.518 249.327
814.097 341.673
704.374 760.531
625.955 882.708
266.799 409.431
540.669 550.26
988.586 944.322
42.1245 102.548
503.487 723.856
692.652 974.86
118.083 513.734
740.222 990.048
534.404 546.136
63.5329 358.384
321.537 269.857
211.553 165.992
362.626 281.021
815.742 645.081
373.653 56.1935
262.929 218.935
766.119 208.795
735.66 55.1406
862.327 337.46
294.072 854.074
649.443 775.575
350.45 486.846
434.629 285.335
277.976 569.896
508.622 748.149
51.1835 993.849
734.303 141.705
549.864 585.842
241.81 118.074
577.949 235.93
616.809 257.118
366.314 946.219
103.676 845.433
763.183 618.846
504.236 777.509
723.327 342.836
655.906 912.191
802.353 548.501
725.055 178.37
565.7 993.388
195.013 485.797
288.148 811.621
785.04 545.472
38.9786 132.786
507.908 889.988
458.548 724.214
553.622 266.338
665.659 771.477
49.8821 551.405
145.137 748.355
581.678 988.965
313.356 511.291
39.4575 689.179
879.716 858.561
210.545 47.6799
40.8973 307.792
710.054 46.931
473.859 222.65
485.853 774.573
879.372 574.305
917.064 489.704
855.53 178.571
393.618 975.612
581.903 675.177
222.584 355.269
461.372 502.171
924.521 900.603
467.584 15.5799
772.316 204.728
118.41 717.194
975.076 909.131
578.368 624.836
730.392 830.753
255.039 139.379
952.786 312.088
902.331 103.055
348.76 737.476
758.181 22.616
944.039 477.887
219.052 860.182
844.3 696.21
460.015 929.634
501.388 782.139
868.83 168.143
805.637 506.761
179.203 577.525
371.527 375.613
8.07591 153.01
622.119 972.198
202.381 523.083
193.37 179.169
545.903 87.6383
605.099 973.935
224.46 903.254
372.758 541.734
31.5651 75.4106
27.2283 519.932
628.749 849.099
915.304 25.8449
236.279 586.13
864.369 697.587
914.889 966.076
427.599 133.045
756.489 987.661
837.682 118.275
432.104 719.885
485.555 806.137
843.719 642.093
498.292 805.949
884.165 683.731
2.53289 144.4
223.213 895.28
244.729 455.946
921.45 441.563
478.302 976.653
152.614 448.874
228.818 966.072
810.383 518.664
13.8471 276.987
498.911 144.536
192.771 318.166
733.599 529.308
766.722 725.153
740.554 94.3459
994.289 134.53
894.838 844.232
513.663 235.989
679.136 764.168
936.184 678.284
636.474 659.359
915.821 694.695
997.895 489.121
718.622 208.815
667.059 77.0379
527.347 330.944
441.422 172.49
653.936 264.226
667.377 793.673
693.571 588.405
691.654 186.261
795.764 2.75691
295.299 22.0384
659.159 680.979
513.826 195.294
897.773 731.729
791.993 860.433
289.458 878.215
494.191 316.853
156.815 509.029
688.843 515.353
747.493 363.236
472.637 87.7297
897.673 212.81
264.841 217.629
255.721 68.5291
371.571 486.585
237.008 241.208
770.866 8.92275
592.905 458.838
478.634 549.657
266.533 905.901
830.907 81.5823
303.45 751.015
46.7919 466.881
800.628 829.935
19.5883 427.347
745.073 555.069
286.997 771.185
841.159 123.673
139.375 427.866
494.46 527.358
584.92 507.976
727.643 431.041
194.403 412.721
676.423 819.488
557.301 186.258
804.279 940.155
544.095 808.61
881.37 210.806
403.347 39.2647
547.076 819.266
891.311 450.26
29.3219 835.319
426.888 113.484
493.404 670.782
801.331 670.922
320.952 982.5
0.998458 964.597
349.238 988.816
146.755 702.588
816.784 199.488
893.172 547.209
170.446 701.21
319.145 506.272
712.871 534.529
90.0101 54.8998
223.926 668.646
606.046 216.433
616.322 62.6484
415.992 200.746
466.89 554.059
843.054 769.911
428.853 531.751
396.384 314.125
780.315 157.256
801.412 205.187
50.9178 289.595
966.228 864.646
344.941 160.31
647.776 722.356
55.0332 604.806
546.172 865.584
441.883 816.591
243.082 374.28
849.202 879.374
189.92 632.786
529.288 371.96
415.351 940.225
721.853 897.758
636.325 553.382
34.6264 536.263
993.368 649.297
243.032 657.566
342.562 947.717
500.477 254.544
840.226 532.115
239.899 195.041
177.853 577.374
262.721 768.71
574.008 933.168
268.048 529.457
784.408 371.381
571.338 951.797
556.26 671.482
852.218 256.025
865.135 374.353
732.863 9.24587
591.557 669.431
638.198 737.025
314.847 504.982
765.03 761.429
893.848 55.6127
164.259 219.117
484.226 637.482
868.23 487.591
314.755 192.869
344.242 865.572
848.311 876.109
12.7256 644.886
478.512 308.674
500.767 682.944
231.384 604.685
261.469 52.8975
534.198 206.508
399.025 774.225
67.2569 481.01
45.3444 476.952
486.564 613.575
700.349 850.27
34.8166 731.054
792.28 857.284
916.487 220.004
693.289 348.441
412.932 241.353
628.756 845.266
653.921 901.815
808.688 277.669
111.018 805.923
842.789 447.557
7.62277 931.933
456.331 444.051
110.71 759.651
793.97 750.341
174.177 165.561
486.396 606.655
865.389 676.49
706.257 667.212
801.083 11.2489
450.689 429.749
775.784 625.89
616.633 213.601
220.558 832.601
163.304 482.862
681.907 583.954
218.811 571.08
283.931 468.34
405.311 164.03
969.786 904.746
280.209 797.889
617.272 48.366
860.516 329.838
459.345 254.714
172.218 765.545
408.13 758.077
786.594 313.964
215.97 907.524
134.48 248.255
822.254 202.299
820.945 633.97
948.811 159.597
708.59 16.299
888.939 195.112
817.412 144.104
589.534 725.89
92.0455 693.72
967.795 273.795
232.042 205.917
906.692 694.133
380.606 187.839
195.756 394.208
668.254 840.647
991.101 727.502
766.705 526.294
479.506 356.165
933.13 513.992
813.71 983.83
525.468 877.298
367.213 935.089
237.066 956.002
492.562 617.291
690.711 727.018
833.695 558.652
873.782 638.523
332.286 984.508
672.097 471.286
781.69 961.992
64.4984 47.6946
659.847 476.282
18.6585 739.994
413.304 57.4903
296.999 94.5054
470.093 63.4234
734.844 411.994
547.423 252.523
712.123 745.438
426.469 992.513
409.722 150.132
233.372 683.081
5.48321 991.104
714.405 427.005
303.743 848.442
657.481 287.013
244.809 343.771
471.117 13.2505
396.161 250.933
784.156 508.126
492.261 932.129
977.504 614.916
852.435 553.559
658.608 974.647
586.929 216.791
324.198 982.643
756.683 519.374
369.435 713.278
703.16 187.544
168.859 196.475
498.48 319.197
457.507 519.808
50.899 111.569
216.983 434.904
513.079 412.891
855.673 250.642
426.977 716.69
313.479 583.581
851.77 382.498
917.215 140.044
879.304 273.154
168.95 856.721
960.877 110.933
471.094 726.672
709.276 180.973
242.021 867.173
125.608 231.753
473.074 60.6965
672.453 222.655
179.319 547.509
564.029 309.787
714.608 851.229
67.4537 655.794
576.517 504.683
714.602 6.50902
972.405 53.3296
339.741 905.875
379.732 722.097
286.906 578.306
189.523 972.168
893.628 778.75
685.205 893.276
839.109 54.3644
262.365 3.47614
152.428 505.135
957.082 54.4015
786.389 501.225
137.583 908.084
916.055 716.243
167.812 912.674
705.029 695.144
57.4707 287.625
377.082 226.002
500.298 346.999
629.592 687.567
550.668 581.011
535.704 700.406
963.744 508.395
422.585 186.492
889.423 699.11
811.943 209.52
767.525 621.943
947.149 606.459
854.494 883.451
15.7322 158.542
930.596 295.896
734.603 589.318
401.97 213.839
409.18 458.896
151.864 709.301
279.674 123.323
60.5247 730.869
789.84 819.953
205.945 434.413
155.246 71.304
460.661 556.686
331.4 817.564
464.779 276.526
188.083 342.239
641.191 262.783
692.041 571.004
990.935 838.689
931.089 514.41
145.319 489.989
589.009 662.529
959.517 71.6583
484.533 309.791
196.998 411.673
78.9522 283.482
991.516 710.379
537.011 315.666
678.698 241.5
240.387 528.95
748.961 422.824
104.993 933.364
0.67145 76.6669
324.832 934.79
290.651 614.501
249.767 341.917
868.385 198.699
278.905 602.319
757.08 723.185
276.379 44.0613
235.304 519.703
132.524 492.693
754.191 794.718
995.536 776.72
910.648 65.4673
913.971 624.214
504.742 803.925
538.119 4.28548
414.071 272.149
690.741 903.301
428.872 699.079
963.175 710.243
649.997 712.924
233.97 220.025
748.552 315.38
790.877 177.069
726.977 770.963
215.831 426.363
92.3078 566.461
21.6529 55.6961
995.825 884.619
767.185 880.855
889.35 199.196
281.245 104.688
204.051 263.997
877.974 707.706
523.239 809.925
297.495 670.316
504.105 460.1
258.391 240.909
229.428 506.744
939.869 299.274
531.498 594.865
904.877 756.017
699.168 457.86
435.052 840.896
868.638 172.407
724.809 224.783
40.7554 717.931
247.233 998.007
624.704 864.07
951.909 211.127
77.9408 895.366
521.879 694.709
448.767 397.452
603.251 909.561
14.4967 109.619
526.506 729.292
585.788 251.861
332.659 517.13
981.52 942.354
804.212 32.8582
83.0814 502.719
507.852 196.092
751.652 238.973
286.147 29.8894
746.739 10.3153
752.848 556.306
267.114 688.914
996.743 32.3768
28.1666 19.5267
761.603 181.102
127.67 234.174
885.838 899.665
769.28 462.03
765.407 631.089
810.187 442.947
750.454 292.285
435.83 877.112
15.9727 88.766
195.986 928.179
466.461 936.446
931.579 189.408
466.34 644.231
4.21043 970.971
321.622 57.9832
923.674 766.5
527.715 794.293
321.524 473.883
511.874 798.888
278.524 953.573
27.9575 111.961
816.758 826.416
585.421 533.558
477.132 487.138
676.5 49.8454
191.292 334.463
168.391 52.8778
411.14 785.52
748.63 166.916
165.794 707.372
406.226 17.6977
289.253 418.574
507.761 264.67
360.732 250.258
827.226 481.713
221.763 94.4817
51.5064 570.42
433.29 41.6858
941.573 601.225
402.678 165.607
79.0941 403.081
951.423 787.918
861.307 517.846
837.036 667.186
667.453 599.172
646.586 664.406
644.259 855.479
224.8 120.554
204.624 787.064
383.152 421.361
793.738 11.3804
467.192 712.123
533.494 161.6
549.788 861.108
504.787 211.752
850.554 707.61
30.2787 440.671
900.424 438.324
531.444 865.744
188.599 734.377
61.5615 366.156
343.252 174.391
186.555 301.463
268.702 635.409
317.783 939.575
604.862 307.64
546.327 772.416
520.927 859.374
307.024 947.42
845.957 760.46
172.914 841.682
194.819 931.688
214.807 199.281
224.17 872.129
323.653 514.34
958.654 281.327
818.887 722.85
489.295 380.66
923.082 646.193
647.622 978.06
123.16 189.015
325.43 396.832
253.548 130.909
598.89 619.037
409.052 470.901
251.871 997.605
659.022 498.722
710.519 98.4619
603.445 308.515
467.215 790.728
623.242 831.98
957.275 690.658
911.571 709.517
325.702 390.402
898.087 789.517
544.843 316.784
419.271 250.562
316.976 815.795
799.79 528.029
801.419 397.766
857.824 261.112
788.281 601.213
771.821 783.185
644.866 459.17
261.084 587.838
703.9 462.686
566.287 478.53
491.601 56.5403
282.503 141.662
306.712 88.0434
786.186 607.558
576.453 284.314
47.0965 420.425
64.3213 595.628
930.085 313.761
944.159 359.248
337.332 941.725
739.99 954.63
598.588 654.169
863.235 453.442
0.5346 898.654
457.657 256.445
340.454 853.44
458.174 403.965
244.945 933.243
47.3474 795.458
843.822 610.193
963.77 587.533
629.518 825.761
130.706 783.361
314.373 129.178
960.822 950.323
132.067 939.869
18.2315 543.304
509.84 915.683
861.545 767.062
588.156 31.7972
846.023 361.121
470.453 997.835
931.957 795.326
515.038 168.081
537.625 885.375
424.189 113.13
698.791 632.044
593.406 747.846
268.553 224.131
20.1256 766.531
122.701 952.785
469.82 518.26
47.3633 521.303
463.123 324.997
367.382 956.051
203.194 538.714
744.896 653.662
661.072 185.525
298.65 254.589
54.8962 441.325
451.042 23.3223
372.717 292.984
171.814 235.362
475.585 390.329
420.715 66.9396
672.956 3.69583
192.909 693.978
702.635 986.657
951.57 63.4135
692.077 953.604
961.502 240.814
750.728 832.9
801.685 491.017
63.4124 940.822
268.849 687.327
522.684 614.227
116.143 409.883
444.677 58.5718
397.76 399.985
723.323 29.1418
838.804 416.628
519.954 718.692
923.461 287.111
365.486 725.019
269.993 504.746
426.449 179.568
415.55 511.092
243.392 966.767
261.794 434.028
202.425 822.177
803.893 103.34
342.804 354.543
824.251 74.6736
7
183.042 101.79
139.195 64.1716
83.8592 78.8191
63.0689 121.735
76.3591 164.232
135.139 186.386
173.099 164.583
4
201.629 376.123
127.035 263.68
68.618 372.978
124.977 388.896
9
98.2888 565.021
55.9439 607.709
70.9649 649.134
89.9324 676.225
138.189 672.528
169.662 669.336
188.663 620.708
182.946 594.287
143.217 570.812
3
168.493 980.556
155.126 861.685
125 875
3
350.542 185.528
440.156 123.196
336.219 73.0189
6
466.054 341.109
373.001 308.116
342.336 349.491
375 375
368.017 456.288
375 375
8
442.308 591.825
384.61 571.321
325.124 570.731
315.635 624.307
325.061 654.463
353.346 690.051
387.976 669.408
416.893 646.384
3
361.613 940.364
419.889 881.774
385.692 796.277
7
543.278 151.798
590.767 207.31
647.76 185.937
709.844 174.601
686.199 97.4744
618.009 89.5292
568.279 36.0397
8
608.282 452.283
678.928 456.4
697.225 391.563
682.945 342.126
644.357 307.577
595.287 330.499
581.43 364.591
568.534 411.458
