1000 10
833.46 148.275
870.894 818.319
78.0367 310.446
952.936 712.467
185.324 270.83
506.403 511.483
257.744 27.7573
441.432 579.213
571.38 997.133
730.821 193.269
422.085 475.847
715.468 742.577
11.5802 914.205
323.548 757.564
304.309 787.511
901.015 911.069
808.702 719.173
704.2 494.876
894.173 611.419
978.112 246.832
634.846 696.595
136.539 217.674
271.72 746.162
461.812 200.801
788.183 848.655
466.275 147.577
535.354 397.509
520.381 720.909
19.4399 330.479
328.645 247.008
62.2687 205.794
640.019 873.684
306.726 778.983
802.939 989.656
967.607 964.253
760.769 317.045
490.093 11.9
624.16 822.33
118.208 201.146
675.13 995.668
823.014 209.127
966.913 430.425
929.751 617.953
717.156 994.072
498.767 660.384
859.468 479.467
203.682 753.077
8.34728 111.989
21.1048 919.097
863.717 288.418
227.614 255.037
587.247 782.137
545.54 234.964
555.689 182.572
362.219 758.768
251.156 927.914
697.88 814.008
485.451 287.956
874.392 572.138
8.88321 179.36
201.7 866.857
313.643 709.207
31.1414 425.93
195.501 630.287
118.409 771.542
651.56 244.691
218.472 523.52
273.718 348.829
5.36578 329.171
813.981 37.8748
275.79 820.831
856.487 840.504
31.1798 759.662
312.509 574.726
298.275 527.485
18.3615 607.337
581.906 424.674
472.347 664.156
790.177 60.1148
253.585 696.58
682.982 899.554
947.553 107.992
148.089 41.7064
483.716 470.442
56.7713 72.1384
316.562 788.536
77.7179 789.18
667.688 880.468
330.77 948.088
240.613 849.686
275.144 500.689
503.605 439.146
990.734 468.93
734.903 603.75
950.22 812.021
306.183 79.263
31.1231 978.713
662.731 520.322
780.905 136.329
516.228 135.604
823.558 949.642
689.077 66.4329
411.396 776.023
539.732 901.408
275.837 438.821
538.672 88.8934
959.293 244.698
638.676 810.515
147.793 705.093
908.885 689.641
854.258 770.945
624.897 732.097
142.937 998.1
106.048 3.91202
239.026 296.699
405.608 597.577
526.828 336.402
861.745 69.0011
899.16 930.891
765.317 284.751
41.961 206.883
223.854 575.91
231.943 165.292
709.247 40.7969
487.873 491.203
50.4572 909.52
893.765 888.955
413.613 685.377
420.082 517.831
662.797 222.063
730.493 898.152
680.338 914.166
684.365 153.084
705.439 173.521
223.661 63.9423
383.892 436.183
733.228 567.908
463.264 651.403
462.519 991.316
762.638 418.17
145.815 321.221
694.702 81.7145
5.42014 277.798
602.248 7.8009
28.326 747.362
385.142 16.3267
723.957 194.942
940.97 601.506
871.132 29.608
318.752 814.119
714.823 291.908
861.956 141.986
88.0067 960.86
452.311 960.146
962.712 550.112
621.19 692.482
399.876 751.503
131.106 473.887
784.406 789.427
485.809 661.224
11.2735 729.571
838.129 43.8627
477.735 431.913
183.734 82.5732
470.039 721.368
158.272 24.7018
591.56 564.105
53.4882 0.447592
192.284 58.8408
605.815 688.799
437.687 531.731
746.412 469.06
55.5611 714.135
155.202 269.78
953.462 145.75
210.637 24.9241
544.083 81.5007
262.485 682.315
665.177 860.384
644.547 802.929
802.202 285.999
912.21 605.397
247.536 971.368
448.592 924.132
292.674 917.117
741.534 36.5586
80.2208 47.0254
76.8831 293.99
606.547 926.668
840.398 100.329
492.222 791.168
328.002 273.037
864.189 804.928
730.263 704.051
897.622 322.856
559.614 735.782
489.529 745.102
608.01 464.444
20.1312 748.769
329.054 340.932
527.588 77.9242
980.996 329.758
482.503 481.358
196.192 743.777
838.559 743.11
461.008 340.06
537.877 53.2155
540.421 680.727
4.77704 236.387
35.8109 862.306
483.647 662.693
507.749 809.584
939.822 688.09
986.063 732.329
416.273 149.282
69.9774 96.7354
183.203 182.221
25.8707 812.598
627.754 991.35
873.805 916.773
212.803 255.055
854.41 220.577
369.942 675.797
233.335 269.213
201.938 712.359
776.478 844.978
586.667 438.96
324.837 55.5075
587.064 268.874
578.126 730.753
20.9988 214.249
243.473 403.144
546.403 916.398
781.794 816.866
689.416 375.284
578.063 843.507
929.433 578.099
212.566 958.226
775.047 220.122
5.59445 731.967
785.602 615.94
140.27 459.851
514.486 853.124
306.087 973.13
738.233 842.916
642.94 617.645
798.514 379.861
171.617 591.938
975.248 419.391
548.708 447.663
644.643 493.066
526.268 853.154
479.056 458.594
452.279 354.217
198.803 654.933
793.521 143.304
691.536 519.058
117.182 471.435
531.036 543.231
674.671 496.606
724.951 270.764
478.9 749.168
567.909 190.401
30.0587 104.694
963.513 531.79
230.694 108.523
260.637 836.813
637.353 572.57
127.723 441.682
556.079 373.357
985.405 464.472
129.828 978.668
763.437 546.56
452.972 823.983
716.247 971.013
985.28 858.777
889.112 55.6703
922.104 77.8429
496.51 556.95
990.887 708.213
68.3129 204.002
605.802 602.226
801.515 505.367
268.836 482.606
740.905 771.191
764.67 8.19344
272.895 831.421
32.992 350.032
879.625 504.366
302.586 939.093
794.095 35.5485
628.465 612.886
774.178 837.353
853.475 893.401
74.691 839.122
645.941 226.985
924.675 534.606
372.128 477.042
758.164 55.5024
2.35716 966.887
887.487 596.539
544.065 555.925
573.906 701.995
675.52 725.764
30.8693 106.604
660.023 176.659
989.476 150.224
193.902 303.033
464.975 778.301
943.187 829.057
223.122 3.29488
596.214 206.566
232.088 476.054
962.342 682.856
16.1378 179.135
87.6668 352.226
930.824 961.749
731.936 905.255
914.364 918.913
784.435 544.343
481.194 983.59
876.808 514.567
213.483 550.568
547.978 737.709
347.326 1.44376
957.516 260.121
785.499 147.121
688.913 397.537
338.906 54.3795
467.983 830.467
31.8356 561.147
773.635 441.392
994.613 903.559
253.716 75.6026
81.7431 250.882
439.545 604.714
317.859 653.826
839.46 247.133
526.942 117.896
732.163 845.533
570.698 585.3
291.695 163.825
26.0542 305.954
116.702 272.263
866.023 332.172
917.741 34.2357
710.655 515.054
265.839 364.566
636.69 940.298
523.259 390.902
867.971 244.57
643.558 980.491
239.155 502.505
333.4 739.993
529.969 474.329
696.413 425.571
826.826 497.456
991.819 51.9984
636.843 578.825
885.8 541.645
696.565 122.993
79.894 490.191
784.227 961.94
76.9554 432.88
890.069 135.09
753.088 376.308
279.436 353.509
424.698 620.444
830.371 476.223
452.824 713.09
981.212 675.965
502.087 435.166
743.217 273.967
821.509 437.94
683.088 311.738
757.438 918.047
108.778 404.792
373.06 44.4264
227.763 645.721
315.743 906.857
891.324 27.5256
463.059 836.26
558.725 278.288
20.6995 49.6066
383.53 656.336
919.285 709.98
54.5474 784.064
959.025 310.823
432.975 192.814
496.751 607.006
99.9734 444.731
251.556 95.0681
308.76 180.541
193.589 557.875
933.2 507.655
448.277 272.118
326.208 924.009
30.2067 826.373
738.192 543.362
64.9295 327.467
736.914 407.408
398.155 548.282
93.1244 953.558
446.037 958.686
239.973 891.593
987.015 966.274
294.004 583.102
866.206 500.977
778.988 739.75
108.734 993.016
181.924 721.81
644.59 327.171
953.055 290.952
500.948 812.075
100.781 260.557
927.679 450.27
52.0137 842.779
728.155 361.974
859.206 967.145
979.388 393.284
70.6007 951.988
88.7237 462.148
869.882 143.025
28.4699 644.032
331.086 936.472
32.8483 278.944
396.94 683.179
350.309 36.0474
497.525 681.422
743.566 76.4587
231.67 255.505
163.296 500.223
804.961 314.416
395.716 759.024
476.781 904.221
625.038 63.336
294.142 280.175
759.523 1.73729
7.68026 913.61
907.99 84.0983
10.4773 966.61
329.104 711.022
51.6697 816.716
213.552 767.313
122.415 499.403
452.701 867.922
10.7465 755.546
206.214 922.475
784.766 727.285
112.662 389.754
128.64 714.142
632.142 271.99
631.306 262.429
160.88 973.121
713.741 99.2946
480.115 220.374
512.471 511.406
40.8445 212.985
316.3 763.673
393.446 769.133
136.512 533.749
174.283 281.508
944.31 372.885
974.263 109.841
197.557 886.459
906.264 60.7876
400.366 32.0332
964.518 870.252
821.764 972.167
224.629 127.619
970.276 242.629
286.719 398.101
309.354 371.371
909.701 675.448
801.145 982.471
262.874 519.212
544.742 291.077
693.292 284.459
478.549 4.05466
67.0257 760.42
347.772 210.627
294.722 991.444
55.8762 53.4205
320.158 771.68
802.818 139.209
792.781 748.027
553.222 328.076
790.697 100.287
690.585 242.952
531.694 24.8739
95.5697 349.824
243.622 635.46
25.9765 348.321
498.744 848.768
102.184 225.655
205.128 97.7802
879.645 482.542
736.099 499.34
842.488 640.757
974.362 857.221
26.7413 691.875
28.1885 273.783
709.169 320.842
12.7108 714.129
503.28 521.524
72.5701 4.1764
155.099 822.395
796.768 506.195
744.949 426.326
887.504 745.746
519.447 440.766
789.617 635.905
470.128 666.887
291.991 993.279
207.951 961.226
322.463 60.6905
908.581 298.81
717.336 467.174
683.917 300.917
445.773 277.274
26.3746 541.567
58.5433 819.381
432.057 458.477
364.579 576.301
767.24 424.165
92.3314 697.154
531.9 530.448
36.8999 419.151
212.157 50.8128
249.938 399.104
577.612 914.436
105.567 735.773
662.827 459.113
214.297 988.733
855.221 912.294
840.471 200.944
817.664 288.038
942.996 315.823
853.919 597.968
937.086 115.494
561.269 889.857
411.859 227.099
610.221 523.254
702.174 272.523
453.171 597.693
513.544 535.923
708.138 648.739
804.903 160.065
77.3986 195.132
990.719 800.619
725.289 9.32383
795.171 330.691
962.358 858.774
938.169 817.418
50.2439 247.122
85.0365 327.254
507.84 443.943
813.15 590.367
45.9849 448.622
781.927 490.743
584.374 193.875
626.342 581.369
469.111 679.88
880.18 563.695
889.455 297.402
883.027 200.219
355.616 682.156
49.5907 817.493
804.601 408.334
213.255 335.127
397.685 560.856
32.9763 333.06
227.394 492.315
526.875 11.426
87.3588 708.41
775.729 865.816
847.828 65.8233
429.538 821.326
420.653 675.022
819.032 291.72
846.089 196.331
866.538 359.665
625.994 487.892
960.933 804.432
784.362 427.001
844.239 818.013
868.38 473.173
141.252 975.638
13.4444 772.724
552.003 679.44
452.451 766.669
878.567 874.615
361.388 712.14
285.035 55.2946
786.4 373.988
815.938 27.082
29.5367 97.8831
91.2048 398.131
893.865 799.298
213.4 277.124
585.635 493.406
8.78766 936.061
637.787 199.774
904.747 173.528
81.4771 315.446
768.088 973.067
911.687 701.756
75.3152 729.949
796.092 533.26
743.991 542.88
626.605 659.017
827.098 539.712
715.834 502.86
78.6386 983.258
438.968 345.39
837.038 170.033
757.466 543.387
15.9378 31.0205
133.667 980.407
460.307 163.241
827.114 970.567
702.323 567.628
105.173 258.348
52.1938 695.771
513.96 52.8656
832.22 513.658
734.519 261.618
26.8958 513.253
867.638 340.037
665.058 738.109
759.23 841.102
674.913 254.059
525.633 120.91
30.8964 944.056
909.779 884.739
971.702 472.274
398.705 434.988
508.928 827.167
350.5 529.558
902.746 277.786
410.522 547.227
88.687 440.63
522.656 383.176
734.435 745.283
6.39778 322.249
270.784 78.2365
783.529 448.79
647.845 264.274
980.818 503.223
710.729 98.2595
752.141 728.868
577.092 813.992
517.061 791.982
87.524 796.699
444.509 429.422
560.065 809.214
920.177 125.687
682.703 4.13041
904.239 909.499
58.6027 376.622
994.854 673.658
893.303 6.47101
908.476 245.015
266.046 275.39
23.1971 632.804
849.326 682.705
83.1636 510.896
100.807 558.246
890.762 451.568
86.6755 374.321
304.764 189.009
265.709 325.759
364.062 283.935
489.489 630.047
171.607 428.869
805.365 204.582
154.525 8.67862
208.4 498.779
877.921 865.288
708.764 19.337
553.311 927.807
592.015 53.4398
576.7 659.295
834.783 985.754
198.068 428.371
232.995 112.343
56.5731 982.216
775.242 296.207
507.716 542.915
744.465 780.773
10.7708 807.848
213.452 623.432
338.636 703.096
445.623 370.522
971.579 438.006
803.072 546.403
970.555 402.944
246.441 834.759
260.285 730.684
824.206 539.371
765.451 164.152
358.237 262.849
456.199 445.605
931.423 98.5721
455.112 61.2227
927.995 670.956
601.339 432.607
16.8862 819.884
501.989 112.103
909.676 791.863
855.424 950.075
224.354 108.865
775.403 179.921
242.123 740.052
280.931 434.949
562.049 169.513
826.173 9.49749
420.283 130.14
481.466 886.832
375.769 293.022
687.47 993.496
45.9266 772.758
410.899 326.988
987.528 491.021
742.895 501.475
847.508 581.289
24.4364 855.83
268.397 397.061
677.209 400.781
14.7305 42.1723
390.628 638.41
119.336 676.704
94.1204 511.769
904.309 464.704
470.917 50.5302
486.237 763.196
779.044 514.449
774.844 396.062
869.191 173.14
667.824 454.089
879.365 620.65
473.892 398.288
15.4664 655.148
757.537 522.498
514.762 32.4734
460.025 499.203
34.3919 731.322
701.305 792.044
127.837 540.835
731.677 39.2742
781.22 566.283
931.121 473.488
21.4967 118.937
899.53 789.247
81.4806 798.195
388.711 310.546
385.046 776.909
593.763 193.454
73.4482 766.008
208.558 268.104
782.548 861.96
494.477 44.2323
451.922 935.025
686.021 618.976
540.658 190.127
420.096 536.5
450.038 549.915
594.598 592.902
608.604 712.614
430.976 614.379
870.632 965.198
871.407 469.548
289.849 906.686
875.962 147.588
45.0409 505.747
713.618 817.501
409.398 591.209
687.128 793.621
450.767 479.429
32.5543 759.713
284.107 7.61702
418.966 982.099
466.782 613.927
686.199 131.688
947.031 417.406
449.237 117.008
872.242 464.889
547.668 872.625
454.323 913.662
422.262 22.8321
867.005 82.3279
985.318 816.823
662.788 286.071
628.389 190.939
954.106 856.255
964.314 805.542
649.35 969.997
922.739 519.251
90.3681 332.409
944.237 785.766
40.3417 340.205
587.412 420.398
567.537 936.499
639.52 31.294
216.077 391.582
728.818 334.054
632.159 766.816
661.935 894.646
89.0345 788.517
730.192 84.0482
451.819 845.197
896.685 519.044
732.53 265.425
874.44 817.718
333.516 279.473
704.072 798.723
110.612 946.501
478.902 572.923
197.703 923.481
664.684 552.504
943.27 614.725
410.756 713.921
774.56 899.432
825.501 191.351
469.942 443.61
697.261 886.08
218.333 429.524
109.947 358.705
332.668 797.48
332.435 711.629
484.838 924.258
754.013 440.706
318.987 689.16
177.776 274.675
360.209 560.212
754.7 138.448
592.408 557.931
397.185 645.196
531.697 93.461
855.37 151.503
155.036 315.56
468.359 901.418
67.7087 256.673
934.506 796.351
726.047 638.293
518.718 381.763
704.926 480.796
98.4431 503.736
966.894 906.36
799.276 34.29
237.39 797.961
548.969 455.103
111.09 808.145
304.161 47.1806
200.391 639.577
444.364 8.37718
564.845 29.3599
978.724 452.538
117.292 788.367
440.034 607.062
606.367 662.974
385.265 469.274
664.485 711.537
45.7709 94.9186
404.432 191.83
366.238 474.421
686.269 521.898
525.086 47.3125
368.636 994.854
78.3386 531.187
858.428 114.178
214.981 484.852
257.637 23.3497
282.785 236.802
819.706 544.197
913.249 553.429
716.516 714.426
415.342 644.865
939.656 497.603
566.165 638.127
731.031 926.065
843.693 974.267
883.796 246.123
841.759 836.042
28.8788 102.378
510.903 242.136
246.019 641.27
944.428 516.2
752.069 859.859
101.133 767.283
908.774 791.118
610.698 764.301
739.809 829.861
669.911 961.809
24.4786 435.823
390.23 569.259
944.668 151.723
285.56 578.832
854.757 687.853
176.273 686.647
364.47 288.408
790.767 460.656
880.541 981.202
696.701 801.4
243.391 501.055
907.906 274.241
176.726 749.763
53.3612 881.759
991.754 345.583
530.656 204.052
870.067 780.218
282.038 877.298
255.767 504.233
828.819 325.513
589.108 825.381
692.07 406.938
212.157 980.857
482.671 216.798
438.938 931.549
264.066 896.402
744.541 802.041
94.9774 26.9512
417.749 642.273
473.192 693.308
31.2571 643.365
38.5788 289.351
231.537 680.44
134.527 551.742
837.368 764.332
700.65 829.561
311.481 210.202
459.116 438.887
914.152 367.188
6.99675 344.303
524.108 793.729
668.632 554.323
752.489 330.791
929.241 834.056
742.138 955.667
827.635 894.927
890.873 813.02
405.473 590.761
878.24 577.726
110.258 201.612
199.581 616.515
253.03 3.34921
668.135 733.745
456.459 265.521
762.194 297.669
839.67 304.024
180.824 268.819
776.547 616.223
570.409 669.94
836.921 956.117
894.642 460.867
247.861 981.183
890.294 48.0716
956.014 810.999
58.2725 914.093
923.729 838.251
101.735 56.4838
919.525 567.124
185.01 958.601
198.372 82.4175
398.976 229.904
884.77 224.349
672.943 811.906
867.989 115.744
53.4637 905.799
903.565 443.325
912.577 420.036
955.77 99.2836
358.572 985.906
454.269 668.392
279.302 901.933
811.665 451.482
232.551 24.8636
406.977 760.205
368.138 660.025
747.013 939.336
942.357 424.502
621.748 964.861
49.241 1.12313
766.809 395.797
33.1742 782.811
31.4979 189.182
477.208 536.977
285.959 222.631
536.609 816.391
679.958 413.436
308.602 486.877
407.031 658.045
907.732 579.044
100.75 430.395
85.3941 13.7293
499.885 551.593
462.292 232.333
812.17 996.4
338.131 241.927
955.015 745.74
7
182.721 70.5189
120.668 20.12
93.9671 100.411
38.9442 148.94
101.361 184.283
164.373 187.907
162.981 130.4
10
143.175 455.783
180.58 414.153
218.684 353.629
180.699 327.23
139.708 341.723
106.297 317.855
123.876 374.14
110.04 375.131
121.643 377.761
117.255 394.453
9
102.968 557.262
66.8526 588.282
47.9817 638.374
79.6071 681.961
125.871 672.982
158.509 667.805
175.114 633.877
169.249 599.726
146.702 562.736
8
72.7343 850.79
81.7811 904.812
116.54 941.806
175.256 915.085
192.385 874.23
178.857 830.844
118.058 821.935
88.5877 826.095
7
372.413 67.0115
348.304 93.0731
275.12 117.378
324.429 206.273
393.764 188.794
408.786 136.989
487.061 69.6167
4
320.488 345.328
343.809 429.151
430.062 405.576
404.554 320.216
5
375 625
414.543 618.738
374.981 572.781
322.299 596.312
327.501 680.296
6
413.288 830.952
382.092 806.467
313.241 836.873
325.291 902.052
383.407 947.421
445.476 884.6
5
587.061 167.115
618.459 193.375
668.14 165.217
664.197 79.6668
577.901 84.0888
8
573.314 393.063
616.233 397.18
640.872 428.513
681.83 380.455
716.115 333.728
644.825 327.934
628.155 299.765
561.406 298.594
