1000 10
339.301 97.0861
487.374 293.228
76.3014 732.14
437.856 574.198
600.7 999.214
889.329 113.654
688.365 224.08
882.533 365.865
244.951 146.399
6.14899 486.595
353.439 138.948
46.7511 873.323
787.341 438.438
527.533 105.127
937.994 421.521
203.978 925.365
685.747 156.802
870.432 772.841
912.524 411.833
5.13119 904.255
862.229 766.974
625.67 574.424
693.273 428.149
528.258 458.126
774.945 217.321
586.689 259.461
451.642 325.496
229.841 322.851
324.759 556.337
287.127 234.459
871.797 661.69
157.558 267.193
282.308 157.346
106.891 195.906
238.484 863.04
22.8609 926.135
708.709 691.849
320.968 731.192
589.254 733.165
577.813 552.823
273.947 490.726
972.781 214.755
310.036 100.593
774.261 185.202
668.789 746.814
26.8679 207.682
629.647 258.533
63.7646 864.534
201.903 633.753
338.344 475.329
489.049 83.5095
507.528 603.257
62.626 88.4051
322.924 702.57
878.919 810.982
499.558 740.722
449.348 803.6
819.202 718.703
691.457 715.648
417.414 778.149
520.348 119.712
734.333 531.775
231.366 360.373
572.222 277.075
422.062 879.378
68.5228 322.931
275.265 160.671
598.126 187.898
474.332 968.95
268.463 244.479
820.123 278.387
762.291 109.928
275.444 317.951
247.534 625.802
585.365 853.739
656.596 19.0419
899.521 549.929
267.556 447.496
791.699 87.5444
857.461 267.51
578.942 700.07
60.2992 811.827
863.279 187.83
253.156 234.777
241.9 837.46
853.758 765.623
758.597 956.874
342.412 2.11263
147.954 187.932
166.229 344.295
61.0565 592.516
177.464 331.535
830.746 612.441
284.545 505.613
383.551 144.811
965.718 12.8208
204.446 515.104
226.067 141.447
303.143 977.993
225.244 815.017
84.8448 515.164
11.697 3.86817
231.01 138.596
29.3684 417.817
566.622 642.03
53.7936 295.442
492.913 123.129
781.543 756.867
336.712 961.377
188.898 123.907
860.248 235.095
757.098 140.356
785.08 331.85
290.447 339.65
512.165 729.591
844.983 181.717
212.576 714.01
604.049 885.586
365.521 941.042
793.729 510.596
680.138 719.044
609.273 913.45
475.992 222.418
109.551 419.738
676.485 495.61
950.792 535.362
581.582 423.618
936.187 857.259
601.986 447.474
993.45 105.481
775.083 487.285
43.2856 773.278
279.92 309.503
122.558 421.896
919.917 926.84
308.609 2.48782
499.752 740.113
227.697 87.5156
304.374 912.762
569.218 528.6
162.932 962.298
182.767 916.814
552.272 500.11
490.444 765.746
670.421 191.284
614.817 245.384
646.423 7.58283
612.678 477.388
5.42308 226.546
459.179 694.907
473.599 249.58
580.937 747.394
313.05 290.097
777.624 554.932
512.109 395.004
305.025 12.239
566.361 321.419
380.646 792.636
990.345 182.844
101.274 476.064
786.312 395.265
500.013 951.59
383.866 800.432
753.504 619.724
574.638 965.887
279.445 469.116
483.916 379.999
391.803 506.162
707.294 272.131
199.534 199.83
904.817 107.085
80.9084 519.123
781.471 554.468
915.027 613.657
428.93 687.621
900.137 257.869
221.198 410.669
74.2154 696.938
515.671 516.882
362.163 766.68
930.151 525.467
33.2617 298.827
90.3569 479.461
103.975 433.149
16.2217 286.399
317.605 214.297
395.043 467.131
425.667 441.907
15.1618 746.711
914.01 479.468
63.7162 726.895
76.033 227.063
780.132 474.201
667.747 42.6952
955.134 559.2
600.564 915.974
174.125 221.249
913.865 104.802
410.103 785.416
483.362 686.048
918.979 690.27
227.237 124.949
176.855 966.658
434.643 326.496
22.5305 971.836
177.544 746.089
773.728 667.21
699.019 647.242
416.146 949.498
2.43928 898.861
369.369 257.73
30.1414 337.27
427.735 239.676
339.571 49.3359
932.185 116.683
183.158 833.208
930.648 842.104
400.4 312.016
499.085 596.18
721.126 112.462
296.058 464.034
638.193 872.871
280.028 518.513
634.415 705.046
247.762 265.805
795.669 501.178
669.424 566.811
427.017 215.623
817.254 609.2
226.067 339.076
451.046 691.812
985.992 163.909
485.365 564.588
28.9928 36.1923
480.308 556.858
249.193 959.785
795.288 954.737
257.326 112.978
61.1336 301.243
162.353 69.5029
191.039 561.275
65.2639 644.522
46.0002 857.83
349.119 145.63
850.514 360.489
993.989 626.82
442.544 20.164
916.23 724.34
795.727 794.4
787.321 532.977
334.981 776.654
634.451 456.493
999.596 751.679
423.376 232.013
882.095 668.539
762.563 414.206
932.705 315.525
755.683 638.592
726.828 198.847
325 48.6982
852.935 123.346
320.264 948.208
421.146 182.94
14.4529 109.669
58.9095 272.172
679.293 650.213
707.45 943.622
17.6413 776.553
333.696 153.016
140.397 482.232
1.11696 866.816
863.282 609.632
895.904 349.252
940.417 939.666
938.717 364.835
477.038 944.815
792.187 772.352
703.733 290.597
507.134 346.037
461.338 211.359
876.138 573.292
977.484 681.098
484.558 592.228
339.453 56.6786
319.919 700.673
520.841 651.928
517.231 816.331
318.444 264.7
344.88 479.378
460.226 337.285
589.373 270.105
27.2672 824.485
718.343 392.87
364.541 766.219
542.356 126.724
589.345 989.455
25.4992 540.999
455.262 460.386
990.635 484.357
38.2211 429.948
337.964 807.633
730.419 633.936
526.409 179.567
712.348 10.8288
62.9197 702.272
528.825 563.731
54.0403 912.836
269.007 506.841
556.214 627.255
884.454 407.25
632.502 583.587
731.912 386.743
409.653 292.419
974.171 245.89
948.722 611.472
606.632 758.408
209.953 34.8282
266.869 410.124
872.475 184
130.814 490.887
310.688 140.977
261.99 997.64
998.547 663.456
134.353 49.4433
986.031 206.675
634.505 943.855
761.249 274.742
761.667 413.687
248.82 348.299
547.898 952.043
868.914 464.86
229.773 364.457
56.2115 958.36
559.123 802.125
680.123 445.077
927.97 402.597
452.38 231.171
507.245 998.057
820.491 315.583
688.343 375.017
286.44 363.561
636.471 208.071
324.067 328.067
552.974 756.229
163.783 931.084
566.237 436.635
215.051 294.767
845.977 989.557
608.323 192.36
828.507 985.306
21.9789 939.122
83.1043 722.803
907.908 702.25
801.013 499.12
202.088 537.592
210.586 70.1937
527.824 561.535
189.297 515.461
804.562 424.005
686.323 646.255
977.587 525.87
269.477 756.636
820.859 888.071
302.936 493.064
577.892 546.701
699.41 669.808
705.161 397.596
910.431 634.919
568.135 565.488
303.221 915.71
243.04 630.163
854.468 550.504
522.89 415.428
304.308 772.503
887.784 96.1739
631.893 13.7608
833.662 682.344
143.419 987.85
809.063 36.202
382.833 221.483
752.527 266.706
869.423 611.873
734.933 913.534
158.799 357.771
884.651 155.184
782.556 120.195
354.992 986.843
124.74 43.8608
883.062 977.253
453.37 36.2537
893.994 125.069
794.479 304.382
549.358 537.671
237.919 844.427
495.552 739.928
625.69 933.488
566.953 784.673
235.256 907.927
394.861 948.478
720.038 537.643
272.549 935.415
800.258 633.238
783.988 851.07
617.168 291.158
918.692 344.882
675.504 306.281
790.723 634.548
87.833 949.302
87.7013 831.382
857.35 201.466
397.85 904.613
812.12 70.0675
329.823 919.201
157.458 526.175
796.946 641.161
317.708 239.79
427.861 531.655
452.159 947.448
750.591 289.946
830.197 176.765
592.82 986.457
215.549 516.292
402.96 721.944
513.494 809.044
462.619 798.111
907.823 471.566
306.121 997.102
748.361 674.778
498.867 695.13
136.13 555.811
127.539 390.535
236.127 790.44
64.2722 198
927.303 636.384
161.367 388.354
323.506 988.959
263.574 905.995
73.4466 550.858
828.213 172.788
489.189 905.397
539.236 577.149
844.501 60.0621
658.212 248.008
282.894 684.615
431.726 937.548
803.459 452.724
801.898 501.059
531.067 313.128
695.753 277.996
698.451 901.824
844.663 933.403
490.214 841.957
938.877 41.8051
524.656 559.679
864.432 411.24
850.184 74.2998
526.231 408.916
61.8443 433.328
409.125 241.971
175.046 553.892
429.797 960.4
906.065 43.4944
676.216 559.865
810.879 612.123
0.318182 291.586
320.265 383.445
303.206 573.267
360.747 513.29
994.573 115.189
739.915 778.701
748.722 13.3677
981.529 332.6
763.987 195.236
187.609 967.424
720.954 322.342
983.329 714.76
823.355 412.314
456.56 482.265
969.111 745.304
445.137 178
447.947 947.642
909.377 998.487
292.524 466.663
999.003 188.929
284.564 614.376
374.253 463.208
867.295 819.491
409.166 510.361
297.76 509.936
123.663 759.237
924.688 629.202
982.87 269.866
637.426 35.2506
162.46 221.183
947.18 616.198
820.772 923.773
761.635 73.05
210.157 864.782
246.193 91.6765
979.909 177.447
849.19 644.365
499.25 648.258
197.677 969.289
424.488 250.625
266.189 283.332
142.793 365.754
195.135 363.833
959.283 69.8268
747.119 526.541
538.928 862.364
514.387 623.55
546.917 50.4587
193.112 275.814
172.296 844.085
211.989 478.005
557.509 232.739
276.017 638.314
576.655 545.692
955.058 270.933
951.967 583.305
357.339 830.515
363.671 434.661
971.96 243.769
491.286 588.726
207.407 507.52
216.192 884.335
490.003 800.478
584.309 183.422
825.303 827.222
425.524 917.688
212.162 722.012
310.922 508.571
742.764 180.704
801.968 705.335
733.904 735.052
751.635 939.886
477.535 386.328
331.062 142.238
842.644 808.18
787.193 626.831
66.7308 818.38
125.023 21.1778
779.994 57.1472
213.859 653.916
810.677 83.0523
941.133 932.048
902.606 120.488
782.284 389.925
29.3802 737.108
613.265 991.154
163.204 399.857
970.159 742.31
894.813 635.876
829.428 865.551
996.581 543.219
217.536 26.4846
437.568 725.226
662.952 220.472
81.8456 679.968
691.981 196.207
994.894 418.248
781.181 290.5
281.932 804.86
92.7467 872.483
217.677 883.788
629.249 935.822
747.449 174.98
725.508 439.814
837.068 64.8728
884.585 676.431
761.576 522.665
716.275 182.525
688.69 368.021
224.481 150.725
231.207 703.907
969.936 488.637
553.556 435.697
886.648 682.501
917.355 178.247
233.592 369.371
68.696 305.472
705.559 215.094
469.444 69.8975
142.399 929.676
848.751 987.661
830.128 7.1049
718.008 755.965
168.958 214.036
464.357 842.234
236.662 738.991
913.577 442.699
33.1842 668.25
53.1577 489.087
176.365 377.777
721.904 392.182
519.584 725.855
878.847 304.068
623.307 984.109
251.478 701.34
317.017 511.142
192.873 938.761
923.244 656.952
537.648 644.17
264.512 546.311
750.962 720.981
811.264 168.454
888.436 914.008
780.832 661.715
648.097 961.127
438.495 399.199
425.632 493.384
259.547 588.854
209.163 276.354
633.655 846.261
579.309 431.637
51.2327 794.076
496.932 808.251
185.773 307.306
674.46 637.918
666.976 699.974
576.205 22.3278
788.723 36.9529
983.928 714.927
919.715 648.324
325.63 788.373
776.288 812.492
800.461 158.993
279.367 841.751
504.128 835.558
248.204 840.807
972.851 131.905
20.3165 460.438
702.857 41.1756
805.215 95.6403
812.085 309.589
85.9897 802.422
781.229 39.7074
912.388 452.521
556.439 465.803
416.481 935.687
850.281 606.269
244.005 652.716
47.6625 575.908
25.4797 118.763
441.736 468.419
588.298 6.21597
892.235 217.697
25.2938 487.142
228.256 911.213
385.073 432.237
807.696 132.194
527.607 181.036
973.609 690.012
813.731 62.8716
106.811 388.841
777.527 952.482
832.396 50.9281
661.284 776.224
711.849 267.164
242.926 683.973
634.231 557.829
713.387 668.819
261.504 130.316
505.005 329.838
375.815 141.556
467.399 932.716
890.23 711.432
915.12 625.722
28.267 286.181
178.742 625.951
767.009 680.144
745.741 882.017
660.032 890.835
826.334 867.425
889.676 445.926
8.75679 195.451
511.419 173.907
203.998 573.338
618.118 854.517
629.674 275.463
749.817 721.193
290.067 975.009
553.464 861.507
360.227 957.309
433.126 737.233
164.42 70.4975
845.055 375.464
611.956 519.48
9.21644 266.334
905.399 314.138
338.384 722.801
808.227 771.659
632.336 45.6509
738.145 572.878
954.691 800.412
38.7316 187.865
332.128 821.9
620.644 898.177
983.654 713.277
415.937 276.554
202.216 702.701
495.105 903.861
144.86 252.487
784.093 110.432
267.421 884.713
605.465 939.407
707.199 441.848
535.357 946.588
148.778 514.866
974.115 821.012
861.388 19.5554
968.338 491.786
709.171 255.483
299.716 696.831
262.38 672.217
240.39 83.084
275.883 623.511
774.692 161.662
186.358 421.668
199.102 561.042
793.194 877.294
532.642 813.247
752.085 73.53
552.815 595.338
923.045 370.079
927.933 116.922
524.381 786.838
243.902 171.394
229.863 210.612
639.2 878.852
336.29 579.677
811.22 419.615
408.113 734.963
224.552 202.598
160.242 29.2926
117.69 24.5332
491.267 965.149
922.046 821.453
591.436 633.804
422.121 672.4
485.934 721.847
164.418 173.81
554.094 75.3577
205.171 762.771
480.719 277.911
994.442 305.512
341.197 826.802
761.22 903.168
852.973 433.869
973.938 665.036
627.9 169.07
33.8671 734.877
677.891 195.68
425.339 832.645
219.4 544.679
439.627 290.32
93.7517 960.19
841.161 870.649
412.03 494.28
84.4632 456.958
44.6912 420.251
411.884 704.296
5.55006 892.572
14.5299 160.87
498.433 28.424
866.757 264.27
930.522 39.1834
834.006 621.231
815.245 695.52
467.793 318.139
12.9395 617.126
198.857 558.243
768.22 338.656
85.5499 274.407
394.686 768.335
947.594 3.57739
466.947 935.214
943.745 17.6177
658.052 484.488
416.466 952.61
200.746 20.3323
543.58 246.293
656.254 457.255
612.256 600.263
576.619 297.325
422.705 194.371
672.855 983.897
889.879 714.142
81.7891 595.997
283.407 53.9175
550.425 731.111
550.35 836.237
462.182 140.515
634.647 460.652
325.425 83.058
862.474 813.674
900.519 276.409
66.3163 21.9938
929.854 884.542
732.246 755.438
653.718 957.683
663.848 524.597
324.556 582.053
803.614 366.926
720.545 249.428
971.006 63.6179
577.962 809.534
303.164 331.601
10.404 53.104
506.32 939.164
510.981 484.897
168.634 821.321
507.538 87.1782
473.091 855.385
218.244 243.373
70.0439 609.433
208.408 342.542
586.85 585.909
506.287 236.006
915.846 802.596
726.354 892.152
478.193 485.681
572.986 192.729
825.381 43.2608
903.6 211.097
987.205 894.386
573.021 276.059
400.581 226.247
403.787 946.33
422.235 485.848
800.333 600.268
277.004 444.727
1.12876 766.848
288.676 596.801
174.459 461.24
990.488 918.798
837.57 447.157
405.513 155.377
452.605 810.78
210.792 990.517
993.491 188.964
273.98 624.742
973.498 725.421
722.423 307.558
430.352 842.809
465.603 352.774
515.997 165.226
477.106 817.583
501.15 66.1474
322.885 506.784
170.375 886.963
481.923 217.202
177.301 927.431
30.1391 10.2997
933.1 474.26
882.258 833.714
136.801 988.932
702.86 176.192
480.046 212.728
149.105 71.0058
456.008 876.591
717.931 111.919
396.64 138.089
216.031 784.68
841.663 19.4722
468.832 520.931
206.423 689.813
922.874 577.487
489.823 292.383
108.723 587.748
980.82 316.742
887.836 797.496
16.0777 214.438
894.389 249.902
71.9075 281.071
939.612 456.481
322.785 788.384
956.637 847.536
791.119 928.712
260.477 824.048
276.694 696.999
278.972 799.327
712.858 646.616
57.8579 372.332
952.177 511.099
161.721 691.563
597.751 57.9543
465.666 16.1704
928.986 581.121
86.4256 464.853
656.315 766.321
27.4159 744.883
203.956 850.529
786.034 918.411
707.791 455.207
300.53 700.974
57.9252 313.968
127.478 955.094
693.333 930.057
484.241 856.057
293.837 443.439
545.578 354.656
772.726 392.071
621.007 509.542
562.892 423.504
650.291 916.886
624.215 615.016
827.871 688.298
886.412 353.844
846.593 719.555
282.569 171.739
585.586 839.02
439.682 438.421
543.477 62.5526
46.7806 87.2157
219.082 267.46
712.035 274.546
777.734 915.732
311.686 19.762
327.813 42.7288
771.23 708.514
631.988 650.362
761.203 889.029
435.819 978.244
728.705 214.562
734.123 766.337
912.319 75.0288
927.819 915.753
614.061 892.727
681.345 887.819
471.585 28.234
230.192 69.7551
542.051 51.0825
960.538 442.76
992.841 977.886
878.424 383.118
903.52 579.666
339.048 204.541
736.001 78.8587
899.14 226.177
23.3666 643.642
328.111 323.862
872.669 821.362
134.745 393.385
794.954 856.49
246.259 478.33
517.499 700.348
692.422 834.946
109.518 934.356
719.842 135.174
581.402 615.491
408.128 243.677
418.037 793.19
591.978 784.779
844.428 339.024
96.23 351.375
716.861 7.20983
216.117 967.709
745.143 625.521
950.789 278.689
714.734 522.342
515.651 806.377
258.762 505.457
177.672 183.75
520.252 319.836
695.374 702.963
468.064 506.105
917.879 240.199
786.546 553.501
494.473 979.885
231.714 274.65
145.204 714.036
617.968 512.837
520.952 324.758
766.578 411.467
270.747 448.991
823.681 575.155
922.18 900.792
126.479 947.311
927.303 821.202
491.839 92.2878
215.406 258.92
291.62 332.002
559.115 123.957
475.15 568.919
201.483 594.778
239.806 18.9745
5.01212 64.38
569.798 765.458
635.691 920.543
752.773 740.111
418.839 524.033
303.552 234.308
510.321 413.898
813.61 560.864
309.464 293.31
836.409 643.464
122.949 973.054
355.122 101.834
599.804 838.929
9
121.323 59.5351
92.8671 81.6932
68.839 98.1086
62.4258 150.254
87.3927 173.795
134.672 187.275
161.091 164.328
178.479 119.2
169.968 91.3671
3
82.427 376.767
129.231 382.414
143.928 303.732
3
154.066 573.104
68.2483 634.315
167.581 673.271
8
107.873 925.94
128.406 882.132
170.336 887.144
167.292 846.815
137.769 750.654
80.0583 810.135
125 875
27.9729 929.781
6
375 125
445.141 151.014
454.81 62.4343
338.045 5.58748
359.269 120.33
358.657 138.787
3
358.637 273.407
301.935 475.365
442.844 371.666
6
259.222 648.097
352.719 692.266
415.522 670.754
499.384 637.397
408.45 557.385
359.805 600.775
6
271.804 875.998
345.011 927.946
395.191 913.792
379.556 875.003
411.986 804.459
354.369 842.52
10
623.357 162.266
666.334 185.887
676.645 144.922
662.569 114.768
673.684 60.0699
624.427 72.4403
588.374 73.1125
556.486 99.9027
563.648 143.569
589.875 171.285
8
565.144 359.736
567.02 408.826
608.757 439.915
663.063 440.577
684.973 390.984
675.317 345.058
643.08 307.866
591.424 317.015
