1000 10
435.382 643.624
697.533 544.585
827.663 735.991
558.953 423.172
726.755 354.772
238.398 119.208
302.097 529.846
931.572 992.653
625.712 949.121
890.265 935.629
28.8202 714.526
549.059 684.136
156.422 46.1219
821.545 644.313
248.043 312.543
642.273 858.693
453.86 751.811
283.005 61.167
52.8947 63.7499
740.516 369.456
817.709 601.55
668.68 365.8
280.044 273.023
885.008 271.575
243.48 231.539
8.8956 228.188
214.871 598.907
267.047 213.781
569.905 932.92
498.092 796.053
581.751 966.201
460.944 661.748
987.921 638.506
311.097 544.982
177.669 330.92
939.895 359.863
902.303 103.845
71.5664 847.87
218.719 808.882
134.301 681.065
565.407 965.535
644.384 816.726
736.336 416.561
35.5756 354.939
60.0659 737.276
61.4151 198.967
592.997 642.554
718.685 70.4629
610.788 678.056
832.931 907.295
979.799 706.694
854.302 495.449
602.484 781.387
7.09742 969.926
676.253 501.442
643.888 39.3891
568 547.902
371.022 559.37
469.002 793.054
43.3103 690.974
871.568 544.363
262.086 89.7154
58.7268 424.573
665.832 118.402
976.793 553.832
442.351 494.12
583.171 842.795
975.935 981.279
892.288 73.4833
383.487 8.74101
302.677 672.843
826.525 112.73
101.09 749.748
484.641 833.918
343.608 283.849
467.615 31.999
11.077 288.443
586.35 606.792
581.955 756.067
881.408 948.571
486.605 270.324
456.023 295.854
617.616 597.793
459.553 43.4879
513.787 295.035
9.20227 731.639
660.015 402.342
94.7961 288.095
641.762 555.332
999.698 807.784
928.484 695.884
928.008 616.655
947.979 146.192
676.263 623.186
74.3274 8.05513
983.753 88.7693
83.1775 206.411
481.044 763.841
319.84 220.641
160.55 77.3079
32.9767 389.655
331.776 456.144
842.555 518.367
987.027 720.928
903.077 699.312
257.406 318.043
165.204 799.971
547.893 834.328
668.001 696.515
812.205 306.804
332.86 737.985
122.861 13.6809
954.671 992.405
123.558 742.714
689.119 716.292
763.354 681.507
909.865 628.903
251.112 512.215
954.538 207.733
819.25 573.659
503.261 374.16
344.827 123.734
830.256 68.8854
2.08068 82.1124
568.989 512.393
881.39 726.531
433.275 930.464
341.882 795.059
992.546 315.134
81.5906 351.557
752.387 534.347
904.296 890.643
595.314 675.096
332.774 406.821
483.633 784.507
705.495 515.326
747.922 121.113
78.473 461.569
964.938 618.459
952.785 602.457
597.288 62.6204
699.836 419.435
956.479 666.226
886.082 225.953
994.93 562.11
464.088 41.1798
849.232 400.655
783.922 712.375
977.386 213.666
814.088 150.696
874.01 274.983
117.204 52.9833
235.08 271.469
50.6255 982.55
77.3773 259.491
451.84 295.897
946.219 552.659
418.001 674.901
319.46 259.161
252.965 539.77
667.552 887.396
741.855 1.43668
697.753 950.542
454.657 39.4389
547.438 810.121
764.511 972.902
646.252 853.66
944.986 300.757
527.704 405.159
918.506 272.765
76.0182 865.294
475.9 434.517
740.277 597.039
995.209 507.194
180.418 769.802
41.3392 717.291
433.525 254.238
105.007 490.738
519.003 295.177
421.355 735.351
296.073 799.24
372.787 227.158
287.644 485.959
84.2552 449.499
104.626 786.507
612.378 630.713
446.162 326.429
4.63763 447.564
768.773 643.759
861.692 614.029
37.249 106.403
911.679 4.55738
391.963 943.662
172.392 527.876
555.049 473.15
715.842 886.845
540.389 632.379
624.317 249.207
251.469 341.024
596.475 63.5372
957.709 850.764
195.949 642.613
792.31 493.262
299.189 408.193
516.39 794.853
891.886 26.3639
417.905 735.502
296.517 546.901
698.046 100.617
45.9223 512.878
900.877 501.405
458.205 296.689
732.644 844.399
90.7736 501.372
815.024 48.9553
764.966 838.517
73.8379 516.441
243.282 482.333
552.321 132.988
189.048 50.6486
229.293 435.924
641.974 880.129
826.97 710.754
23.1519 74.5886
717.271 958.772
454.771 30.075
561.859 915.646
514.62 242.949
779.712 38.0367
943.052 403.836
223.436 709.292
462.423 924.119
541.098 23.9442
219.035 587.009
317.237 555.659
363.86 749.401
609.913 892.494
388.02 280.087
719.49 122.609
31.5362 845.799
41.3332 558.701
641.361 764.947
16.3555 956.574
102.359 983.057
21.5186 853.382
764.432 569.111
540.255 998.274
693.152 969.808
712.868 964.934
95.7069 938.592
525.922 472.922
316.926 11.6131
230.978 336.077
285.685 290.648
716.893 907.941
499.628 865.984
419.345 284.559
204.936 849.344
692.564 782.51
970.422 546.059
698.328 192.966
771.434 311.061
535.17 519.408
691.768 244.778
747.182 696.35
655.652 753.403
714.725 840.099
934.744 823.02
955.392 296.094
232.495 629.107
430.517 992.725
683.244 509.916
699.114 785.646
744.152 823.524
262.864 488.373
491.708 635.129
610.842 92.6071
824.85 62.1645
644.434 16.9144
840.537 943.591
189.61 165.682
990.095 254.403
933.786 849.639
730.869 735.461
176.98 214.957
678.258 747.525
785.726 585.216
352.707 295.649
717.465 381.965
504.486 623.651
326.549 267.721
536.446 448.142
395.626 510.327
671.108 188.321
905.379 802.932
122.26 44.212
514.224 633.567
780.882 429.061
733.217 278.167
178.618 910.734
246.922 136.709
295.342 604.914
986.399 647.311
186.396 945.682
160.228 923.527
993.161 99.1193
193.168 650.452
269.342 22.3903
902.504 705.662
723.709 385.571
179.753 62.0971
517.271 581.178
23.8781 274.81
490.195 780.115
632.33 939.506
236.75 10.7395
948.655 897.814
481.361 744.442
893.032 821.43
234.307 481.122
402.348 731.035
578.717 807.663
656.332 790.334
771.55 612.407
256.012 259.852
391.784 709.267
820.63 156.062
145.83 7.76475
789.112 141.994
840.613 305.128
746.666 17.4739
719.645 704.002
946.039 855.522
812.466 604.439
692.724 55.226
42.1021 788.909
297.43 450.892
839.803 873.664
979.167 521.642
995.193 282.276
449.777 934.926
906.699 953.695
40.1669 549.699
801.469 800.606
93.9375 933.649
500.487 130.526
669.957 468.186
432.573 690.423
96.6767 432.054
920.719 579.927
431.117 970.124
156.521 920.364
816.731 393.683
224.513 647.957
168.222 747.885
507.766 451.375
561.638 691.408
241.563 808.463
417.723 83.069
232.623 172.816
57.8393 404.059
539.857 143.709
15.3699 909.933
712.698 707.47
655.576 914.316
58.8179 400.686
940.882 539.112
60.2162 708.654
873.628 202.111
567.001 460.152
596.604 456.541
116.747 802.996
229.471 496.491
639.831 581.139
847.354 753.618
607.59 64.6198
653.894 708.653
547.912 183.211
623.173 979.312
73.7328 804.807
747.261 136.006
891.545 26.9865
131.414 565.533
639.066 301.273
367.613 493.375
278.995 70.3236
917.592 123.511
287.097 907.904
821.58 390.149
23.8677 479.141
59.2369 261.283
808.228 726.607
869.075 616.125
878.945 335.107
881.845 646.377
626.227 780.846
790.137 108.332
986.008 82.5864
745.991 416.141
703.57 926.724
67.264 772.475
563.875 667.911
789.118 833.147
425.882 115.292
683.596 965.498
265.449 140.038
157.684 977.745
851.564 356.329
805.733 417.534
423.731 756.158
590.396 35.3477
546.13 102.347
423.811 142.473
603.26 968.565
808.813 558.271
847.388 411.554
572.059 514.852
527.444 291.083
841.443 733.262
849.579 842.118
741.64 534.363
71.7271 349.188
224.539 400.802
792.292 659.734
626.337 121.134
349.788 107.04
476.63 928.666
777.173 632.539
754.927 2.27015
457.889 664.185
599.059 938.923
958.582 504.727
901.287 748.221
773.096 976.102
103.182 557.433
476.602 231.265
792.42 659.688
509.032 549.877
811.613 379.533
418.82 269.678
621.807 574.796
929.023 493.799
792.007 852.788
482.084 41.2686
190.862 701.372
987.695 805.233
855.667 396.623
518.893 20.7279
164.309 493.239
529.143 3.97971
673.438 43.0179
950.686 355.308
539.553 211.386
187.37 9.1978
981.976 971.714
166.407 516.748
385.968 778.883
238.04 944.006
166.83 774.509
275.071 81.8277
216.538 730.7
257.098 843.564
244.192 522.541
751.969 25.3287
416.242 469.225
426.423 350.295
989.788 167.232
305.239 64.3615
616.154 571.119
786.467 674.338
957.135 60.8698
192.688 725.028
323.999 969.067
489.2 624.014
815.661 42.5567
671.506 232.2
576.849 239.164
899.834 803.073
426.222 333.951
25.7825 576.778
970.004 285.83
272.347 329.878
631.863 95.533
397.09 325.967
289.241 517.635
693.275 63.9711
326.988 121.313
857.309 632.367
805.66 22.7895
776.108 188.561
161.651 501.132
880.943 352.975
951.888 694.187
804.997 273.481
558.267 249.356
860.566 173.798
81.2411 239.53
840.692 783.03
599.545 819.976
857.006 512.322
792.192 512.047
760.861 696.1
988.92 574.227
283.616 484.264
995.101 644.995
950.428 991.588
195.74 409.042
98.4385 493.884
788.469 481.16
677.279 591.599
175.512 180.736
669.272 211.767
80.4493 228.096
778.37 437.868
31.2998 365.665
11.9371 121.871
728.781 11.6261
696.69 234.554
190.818 256.234
184.295 778.318
818.92 940.72
952.414 252.577
480.694 443.59
553.419 812.293
979.336 281.606
736.643 32.405
988.063 11.1395
91.745 979.908
780.273 811.726
494.962 36.9382
255.469 803.41
758.775 380.119
250.079 813.582
211.528 692.321
355.085 232.065
626.162 550.46
199.11 683.628
992.468 301.12
71.9491 179.251
802.717 94.462
595.938 824.682
786.392 800.075
226.156 315.207
895.93 891.875
601.501 797.83
843.194 709.295
105.268 464.141
237.494 395.055
429.526 241.856
31.072 684.733
599.139 730.818
30.0532 300.769
942.048 253.278
843.974 53.2135
764.684 6.19157
529.745 139.876
231.49 716.848
792.577 948.347
54.5397 295.416
286.747 654.427
592.784 925.797
670.369 607.82
810.614 128.043
458.215 974.861
965.489 196.205
758.194 817.431
740.092 689.549
557.38 673.658
305.266 935.763
570.706 93.9136
358.131 209.496
279.107 150.605
288.87 807.443
933.068 867.487
222.02 812.375
765.539 608.996
380.191 518.219
896.319 235.678
793.951 367.872
572.859 34.4128
919.904 335.233
953.187 106.664
988.906 161.565
798.943 371.244
241.362 496.728
465.306 633.058
155.883 533.515
19.7279 397.435
644.685 678.037
251.332 153.05
974.048 45.1921
275.55 361.169
370.421 815.289
529.683 89.4546
866.246 638.02
627.785 638.717
744.967 352.401
757.534 999.739
703.437 103.726
354.672 314.567
262.237 47.7385
26.8356 718.549
128.551 283.748
342.86 713.069
981.771 4.97231
0.294463 341.501
909.658 825.268
309.942 308.953
612.144 28.018
859.399 303.406
343.486 740.339
773.427 558.678
212.059 662.129
57.1767 359.935
771.618 681.776
713.667 405.262
112.04 950.283
51.2028 487.312
566.072 505.689
472.264 886.937
549.505 446.237
776.646 618.564
785.993 808.058
635.297 562.84
995.957 426.105
50.3352 110.304
864.794 926.022
169.493 252.97
25.8068 592.214
875.384 58.6451
546.439 182.007
11.7704 536.448
813.67 221.935
583.714 666.823
930.155 43.591
580.297 286.818
33.2406 912.147
696.42 41.0797
209.063 796.786
677.201 594.042
45.1492 895.677
652.622 70.5073
944.021 807.077
245.572 754.057
435.515 559.853
813.461 166.443
963.956 790.265
211.807 871.476
700.433 829.751
691.643 64.7113
883.071 158.008
159.709 531.543
450.383 153.523
780.473 858.605
753.232 735.222
831.616 259.947
424.442 7.2431
939.544 546.808
63.6136 608.23
927.118 602.274
307.237 791.946
351.442 342.017
842.863 808.663
106.103 446.952
45.1959 465.921
796.663 963.685
999.03 309.709
723.067 776.341
586.759 236.255
713.234 475.879
307.26 247.853
740.676 447.417
786.802 606.721
729.439 793.284
26.1815 393.481
746.412 330.015
175.077 926.03
464.84 799.264
693.556 930.993
243.151 645.853
750.054 488.993
63.6122 899.606
838.036 539.468
862.942 283.408
261.909 338.884
422.545 437.769
119.07 796.657
357.996 312.044
19.7711 120.714
462.924 702.957
281.43 970.452
606.984 562.679
783.217 668.069
51.5507 967.53
773.708 882.63
68.8913 820.434
232.037 79.2962
859.111 172.641
958.393 930.605
468.697 438.581
219.993 427.348
22.8744 215.799
166.138 576.845
685.854 389.898
56.283 5.10229
768.142 919.355
998.752 316.314
453.418 261.537
4.08411 851.466
612.398 513.645
834.915 581.048
630.455 701.241
981.21 922.759
784.724 336.21
540.55 143.816
477.484 601.48
36.2549 894.023
87.9974 799.488
856.151 179.208
535.717 768.77
826.298 387.689
166.805 794.417
608.179 35.385
454.807 644.627
194.816 256.539
271.104 163.013
99.7254 477.624
752.117 964.17
811.666 532.364
736.8 967.663
107.09 551.601
861.835 427.985
652.87 485.523
57.9861 470.813
751.495 583.527
781.354 993.222
313.082 981.135
516.176 398.018
923.403 365.661
539.709 688.439
789.981 950.687
991.356 303.489
985.035 200.156
246.854 749.38
691.212 611.84
957.861 696.023
766.545 399.853
939.884 717.144
247.008 828.501
193.353 62.1772
794.367 215.652
106.623 258.258
805.827 452.496
893.585 919.449
888.287 614.587
550.495 79.2039
639.355 792.486
41.8713 101.972
2.74742 882.883
847.158 479.693
621.482 67.7664
874.988 311.021
39.5019 570.767
585.855 973.552
192.464 925.643
850.897 460.959
848.128 530.893
500.873 554.251
314.311 683.544
935.385 954.489
47.574 911.53
733.103 601.383
919.259 739.365
787.124 201.271
546.424 474.358
722.093 515.821
104.634 75.6622
238.401 381.363
13.276 398.969
955.015 28.7123
795.13 979.112
165.193 914.25
575.723 198.633
992.731 965.17
813.041 922.368
44.2437 702.991
40.8907 170.496
799.036 331.157
650.747 842.672
841.335 933.549
488.191 901.044
175.317 461.458
784.847 811.348
832.489 610.191
809.633 15.0305
517.401 821.777
26.495 866.722
186.957 451.712
382.294 947.712
570.942 296.854
933.963 81.2346
995.968 257.16
246.162 145.861
278.996 102.676
502.068 131.661
9.74607 983.893
896.119 850.181
841.397 989.394
487.191 806.43
106.966 218.427
217.049 130.953
246.863 271.547
943.831 670.891
307.247 125.573
63.041 857.01
793.085 641.882
932.251 346.096
322.051 122.75
559.621 775.59
885.88 787.705
107.134 460.36
892.348 554.884
653.529 594.557
114.662 11.3092
296.3 66.9831
467.461 350.891
260.406 338.362
726.564 666.007
602.958 871.142
487.204 561.566
846.978 970.281
923.124 17.102
295.449 406.388
574.102 624.081
618.658 951.837
737.652 535.78
947.148 763.662
989.801 592.608
425.686 54.977
18.8276 520.943
955.336 542.707
581.156 717.786
259.115 780.183
254.122 800.546
782.794 141.965
288.856 182.3
594.744 106.307
921.18 955.19
321.298 656.118
844.83 940.51
302.726 259.769
135.703 512.837
800.598 523.95
991.914 536.087
960.528 711.27
959.242 736.337
866.536 743.303
378.569 789.605
63.135 899.147
158.198 208.353
935.685 689.937
502.268 840.174
0.424381 359.753
436.268 688.658
177.108 759.513
541.07 513.001
450.017 732.124
518.879 406.078
33.7645 905.99
999.685 319.146
181.576 335.146
822.998 511.812
213.864 765.119
418.374 445.476
504.583 426.516
893.386 639.056
782.094 4.15295
731.659 570.422
935.269 357.339
355.771 509.578
9.64715 834.62
209.004 219.201
925.859 285.293
822.034 975.74
972.11 688.996
594.097 607.748
598.969 30.2731
948.416 54.8501
549.449 70.2762
896.669 623.935
92.3581 200.873
13.8488 908.504
522.807 34.2563
67.8242 594.336
686.99 805.24
964.483 158.481
545.959 457.714
185.491 972.083
911.808 178.119
49.7719 777.221
120.387 987.219
748.442 167.529
185.781 805.256
750.056 609.772
208.982 348.077
271.682 18.8709
371.901 479.519
980.165 209.667
945.626 927.003
727.982 60.1488
264.371 809.179
680.984 504.605
674.243 468.006
521.501 742.987
767.971 969.238
339.528 295.325
740.411 662.519
955.734 198.327
17.3998 451.863
822.463 520.61
415.228 934.648
51.2472 604.43
956.618 237.504
909.764 56.4549
438.351 656.102
653.079 520.316
101.125 262.191
445.988 498.323
546.164 214.471
807.892 860.385
190.94 417.19
792.72 7.76384
699.702 674.121
463.568 518.587
495.295 874.524
660.395 809.284
825.984 559.13
252.046 91.4167
687.314 550.912
375.573 271.374
493.529 538.259
276.402 495.168
535.585 453.836
715.759 209.263
574.887 685.452
714.661 572.493
975.971 652.588
460.305 607.483
703.472 641.909
214.269 690.114
940.406 483.309
847.222 536.062
238.628 818.904
265.779 272.907
931.214 62.4669
749.132 192.021
328.953 816.684
554.698 403.265
395.801 237.552
195.503 560.205
773.326 622.497
664.658 892.721
573.959 542.26
746.882 194.389
283.621 542.671
707.301 532.085
460.347 424.867
969.832 624.019
427.208 292.169
734.036 980.378
174.375 750.27
668.843 88.1542
676.664 581.572
728.688 298.908
268.048 997.708
493.783 819.322
952.005 347.97
629.545 768.526
686.476 671.37
913.656 396.941
525.342 86.6898
551.985 411.086
388.978 969.708
56.4594 727.885
124.983 731.348
36.3127 52.7027
842.706 905.4
489.479 615.253
138.845 756.384
494.027 645.925
560.012 568.867
724.552 751.713
340.028 267.596
578.767 637.442
222.37 689.839
816.342 274.03
626.291 536.36
467.46 403.442
515.936 95.4709
191.246 476.246
8
194.836 89.6529
141.703 74.6142
110.343 103.403
54.2291 112.278
67.1292 172.956
126.104 206.594
178.508 196.199
154.148 131.226
4
141.461 455.736
200.522 403.612
125.298 333.479
38.0952 385.035
7
63.0985 649.465
111.2 669.65
172.834 680.766
187.979 633.24
169.463 588.296
116.635 567.785
72.5272 578.896
5
182.199 909.452
180.578 845.758
140.509 820.89
75.7295 835.379
87.7579 929.887
10
319.14 158.573
307.006 212.663
376.316 191.267
425.427 239.377
420.863 138.695
399.496 120.482
428.9 42.285
369.832 0.106866
295.802 45.6589
365.17 120.669
3
499.083 359.884
332.009 340.165
362.923 468.385
10
348.98 681.012
387.015 687.613
420.534 668.96
433.968 632.501
427.975 594.412
399.656 567.179
363.967 570.674
325.737 579.4
318.556 617.617
325.693 653.311
8
310.116 829.687
317.024 896.44
327.426 990.593
385.038 943.072
438.801 918.983
434.105 855.163
406.541 834.096
361.541 818.941
5
635.984 210.42
681.96 148.726
625 125
613.286 105.806
550.575 163.415
9
659.367 293.871
609.763 324.741
523.057 308.002
541.374 384.873
594.593 407.441
618.312 499.821
684.035 454.144
647.051 380.135
727.405 322.793
