1000 10
438.988 93.1873
471.162 862.709
963.396 888.252
739.254 642.486
658.949 436.73
425.985 780.064
6.64769 448.733
290.088 588.196
74.4374 293.87
446.801 476.756
562.978 395.599
258.344 874.561
217.083 473.135
295.437 115.899
449.213 407.442
180.532 281.975
836.446 184.062
49.0762 786.326
316.962 5.78553
806.083 91.0986
254.431 865.182
629.921 919.103
681.62 338.021
131.602 563.487
83.1318 120.112
883.558 646.178
538.605 419.496
782.029 140.321
901.023 536.66
239.73 734.711
761.139 876.298
436.302 482.89
613.402 478.653
513.402 9.85172
40.5782 185.24
877.176 441.85
536.598 360.451
813.27 499.145
317.177 983.545
382.353 579.458
253.56 252.178
768.986 798.04
304.21 893.804
12.9321 240.063
804.124 361.303
302.234 486.872
449.495 126.317
976.745 158.084
77.6998 64.7604
112.09 179.368
638.768 606.909
899.239 357.521
370.358 736.963
682.444 294.841
925.516 391.382
501.813 115.082
698.509 554.912
289.24 675.646
511.289 775.987
615.895 744.348
601.239 61.6739
577.038 679.764
474.858 880.705
681.274 134.844
278.378 259.644
32.0703 995.638
867.236 524.618
793.912 708.404
224.104 928.003
728.457 292.623
928.605 245.245
731.621 769.926
610.692 751.176
768.271 497.987
950.599 493.453
987.405 62.4262
43.7286 71.5186
738.241 904.042
775.174 594.922
836.225 695.586
132.43 437.054
315.211 515.431
328.083 720.74
178.739 457.995
879.998 523.183
890.362 880.62
907.445 812.649
952.388 13.4255
633.943 632.343
788.534 531.831
668.423 3.45792
670.511 4.02043
362.485 989.377
39.4372 75.3025
84.1211 159.84
747.613 714.174
452.519 20.6333
497.159 433.545
826.395 262.607
920.787 642.431
72.5305 922.603
501.134 900.056
925.376 936.554
571.535 672.856
197.032 192.868
83.9504 98.2578
47.5262 192.164
411.622 808.446
519.682 340.429
636.039 9.71914
895.477 590.563
932.31 576.587
270.472 243.674
758.976 380.394
247.982 810.571
808.795 688.601
506.93 330.207
520.057 638.174
932.453 620.065
143.843 513.217
541.374 154.689
313.559 410.859
486.729 873.418
872.057 433.05
616.831 62.3494
183.657 674.746
923.661 218.75
54.8578 262.136
412.597 178.442
746.94 605.556
990.165 748.666
511.803 824.776
911.66 507.259
867.572 25.0204
939.681 569.786
996.618 848.12
967.847 506.35
865.981 240.551
432.842 550.483
751.037 767.207
715.03 127.877
310.612 2.13374
870.544 440.466
170.684 532.416
487.166 30.7401
319.248 13.2402
913.684 55.0029
814.56 639.005
456.872 977.346
753.831 412.351
484.815 32.0996
883.831 824.746
596.144 640.135
532.136 130.918
160.514 104.417
654.927 559.269
145.037 283.187
69.1937 695.147
296.178 861.67
506.887 539.307
933.147 193.897
188.058 76.4553
895.402 665.736
473.859 244.976
594.767 556.378
979.825 387.792
759.042 241.057
250.895 865.505
628.441 316.959
443.474 497.422
782.522 617.183
306.094 155.358
932.955 713.044
65.6241 819.193
908.385 146.361
788.623 228.685
171.054 945.584
597.371 25.5048
669.638 676.127
377.358 234.585
12.1654 469.908
580.194 455.917
862.51 210.443
828.021 365.191
466.094 961.137
70.0983 39.2235
458.611 868.361
792.623 604.389
799.835 274.854
941.124 538.12
842.325 555.534
512.412 460.31
350.299 30.1424
756.167 229.915
927.824 720.136
547.57 349.301
510.589 612.957
654.479 845.076
234.624 388.068
824.6 29.3619
870.896 792.896
581.696 783.905
114.503 800.779
302.33 556.002
931.019 475.191
200.356 532.187
285.633 603.999
239.182 165.766
526.621 346.073
406.776 826.925
15.1674 38.1366
122.857 295.474
886.369 42.4714
711.563 129.915
153.193 779.096
443.18 946.194
423.454 177.928
983.685 297.098
410.569 228.991
49.4593 705.658
777.632 892.996
154.766 167.182
403.711 439.605
239.426 640.563
718.275 808.85
522.8 110.542
648.591 344.798
737.272 577.243
762.745 822.069
208.753 790.438
954.902 126.74
739.931 749.11
54.9062 16.2688
897.376 480.238
163.062 747.949
704.255 277.972
307.99 985.696
254.918 866.64
190.26 430.932
880.952 967.241
101.068 204.282
688.3 76.181
152.891 33.3637
324.272 474.692
564.508 968.143
578.549 199.574
895.392 962.127
858.169 192.205
843.183 552.749
19.7454 946.409
654.509 80.6922
554.428 768.531
988.256 555.632
184.634 907.058
668.752 597.477
231.752 660.766
14.2464 238.585
315.342 261.218
557.466 487.586
519.103 847.813
506.199 21.7898
603.952 408.437
290.532 436.702
463.494 755.434
215.236 241.674
209.117 608.108
531.537 156.727
165.536 831.084
701.048 15.0908
429.34 392.561
586.651 213.906
735.072 387.184
447.693 535.725
273.363 586.469
127.926 708.622
360.739 57.0068
245.651 596.021
96.1896 428.977
3.75862 634.153
882.551 845.612
874.161 376.141
471.993 371.598
590.326 318.165
513.722 974.683
450.199 511.063
468.771 628.008
188.465 147.834
822.087 317.933
937.708 869.386
203.038 438.497
308.144 498.738
450.634 371.121
898.408 919.482
216.215 349.43
312.873 138.132
768.024 956.4
363.127 998.995
233.923 67.0731
899.706 107.243
906.698 325.011
289.343 361.935
38.8826 526.709
895.371 30.9666
366.982 663.3
846.413 830.273
254.208 921.309
737.405 21.8706
632.926 216.846
158.133 718.252
437.479 694.1
327.672 220.057
682.016 481.206
140.926 798.125
446.434 858.608
778.786 812.476
615.162 816.694
17.4876 775.025
215.684 49.8077
573.97 225.905
770.375 203.282
478.278 84.8011
773.78 608.508
551.149 965.987
52.523 935.113
3.94144 924.702
18.2483 973.024
396.273 655.52
729.141 869.092
205.457 701.1
853.064 42.9793
284.56 186.711
415.44 69.4085
810.625 50.5186
731.591 146.689
891.311 489.982
641.49 44.5181
51.0418 308.161
554.446 485.584
777.377 765.143
807.368 110.773
741.51 914.764
133.071 177.438
882.059 828.02
603.526 498.887
622.324 949.629
246.473 603.241
997.796 638.701
662.35 44.075
268.751 740.792
609.896 191.67
712.947 435.112
873.81 441.17
708.385 656.38
800.985 955.358
241.93 332.509
601.847 907.04
129.549 48.0407
426.933 567.468
133.915 471.903
228.727 401.149
79.6965 740.423
443.601 822.537
974.827 672.129
195.216 878.89
986.125 991.07
274.285 593.341
886.773 475.097
917.836 123.093
295.119 522.189
161.299 59.4457
20.3216 887.875
235.425 27.8914
824.685 780.292
494.053 735.161
229.387 151.963
254.152 641.144
846.341 801.034
548.416 319.637
588.6 797.721
960.838 987.354
539.048 933.139
258.576 270.089
744.992 447.193
601.56 824.565
551.996 244.583
910.011 749.151
756.997 180.062
623.027 311.438
57.3283 732.866
436.602 725.049
166.105 810.205
85.5834 462.681
262.654 767.425
40.0522 857.975
309.621 128.999
424.319 478.487
496.349 685.691
785.361 260.187
713.246 575.82
811.135 843.298
613.155 943.398
469.593 711.945
813.231 230.642
638.489 838.987
338.025 203.811
637.442 53.6129
249.958 424.29
93.3674 692.483
763.022 512.641
954.35 293.779
192.345 188.525
808.223 538.987
215.508 378.209
630.211 18.3069
980.706 383.481
652.507 873.043
112.035 273.391
383.015 202.025
319.456 799.334
679.078 336.45
15.1993 947.478
226.471 676.027
856.747 219.056
872.346 295.898
624.155 222.144
488.909 627.373
474.067 32.3517
596.902 558.845
250.974 323.939
168.493 175.013
460.514 300.484
187.496 551.703
513.856 32.8645
872.481 529.294
818.466 928.585
463.202 184.574
705.445 463.559
17.73 761.889
548.904 412.197
754.753 117.884
49.0984 920.901
607.854 992.215
655.542 288.229
196.15 451.728
493.662 624.067
635.67 825.742
699.13 897.273
113.897 487.381
237.416 988.245
434.307 103.433
122.195 272.548
225.815 701.225
272.037 928.096
89.2333 172.384
633.796 902.025
852.894 646.23
531.965 982.088
776.609 505.616
854.643 224.486
11.6147 695.85
522.589 621.706
2.7564 75.3645
336.725 955.874
37.4743 422.276
272.3 538.527
250.382 185.323
4.51483 915.473
723.586 873.449
950.443 842.186
63.4622 687.81
736.238 738.557
991.376 624.259
989.811 69.2139
22.0921 358.556
13.0608 381.52
529.687 147.18
810.437 688.333
545.299 145.245
149.129 258.193
567.065 483.845
896.591 881.663
703.219 713.927
547.403 113.704
683.565 627.839
734.921 171.243
761.093 555.988
299.353 468.986
598.905 73.0944
665.723 473.577
617.788 658.666
278.835 448.996
477.642 861.836
293.396 63.2112
706.383 760.983
868.116 672.173
908.192 339.86
819.8 103.386
191.997 808.301
235.581 156.811
984.633 457.45
445.168 334.169
675.375 558.349
987.609 123.924
430.402 112.752
734.065 768.104
673.424 684.731
910.294 702.35
100.141 76.8877
510.832 712.256
586.212 608.564
880.656 330.818
844.875 861.612
40.2662 940.662
499.724 923.128
811.744 996.259
560.595 290.276
61.0438 280.857
27.885 286.432
486.324 607.312
783.138 795.307
748.535 454.688
589.945 772.692
215.711 669.272
140.287 550.116
74.2116 52.8733
775.31 935.209
483.616 446.71
449.924 589.14
612.75 498.896
222.269 177.086
644.509 709.241
342.25 729.197
344.803 908.613
485.046 153.796
752.132 498.826
451.289 187.882
683.762 845.342
434.384 298.317
935.396 1.43667
142.344 559.817
169.187 828.809
767.891 765.51
636.741 19.8164
348.143 916.817
245.031 571.44
435.775 235.084
39.0166 464.868
69.845 502.289
742.413 854.064
976.655 232.572
480.215 521.274
313.396 581.927
927.907 476.721
33.6754 602.458
695.212 318.15
486.735 942.031
506.846 382.128
816.364 57.8082
157.978 14.2521
291.62 428.876
970.9 288.373
315.423 582.158
856.228 482.97
68.3849 809.889
165.108 26.4773
139.026 511.299
264.384 740.22
560.879 249.102
687.27 655.366
703.087 512.286
203.282 727.244
7.86625 603.452
935.464 472.279
237.242 495.774
548.766 980.827
348.62 413.097
758.146 428.942
873.191 692
27.3285 468.103
861.14 578.879
240.362 877.659
968.29 416.74
597.001 91.5556
137.93 269.204
825.293 871.42
277.155 256.894
654.357 614.757
927.503 534.511
435.371 423.516
211.865 22.2579
539.944 241.266
58.7533 522.14
959.072 167.9
388.512 496.824
797.23 562.693
333.084 593.23
122.362 282.598
1.62097 257.685
48.4162 464.439
509.215 385.803
248.235 473.233
563.297 896.035
24.7128 393.493
621.764 850.422
987.41 363.462
174.7 351.35
256.821 687.428
921.409 799.456
864.291 53.0064
757.353 730.698
896.352 890.112
691.97 321.76
270.168 471.198
230.266 788.818
903.69 238.239
303.864 804.972
1.48397 245.983
61.4418 72.6107
398.715 567.297
994.76 408.809
133.365 801.103
847.934 78.5734
698.494 444.113
708.771 333.867
296.825 269.876
180.62 64.6416
183.108 292.68
967.745 138.022
973.383 271.15
833.113 230.567
870.949 805.251
642.354 980.89
114.976 470.853
16.9483 81.9518
859.876 833.511
355.766 677.739
971.607 881.896
239.946 751.251
413.842 312.737
368.788 214.366
924.326 439.689
350.031 41.2987
5.6637 934.863
254.9 307.657
22.899 802.143
507.132 766.158
135.301 194.735
6.48227 877.395
94.8779 990.103
858.527 966.751
358.915 239.695
585.199 704.704
249.354 186.309
471.548 968.282
266.263 753.272
912.653 89.8464
750.592 754.77
450.324 577.132
730.469 609.891
779.885 91.5683
436.491 156.318
545.061 157.22
928.288 499.295
304.224 86.1748
25.4144 170.378
239.018 50.4884
898.937 60.0676
889.287 417.225
941.655 160.205
919.143 980.947
646.789 620.282
716.138 321.535
624.416 776.448
501.743 872.47
614.924 289.993
418.447 530.628
668.526 899.325
31.3777 291.523
78.3003 930.847
243.427 422.103
452.001 390.753
244.062 201.68
807.697 637.114
634.828 474.601
898.411 742.877
900.017 137.451
974.38 990.505
522.395 2.49013
42.3119 378.322
109.543 991.106
901.934 555.018
982.959 874.927
592.836 795.573
857.673 487.56
630.668 923.245
504.222 613.496
738.773 274.231
775.016 320.658
929.732 83.7658
183.301 756.018
176.884 366.08
171.401 59.379
500.605 212.505
420.707 315.002
645.662 660.402
483.972 624.785
437.599 44.6152
7.38692 580.729
266.899 480.824
847.276 382.62
567.551 645.828
871.018 674.614
799.253 774.605
103.985 444.484
724.205 838.72
420.9 825.369
871.797 341.594
971.191 224.632
933.016 821.166
938.527 804.467
550.538 139.247
578.797 305.468
292.459 84.7143
431.605 466.863
205.247 241.254
999.556 527.655
347.107 978.905
273.498 408.398
629.047 760.322
513.224 75.0063
199.725 120.217
825.133 98.3766
313.021 937.921
761.997 63.9924
214.019 295.754
202.578 517.41
61.6878 532.132
285.668 997.884
206.013 538.447
306.214 332.482
859.797 442.98
677.34 1.57507
567.885 652.626
910.435 127.14
726.171 614.347
162.633 28.6054
811.87 295.19
933.335 442.381
957.77 927.35
712.295 983.882
771.842 900.95
882.334 843.685
881.805 122.214
666.92 908.001
436.714 339.57
329.487 628.555
249.05 726.684
818.421 52.9303
840.32 391.403
179.36 291.734
180.838 901.424
571.025 825.061
231.426 931.025
864.583 777.363
301.286 689.511
885.47 788.621
515.845 427.003
843.517 43.534
847.024 131.849
114.935 301.943
717.092 67.4311
788.603 997.451
272.039 828.849
143.365 297.711
462.988 646.389
26.8498 793.484
535.588 844.054
263.687 768.844
886.934 199.311
475.484 571.75
939.604 667.108
724.702 868.491
831.563 283.475
713.162 872.435
238.99 508.864
446.999 2.39611
41.5761 140.173
888.333 841.123
802.333 864.008
336.536 762.791
479.271 607.17
773.915 710.461
900.01 602.07
302.452 617.048
615.436 886.389
321.45 651.109
601.418 965.253
50.5308 381.14
579.616 539.526
45.056 697.531
945.881 665.678
958.908 240.763
809.084 227.122
968.554 110.096
584.573 786.005
296.512 46.4661
471.588 191.9
721.112 571.038
171.559 473.432
671.087 253.954
598.36 228.524
416.793 265.883
453.971 524.107
642.378 413.139
804.728 658.795
362.762 20.6994
517.487 113.669
53.8483 391.957
859.395 783.216
959.122 899.59
109.538 520.528
83.8853 46.8017
230.83 282.751
41.0365 19.8873
324.411 906.965
883.922 522.354
283.576 309.982
227.966 648.696
519.723 444.527
438.292 221.212
189.219 558.93
395.714 478.382
378.308 702.062
519.264 161.71
152.088 168.696
129.941 39.8676
700.488 184.442
893.636 512.328
526.762 138.038
775.04 724.683
553.982 51.7122
223.1 702.408
561.465 612.727
439.092 440.926
804.975 452.845
425.429 743.07
748.319 724.783
735.496 883.999
764.473 408.867
275.316 775.716
436.926 217.212
167.474 163.64
212.416 414.492
722.444 310.054
789.917 443.853
928.757 90.0096
538.779 851.644
716.128 818.174
640.396 42.4667
419.595 594.883
734.024 132.314
893.137 819.206
404.915 228.458
229.906 241.25
618.837 884.39
901.748 948.044
201.379 786.447
924.3 216.266
267.602 191.736
802.397 878.206
487.785 778.354
424.404 233.099
954.475 654.992
236.947 371
690.65 565.146
720.632 949.856
240.792 710.79
778.383 358.458
76.6373 3.93504
202.785 460.156
699.038 520.65
367.927 306.088
28.4244 879.936
171.501 986.757
414.687 610.163
177.472 283.853
984.573 556.991
421.96 223.678
229.033 805.02
289.903 412.902
260.437 231.168
474.646 681.404
781.754 764.327
782.103 274.521
808.5 565.766
567.198 769.818
625.713 658.331
450.899 584.295
949.628 692.008
583.807 454.055
771.325 253.395
83.4417 511.416
516.795 564.973
659.776 298.89
472.233 98.1167
628.761 873.866
637.972 282.171
218.458 795.403
135.711 751.721
501.983 972.245
811.489 960.288
469.904 467.069
388.472 678.881
728.366 340.205
245.269 202.451
513.049 191.225
365.865 920.797
537.854 131.455
825.406 969.26
860.706 84.0371
983.351 181.595
848.434 27.5932
247.469 356.281
623.166 683.979
658.72 188.29
662.563 17.489
613.03 795.711
436.477 642.152
86.3635 700.952
734.991 79.8927
743.588 764.01
564.218 329.389
261.774 462.827
203.552 155.525
621.383 920.29
948.89 673.934
56.4514 366.799
254.696 640.077
220.673 45.3132
411.842 452.153
699.573 271.161
844.029 580.897
748.657 425.204
436.191 69.9723
255.521 373.209
499.092 963.995
195.668 833.6
835.879 728.37
161.737 184.657
843.802 810.04
621.743 462.882
52.2014 15.2251
323.31 433.654
317.092 323.558
422.262 343.958
248.915 704.883
218.452 749.905
706.145 242.387
867.169 730.736
1.1122 282.303
741.245 827.123
807.442 451.853
620.192 717.529
987.67 730.849
785.671 34.0778
128.362 298.548
882.845 741.341
239.143 287.59
678.807 711.761
413.819 555.401
513.497 449.615
63.9991 242.393
655.797 809.226
875.914 519.525
574.11 17.0902
759.255 515.961
935.523 785.914
478.332 49.7143
920.961 274.36
639.521 467.581
327.139 987
890.87 103.528
495.004 432.848
174.716 473.666
710.094 933.187
829.732 408.15
87.788 769.094
993.055 979.927
879.641 432.554
960.293 49.164
700.227 466.112
504.249 79.6898
758.664 15.7925
328.705 737.121
212.421 108.497
666.075 445.295
61.8968 841.119
834.667 530.419
811.149 623.434
383.532 560.204
8
126.417 121.569
100.708 106.279
94.0209 120.051
116.122 142.449
122.199 212.771
125.146 125.483
155.028 138.275
219.262 89.3795
4
103.477 428.432
192.744 393.514
123.643 307.8
83.4082 369.486
9
167.005 663.72
199.562 626.251
194.533 567.006
133.98 570.592
79.4709 552.897
42.1182 591.524
51.3645 647.651
77.2842 697.002
131.499 667.668
9
156.396 931.026
183.2 895.156
177.82 851.314
152.338 816.126
105.029 807.984
69.6551 843.631
58.5888 882.633
88.2288 920.128
120.424 942.833
9
332.132 78.8745
315.762 99.3828
328.322 166.36
349.089 183.554
372.553 184.503
409.164 170.738
426.86 152.15
426.674 91.5854
382.034 60.641
5
429.892 403.428
422.185 358.585
333.915 288.755
314.09 375.201
387.885 448.827
8
375 625
377.756 506.294
336.046 583.188
346.649 625.404
321.298 673.348
372.244 633.834
405.671 693.145
387.984 627.88
8
429.318 822.944
375.762 842.729
341.801 841.878
375 875
335.284 914.142
374.582 888.797
419.649 920.526
432.516 876.151
8
605.979 198
633.667 139.733
645.002 130.174
708.905 75.7095
635.841 84.1978
606.832 93.5461
548.465 104.465
579.8 151.12
3
560.343 383.234
655.593 413.193
637.675 314.479
