1000 10
53.9438 506.622
961.58 998.612
84.5297 273.255
809.853 321.108
294.003 532.674
630.066 605.165
395.479 794.082
736.137 92.3541
52.3193 301.719
760.691 968.136
461.008 314.266
892.495 20.2011
3.45199 579.041
906.703 706.504
665.65 627.991
853.627 116.964
94.3316 704.936
312.706 538.322
19.5448 653.889
486.113 963.845
928.746 153.012
530.731 883.302
597.667 754.608
3.802 17.9182
265.08 825.623
414.219 41.1248
109.054 791.688
879.84 257.162
229.332 887.803
69.3211 485.81
795.18 70.8352
426.355 976.302
538.271 486.196
544.778 480.439
693.645 516.315
576.15 672.711
922.111 429.668
964.394 560.193
741.54 95.0079
537.804 847.04
410.636 229.353
522.462 515.985
900.496 896.068
191.209 378.503
716.223 588.847
672.844 881.593
817.285 70.665
40.4611 521.688
457.621 118.681
772.767 69.0643
886.182 873.517
529.429 579.368
577.078 246.53
304.017 990.198
258.295 833.615
65.5753 507.553
985.256 236.715
514.189 904.274
885.315 582.593
592.534 846.561
221.908 436.745
938.168 17.3545
174.082 224.975
39.5184 604.997
399.338 810.963
933.033 56.558
730.813 625.012
958.245 703.256
393.196 430.049
950.863 73.6236
541.402 975.595
757.381 701.514
997.854 628.061
849.791 566.569
781.884 838.936
892.639 387.824
514.209 539.324
362.614 990.342
171.605 61.2365
12.0344 297.125
538.032 966
608.814 278.794
829.804 449.193
150.169 718.685
310.999 946.599
899.182 367.233
741.548 456.192
828.961 83.0961
832.413 183.315
854.473 690.194
230.325 875.379
943.068 997.745
0.812611 406.016
655.036 217.515
966.801 996.926
104.101 269.245
759.204 863.943
883.428 77.5786
770.649 854.694
779.356 695.059
58.8503 493.233
273.869 138.509
554.882 328.972
66.3752 773.863
245.988 240.655
513.498 10.0173
845.561 703.661
472.27 640.394
338.661 65.1784
227.522 398.71
463.7 985.811
249.284 253.594
985.813 570.339
244.786 24.2027
655.147 765.231
514.217 679.857
137.322 6.76546
517.305 638.28
552.868 371.626
379.282 217.469
227.86 612.167
987.159 403.903
167.195 794.319
805.62 890.87
406.812 74.3745
622.854 686.482
689.448 197.498
374.112 685.738
674.827 184.968
814.304 372.333
924.214 283.19
55.4318 296.155
819.1 881.092
894.645 486.005
301.85 708.754
355.725 278.619
639.788 567.392
871.385 303.24
271.832 451.669
334.877 669.923
847.401 435.44
17.6856 632.017
280.308 4.94316
235.232 385.913
810.258 774.204
945 389.208
124.067 543.167
857.613 872.625
811.221 677.114
903.296 161.823
451.703 797.367
682.554 489.589
219.555 781.072
370.857 65.196
452.552 468.695
76.3986 628.438
942.008 920.384
944.865 258.799
938.099 890.78
564.467 974.97
489.867 222.739
662.149 754.837
168.915 937.589
575.537 943.542
326.49 697.862
980.614 916.448
121.256 288.704
74.6835 964.581
933.754 125.316
639.439 844.376
45.0387 744.343
690.405 289.03
808.911 29.2375
442.071 498.171
274.038 333.192
863.99 917.381
960.829 737.785
987.204 167.462
876.137 960.87
49.3308 587.074
533.552 300.273
243.658 333.752
804.566 588.748
839.915 575.834
773.13 44.5305
362.304 304.455
4.78042 610.664
871.803 549.843
237.901 216.427
36.2481 26.0738
779.921 500.64
440.062 696.057
707.057 291.27
684.71 555.53
976.593 276.775
608.453 539.812
183.846 596.462
52.1148 924.171
745.344 989.969
21.4624 298.957
263.511 996.06
707.343 183.21
847.335 728.616
681.584 86.7918
188.197 315.661
899.825 861.019
270.865 978.16
999.521 981.325
463.189 53.6516
703.774 257.023
908.648 343.855
959.697 622.632
473.036 892.068
285.665 951.302
848.742 306.336
714.625 894.201
979.973 555.807
621.831 10.9733
596.621 487.315
41.6906 92.5875
680.792 409.143
640.963 844.607
416.703 559.735
225.458 745.893
756.775 454.045
853.226 755.616
108.831 559.673
506.767 570.219
421.514 159.235
440.169 556.643
549.338 143.945
988.806 388.15
938.295 906.386
66.1437 292.222
758.34 286.278
731.736 534.263
483.563 808.468
339.528 472.617
479.509 192.985
512.938 166.568
597.839 568.434
751.971 3.14752
890.711 522.991
700.838 430.57
28.5113 854.44
289.304 537.534
869.361 127.904
900.814 764.447
563.884 499.77
891.965 818.435
55.7928 987.132
189.75 612.819
323.892 417.851
963.313 312.43
79.5523 989.339
495.909 291.62
154.565 71.0913
501.254 871.568
485.86 624.525
80.0497 778.313
20.5275 917.379
847.03 80.3782
410.804 48.492
7.91301 583.883
304.099 789.961
853.345 346.422
556.05 855.487
775.651 433.304
888.89 922.915
705.756 440.596
163.67 664.68
616.335 827.62
702.773 512.487
113.704 497.076
93.9724 22.5155
790.613 325.499
545.839 260.803
87.922 922.203
98.9307 729.016
689.895 309.841
911.862 897.688
514.243 504.326
493.1 865.232
240.295 0.608007
306.306 521.196
948.604 21.3395
550.432 512.957
667.831 302.151
956.425 472.087
964.801 801.422
275.572 633.281
277.525 254.731
669.342 38.6732
27.5184 26.3134
254.8 639.107
747.285 835.893
469.582 327.846
492.87 530.702
212.979 177.424
238.91 170.093
451.355 804.297
507.347 63.9598
230.756 471.332
133.597 437.647
403.677 746.396
880.098 488.501
769.983 677.292
833.868 209.095
817.413 893.083
978.486 180.996
821.753 989.271
190.964 22.213
769.11 44.578
616.77 240.894
558.721 923.057
181.651 602.233
899.462 857.275
86.4546 461.377
530.311 45.6282
220.491 210.23
479.012 425.896
846.763 997.894
10.7886 262.204
564.134 404.895
746.876 274.496
681.296 173.271
628.598 219.699
992.183 674.442
670.048 789.105
517.403 398.394
914.007 865.426
643.268 25.0151
90.7396 988.942
129.789 42.1396
452.382 561.091
731.057 539.214
132.948 683.828
520.203 137.133
652.506 494.208
308.614 230.58
552.402 535.149
534.882 390.528
665.113 65.4154
236.393 612.816
301.265 865.987
460.829 123.393
432.503 893.798
954.828 262.776
280.73 534.717
810.245 523.097
474.739 279.621
99.3963 553.395
856.131 906.56
110.578 33.4928
273.038 975.108
62.1467 0.897626
957.456 804.065
622.37 440.634
98.4447 291.031
570.721 247.885
953.911 912.385
152.349 790.808
108.286 723.705
979.945 227.087
988.165 209.489
292.287 219.864
787.084 314.208
824.403 24.7532
907.812 332.854
792.298 665.437
553.174 655.539
266.427 855.757
822.365 234.437
762.134 443.501
959.379 282.749
166.072 191.166
973.287 972.637
451.989 604.927
287.838 167.535
466.456 455.783
720.824 312.665
480.542 198.976
94.5085 968.484
641.741 685.257
75.0427 221.329
956.669 756.04
683.744 836.985
422.96 966.727
310.78 691.609
50.6881 625.263
801.93 732.332
339.579 233.047
547.241 914.998
572.021 843.342
562.664 796.974
949.672 607.811
902.885 513.527
854.498 605.847
212.154 438.937
334.789 285.24
509.037 48.1888
634.664 288.96
828.254 91.5251
649.133 714.283
311.024 101.223
559.472 807.54
273.098 529.44
437.079 930.938
216.365 314.167
197.128 689.051
926.334 508.362
886.53 383.026
858.116 950.978
300.343 402.04
813.664 968.895
919.375 758.03
958.408 435.365
692.251 908.076
560.044 777.947
145.966 234.807
244.918 605.98
192.467 788.166
903.865 591.921
487.467 367.448
925.31 473.53
431.797 505.255
442.001 154.908
906.328 727.77
729.641 462.974
846.851 276.032
985.781 620.427
590.395 777.536
133.136 994.189
321.426 852.845
193.827 631
431.541 860.226
471.727 618.238
429.149 479.157
541.523 367.534
363.201 709.673
594.617 683.205
350.001 487.417
735.169 205.393
576.69 322.412
859.377 907.776
249.809 245.962
546.157 365.732
221.599 820.724
230.701 997.353
837.341 27.5285
937.492 595.164
957.56 352.721
303.291 97.1579
67.3139 529.354
473.73 877.185
78.184 223.111
844.171 931.354
554.145 434.996
471.05 93.0509
165.665 221.205
984.187 630.441
343.479 783.037
921.34 25.3822
103.429 15.2974
349.724 933.15
518.546 927.395
417.908 31.5815
389.207 254.311
979.625 755.977
208.156 570.748
943.653 800.063
764.672 96.882
206.398 369.076
203.911 91.8954
274.805 949.434
488.956 482.034
799.399 255.962
459.782 321.191
425.438 586.389
968.583 87.1439
927.342 724.761
826.253 382.318
219.732 795.919
520.261 876.743
880.186 760.309
868.708 388.864
273.465 827.104
21.8962 386.954
200.59 783.781
897.143 148.819
424.887 774.495
822.565 265.508
959.32 944.742
159.172 602.993
432.573 506.509
943.537 748.759
518.357 437.826
742.693 316.541
418.913 253.684
471.428 802.632
882.323 207.044
603.041 485.4
919.417 928.198
728.397 803.04
751.718 92.6883
520.558 179.803
840.37 844.019
460.858 999.959
421.398 666.161
31.7329 68.0826
909.076 601.363
575.533 581.35
588.146 655.191
908.054 142.775
589.835 495.681
200.743 643.98
741.664 270.995
787.651 535.501
694.024 941.305
20.7405 993.032
811.252 678.487
782.029 484.178
30.0202 356.738
558.405 886.28
385.493 720.439
805.478 728.683
780.336 35.1706
600.389 619.395
596.016 947.157
257.315 180.614
941.054 87.4689
674.413 782.825
361.612 709.117
324.475 210.48
793.244 309.895
496.085 279.037
808.011 930.682
824.707 692.13
575.535 682.962
722.567 623.852
310.834 257.364
850.099 34.5361
21.4049 197.962
670.938 298.305
481.599 177.849
950.352 652.341
137.845 38.7039
283.948 844.822
734.795 498.693
842.064 891.137
885.83 42.9266
395.849 169.839
600.554 656.427
912.535 947.556
301.897 368.734
828.954 779.752
516.37 218.921
776.391 356.256
735.225 886.622
872.706 685.472
732.917 352.415
251.326 603.093
35.9356 986.738
863.069 320.274
211.411 621.283
305.724 421.662
512.086 683.263
578.698 60.505
23.9637 102.141
453.524 234.788
808.118 166.15
759.047 901.626
780.955 560.176
993.744 329.46
10.842 191.993
585.498 766.931
341.019 884.06
553.511 265.259
821.235 990.698
499.484 668.399
223.292 447.117
242.597 183.789
774.14 163.224
805.869 806.512
42.9021 996.522
843.314 421.022
664.854 187.086
736.36 54.743
540.91 737.384
504.995 217.296
74.4349 146.906
372.245 259.023
166.255 670.787
154.675 617.265
268.018 218.169
57.4271 906.843
172.496 444.047
187.181 626.654
492.797 252.216
776.958 271.02
593.768 244.254
835.221 126.12
116.702 509.34
702.587 990.367
210.932 917.716
402.141 454.031
455.947 634.063
278.854 273.227
218.083 204.326
599.964 711.894
890.24 973.518
212.561 475.279
831.688 233.796
578.431 181.711
188.448 270.863
683.857 346.767
578.1 588.278
818.088 875.164
870.889 140.192
130.163 437.21
328.606 206.203
997.021 914.755
315.829 282.472
265.306 373.849
896.448 979.149
284.002 790.375
194.226 453.026
455.325 683.6
215.061 713.894
345.294 491.713
101.77 473.006
249.19 998.502
181.307 273.145
684.254 974.643
906.303 850.498
260.89 680.991
161.157 315.931
183.313 664.2
921.977 2.74255
706.028 749.211
543.604 447.808
229.727 918.037
687.786 656.263
145.851 58.2895
422.546 775.151
477.677 668.658
690.1 946.564
752.977 798.117
531.228 898.054
835.575 340.903
258.752 752.556
271.551 747.707
229.661 416.457
84.7933 936.011
621.796 926.401
600.633 795.308
592.005 772.775
27.7167 445.065
34.1883 990.848
467.507 399.545
689.813 430.283
465.535 453.383
723.729 984.787
134.438 966.607
190.145 328.051
542.247 849.216
962.284 63.1052
218.742 212.027
992.17 427.551
860.06 619.21
2.23241 48.2093
225.975 264.065
874.664 777.644
438.655 674.36
172.259 32.2318
206.253 147.524
504.642 572.718
230.904 654.8
99.7467 767.393
13.4159 977.381
911.468 827.234
814.051 53.9031
873.882 884.718
142.655 810.143
141.017 529.206
481.717 216.421
472.732 491.812
387.223 474.012
926.636 906.898
808.878 968.793
405.574 275.143
860.298 768.494
895.758 303.876
244.746 32.4747
120.91 763.979
614.287 610.589
995.128 381.054
704.557 986.143
168.789 515.761
815.498 606.506
691.514 961.893
681.636 602.901
791.991 310.871
15.6828 707.565
540.127 861.364
505.374 743.543
924.341 548.744
979.046 923.134
996.853 556.138
743.132 194.374
449.88 658.694
196.717 122.957
571.863 470.484
644.925 481.812
673.227 226.156
610.72 551.025
686.949 948.288
82.1236 571.071
739.543 700.143
449.999 257.331
263.371 880.109
568.606 976.147
272.973 622.815
920.529 275.417
890.388 163.504
798.218 897.386
682.612 933.589
708.093 925.271
227.777 889.379
916.481 689.131
251.754 732.924
564.01 37.1852
310.007 600.296
932.101 979.109
115.633 219.41
530.495 222.632
439.493 727.649
988.204 762.97
478.234 465.103
666.552 757.039
458.365 377.854
779.142 752.917
319.919 209.118
491.021 379.343
52.0453 994.873
784.758 874.613
72.0559 533.824
127.684 670.083
221.513 852.002
233.5 739.911
871.45 960.036
36.7048 713.251
988.347 247.42
365.105 445.692
619.122 845.037
689.345 176.11
30.7619 781.57
890.65 154.374
888.919 899.665
993.47 625.592
414.628 571.849
710.652 827.035
463.715 662.09
491.099 219.055
525.808 874.547
941.618 56.8022
745.293 868.66
430.184 445.759
886.194 898.137
398.381 746.304
303.276 840.669
180.003 664.15
815.433 215.072
274.623 60.4939
242.938 945.511
2.76656 694.49
861.107 991.753
471.385 36.8039
609.009 284.374
98.1533 281.415
787.429 370.73
931.588 64.6767
236.06 339.168
490.102 169.337
427.16 815.859
34.713 497.558
265.679 22.4583
932.508 140.699
296.581 648.493
595.487 887.526
600.947 945.857
660.028 600.223
220.991 764.912
977.01 642.409
538.223 838.688
221.774 20.0415
985.761 625.587
856.461 18.4129
664.382 900.096
441.226 889.488
775.369 242.253
126.364 516.327
525.231 632.15
9.08438 566.089
150.279 442.541
885.57 354.502
366.5 249.521
650.318 534.126
455.563 335.659
80.8351 202.86
261.919 173.139
760.697 872.984
989.898 583.64
289.544 481.056
892.513 462.128
647.039 581.166
366.836 190.435
211.34 976.162
426.481 948.402
243.721 588.516
137.998 736.086
258.973 996.274
238.249 324.505
559.147 916.632
744.822 360.364
537.168 385.044
219.449 626.774
603.546 990.86
747.6 740.558
686.105 145.434
74.7716 251.34
95.0297 12.5914
503.888 731.669
556.44 287.918
991.563 772.781
734.009 80.2124
515.987 210.628
196.358 825.783
526.437 402.882
766.467 231.516
652.1 546.259
251.446 675.918
872.94 815.122
659.723 311.783
895.675 679.973
514.703 41.4054
898.136 480.947
482.636 687.971
211.554 699.808
16.6076 12.0152
625.581 15.5025
142.075 988.274
732.495 36.3407
560.918 274.758
34.4708 351.769
118.829 23.2226
148.071 774.828
459.919 803.112
206.248 479.895
778.768 529.163
0.404621 342.471
472.675 792.254
856.498 366.352
377.028 287.49
177.475 835.623
756.229 460.332
704.086 56.3622
303.629 439.654
552.718 921.322
977.35 516.699
941.279 7.09962
988.984 438.145
822.874 894.463
799.447 982.158
694.353 20.6064
752.696 346.758
757.338 108.658
384.62 810.608
473.795 172.745
769.139 371.855
151.451 784.497
556.357 55.0716
286.245 550.164
679.333 270.85
122.542 811.023
590.921 13.5939
426.117 810.805
463.872 972.313
854.792 606.369
7.65343 415.086
371.247 487.626
282.309 147.442
532.195 486.398
50.6858 932.553
980.715 944.062
33.9957 191.904
787.301 778.461
744.937 820.356
143.236 824.032
286.958 891.317
687.044 974.432
404.42 502.844
410.94 16.3916
991.9 534.508
682.623 583.39
736.196 214.914
682.115 702.126
708.267 31.1431
556.486 845.04
430.555 603.698
93.5731 701.932
544.015 198.832
496.8 451.174
798.214 926.134
217.49 797.67
949.358 640.974
676.362 769.577
403.373 760.419
499.675 373.299
454.935 734.61
650.893 752.531
525.21 107.841
465.095 130.556
993.111 462.34
69.6439 157.807
686.906 675.692
916.27 680.773
626.388 551.852
850.029 999.742
318.119 450.506
234.091 728.417
254.37 995.02
715.071 898.297
211.09 719.43
627.715 237.018
408.048 445.96
887.535 58.4091
177.942 580.973
761.387 972.375
952.37 778.468
367.871 282.616
455.928 531.66
770.54 606.205
721.871 340.012
806.611 342.591
961.28 215.528
2.44571 734.676
962.612 265.328
851.491 683.271
871.829 307.476
172.561 84.1836
960.379 882.059
559.13 336.963
830.054 473.652
220.64 611.225
769.967 132.516
560.165 422.57
997.628 588.995
993.296 125.134
798.007 638.044
25.4377 972.385
183.661 457.032
268.866 129.202
202.819 467
687.2 973.996
247.892 851.446
4.41723 926.427
725.805 967.428
904.732 641.363
243.998 298.047
261.051 964.589
967.615 481.384
300.456 336.262
328.391 904.663
906.939 741.616
379.425 961.232
600.161 597.644
564.938 939.781
237.171 910.442
766.233 385.927
680.429 566.375
882.319 90.4543
979.549 721.426
389.609 960.723
412.61 688.675
322.41 230.698
19.3611 690.203
587.244 643.835
371.261 261.31
779.795 861.046
656.504 976.989
966.995 286.92
392.435 684.56
960.474 90.6432
32.0746 413.63
896.445 298.299
440.823 801.538
559.153 751.893
323.445 504.94
548.445 945.972
6
83.8904 175.743
143.739 173.871
196.222 136.363
163.607 77.4226
101.266 62.6937
72.3507 116.593
7
177.86 326.696
117.883 300.35
58.5087 340.19
67.8022 408.377
115.394 426.602
174.762 440.357
183.753 377.513
4
136.905 566.273
72.2859 587.266
85.4604 671.312
164.917 655.906
10
76.0536 820.377
25.5454 857.247
59.2667 892.975
88.0923 921.871
130.433 962.176
175.785 915.55
201.265 873.586
162.661 853.375
155.58 829.899
109.759 811.29
4
368.232 186.651
438.231 127.413
391.715 65.3645
312.667 135.949
4
464.103 455.684
403.658 313.011
304.636 298.469
326.027 401.926
7
317.285 652.263
364.656 686.844
419.165 671.773
437.495 616.461
406.732 570.345
358.991 564.029
315.8 601.361
9
404.724 931.193
405.527 891.392
427.763 867.717
408.476 827.18
370.55 806.966
327.577 819.482
356.093 869.151
342.288 892.932
349.16 932.269
6
605.213 223.369
676.881 160.28
693.332 102.217
640.171 37.1613
568.898 66.4714
563.263 131.049
7
661.738 323.963
585.904 331.56
570.774 345.48
587.708 427.129
619.608 436.822
659.984 428.148
684.141 377.303
