1000 10
785.545 837.244
714.634 565.644
855.46 648.676
726.784 898.951
780.74 794.542
862.571 737.643
709.877 823.368
820.107 680.498
873.518 704.439
778.757 859.601
734.258 730.306
755.837 703.584
789.308 815.316
753.329 673.722
866.772 673.411
802.146 790.941
763.706 758.118
804.075 733.332
720.811 749.262
703.463 696.552
854.17 744.255
758.692 769.101
755.762 780.404
839.157 716.893
796.149 732.945
752.342 643.852
843.508 751.729
750.093 815.632
803.721 724.96
803.006 786.204
762.878 777.901
769.766 726.141
922.018 695.844
801.579 726.784
750.766 633.855
871.155 765.853
867.526 811.854
808.666 762.561
804.462 729.238
716.237 811.932
737.995 644.107
800.398 727.047
734.569 810.184
887.035 580.199
814.761 753.8
717.762 854.109
761.733 695.23
765.117 716.015
711.774 842.886
812.686 670.607
914.124 689.527
756.8 832.289
841.827 593.844
793.721 745.506
797.815 882.268
745.404 710.211
835.188 703.39
825.341 843.65
773.963 652.704
825.326 724.301
774.272 812.042
737.107 704.068
811.124 769.413
655.324 695.579
803.24 650.117
920.82 740.958
828.134 846.443
870.785 693.431
810.004 809.054
801.124 860.172
816.745 637.802
794.674 628.764
736.264 822.691
763.641 589.914
948.065 680.821
740.314 812.265
843.885 647.976
833.404 772.842
767.104 802.136
784.826 671.465
843.962 781.978
770.072 819.452
812.832 727.048
842.482 622.407
739.024 798.6
751.476 660.036
877.034 632.725
732.729 844.357
723.205 658.202
946.194 604.591
748.078 819.794
779.668 743.39
809.424 669.931
711.472 810.282
808.94 683.772
844.653 677.696
741.603 838.286
805.152 616.706
855.314 705.858
704.995 872.596
787.747 684.047
818.805 646.569
719.985 809.142
702.24 621.109
790.147 657.305
711.198 854.7
861.163 650.878
797.995 718.137
786.254 810.531
714.182 740.809
790.31 748.373
845.892 812.684
777.025 700.656
751.169 722.43
714.706 901.255
853.527 669.165
855.592 698.947
818.549 775.233
786.076 600.148
825.935 684.613
757.03 769.629
847.024 709.287
807.171 554.106
746.719 829.105
809.25 606.852
941.818 665.737
719.352 765.817
710.642 699.418
868.327 656.014
822.195 799.361
711.654 733.18
851.623 713.428
772.213 829.613
854.666 683.589
781.279 708.341
731.324 817.223
814.825 665.343
806.51 702.271
744.046 889.329
790.691 603.636
858.697 720.049
695.134 788.633
806.713 690.046
757.15 734.886
827.138 854.51
840.389 674.853
817.208 743.019
770.168 864.61
687.545 670.699
894.763 749.693
709.455 846.618
814.743 615.444
876.867 663.723
808.099 737.77
826.69 634.643
775.088 800.029
728.691 724.248
852.079 628.351
778.292 724.88
781.661 754.826
744.205 696.604
848.709 691.936
701.018 846.606
812.337 745.141
837.453 700.458
690.186 851.561
797.948 687.571
766.12 760.443
757.655 826.938
789.763 688.363
803.471 696.265
641.15 820.2
827.748 750.858
842.081 715.897
691.723 808.412
717.328 644.61
857.255 744.269
845.55 800.555
824.027 619.83
913.802 756.55
806.555 838.705
739.599 634.753
841.461 660.389
806.881 787.694
812.319 645.827
875.58 617.431
800.095 729.882
711.703 716.578
830.339 741.78
881.872 808.696
774.561 741.602
815.951 690.557
690.462 776.119
782.901 679.485
709.884 726
761.48 827.437
865.136 764.317
797.769 663.016
794.327 788.748
689.184 638.235
839.153 692.598
876.288 730.64
852.073 658.837
886.187 664.669
736.265 781.41
709.873 734.289
822.402 720.172
734.202 762.728
747.236 720.402
768.323 654.422
789.904 898.028
839.479 557.859
844.88 713.44
785.207 859.353
750.815 682.78
896.286 641.126
826.239 770.444
698.75 670.669
883.632 751.428
796.332 807.783
720.239 631.626
816.846 744.553
765.341 765.752
846.71 664.875
805.379 681.595
740.923 853.066
675.073 659.185
818.664 692.367
643.904 892.134
684.377 682.536
765.27 620.999
794.646 765.605
789.837 666.829
812.29 602.315
802.656 780.403
824.967 599.188
854.649 655.214
812.597 826.201
782.46 664.849
843.174 768.922
753.828 807.927
818.418 768.284
796.908 738.52
799.071 709.74
858.847 659.93
779.759 758.508
761.07 883.7
857.012 698.4
756.901 677.291
666.641 938.635
723.418 709.687
830.706 725.451
703.553 801.621
805.316 660.236
829.076 688.64
895.89 703.077
803.93 727.587
829.595 705.117
739.076 785.362
723.766 643.914
818.542 714.94
805.256 859.046
789.745 589.358
760.7 696.185
746.581 883.042
770.769 653.514
827.732 706.473
820.808 881.789
768.067 700.001
851.816 718.83
798.799 845.606
769.437 710.667
854.27 715.162
783.375 769.449
743.166 788.365
836.226 736.925
782.498 794.068
840.354 604.298
852.699 802.144
737.252 747.412
850.787 752.615
889.75 749.772
755.922 799.601
768.04 605.533
910.896 720.766
732.928 905.093
805.89 691.154
855.661 690.384
765.075 848.098
707.449 664.217
886.38 648.408
783.626 851.043
832.13 701.792
831.917 655.689
795.561 747.194
755.559 726.675
800.338 739.839
743.899 815.066
718.958 653.029
898.449 727.045
705.224 805.154
771.969 645.685
740.564 673.377
671.885 871.13
823.661 636.754
859.277 747.835
839.114 813.357
787.436 632.116
748.634 661.49
731.757 800.737
708.475 681.001
883.392 668.44
745.386 728.418
864.31 623.519
797.446 729.923
714.103 741.717
807.172 715.587
858.451 641.41
784.243 822.087
799.47 695.627
897.96 669.4
701.808 764.626
810.208 680.35
866.435 684.656
698.819 774.685
741.339 681.49
739.509 740.992
754.035 939.717
863.743 603.097
788.294 634.311
759.747 896.747
820.124 708.119
855.654 635.608
717.538 750.392
812.718 658.813
795.156 628.013
748.922 829.036
736.451 671.255
838.65 753.877
740.137 853.749
706.79 683.38
835.809 723.163
792.844 855.667
765.105 610.752
913.547 636.981
662.455 845.176
749.968 748.594
846.62 753.912
800.095 776.72
789.317 648.706
835.288 777.284
745.456 771.885
844.91 623.659
847.839 679.046
849.205 783.167
794.908 654.029
916.844 710.612
795.365 801.408
774.253 726.608
849.679 759.604
743.807 775.266
716.007 624.905
854.28 612.107
733.574 861.304
770.177 684.745
834.527 657.76
854.976 734.358
762.752 655.456
880.861 645.704
838.745 803.717
792.429 594.79
773.547 644.523
760.128 822.495
700.967 744.589
860.802 692.017
788.076 788.373
740.654 734.993
852.235 710.663
717.043 778.996
719.323 559.221
838.054 788.988
727.507 731.671
782.052 701.444
887.053 690.653
782.837 799.032
777.348 713.784
866.07 633.599
766.395 812.493
679.829 800.42
880.855 752.951
710.801 890.42
696.607 594.774
910.699 786.909
862.604 783.012
742.939 651.776
879.639 706.492
752.89 857.611
831.182 692.456
812.081 720.437
819.199 779.531
610.891 721.964
906.176 687.039
690 877.431
860.453 699.424
852.417 596.337
675.211 835.687
787.62 594.112
837.745 727.031
883.323 843.126
727.057 621.718
869.462 730.356
744.654 819.764
814.685 749.48
853.795 810.848
726.551 820.569
737.659 571.457
871.865 786.734
746.883 882.989
809.707 725.31
844.083 595.842
726.061 885.516
841.325 626.933
915.864 684.904
738.819 790.011
767.274 699.372
846.572 775.427
684.537 780.658
886.009 670.659
873.776 673.968
767.528 918.001
709.106 663.237
855.821 679.693
814.067 780.938
824.999 644.815
790.684 708.797
777.871 795.823
796.025 623.602
817.99 679.995
745.892 860.322
789.146 736.463
747.112 798.467
731.289 706.37
789.625 709.668
720.924 773.014
853.62 752.104
832.86 720.605
751.139 788.673
795.866 624.157
742.387 699.425
803.1 826.017
861.576 721.096
807.226 675.233
755.947 870.309
813.558 635.806
883.832 702.631
853.028 809.726
740.286 708.359
852.39 680.474
718.871 864.204
849.895 691.934
843.587 729.723
711.963 843.092
741.19 667.904
778.286 622.891
835.33 834.084
776.274 653.26
806.116 697.236
858.7 747.603
764.897 719.817
842.344 738.227
750.375 744.32
760.447 773.192
803.443 693.177
739.094 849.4
727.209 588.659
853.008 736.512
763.542 786.28
858.587 639.405
866.026 745.03
817.314 852.376
787.551 670.189
796.458 744.635
757.582 827.209
745.843 713.807
860.385 762.634
805.108 791.202
770.738 583.733
863.443 754.331
743.16 800.1
691.062 679.691
844.66 776.899
668.336 894.833
813.389 690.131
749.591 695.515
774.048 803.873
846.44 706.552
763.194 684.409
667.581 789.382
853.551 682.185
796.027 701.153
767.213 729.674
761.296 636.746
898.438 724.529
823.213 778.325
747.066 712.607
834.903 672.188
826.184 862.123
814.753 564.885
800.953 725.784
773.062 869.433
816.319 710.69
829.236 733.357
830.184 796.034
789.943 698.155
915.029 684.438
718.69 850.261
750.897 646.687
780.183 815.968
867.672 786.939
789.418 659.468
855.249 709.041
741.491 815.828
846.507 770.418
900.171 741.158
789.308 800.026
834.352 719.34
854.911 696.014
781.832 820.091
767.529 662.86
807.474 717.815
773.701 763.369
723.025 660.865
794.842 750.012
736.899 857.487
702.058 727.238
780.2 714.223
679.638 860.556
838.999 724.21
762.589 739.402
719.348 800.001
795.837 644.511
840.917 783.629
767.923 787.335
861.759 735.545
761.394 548.226
718.749 805.006
885.808 655.928
811.435 780.855
793.291 799.743
775.783 728.46
775.624 701.507
775.334 845.199
771.838 604.161
819.668 725.325
764.478 780.721
720.242 674.993
903.789 730.709
761.099 852.594
822.151 662.9
869.613 712.036
717.481 808.138
771.642 584.859
909.194 674.365
824.498 823.81
733.674 754.225
719.746 675.238
701.026 885.735
814.299 577.824
729.809 720.98
783.788 855.571
828.446 697.284
789.361 621.185
716.907 810.802
842.65 700.856
864.62 722.823
798.845 885.917
834.672 701.708
857.998 676.791
767.523 807.418
721.565 594.052
859.751 798.225
735.307 856.412
719.319 517.887
766.285 666.818
716.448 740.458
813.473 643.772
719.124 788.899
883.376 759.825
807.033 650.75
870.075 733.427
652.138 808.817
848.043 698.389
791.382 692.833
689.521 822.286
810.945 722.256
761.794 752.927
806.017 784.953
750.184 604.437
894.556 678.574
752.748 852.134
784.255 745.277
829.972 638.369
772.529 794.475
804.362 736.993
805.273 733.448
810.211 795.292
828.631 700.168
840.409 725.205
759.254 706.474
719.759 744.087
838.027 707.974
829.709 803.683
776.061 594.531
871.769 745.163
813.547 838.151
726.447 678.233
850.981 684.699
775.918 779.411
765.361 645.856
756.061 776.525
757.95 763.066
830.04 680.816
887.45 628.569
717.448 863.527
837.188 678.458
829.676 647.475
709.716 857.144
787.586 715.514
798.965 677.907
724.162 804.618
764.614 651.472
848.601 738.033
705.89 758.27
827.25 650.088
795.408 721.813
728.143 853.657
856.233 754.934
812.527 616.377
841.829 755.679
835.616 681.325
742.867 706.033
846.148 872.812
747.433 657.36
850.042 710.347
613.037 855.952
788.768 684.254
850.949 659.002
724.014 819.616
860.876 710.052
869.532 663.228
720.784 888.981
766.65 626.311
810.134 642.005
647.79 870.953
702.201 661.84
834.36 704.554
760.525 872.882
843.05 686.241
782.989 681.799
729.826 820.552
777.54 657.434
837.555 676.804
740.502 810.688
707.18 648.181
797.926 719.905
801.532 853.761
731.173 608.264
840.214 743.687
782.992 800.624
820.007 666.914
845.357 641.608
715.518 783.462
753.287 664.52
776.777 708.997
798.053 892.415
758.907 688.061
871.175 747.505
781.719 693.486
829.574 664.03
891.515 718.76
702.062 787.424
838.46 702.546
813.265 702.795
696.689 830.174
860.862 638.618
752.644 700.898
700.43 866.556
749.553 562.688
773.178 755.263
777.796 763.92
742.396 724.855
809.333 803.751
810.444 937.576
708.812 691.486
844.808 749.431
832.394 748.94
778.082 724.302
877.913 719.965
714.329 867.219
809.277 666.737
869.205 734.804
669.286 832.741
819.971 731.822
837.919 619.633
709.986 876.145
780.644 671.939
787.616 767.205
799.585 776.683
877.533 785.382
828.825 604.898
721.487 836.94
798.847 641.913
810.902 726.97
724.144 769.218
752.112 621
775.081 596.253
750.384 887.896
710.073 701.04
888.488 695.08
722.13 844.059
755.901 665.806
869.262 724.918
753.085 914.583
793.694 744.505
843.572 679.271
723.841 779.264
766.517 688.878
849.461 664.659
769.899 796.819
777.135 667.093
742.842 676.523
729.133 791.702
828.497 582.133
807.569 685.107
779.288 825.165
776.382 628.958
798.174 663.791
796.65 900.744
669.271 760.265
835.638 705.074
766.751 819.956
767.38 745.081
870.282 793.459
724.759 694.89
768.189 649.097
876.417 725.288
696.277 853.442
834.574 790.01
954.228 681.948
781.584 875.975
781.554 634.281
779.705 625.052
711.764 819.552
796.498 632.124
887.026 712.602
717.821 927.804
849.834 630.589
763.701 685.729
746.2 787.706
729.011 677.493
841.232 689.776
780.44 722.218
788.347 613.95
847.641 638.998
762.97 897.714
924.445 683.348
924.722 714.733
824.507 812.846
783.033 632.674
760.454 755.688
697.573 884.66
799.58 673.513
695.085 628.289
684.477 735.813
662.534 675.005
855.128 672.177
721.263 832.344
659.963 633.618
794.905 705.511
723.716 823.634
797.687 658.771
726.017 652.044
800.522 745.706
661.518 753.368
788.226 782.927
758.511 789.226
793.337 677.591
833.189 700.924
774.159 800.862
777.984 687.523
837.109 628.587
672.919 814.622
826.531 688.091
887.934 702.223
730.887 778.476
768.263 738.566
916.167 817.094
794.808 820.637
731.757 611.691
852.364 728.99
780.823 858.803
696.685 713.237
813.763 728.719
735.682 836.836
862.539 545.26
796.311 698.722
765.589 821.562
776.383 710.641
749.089 609.641
697.929 842.035
735.635 706.172
832.911 688.383
795.347 815.246
774.933 655.032
801.346 737.848
774.449 851.412
716.248 717.217
853.146 710.347
741.458 800.054
771.884 670.9
751.789 702.337
782.936 844.678
724.177 674.523
826.389 708.04
662.581 743.383
757.788 712.653
892.858 815.763
737.159 812.605
757.654 759.148
827.775 754.825
740.269 892.101
897.22 599.976
836.851 710.305
720.769 783.545
727.171 656.787
859.999 690.946
660.848 865.783
712.731 690.088
761.872 647.03
790.266 842.677
638.032 560.495
807.075 690.554
739.661 815.358
738.249 621.4
819.267 750.418
739.548 957.323
829.929 700.136
830.453 717.985
755.207 783.256
684.835 688.199
859.994 778.884
813.765 809.311
793.888 675.995
810.539 681.69
813.106 829.761
772.58 757.402
752.436 780.62
836.059 724.33
815.376 687.204
716.13 846.636
737.976 776.644
916.155 689.551
646.258 921.429
800.183 777.302
892.85 698.118
730.997 698.62
684.623 651.469
794.207 727.644
816.926 812.771
801.953 605.968
735.214 692.735
753.335 836.826
773.966 704.09
795.521 698.535
703.425 776.654
811.657 726.325
773.227 561.996
753.904 820.226
734.442 659.273
841.093 616.954
801.419 790.079
749.776 596.462
817.863 725.591
791.074 815.744
715.122 631.77
805.522 679.068
774.421 892.227
832.313 683.588
794.238 652.511
722.408 800.789
880.211 629.186
888.254 824.063
828.331 828.611
895.735 609.209
826.645 639.008
746.011 748.887
756.562 706.706
781.004 664.32
738.141 750.887
806.916 641.745
822.011 709.698
802.821 787.309
785.441 649.576
880.856 702.06
766.765 833.527
854.645 641.353
798.042 683.745
769.959 833.447
807.979 591.874
849.728 725.884
718.625 774.941
852.697 641.799
805.725 737.821
721.807 793.217
816.543 747.053
843.756 728.262
819.583 794.613
764.284 681.532
810.138 788.486
766.322 857.359
736.886 649.359
801.682 666.509
782.646 821.663
730.61 719.995
834.089 695.965
743.922 781.023
792.022 622.002
796.225 720.406
808.009 747.907
734.74 617.778
837.293 776.519
788.432 820.829
777.448 694.304
847.486 732.739
744.275 757.633
814.231 678.968
861.204 726.282
684.066 835.403
722.586 668.55
792.235 704.414
747.807 794.506
741.412 682.953
776.522 727.517
757.867 798.632
829.191 666.886
807.637 715.701
730.381 754.534
787.61 669.159
851.733 762.363
796.629 807.852
783.801 591.965
802.934 669.299
821.506 794.994
704.138 727.952
880.453 729.198
712.673 792.281
839.75 692.909
850.778 764.027
778.676 770.073
815.325 669.937
863.012 663.342
729.992 859.527
826.166 649.13
828.423 700.399
730.612 868.909
773.114 685.147
900.204 696.378
790.782 720.467
755.424 752.198
820.149 634.02
813.325 878.911
674.298 797.196
846.018 667.495
749.922 790.494
764.11 689.719
903.547 711.815
754.448 805.799
847.07 678.545
815.18 710.135
828.118 869.092
870.079 639.695
866.775 716.893
789.681 847.875
796.127 735.642
871.705 710.464
798.748 924.778
686.017 694.793
864.304 726.194
738.491 825.54
800.085 662.771
820.244 778.483
762.809 778.647
698.644 582.046
787.198 690.603
854.304 829.963
797.783 615.149
823.188 751.418
698.927 889.319
783.432 683.136
736.087 703.044
9
112.018 176.58
153.118 195.809
185.616 162.561
184.834 111.661
152.246 91.4288
120.825 86.1253
86.2645 90.5099
64.8182 124.13
83.7809 156.822
5
157.299 438.365
200.727 379.834
132.652 306.096
63.3044 365.413
85.8739 439.723
7
91.9336 557.08
113.689 617.663
93.7329 627.245
107.155 680.041
206.664 714.507
131.783 623.272
142.259 550.576
9
88.9794 880.777
62.9553 910.24
114.819 919.109
187.771 948.236
208.726 877.012
146.764 858.031
132.138 813.047
114.01 774.904
125 875
3
415.623 108.124
296.432 140.913
361.569 177.992
6
352.135 334.604
292.636 392.754
363.135 408.076
407.064 413.03
412.514 371.566
424.39 275.085
8
406.715 650.571
461.6 637.498
434.459 596.705
415.586 553.024
388.234 500.702
354.474 565.564
340.696 623.352
376.453 701.02
9
251.235 868.988
271.264 944.742
342.699 959.012
407.262 980.401
429.054 918.319
390.723 874.323
415.054 831.419
376.619 824.014
308.138 808.886
6
669.092 144.946
630.671 118.973
586.544 73.735
562.941 118.708
581.068 202.039
628.167 171.784
3
671.215 343.149
581.177 336.416
626.762 441.125
