1000 10
180.588 394.057
775.771 841.759
682.693 208.503
312.046 889.981
750.434 253.079
128.823 315.119
768.71 683.964
959.648 116.028
715.586 175.882
787.783 226.802
168.562 427.59
838.763 736.569
959.342 233.689
723.625 282.86
483.228 959.867
809.626 180.272
226.969 402.147
794.557 790.57
954.079 164.159
654.639 178.443
262.733 976.905
812.067 333.981
178.637 404.872
766.229 717.321
882.603 247.002
666.078 165.902
692.493 258.158
853.721 748.767
948.688 219.833
758.953 202.08
360.157 948.875
798.993 279.222
204.206 396.777
869.439 860.915
678.818 165.337
373.015 959.211
808.34 273.307
213.694 386.449
773.557 746.981
698.225 281.937
741.012 230.3
150.458 312.392
750.346 740.114
958.22 210.206
722.846 174.126
907.119 240.179
288.792 361.44
834.203 777.134
824.598 172.142
757.513 198.342
745.153 292.839
804.376 823.387
799.443 154.107
324.378 958.726
820.041 280.106
173.186 380.198
769.808 801.856
993.403 265.14
731.995 176.25
803.361 244.988
235.787 324.502
901.079 676.179
947.399 201.422
434.875 931.149
750.846 261.92
186.27 332.369
816.756 798.795
934.616 227.361
757.577 186.406
331.666 954.394
827.52 221.608
168.2 325.673
709.371 631.635
990.721 133.822
673.801 183.471
698.172 274.03
199.997 296.435
677.369 756.723
986.606 70.7057
733.205 219.499
341.159 953.201
746.38 336.969
187.874 401.552
874.181 749.236
956.69 202.14
779.809 252.607
717.868 204.041
218.868 387.676
824.712 828.853
965.041 143.557
770.678 214.979
355.839 977.779
820.967 228.81
180.044 362.275
750.781 668.355
929.38 168.402
756.749 162.373
463.378 967.278
783.797 304.994
181.318 260.097
788.773 794.856
954.028 137.849
752.866 229.618
862.732 245.629
167.532 322.47
715.316 748.543
903.585 185.172
697.836 202.728
384.518 945.196
676.393 315.764
163.716 395.731
806.37 752.623
967.864 179.191
765.323 276.441
793.366 233.534
790.64 708.869
952.729 238.619
717.958 191.793
755.197 243.689
764.436 850.764
864.153 330.291
776.591 304.463
213.274 301.502
791.669 718.779
745.978 162.423
787.658 215.176
236.655 404.989
840.846 688.132
897.126 186.592
689.613 167.49
322.26 893.552
779.801 307.93
178.401 362.124
771.465 656.869
851.815 199.564
738.478 268.304
418.562 960.691
807.278 288.3
86.7916 349.209
774.543 737.235
979.196 199.99
703.165 227.132
380.328 982.91
749.385 271.981
215.446 429.432
723.731 690.372
920.02 91.3671
693.924 191.935
420.089 946.914
821.065 249.72
204.238 406.059
840.986 777.702
627.35 233.661
372.963 953.31
718 209.852
780.821 709.424
897.389 191.432
661.143 278.324
448.678 978.215
731.656 301.953
210.004 397.226
793 732.77
923.225 95.5023
707.093 213.381
679.64 340.78
762.065 694.573
672.941 232.814
683.657 286.913
285.615 302.631
741.888 688.714
861.514 255.945
722.859 276.152
334.881 977.392
736.941 194.045
228.911 391.919
869.825 784.06
996.734 282.486
713.837 161.78
718.135 276.515
211.16 371.799
716.419 698.223
981.217 146.066
823.829 170.369
372.932 980.891
778.722 302.556
201.776 364.832
828.301 759.967
934.479 131.077
392.939 997.952
717.929 202.345
756.443 701.223
977.933 259.502
703.016 265.771
775.307 212.283
188.448 424.067
764.883 790.4
919.589 230.294
822.708 216.829
374.792 979.935
697.85 282.476
153.382 457.772
788.952 766.724
982.694 164.852
727.251 159.457
417.245 945.037
721.906 291.207
122.569 312.298
792.661 783.085
933.895 170.803
796.462 260.927
370.17 993.469
813.867 227.569
216.984 387.178
774.526 746.534
702.694 193.754
432.447 974.779
756.234 226.04
244.673 438.443
801.121 733.224
923.655 259.868
726.097 239.22
814.073 318.355
804.338 712.641
656.663 241.24
425.406 986.865
728.308 262.705
183.134 333.7
745.628 836.217
942.553 159.18
759.719 200.703
345.248 951.314
777.354 281.847
196.327 325.221
843.228 765.801
917.395 208.183
752.542 293.962
414.672 991.461
796.44 243.751
820.48 768.968
913.572 189.535
788.16 286.647
819.325 317.848
143.787 292.135
782.888 790.213
969.069 261.378
737.561 205.811
339.069 962.503
712.83 221.875
151.654 319.776
775.392 764.031
926.172 233.21
581.139 168.262
736.857 273.183
168.906 289.725
903.742 888.15
967.421 229.787
709.896 299.283
324.084 997.059
805.178 182.52
90.6667 267.273
763.717 668.909
879.226 128.662
751.8 193.138
740.404 182.09
171.725 323.257
721.339 788.734
984.2 185.431
739.434 277.363
373.42 961.148
846.263 174.239
203.092 399.187
746.69 720.943
852.612 198.082
676.947 223.229
753.651 229.779
776.552 756.265
659.986 227.461
362.456 973.974
875.257 277.369
125.936 337.455
826.27 744.655
957.499 245.302
695.784 245.497
430.432 948.454
792.924 235.808
222.218 287.376
753.031 793.304
951.09 197.479
743.057 286.954
433.723 919.204
882.096 257.728
224.691 400.032
755.441 721.644
866.737 273.803
724.663 205.832
761.116 269.211
199.341 454.656
799.266 774.927
971.425 159.78
734.622 213.204
322.986 910.664
772.621 301.442
809.032 791.296
760.801 208.65
455.928 989.671
746.965 276.387
183.225 343.234
788.668 800.039
914.21 157.895
338.167 982.397
657.098 271.867
190.343 362.131
874.167 757.735
927.34 92.5141
682.617 278.854
330.537 971.647
722.855 243.329
211.914 352.391
816.077 767.603
922.812 218.593
766.271 204.88
170.664 385.272
765.501 753.158
976.602 188.912
658.752 250.534
789.362 273.819
102.026 371.704
818.928 729.023
888.143 257.983
745.327 151.7
331.485 933.336
781.923 259.812
803.34 772.092
972.118 221.509
823.663 261.034
750.211 267.101
243.448 418.535
750.849 753.303
914.728 232.223
722.505 88.8356
350.492 934.135
759.089 244.967
238.794 332.896
794.405 814.855
891.822 218.623
734.905 202.205
770.236 278.087
216.821 383.811
874.385 769.948
935.081 191.35
711.372 153.559
322.609 951.924
711.662 196.844
235.16 426.57
794.813 706.542
946.685 235.302
741.279 300.444
715.34 246.733
264.367 385.545
766.073 815.03
925.699 103.674
788.284 261.984
369.806 954.737
765.86 234.843
264.494 287.531
721.03 833.539
300.693 990.63
794.23 277.231
751.682 761.337
896.396 222.076
623.416 229.299
779.591 291.137
241.873 278.436
808.091 755.229
681.101 271.62
727.361 275.782
272.236 393.507
777.224 610.767
676.917 235.642
349.091 954.566
717.09 192.442
147.125 330.978
746.026 773.312
981.095 212.593
678.155 296.905
304.701 971.78
787.158 283.816
232.812 299.205
803.845 750.402
906.678 238.687
711.717 192.193
480.645 995.011
845.645 216.048
101.86 431.571
667.843 779.019
889.102 221.794
751.648 133.808
374.607 982.334
733.176 199.964
108.442 311.465
766.199 639.76
941.483 125.028
734.44 176.636
786.801 261.935
158.971 318.673
795.402 761.501
977.698 243.821
692.181 231.658
746.826 262.046
225.847 323.48
787.169 799.336
730.627 177.581
784.716 276.521
202.161 391.776
805.515 779.905
495.65 910.094
662.737 324.655
73.823 369.59
772.036 674.369
998.003 193.415
708.345 261.045
784.138 300.78
134.833 444.604
824.861 795.345
940.676 208.614
744.612 179.864
873.57 231.593
265.109 351.369
856.415 847.608
992.007 210.044
775.148 274.239
501.359 955.328
700.315 213.123
121.394 408.426
784.18 807.687
984.999 201.909
740.515 185.566
337.755 994.628
847.633 166.674
177.221 318.589
804.432 762.081
877.888 61.2662
755.626 247.443
340.311 939.989
831.951 322.364
831.923 802.112
971.515 266.338
771.564 145.525
762.084 243.185
166.705 448.401
743.662 858.655
711.14 256.455
367.719 954.771
805.213 168.131
752.92 736.528
875.191 140.18
737.666 198.525
330.353 945.422
765.995 332.175
237.203 405.407
707.408 920.158
995.646 165.681
700.123 268.513
365.171 951.019
722.508 275.987
182.435 502.025
820.738 712.954
899.409 169.859
638.57 256.96
342.433 992.357
826.21 224.019
148.589 339.043
752.677 760.727
902.505 172.929
697.946 219.206
449.817 963.37
708.721 235.068
277.771 286.01
791.05 750.93
997.428 217.151
764.712 266.857
440.1 996.439
874.026 282.027
235.925 384.14
861.721 781.197
972.816 157.656
730.158 164.922
834.012 246.033
183.177 374.294
719.697 694.526
885.76 237.595
811.85 205.287
345.466 921.216
730.587 249.938
200.87 440.401
853.491 716.901
915.748 222.933
809.197 203.786
262.016 983.074
743.705 294.378
297.299 309.558
712.598 751.804
948.335 245.398
687.016 325.723
350.27 911.388
808.6 214.703
193.901 265.986
783.358 768.381
752.474 93.9201
350.778 961.115
634.496 321.265
183.109 348.18
731.495 882.81
936.65 145.225
709.061 175.433
734.95 283.819
222.25 380.771
819.778 719.976
989.905 149.801
751.011 204.989
332.871 955.259
690.331 271.476
216.86 349.344
861.457 793.795
906.039 250.859
711.119 281.66
349.144 987.448
849.855 235.041
199.242 342.398
847.655 719.17
989.402 249.386
727.125 201.957
358.527 949.871
864.34 181.912
185.789 384.338
745.031 740.438
927.577 156.788
735.844 285.371
323.776 985.407
815.55 253.057
817.635 832.362
894.085 203.537
685.64 247.084
323.612 926.079
738.253 195.901
228.605 337.013
849.075 687.219
935.155 263.038
658.764 217.934
695.759 272.936
780.277 837.491
698.425 214.469
317.996 995.822
779.957 253.243
155.664 318.172
756.171 798.362
968.239 96.8285
791.404 188.005
719.795 318.015
204.79 351.423
708.925 719.908
960.155 154.65
749.368 173.611
336.932 985.52
797.742 191.75
238.178 415.519
745.57 763.587
697.299 117.122
360.32 992.714
890.838 246.658
770.081 811.58
935.587 223.484
754.738 133.113
799.019 299.922
116.784 317.76
781.356 749.138
946.301 163.554
729.082 266.65
468.526 950.416
819.325 221.889
207.513 397.003
769.004 780.698
938.53 188.862
694.613 274.316
367.8 966.714
807.552 219.341
725.733 755.075
962.604 213.589
668.843 177.531
398.118 986.066
826.46 238.558
189.198 430.335
772.112 751.064
907.202 224.837
700.947 255.991
353.176 981.178
759.584 168.562
93.8274 392.579
778.736 755.714
918.404 196.046
696.772 326.168
793.468 227.318
107.379 443.495
830.157 774.739
736.808 114.811
784.934 210.54
769.605 689.582
888.886 168.009
726.759 176.86
371.721 968.39
738.827 215.929
780.204 746.337
911.134 178.734
742.428 162.853
329.143 963.908
799.3 285.604
207.303 333.926
812.942 746.296
950.522 281.802
660.729 183.73
756.508 346.587
134.599 341.46
754.769 738.457
970.57 197.602
678.275 243.614
409.562 983.933
813.769 251.909
197.786 296.58
788.508 777.33
735.145 310.353
356.311 995.745
787.68 220.411
222.775 392.284
840.358 678.782
958.352 137.896
794.826 215.218
79.2206 447.183
772.068 835.365
928.914 168.596
639.137 199.297
338.915 954.603
828.568 225.129
243.705 343.304
824.581 793.312
926.06 129.879
777.713 175.034
872.601 191.819
782.866 794.703
713.942 188.051
871.662 233.742
158.948 408.36
810.192 691.796
901.62 271.259
726.551 180.85
374.529 995.241
697.58 234.649
191.444 299.009
793.944 713.408
704.387 212.137
792.264 385.131
194.089 401.44
735.539 765.47
932.365 129.843
715.006 278.936
381.411 989.071
819.925 372.274
240.402 360.596
811.515 819.566
770.356 167.386
399.584 971.65
817.421 302.532
93.801 446.399
778.338 773.834
935.871 217.605
738.132 171.018
670.388 267.247
246.434 385.007
848.151 736.75
935.1 199.593
759.678 230.47
725.797 241.527
170.559 331.609
694.704 801.743
933.146 148.584
659.766 203.977
356.254 951.036
706.883 231.534
160.399 315.201
752.59 784.428
987.167 222.786
751.084 190.555
452.522 979.201
778.297 217.185
168.615 385.884
753.008 759.403
980.654 218.454
710.87 201.912
290.233 965.185
782.277 325.371
264.241 378.227
807.596 705.511
929.706 222.581
769.162 191.731
456.691 974.133
802.894 265.938
208.988 413.447
926.124 840.756
919.924 186.87
687.17 231.178
358.52 965.629
860.341 285.431
219.168 346.088
861.812 636.826
730.129 163.406
738.161 270.952
173.436 390.597
819.543 734.607
956.296 219.018
766.802 218.365
450.294 929.286
756.758 333.201
173.191 403.32
843.536 738.225
962.897 262.164
732.037 121.206
439.785 916.502
852.717 271.037
230.05 280.785
775.566 660.639
925.925 142.611
734.593 214.469
333.358 988.261
768.522 196.881
776.068 833.861
956.013 133.356
711.646 229.17
455.626 980.531
823.243 252.86
184.616 374.384
719.986 699.172
956.504 187.63
630.343 202.441
351.036 999.835
799.057 295.621
67.7782 338.029
737.126 774.496
897.018 228.696
718.611 166.662
354.031 963.566
793.576 176.241
141.22 500.346
781.525 671.688
985.591 202.856
722.584 269.231
810.875 259.171
225.989 391.573
760.365 722.371
893.509 120.302
696.409 261.725
846.622 236.968
97.213 401.043
827.252 782.615
774.24 243.785
773.877 212.727
178.303 469.567
788.911 778.243
918.465 126.323
664.204 206.625
398.25 995.655
764.231 257.839
117.714 297.622
803.286 732.796
948.959 247.117
624.627 272.449
477.383 957.372
825.12 245.849
744.993 719.37
973.301 198.706
675.672 193.702
451.797 930.792
807.89 215.029
202.21 372.346
727.265 760.869
943.891 159.97
668.351 180.39
835.903 254.772
190.957 396.494
811.958 749.365
975.461 160.783
657.188 195.525
412.821 972.729
867.511 249.547
171.919 332.777
734.128 815.311
771.214 299.873
780.415 240.715
192.636 396.547
764.598 689.148
928.478 236.619
793.925 238.762
781.106 308.034
107.507 362.142
808.832 696.129
892.946 258.663
741.872 310.787
320.603 968.509
830.397 218.175
227.693 353.143
777.248 691.671
900.11 161.282
719.99 304.769
463.401 919.707
823.361 250.655
196.163 419.88
671.706 767.542
946.072 196.813
770.419 272.526
325.119 909.053
763.174 275.286
727.862 852.232
969.94 216.818
803.185 125.266
399.365 964.34
783.285 278.465
217.568 413.257
812.395 754.512
937.569 178.541
694.073 284.758
363.463 938.859
802.563 358.574
207.869 316.295
795.424 783.158
902.845 198.989
665.417 262.199
719.294 202.734
179.335 287.154
791.203 754.267
932.315 174.494
746.796 220.122
794.233 276.495
227.646 342.897
764.619 705.117
648.124 203.4
865.295 211.831
115.457 435.558
841.307 723.544
886.747 197.959
684.291 166.429
846.866 351.594
186.503 324.026
861.325 754.037
995.783 258.406
690.526 338.092
884.926 269.791
146.616 344.02
791.14 787.381
913.237 171.457
611.188 262.609
355.276 920.931
810.221 198.278
163.301 399.57
786.357 792.813
689.361 136.367
770.777 278.75
164.797 335.3
853.496 739.102
856.423 178.966
704.764 187.448
739.47 288.902
175.654 405.696
760.999 764.599
862.295 144.87
666.535 272.089
287.432 994.793
725.001 384.206
102.101 356.05
833.881 772.875
846.688 232.272
336.036 954.751
777.16 251.351
143.144 346.72
753.339 817.806
935.303 216.442
674.657 235.645
354.272 962.619
878.721 274.683
816.717 797.043
902.678 186.635
725.291 174.114
331.713 914.277
778.39 292.922
193.936 351.978
808.507 783.641
727.509 235.091
750.758 285.198
202.095 331.345
742.652 755
955.832 191.037
712.334 129.223
779.446 276.879
163.602 392.134
710.779 728.467
852.98 328.341
705.031 219.583
732.492 173.389
198.934 382.177
818.588 848.324
763.356 308.541
722.754 321.791
731.843 762.687
951.592 196.616
785.4 228.318
392.322 990.333
786.783 224.343
778.15 746.735
737.505 201.684
769.195 255.358
105.055 298.537
769.401 822.042
960.035 213.385
728.187 254.391
771.394 132.726
212.121 340.388
830.15 692.498
915.17 157.595
690.344 167.994
383.991 976.658
732.118 253.524
140.407 259.043
875.556 749.034
753.114 186.554
811.579 287.326
118.118 397.042
816.499 734.473
947.443 199.097
693.011 189.779
832.064 218.12
757.379 801.819
629.228 201.586
358.754 966.083
775.145 256.421
771.527 704.638
682.451 211.476
773.947 180.167
231.355 376.609
832.052 826.423
938.931 221.615
749.699 270.507
788.777 158.719
127.168 261.604
833.123 815.455
917.923 283.473
708.993 250.947
425.388 949.271
711.646 307.413
193.17 339.981
838.321 686.868
928.263 231.557
731.076 294.555
153.637 304.748
833.829 752.509
972.721 148.959
773.488 230.205
370.706 939.651
723.092 318.084
189.853 375.285
723.48 736.728
907.736 86.2281
779.316 184.686
390.324 997.668
806.377 147.528
222.695 338.702
786.787 789.722
951.413 206.641
658.359 192.636
277.066 984.659
831.903 193.929
235.317 340.618
814.511 743.453
942.199 211.841
649.994 212.423
803.514 214.889
174.316 396.549
896.715 783.92
988.185 199.285
800.794 214.369
264.678 929.364
718.702 182.138
232.427 264.365
794.705 743.616
971.278 248.991
736.072 217.574
346.25 963.117
860.328 300.893
690.788 737.654
926.071 202.013
778.754 271.018
436.417 995.366
788.181 274.574
43.5997 391.529
7
126.194 35.7529
80.6076 106.574
83.0497 184.472
125.871 202.408
150.942 145.444
159.474 123.185
192.89 86.1977
8
133.793 364.523
104.256 316.793
69.9088 316.978
121.309 376.439
119.5 403.408
150.377 461.565
158.356 405.105
180.711 348.222
9
98.863 612.481
10.4397 657.008
67.9691 701.365
129.421 749.922
170.01 676.505
198.411 635.825
153.366 607.116
147.023 553.936
107.808 577.511
8
175.108 842.702
140.528 815.892
87.7155 815.181
63.0029 862.981
79.4825 908.771
113.684 929.755
156.02 919.543
190.998 884.501
3
449.302 51.4491
326.741 103.789
410.466 244.009
4
363.256 304.9
302.5 351.235
383.428 444.434
429.497 339.042
8
422.075 584.443
400.532 506.141
308.503 530.359
262.38 584.378
302.05 672.806
366.98 645.377
375 625
478.899 613.438
7
442.007 894.76
407.178 792.937
373.643 846.415
294.502 840.838
331.574 905.107
362.581 914.72
397.704 955.835
9
612.996 58.622
571.027 83.7705
562.375 113.209
560.406 138.832
597.22 178.341
649.688 178.086
680.587 151.677
681.201 110.618
666.562 78.1756
5
621.15 417.896
689.512 392.87
655.731 331.622
585.038 325.474
560.559 395.092
