1000 10
738.095 387.523
659.624 194.406
867.912 357.732
832.948 503.095
609.735 820.645
205.275 569.586
651.581 909.502
248.671 577.289
835.29 473.363
621.812 151.641
873.538 351.597
857.296 442.94
652.217 864.465
226.388 688.172
638.063 809.483
229.65 401.244
718.332 314.75
705.01 140.534
918.618 351.359
847.774 377.422
588.66 835.482
171.945 560.045
577.667 824.644
231.245 645.158
877.398 324.935
739.431 223.094
876.974 349.373
854.209 378.505
52.32 50.2241
576.492 785.548
173.311 687.328
640.88 822.872
244.525 482.389
815.39 383.633
690.862 123.097
794.759 353.738
57.0031 58.4776
691.737 888.078
228.586 704.803
730.84 839.085
214.742 557.125
873.548 380.319
688.488 114.191
836.667 383.887
868.978 403.462
139.337 55.978
623.532 790.1
159.67 671.827
700.698 851.066
302.56 554.087
837.313 404.38
687.488 125.999
868.846 412.062
848.169 331.977
626.701 901.824
285.243 611.741
594.638 861.782
703.149 351.298
662.996 147.989
879.582 370.159
900.519 509.012
648.89 867.643
676.853 876.854
278.83 591.047
722.154 386.137
747.095 111.166
858.441 371.186
883.346 371.529
32.1385 37.4538
676.472 793.007
568.3 788.859
191.798 601.338
816.509 381.186
753.804 127.327
887.392 332.895
803.231 470.536
671.383 862.815
178.945 600.913
663.821 870.544
284.424 498.662
787.244 295.976
728.751 153.075
953.727 375.337
822.248 427.616
180.455 90.5683
647.863 809.181
179.415 608.114
639.954 884.022
227.679 557.206
791.548 365.045
699.429 85.0361
915.636 362.253
851.725 422.256
40.9052 4.92445
474.655 942.407
228.977 681.926
553.466 845.042
206.558 547.393
770.665 361.167
646.223 132.509
895.032 400.439
833.838 406.811
572.382 860.638
153.882 555.714
708.392 873.025
282.532 540.433
779.24 440.098
730.778 127.626
900.991 336.175
948.355 431.954
117.421 61.0066
692.167 832.537
162.014 690.367
651.146 823.176
221.65 642.226
791.345 411.534
733.083 132.363
909.674 341.574
724.432 459.03
113.863 8.52426
642.096 889.393
160.733 683.33
610.574 858.565
258.117 501.728
788.109 430.479
715.793 113.556
985.098 380.104
890.833 468.328
582.743 834.734
208.278 699.43
609.922 762.931
204.001 512.806
827.382 439.262
666.46 175.243
934.61 410.149
783.524 437.515
535.623 889.013
265.654 650.202
631.256 794.964
244.725 620.88
818.583 373.801
824.579 118.366
986.324 367.441
797.376 368.607
17.7652 27.3775
602.222 830.556
631.433 806.835
221.2 503.015
765.845 312.703
723.351 157.3
911.152 420.433
820.616 464.63
573.379 889.148
557.174 849.79
266.457 525.957
788.4 311.035
746.183 124.491
906.142 393.255
828.835 451.667
541.487 891.657
239.631 611.594
645.967 807.806
242.205 556.474
755.922 388.023
757.023 218.779
801.984 328.746
885.877 492.46
50.8521 62.5697
780.298 856.44
259.97 638.898
620.386 855.361
302.923 423.085
746.729 368.857
723.176 52.0959
983.57 373.175
873.151 494.686
659.385 931.898
619.917 890.276
284.438 570.102
747.047 357.301
655.049 182.595
873.719 401.944
856.727 426.244
38.5295 94.6935
620.994 939.901
152.198 573.92
646.4 818.273
257.893 485.625
811.118 389.089
756.34 233.318
878.877 321.841
921.645 442.636
73.2728 73.3096
580.714 891.386
659.31 945.727
344.649 473.74
795.645 391.522
670.651 144.489
939.739 321.214
870.79 406.451
59.5816 17.4213
669.729 898.488
243.997 703.694
747.015 828.928
239.102 497.535
791.101 467.627
645.755 29.9919
902.202 372.078
887.188 385.01
94.1481 4.63421
565.433 946.208
180.773 685.108
700.888 815.326
292.128 431.329
768.718 414.956
676.755 126.476
940.632 343.954
945.534 479.573
2.37055 114.422
701.004 845.234
677.39 819.225
140.775 493.119
719.693 282.753
611.252 160.183
913.49 304.956
853.497 544.385
110.592 7.14724
635.153 840.398
253.078 631.17
672.821 829.479
111.584 559.561
829.542 421.89
680.159 245.903
980.397 413.237
920.969 501.742
555.421 832.036
631.142 806.396
204.384 544.391
775.605 415.488
648.01 226.033
931.818 398.834
829.479 478.848
606.229 914.336
301.43 696.881
580.412 774.032
240.273 603.739
696.371 362.26
633.308 232.812
880.055 372.802
751.55 500.353
14.7858 9.66426
575.857 853.728
234.647 570.668
692.967 862.055
280.17 459.657
876.528 453.351
678.044 224.602
857.365 438.027
899.655 411.58
110.085 28.2027
547.935 916.17
206.894 711.505
761.529 824.832
258 568.641
883.268 404.551
685.11 126.563
924.979 407.657
916.267 474.042
629.783 921.452
274.733 697.747
602.042 823.839
170.691 563.684
766.102 464.262
700.64 25.0706
805.806 274.662
779.733 378.723
41.5638 36.9954
568.201 884.021
312.719 618.333
715.299 883.979
266.053 525.894
781.234 351.45
698.405 139.656
896.028 317.48
842.748 504.639
34.4444 35.0408
646.099 880.57
184.561 614.786
570.272 939.592
183.207 580.448
719.584 434.369
681.115 44.2447
931.504 395.584
809.909 448.106
133.045 52.1493
548.727 850.439
242.149 715.252
682.083 882.359
270.634 429.156
773.731 333.813
754.727 125.679
880.085 412.365
787.961 510.011
58.8064 37.083
607.847 917.116
129.168 754.509
540.586 874.926
327.02 476.931
772.341 430.005
715.947 76.4711
922.315 463.658
784.009 456.535
52.654 13.5859
592.782 772.752
229.932 595.608
581.077 814.795
177.5 561.422
785.416 406.536
635.198 204.826
791.941 379.905
788.057 528.511
13.901 66.4725
652.499 825.832
236.299 619.127
673.095 787.794
208.033 454.24
792.413 447.809
615.97 110.93
959.409 290.54
851.501 350.231
55.343 31.8815
510.326 833.716
682.769 824.883
290.416 486.569
745.647 290.278
728.595 108.745
921.722 416.853
875.158 421.209
59.4445 29.5243
607.618 821.556
106.229 501.84
766.372 764.337
246.441 580.846
737.244 366.234
638.62 202.059
900.879 349.357
852.84 407.31
90.7836 34.0256
649.585 924.843
596.253 849.804
190.05 556.419
812.641 435
668.719 138.646
828.815 380.071
780.64 424.013
84.5506 47.6788
566.345 832.854
699.566 820.571
719.962 392.352
705.741 223.983
937.932 390.826
872.452 373.087
529.708 874.956
252.028 686.047
577.553 831.876
204.16 620.119
762.781 353.311
755.08 128.333
912.323 345.369
846.355 419.677
552.171 813.464
184.136 670.51
692.786 855.052
253.946 551.35
771.875 364.991
647.797 152.065
944.816 371.627
843.876 436.811
573.32 884.942
212.338 680.806
607.954 789.956
201.904 516.194
751.021 379.187
664.44 89.324
980.454 322.086
868.238 510.891
79.029 27.9927
726.623 819.038
228.314 593.325
653.218 851.479
213.806 483.259
787.159 499.781
739.557 84.4044
893.214 399.621
847.915 461.224
621.117 901.008
633.539 871.505
189.013 492.482
823.177 424.751
619.08 194.746
897.213 385.126
894.435 424.921
128.989 69.1036
559.401 955.609
207.962 625.489
648.202 868.969
278.564 498.663
789.304 461.998
714.504 196.083
802.532 352.113
856.44 433.978
707.439 921.467
275.129 729.903
620.792 863.34
267.204 536.451
830.011 388.676
656.469 148.961
852.311 395.843
744.702 402.435
77.9403 58.0811
595.634 885.936
246.367 655.854
628.953 900.996
206.91 516.066
844.646 454.967
715.228 93.7796
858.749 326.14
846.597 441.265
114.623 59.065
563.199 859.977
152.654 512.141
624.876 800.964
291.081 469.273
811.207 421.216
645.685 144.728
892.843 459.165
800.796 496.168
80.981 63.7379
589.174 906.026
172.959 554.596
598.964 912.057
203.136 604.505
770.644 455.559
714.885 143.548
878.832 357.944
863.885 492.768
723.409 857.384
228.025 604.22
679.748 944.784
286.781 625.204
701.695 472.684
692.92 219.886
875.493 406.637
836.727 440.495
613.312 866.631
209.079 699.969
622.786 936.247
161.735 516.623
769.053 445.469
633.821 211.121
765.571 416.654
654.733 822.28
173.969 565.641
639.157 893.58
208.475 502.81
760.185 436.061
688.219 193.66
811.814 394.594
836.629 360.325
658.886 858.837
201.552 657.038
639.703 804.329
187.19 560.052
799.598 349.075
591.567 155.185
898.95 460.208
960.604 482.99
116.443 0.770638
669.783 753.644
245.325 688.164
632.573 724.5
174.982 504.381
763.812 404.441
703.899 230.702
936.745 294.693
882.903 392.832
86.8178 22.3415
586.788 855.5
661.591 873.965
270.811 538.8
753.386 386.698
702.682 124.284
911.168 338.734
856.394 400.49
572.894 942.191
646.194 777.352
320.319 583.65
811.867 440.45
749.403 155.875
921.711 297.458
894.38 434.089
22.3062 106.068
591.083 955.444
245.059 676.183
681.835 789.005
174.656 544.216
798.865 464.382
651.028 174.086
816.152 347.057
837.196 387.907
56.4062 64.4201
542.535 762.327
220.548 604.341
597.155 906.561
191.242 488.924
853.531 406.688
638.516 161.973
944.492 430.096
828.53 484.465
38.4695 136.695
567.724 843.651
266.175 672.686
690.526 893.302
274.182 558.032
730.585 370.33
716.961 161.33
870.208 361.32
916.901 300.882
563.736 855.423
603.613 834.238
273.305 601.199
773.149 420.694
719.314 74.6488
982.774 362.051
811.337 399.556
650.443 837.082
638.268 835.835
180.909 471.604
879.205 497.105
698.447 191.865
908.698 343.911
806.542 434.131
80.8701 21.4272
579.23 835.38
718.398 884.725
233.288 519.626
853.481 387.517
689.443 105.36
933.872 357.095
825.255 351.687
618.805 835.44
575.631 906.969
223.562 515.891
769.719 279.177
634.697 151.973
891.413 368.799
809.387 519.698
527.25 826.914
157.888 573.83
707.362 795.543
230.664 484.235
778.865 454.751
723.983 178.97
918.133 356.48
824.972 455.597
621.91 819.933
234.382 706.764
640.641 891.506
248.202 568.714
770.604 341.2
685.669 130.437
959.88 373.662
796.556 480.71
40.6472 19.6362
571.91 869.496
243.015 652.823
685.332 894.619
208.366 538.005
840.768 446.111
658.709 181.304
880.913 286.143
823.37 429.866
21.1283 67.3874
565.884 847.639
223.067 615.272
629.644 870.071
237.208 511.3
783.352 411.124
733.442 141.582
893.078 327.991
814.917 350.764
570.626 824.357
203.565 684.207
710.089 783.697
305.338 537.619
840.743 416.201
650.133 212.268
928.339 367.671
790.641 490.871
91.6049 49.3043
700.417 928.249
296.77 625.385
629.313 820.005
272.707 543.694
831.254 419.641
687.325 153.478
921.301 382.901
770.662 426.97
635.495 914.159
192.754 652.85
713.125 871.764
243.994 560.852
813.943 386.61
740.766 160.423
923.58 394.789
844.56 452.709
62.5963 30.4598
604.931 857.661
597.269 826.73
235.123 444.616
789.911 505.313
693.169 135.147
871.097 302.669
837.408 462.626
667.67 787.959
713.952 901.49
262.021 522.749
738.867 420.075
705.63 165.523
894.641 371.924
915.916 341.795
17.8954 47.4671
568.179 810.779
229.01 605.054
590.736 875.105
214.21 595.477
799.547 362.761
680.095 177.985
957.503 386.509
889.206 412.376
582.612 849.183
652.462 837.869
236.456 485.031
774.864 338.579
724.862 222.13
799.055 421.085
153.3 112.043
705.714 810.24
725.256 837.857
241.275 568.52
816.238 425.759
721.761 219.115
882.212 251.134
880.676 515.039
34.2627 31.6777
558.8 875.075
593.933 840.847
305.334 435.64
670.003 334.503
650.879 183.578
893.74 355.858
824.256 343.564
592.031 792.704
181.266 549.201
595.252 779.918
243.927 550.307
772.993 346.019
654.58 146.426
924.817 419.716
760.961 461.205
77.8654 38.7251
579.911 923.241
274.765 612
727.734 845.647
214.476 493.735
909.637 336.489
677.945 131.591
914.277 377.597
734.5 322.53
93.5349 18.0197
600.845 839.808
234.338 625.636
574.772 876.276
175.086 562.611
799.515 410.677
694.22 133.954
863.756 342.596
838.094 415.225
624.694 813.239
187.224 599.508
625.093 814.206
251.784 548.372
718.207 428.053
746.742 152.626
966.872 375.232
848.858 423.184
64.3036 12.5736
674.228 826.427
207.42 616.745
677.359 821.498
254.942 603.924
744.419 388.259
690.267 155.078
846.614 227.918
865.743 419.128
513.237 878.06
320.612 725.455
654.466 829.443
255.594 531.525
814.839 380.671
675.271 141.553
839.492 369.381
783.879 453.562
59.5319 37.7379
735.22 925.298
726.318 842.069
235.784 553.543
755.397 444.943
685.975 116.401
871.468 277.69
816.678 396.956
40.5698 62.5261
599.363 864.022
239.11 646.356
637.716 882.231
266.235 606.126
740.345 359.697
653.762 113.803
817.29 317.866
838.772 468.821
606.241 837.526
645.817 866.76
191.103 568.954
805.217 351.233
639.047 129.599
955.174 394.899
878.065 455.619
24.0211 56.044
628.594 914.189
201.381 634.797
663.131 886.148
200.515 565.89
770.743 335.225
701.553 127.481
893.739 346.107
872.303 471.548
562.127 922.268
176.554 560.578
693.821 786.736
204.371 496.836
762.631 405.985
736.901 150.568
881.837 306.712
812.293 402.797
607.736 816.971
250.659 596.239
485.414 758.546
684.738 423.519
665.706 82.578
874.319 364.101
883.391 404.807
82.8991 7.74809
657.742 863.597
274.63 603.73
625.811 826.848
319.119 485.5
738.287 420.841
678.287 138.381
872.109 357.159
825.965 391.111
51.8149 62.1842
619.802 851.6
607.152 803.867
185.831 532.182
755.144 418.06
772.117 189.21
970.051 304.661
844.98 434.231
154.393 115.364
625.609 856.991
199.347 664.068
586.266 843.698
352.785 525.685
778.396 419.157
741.341 166.785
899.919 327.727
840.039 560.291
569.616 887.237
187.079 684.298
668.201 800.351
213.706 546.544
848.644 483.812
686.194 131.772
946.356 307.381
842.013 371.381
529.672 741.898
265.078 632.233
656.042 772.722
247.965 490.049
762.348 338.054
800.509 172.139
914.034 410.269
821.647 444.081
54.2973 138.813
625.311 947.068
647.064 863.688
220.707 669.318
777.873 426.247
695.205 309.656
896.761 414.553
951.738 459.719
574.003 804.706
258.035 622.572
625.405 834.331
273.532 606.641
774.096 432.452
819.985 73.6326
867.573 283.508
747.385 501.987
464.017 820.089
230.584 659.909
611.259 821.083
265.593 493.011
714.668 389.054
682.415 78.7926
914.944 424.128
867.708 412.929
16.3302 31.0514
588.076 904.16
92.6271 726.45
546.546 914.288
254.598 471.043
780.795 319.825
721.666 233.299
865.627 379.315
804.325 492.103
652.559 932.466
236.028 614.664
595.654 818.531
248.62 458.574
730.807 397.792
759.619 174.273
857.314 459.788
777.7 380.829
70.2956 88.2663
625.868 885.435
223.891 715.335
617.889 729.295
210.552 448.058
792.321 424.222
821.628 125.82
833.566 321.055
723.92 478.744
18.57 63.4163
616.76 925.487
212.942 628.22
589.538 866.693
268.222 530.562
804.642 459.881
637.134 214.743
877.518 333.652
840.893 520.761
20.2361 137.281
664.725 786.807
160.11 689.715
838.174 918.587
266.257 571.189
692.697 384.036
615.934 93.6702
952.606 367.219
835.312 415.729
79.8835 0.902976
558.677 857.508
195.401 630.704
703.152 893.795
234.239 609.456
800.206 365.324
653.075 156.027
852.668 361.259
904.267 564.166
64.0368 126.517
587.96 876.39
155.09 682.52
733.315 787.348
281.786 619.697
853.584 384.138
620.229 169.862
861.208 284.613
811.607 492.535
633.844 859.157
225.342 627.018
639.096 776.534
202.638 529.641
700.853 362.737
764.417 132.542
875.54 395.474
884.934 410.025
153.502 51.6526
608.672 845.652
209.67 675.312
585.661 848.649
241.398 529.01
789.446 396.873
669.013 151.957
878.028 469.121
909.25 403.523
101.289 30.112
659.144 909.633
206.575 615.823
682.807 840.084
294.269 547.87
699.219 402.156
609.882 37.0167
901.618 364.454
771.875 406.514
98.7279 19.7794
596.413 868.471
686.342 878.462
241.224 465.357
823.249 272.405
675.28 247.13
907.05 350.197
817.455 434.305
85.5713 81.7779
662.623 906.579
293.111 594.945
622.166 891.167
217.149 596.998
761.252 428.583
729.836 46.8785
908.504 293.357
899.691 427.527
89.333 61.3962
616.407 856.97
586.16 747.791
197.654 625.636
756.169 328.528
689.122 93.8407
814.781 423.051
875.034 416.701
49.8432 78.4107
597.32 855.464
271.877 626.847
580.145 799.392
195.352 502.182
803.179 434.22
738.049 186.851
926.795 296.173
892.355 456.131
543.539 938.147
195.161 728.501
653.857 798.664
276.215 614.318
763.779 400.694
593.857 165.789
931.1 338.856
881.052 424.21
22.5951 31.116
629.507 872.584
103.687 802.791
638.195 806.327
171.945 540.781
790.783 387.88
769.118 156.276
920.954 359.339
818.654 561.095
97.1003 11.6057
581.51 873.153
591.436 797.497
888.285 309.935
700.887 146.584
949.295 324.913
830.3 498.378
106.752 70.0573
586.833 927.223
148.443 687.036
608.136 809.631
195.229 521.765
857.899 385.291
691.833 177.413
865.023 369.807
895.298 461.21
84.6309 81.7083
537.435 851.461
182.112 612.129
664.015 912.782
213.755 506.075
762.812 370.983
719.155 250.561
881.418 388.823
834.524 458.671
91.9808 46.7309
608.218 840.658
150.33 721.81
665.364 793.262
350.521 519.838
792.473 323.429
669.91 221.249
893.056 352.157
955.843 394.827
3
157.071 65.1217
57.3293 104.401
137.689 180.115
6
160.486 327.568
99.5137 314.965
63.5847 367.391
89.8018 421.836
148.871 430.944
191.034 382.609
8
149.958 574.144
109.557 567.08
67.926 582.63
60.0278 627.671
82.5676 675.826
133.453 686.305
184.383 656.343
182.76 614.516
8
28.2262 887.429
96.5899 904.527
121.599 890.489
144.422 937.221
170.615 889.173
193.298 852.621
152.19 820.26
80.948 820.897
5
331.668 119.697
344.944 185.857
389.584 139.34
467.737 77.5912
361.201 48.6779
3
324.194 338.385
368.923 437.154
432.771 350.97
4
436.574 625.344
375.083 564.33
314.443 624.971
373.601 695.772
9
399.959 865.138
426.155 807.037
366.385 813.151
328.969 827.537
296.754 863.438
318.715 912.636
368.331 895.109
392.556 918.453
421.064 895.732
3
548.775 141.723
632.051 133.07
631.213 106.417
5
596.014 352.076
563.77 435.952
628.115 384.935
659.995 365.778
632.786 342.151
