1000 10
665.905 545.99
174.279 35.3961
675.883 531.39
142.014 33.0482
712.759 466.784
282.837 136.42
685.643 531.342
220.385 105.037
801.871 601.489
207.089 89.4285
706.32 455.161
273.8 63.0149
741.887 492.92
193.654 162.594
668.025 529.503
228.987 155.073
653.345 465.678
287.52 117.857
702.811 519.332
252.485 78.9732
571.304 454.466
227.615 55.8404
751.566 475.779
279.79 130.885
669.659 465.458
241.532 104.545
680.637 540.032
200.936 119.215
696.076 540.395
225.007 80.6137
724.977 511.979
253.577 92.6835
673.253 543.41
674.841 465.524
181.271 184.905
641.242 542.283
208.192 111.696
629.471 476.952
186.729 80.6861
688.789 474.957
241.998 68.5805
627.248 558.767
295.063 154.01
782.434 561.808
654.204 532.068
720.596 582.827
256.329 83.5524
744.303 436.741
260.068 95.7126
675.543 555.405
270.468 90.3037
737.817 459.479
202.397 137.625
771.651 552.724
296.489 22.7866
690.261 460.507
214.864 44.2341
642.88 500.771
226.465 92.4892
677.331 508.899
661.816 517.301
211.506 83.5761
690.386 525.642
173.585 223.685
708.686 540.392
226.807 98.7707
603.737 549.494
215.206 54.814
650.333 565.26
201.027 98.0353
775.311 413.899
228.547 150.243
657.558 557.269
684.073 547.663
230.767 210.233
665.612 544.252
270.563 28.619
587.269 497.161
750.281 555.005
293.851 136.726
701.742 547.36
219.729 149.555
738.576 405.573
146.897 165.149
734.842 511.038
226.916 161.901
670.65 582.913
230.596 106.108
655.746 633.571
192.575 144.724
699.188 509.805
246.12 155.438
737.615 499.255
248.124 146.154
693.622 542.921
153.649 187.842
740.199 395.439
176.705 213.108
667.834 440.039
239.251 122.578
670.489 472.412
258.554 120.549
708.458 421.984
253.154 7.87952
719.872 470.051
170.333 127.369
693.315 458.506
297.536 130.398
538.268 603.851
241.165 74.1353
670.895 502.531
197.677 9.7203
632.643 509.035
672.665 586.986
206.586 150.64
669.395 570.43
757.932 468.331
214.403 90.3548
628.97 475.03
240.154 76.5768
652.952 463.155
255.082 77.8713
712.055 617.605
236.453 18.6784
730.777 506.23
304.822 166.733
720.272 533.14
293.505 170.776
663.369 472.214
223.805 85.169
735.394 549.469
181.827 51.9331
586.555 537.339
291.481 186.852
736.908 532.21
210.511 158.394
665.904 609.019
217.462 30.0295
628.896 447.628
201.873 127.293
630.479 531.093
216.381 76.306
689.301 531.96
256.168 78.053
725.954 505.417
198.362 131.456
698.959 576.77
251.505 124.274
718.234 495.31
193.429 54.2048
767.53 494.231
189.28 119.739
671.565 529.653
192.152 103.998
740.587 474.599
239.189 87.3696
702.112 499.744
228.561 152.201
713.715 459.421
267.319 204.28
591.777 556.103
307.315 177.591
651.976 470.999
202.215 82.7398
615.785 537.501
143.102 61.8496
671.709 456.889
235.1 148.794
636.798 518.803
313.204 169.728
681.28 557.316
679.715 520.438
179.154 58.2891
712.693 584.78
205.702 34.7295
653.151 481.599
225.176 95.0669
682.947 638.986
220.299 96.3681
701.394 478.16
246.815 113.526
621.046 527.53
577.996 564.28
270.4 197.623
647.916 534.202
285.57 185.66
705.135 519.378
265.623 183.073
601.621 554.362
246.293 86.9236
611.082 539.479
199.174 88.7953
808.657 639.205
148.69 63.8158
679.096 526.895
201.456 95.4024
656.754 575.242
284.935 97.1792
809.61 561.293
155.194 152.292
654.329 603.922
249.69 167.318
720.732 541.427
217.656 235.003
783.393 472.993
191.987 59.5745
806.29 492.302
293.369 50.3526
673.045 407.672
198.35 86.0373
671.644 529.486
194.765 52.384
706.412 430.035
264.359 79.4224
692.607 540.211
279.138 184.346
745.914 562.463
256.603 140.587
678.385 490.187
225.439 113.969
666.972 629.826
184.643 33.3926
719.124 469.074
201.806 129.396
647.702 561.386
241.788 82.378
631.431 520.741
601.874 613.686
302.934 106.711
737.075 441.057
198.026 123.986
603.458 503.194
273.904 94.6982
756.946 504.584
212.826 103.123
762.93 487.701
234.853 165.139
709.558 603.724
676.837 558.41
149.597 170.735
698.079 570.462
247.825 175.892
735.479 552.584
721.716 503.642
182.811 120.952
705.704 546.345
210.165 115.946
673.362 602.204
216.669 148.374
704.115 416.156
235.986 7.50901
712.594 434.416
219.79 69.8732
723.813 536.438
709.797 531.08
270.228 103.533
698.789 526.059
215.231 145.442
718.238 500.575
266.827 165.939
604.481 520.732
248.678 36.3958
702.555 392.598
222.43 139.431
731.941 470.48
243.645 152.11
609.673 474.045
262.469 136.136
675.011 526.466
619.773 455.131
204.933 181.25
625.759 473.807
287.658 161.651
795.959 559.043
291.699 99.9431
650.454 564.425
223.758 97.1621
642.993 573.799
226.468 178.187
668.771 494.982
265.611 62.0594
795.296 465.937
195.09 120.69
715.844 500.159
225.563 109.71
624.214 514.6
236.184 142.59
649.213 525.499
171.144 48.2528
627.118 600.07
228.276 17.0172
585.315 504.321
218.447 83.6412
772.596 561.328
184.867 58.2288
776.65 431.769
196.36 105.643
682.56 479.058
143.963 58.8687
691.165 475.429
243.371 96.1947
664.605 478.609
151.419 213.624
644.899 606.584
245.051 151.371
672.299 540.494
198.94 137.544
702.117 526.254
221.395 126.105
752.393 528.393
246.589 168.284
704.683 482.279
243.212 103.822
629.602 514.825
225.234 163.457
673.307 618.183
186.92 181.878
713.136 455.577
225.822 117.096
675.096 497.653
646.485 566.591
263.715 111.437
716.232 460.801
661.961 518.43
204.027 126.315
618.687 489.786
203.382 68.7065
640.588 489.897
255.707 48.5261
739.925 408.144
162.309 51.3942
656.726 447.656
169.037 60.6924
648.124 516.222
235.454 109.36
730.377 530.006
693.12 442.512
292.198 194.464
702.137 497.569
212.127 65.9424
640.873 548.595
281.192 28.04
723.142 527.932
308.249 130.338
762.611 476.487
265.137 175.64
687.891 500.007
286.623 84.8747
618.068 493.846
220.504 35.1024
650.336 530.722
256.501 161.151
679.552 565.064
176.249 161.079
713.745 501.867
213.425 156.881
669.081 492.427
309.55 94.5688
676.952 542.622
660.64 519.575
270.762 119.429
662.157 485.603
205.069 126.533
713.677 438.023
234.041 117.33
736.471 477.267
247.042 183.429
686.433 582.566
178.238 130.506
641.889 483.757
201.781 135.315
739.954 473.52
139.783 248.506
682.695 486.485
286.449 62.8866
601.845 482.695
208.507 66.6822
643.505 549.668
241.875 78.172
751.042 512.509
292.783 95.3623
687.986 518.767
226.888 131.989
741.614 424.888
274.045 92.4528
690.885 422.229
684.897 602.262
220.08 134.244
774.097 494.292
216.538 190.203
612.314 614.152
176.016 76.8534
726.339 512.947
190.461 110.853
643.016 442.74
612.882 435.935
254.484 202.17
701.189 542.285
276.818 140.741
616.979 534.971
261.941 52.2867
656.535 549.99
263.082 168.369
787.775 543.224
257.194 120.586
666.51 524.018
280.056 170.751
562.828 559.772
714.411 506.672
202.745 216.292
703.022 508.901
181.818 139.155
655.542 519.969
213.847 123.839
700.101 467.927
190.216 104.77
743.484 552.796
278.852 71.6093
730.991 500.024
255.05 78.5693
695.812 560.061
263.019 68.5678
760.997 611.988
284.807 135.725
746.731 456.98
243.762 174.986
713.346 474.948
245.621 169.235
737.665 555.483
158.456 47.0291
636.795 475.468
298.852 1.29592
649.178 460.646
158.635 194.288
618.866 511.495
697.281 585.592
215.499 26.0034
738.023 518.386
225.131 163.767
672.587 477.452
209.399 115.72
676.026 508.671
200.796 139.026
725.943 540.002
181.66 208.136
623.755 521.416
272.58 66.8999
668.905 528.701
223.304 62.8903
710.904 470.89
289.027 143.344
671.498 525.56
192.395 39.5102
725.092 514.985
210.175 72.8032
659.542 495.347
202.011 152.531
701.355 603.322
253.812 44.3585
772.887 578.84
258.931 130.643
675.058 526.486
336.633 69.0087
708.433 550.869
178.857 139.636
732.369 528.139
159.282 159.283
660.337 620.129
212.979 155.973
634.351 556.141
196 164.896
723.248 596.932
347.713 46.9468
654.297 549.306
171.3 172.533
653.141 501.045
210.477 85.7653
624.967 565.027
192.623 34.12
684.656 583.868
241.632 5.64309
763.179 593.768
286.064 117.556
707.384 561.413
221.33 201.975
650.59 461.06
296.704 88.4296
762.766 500.401
252.341 69.6036
636.067 500.762
284.281 142.707
631.171 532.667
259.798 120.037
618.152 563.623
197.823 185.284
758.859 464.707
246.688 72.5129
625.6 583.803
222.764 91.801
736.291 462.323
250.234 153.324
687.382 485.777
681.865 436.881
237.63 86.8476
728.3 491.975
229.825 88.2328
658.159 475.169
273.681 120.591
663.084 503.188
244.093 150.093
661.28 576.646
170.131 184.515
655.292 506.101
235.05 60.2215
638.066 553.162
190.807 19.3244
671.771 597.014
267.35 115.351
733.436 422.952
251.642 153.782
704.857 513.509
234.899 188.07
625.405 570.883
180.618 131.212
678.16 442.263
263.516 96.3007
695.552 547.725
206.845 165.662
780.361 528.101
318.454 197.308
676.411 568.987
210.225 126.043
262.944 120.245
648.043 514.324
650.074 531.18
255.138 157.054
714.015 515.508
225.164 76.3527
720.341 604.255
286.881 141.025
686.763 473.39
209.123 54.5426
696.507 423.642
224.311 75.9161
624.074 606.912
265.476 68.9928
653.81 526.779
253.742 89.0171
673.604 503.91
234.879 170.844
577.772 493.599
675.474 436.849
308.489 131.665
734.521 613.396
237.691 170.564
707.829 516.266
191.877 183.665
673.185 513.563
262.212 148.238
722.515 579.362
264.837 94.6468
722.664 583.437
269.829 132.312
630.669 463.036
299.502 195.998
769.299 590.123
271.142 143.669
800.943 555.659
211.14 92.3377
704.493 525.07
262.975 127.739
712.023 408.369
236.164 94.3383
729.728 566.481
305.474 64.6077
718.099 525.665
312.791 135.897
587.02 493.402
205.696 34.0221
764.808 520.103
314.151 74.9953
793.061 603.848
247.656 115.43
614.303 600.995
678.579 469.892
280.512 32.3196
776.333 517.095
249.061 227.852
736.682 408.198
266.474 67.2799
648.304 602.464
332.896 80.677
606.864 433.7
210.941 101.254
686.536 534.095
296.01 196.599
558.612 429.515
232.485 53.6898
686.61 518.951
245.233 163.034
636.529 560.638
763.93 524.376
178.248 73.2806
710.718 459.231
237.802 77.5842
645.528 508.695
173.52 39.221
626.412 543.109
246.698 87.4576
683.425 561.282
229.624 50.7433
659.194 527.109
275.085 134.277
644.242 492.936
155.908 67.6641
726.875 543.195
308.423 85.9935
720.243 512.227
258.865 131.021
675.221 481.421
264.577 6.53856
737.911 559.309
277.594 126.153
785.585 459.627
246.116 154.993
695.815 566.616
219.361 48.4547
714.502 453.937
166.842 22.4981
805.627 676.131
250.672 156.481
643.381 481.316
261.6 43.977
748.45 418.05
686.708 536.693
324.515 42.0837
738.321 467.503
638.69 443.922
204.144 66.6394
688.853 514.55
740.842 506.28
260.037 178.118
674.005 483.879
645.211 549.435
272.577 122.471
723.451 492.688
260.258 147.724
612.258 539.015
694.867 490.111
652.32 487.51
310.273 117.185
706.163 515.648
293.75 176.46
700.666 496.757
267.786 95.9581
781.669 519.056
270.275 157.424
645.212 498.477
195.255 174.971
711.419 565.669
253.875 44.9751
656.816 453.679
281.579 81.3204
711.422 558.294
207.863 229.943
740.589 435.844
278.388 27.5055
802.789 515.049
222.193 126.107
661.3 534.562
208.951 133.048
703.442 472.091
187.969 78.3229
725.073 572.808
272.38 144.518
693.293 393.255
691.511 516.313
666.861 512.153
190.306 32.0892
720.701 485.233
258.979 190.339
716.173 514.185
187.364 145.186
246.937 82.2437
692.983 523.602
206.638 110.061
717.016 513.29
309.35 65.9535
673.099 473.169
232.373 76.1081
696.843 522.377
292.587 187.525
638.671 589.205
172.222 151.097
633.799 568.024
172.261 198.718
715.233 517.596
147.964 68.0441
831.993 449.406
270.643 151.94
681.682 544.694
211.14 66.0991
641.985 539.998
768.34 509.374
234.855 223.641
765.35 526.244
196.307 112.155
592.253 509.873
224.361 61.9052
651.773 546.602
230.413 14.4129
242.898 131.306
695.497 526.207
224.445 68.5443
553.872 571.41
185.572 68.8766
646.029 455.643
277.717 185.786
593.286 566.825
181.511 236.795
528.439 485.489
117.461 47.4165
669.155 533.435
236.184 177.486
587.576 482.542
292.51 99.7811
718.248 625.965
287.375 70.1542
695.019 458.673
305.457 127.596
640.339 568.707
260.984 166.196
706.947 532.706
224.726 125.022
690.832 475.025
199.962 128.505
700.284 517.06
722.254 505.37
238.988 136.917
707.419 449.136
263.813 117.273
607.843 514.243
283.103 39.8285
242.838 129.683
757.928 552.798
197.685 128.788
713.538 558.443
295.577 108.721
702.592 510.312
348.967 6.14381
594.5 448.798
222.183 66.5421
697.14 542.372
718.439 566.036
160.127 153.58
666.877 488.681
317.007 72.0455
680.448 498.339
257.523 128.798
730.116 458.897
179.697 130.486
576.768 469.957
303.458 34.5468
620.931 462.496
224.026 150.807
694.642 553.311
276.443 114.445
606.988 540.375
203.539 147.372
632.014 590.639
285.156 103.294
662.704 578.518
184.073 101.088
543.109 501.737
666.99 475.306
246.79 123.608
249.268 114.175
607.417 596.631
166.065 58.0573
641.557 533.646
226.382 50.8977
677.257 479.41
217.396 154.875
693.168 480.232
271.447 69.1443
677.687 484.209
192.719 117.257
722.961 467.281
630.098 481.522
170.805 32.7477
743.583 513.26
255.047 76.3848
715.608 510.597
235.275 152.87
719.763 448.664
203.582 96.1885
675.31 525.611
236.692 124.032
666.065 526.331
193.133 127.599
713.847 477.403
217.39 120.191
636.57 554.765
146 66.0263
720.349 637.639
209.353 128.771
693.211 447.77
261.219 166.478
744.168 553.58
198.253 36.8684
692.445 496.908
196.606 110.377
627.456 476.05
224.563 105.845
662.063 546.293
652.875 443.609
737.5 532
282.85 179.546
664.681 633.317
338.052 195.554
734.091 559.732
276.949 82.2052
673.671 504.448
202.671 18.9148
751.183 551.049
204.66 23.0942
689.463 460.635
331.957 83.7329
712.97 536.334
270.039 40.7725
694.076 558.786
260.753 113.1
741.859 461.699
681.589 501.958
178.255 209.899
730.027 583.348
632.15 460.17
281.588 116.563
719.568 521.141
178.407 174.318
654.608 432.938
241.334 219.979
728.152 568.375
237.946 163.831
635.065 572.724
624.911 462.801
277.836 70.5464
646.486 571.297
131.124 199.758
702.569 556.573
285.093 122.912
681.673 408.997
214.61 81.8354
260.666 149.204
742.4 434.998
226.861 123.862
687.205 495.774
308.151 89.6401
742.246 484.596
187.77 118.01
635.492 532.107
279.674 153.232
671.034 520.75
274.369 24.6999
709.149 538.751
232.44 103.418
755.492 521.816
329.865 18.7767
635.931 541.191
264.839 123.873
763.116 497.837
321.587 69.4969
570.657 512.547
302.655 152.737
668.551 563.234
201.962 147.651
620.507 611.28
190.773 112.391
665.105 493.528
178.848 146.758
707.062 538.281
293.236 140.296
667.911 451.437
216.978 162.398
757.347 519.54
296.275 60.7198
717.731 557.344
273.639 25.5952
709.131 502.798
590.337 541.8
277.011 60.1658
660.558 550.852
224.455 95.5099
710.416 469.821
249.971 135.914
700.483 558.665
295.118 155.126
716.398 621.082
208.24 57.1935
673.276 583.282
307.338 35.4879
622.336 471.139
293.593 104.668
757.438 583.763
695.945 619.379
680.729 546.357
663.676 495.03
256.524 41.2345
609.5 528.632
280.921 127.401
738.834 480.045
174.175 138.176
669.776 512.05
287.423 219.643
729.619 585.951
273.509 84.7931
693.926 521.069
233.505 48.8751
716.433 497.031
243.011 92.9004
639.813 439.564
268.729 152.568
592.672 506.948
277.311 131.881
712.285 478.489
675.256 491.976
195.526 103.931
640.886 565.863
207.814 86.3749
770.247 470.32
235.473 100.284
726.953 463.447
198.787 79.1433
624.193 557.42
765.843 552.946
173.524 36.7092
658.942 487.826
163.616 142.299
637.965 515.969
281.563 44.6868
686.45 531.079
240.743 91.8472
649.952 531.837
295.728 124.823
630.374 504.384
220.203 49.9261
676.138 471.75
214.396 101.903
608.978 501.673
255.828 184.062
712.753 421.727
296.004 165.396
580.163 429.504
203.651 112.584
746.297 563.715
296.573 55.2833
731.694 527.976
275.066 174.874
681.61 513.798
200.763 42.0897
654.592 546.617
232.458 57.9603
674.923 600.94
222.587 37.5672
690.65 502.49
199.555 51.768
709.082 463.957
180.142 162.699
671.219 522.531
180.354 136.302
630.937 555.003
244.005 60.0245
687.369 528.147
221.793 127.166
640.339 612.844
305.461 155.223
673.815 484.919
197.31 75.5669
734.109 545.395
241.594 131.23
693.201 590.678
238.087 138.118
624.98 464.218
250.327 68.1553
663.991 421.105
251.912 6.58396
727.921 485.488
307.779 68.6763
752.329 477.464
181.052 113.148
744.316 505.482
264.285 51.6421
690.646 554.673
275.292 73.9454
658.854 488.429
195.451 195.132
632.242 520.306
200.76 124.911
634.748 483.237
220.19 84.6636
4
62.7638 182.913
148.643 163.311
191.794 84.5361
64.9919 42.2871
4
129.346 363.692
77.0401 353.309
98.966 430.685
212.805 408.05
4
165.153 630.281
134.329 550.305
50.602 616.35
116.144 669.147
3
151.782 925.461
177.662 858.491
65.907 874.754
10
376.942 56.8253
345.701 69.1438
331.545 98.1882
311.987 128.459
321.856 183.449
363.039 195.175
407.851 180.158
436.895 149.835
439.624 101.429
406.881 73.6342
10
417.904 420.022
435.794 380.633
427.466 341.204
387.592 312.542
360.403 314.287
330.116 329.597
311.779 374.096
321.03 403.181
345.641 429.164
388.654 436.385
6
418.379 669.613
440.564 597.539
400.506 550.937
351.782 568.901
261.811 571.959
346.325 673.237
3
407.543 873.254
352.995 802.275
344.002 939.645
5
674.333 154.773
664.453 92.9829
635.749 63.2377
557.622 109.722
585.297 186.501
5
595.222 434.219
667.206 414.451
673.476 346.075
595.861 327.213
563.312 389.938
