1000 10
646.594 800.907
704.461 671.874
218.951 404.223
710.145 691.793
858.976 732.448
231.46 412.184
637.668 777.548
741.877 761.206
276.317 550.939
628.7 693.982
901.046 734.778
200.411 479.997
701.773 711.052
788.125 621.719
297.722 535.275
672.194 727.275
740.884 646.79
164.02 469.556
686.592 843.339
765.418 712.309
202.995 488.073
707.325 818.209
819.594 740.843
177.15 453.051
589.138 787.16
815.064 684.346
252.656 421.59
669.461 768.439
797.927 676.624
134.906 510.714
638.134 728.866
744.095 738.95
201.973 508.393
703.737 736.612
758.892 713.225
293.538 508.242
703.992 736.018
922.604 747.011
317.328 416.838
689.147 653.976
751.953 638.293
200.769 459.646
702.167 775.45
840.988 743.277
650.146 752.349
733.685 646.714
267.493 405.504
631.049 703.047
776.714 668.229
202.166 402.824
616.054 770.653
749.502 786.381
183.788 437.554
636.053 747.631
726.606 793.385
641.854 789.898
810.347 671
210.33 416.539
669.51 649.57
818.299 688.002
208.939 364.335
643.324 711.999
795.82 780.781
113.195 492.796
569.978 702.851
793.214 767.334
176.306 475.05
764.953 753.144
647.756 641.178
126.064 498.815
662.189 766.22
659.841 763.791
321.704 453.232
715.127 749.639
836.487 709.335
163.189 417.788
652.472 778.764
747.397 671.874
284.857 453.385
691.708 714.145
789.934 703.877
221.916 506.682
658.006 770.523
714.834 697.302
159.067 518.392
620.465 742.296
729.771 704.69
106.94 562.205
672.364 844.862
717.793 773.527
302.97 464.719
675.239 774.502
851.75 652.378
207.214 418.086
663.636 757.079
759.669 717.549
293.205 475.034
722.137 704.576
681.762 676.991
256.68 441.739
674.879 657.222
635.884 638.11
237.696 549.512
662.574 734.53
775.621 668.912
246.934 429.884
647.615 775.895
751.228 723.599
222.783 450.503
659.366 745.032
685.802 708.878
214.244 450.09
666.839 716.204
747.792 695.82
270.183 425.359
688.505 818.466
728.022 699.253
176.059 420.304
728.696 749.768
733.442 740.885
193.872 416.67
600.636 763.051
824.027 761.22
243.424 464.483
751.94 796.745
748.209 760.858
212.781 395.143
697.91 680.556
695.665 718.164
335.103 481.701
622.315 704.838
768.79 682.915
584.701 681.763
746.601 673.064
165.713 447.339
683.348 826.1
849.524 694.54
282.272 511.648
630.519 763.654
723.285 735.311
170.193 480.331
705.855 773.893
765.218 673.117
233.729 427.993
571.019 705.287
786.478 720.845
202.266 396.607
605.384 796.271
708.205 737.112
290.372 454.408
693.306 777.913
778.309 636.366
304.33 458.495
686.301 783.768
772.994 778.069
200.505 525.07
681.077 716.459
814.417 710.01
155.953 443.931
572.301 772.49
794.546 726.39
269.093 373.548
583.353 748.965
755.072 672.999
147.704 483.462
569.595 784.114
763.506 684.09
215.31 405.379
725.805 627.666
871.801 744.308
207.337 386.354
578.669 628.588
769.41 681.644
261.363 438.114
685.97 664.181
763.762 723.721
612.864 760.328
823.873 743.966
213.578 487.768
660.042 793.997
742.07 781.761
151.807 451.679
649.249 635.918
800.084 678.781
189.825 487.094
765.144 755.221
796.461 747.943
184.258 386.046
784.887 804.086
736.177 656.809
246.347 521.255
705.678 697.985
832.198 700.044
253.302 502.389
657.71 765.364
816.856 729.792
199.41 518.35
640.104 697.512
819.214 739.626
211.863 374.292
638.833 723.865
709.142 729.627
278.182 449.303
735.394 832.645
786.18 687.738
224.927 413.083
780.132 680.41
803.655 730.5
208.359 448.896
635.673 701.308
829.083 773.257
123.454 428.709
746.788 844.511
849.376 831.927
191.177 464.756
644.034 665.526
731.864 717.587
194.098 439.483
754.939 701.4
781.204 696.445
222.426 521.406
694.698 742.686
745.502 630.261
249.579 557.657
604.318 756.653
633.35 604.255
253.385 590.194
621.17 736.04
737.936 680.259
199.302 452.879
584.023 737.695
805.865 717.624
187.123 423.126
643.709 713.227
870.336 697.484
288.858 493.01
619.061 676.094
761.635 690.915
262.776 482.15
697.8 644.104
834.524 771.281
255.067 453.299
656.466 871.082
780.685 707.664
230.284 394.684
585.318 722.704
860.599 744.29
124.526 524.717
676.456 812.459
692.439 679.974
701.7 706.637
821.128 686.135
637.699 695.82
882.262 644.685
745.733 694.464
720.195 736.362
143.604 446.523
741.589 735.867
811.584 655.21
217.482 380.429
748.327 690.862
820.641 674.055
257.594 476.499
669.938 896.55
795.938 750.82
161.799 416.561
593.318 730.195
719.49 765.366
281.208 414.919
674.814 800.883
797.853 694.997
232.046 472.915
590.481 695.599
839.896 751.645
213.991 520.038
597.017 720.412
822.845 646.54
268.016 519.021
643.082 741.241
714.4 657.04
217.179 374.461
736.218 792.321
711.382 630.988
209.972 428.795
750.889 773.42
725.636 745.93
191.583 412.76
690.575 894.321
807.064 799.183
209.72 574.153
596.197 746.258
858.975 697.792
210.775 506.722
733.89 766.746
721.058 817.12
192.011 463.73
617.727 757.301
777.148 770.322
271.122 440.079
680.556 780.464
810.344 633.407
158.305 415.592
666.781 869.226
807.429 731.358
655.53 657.149
807.593 758.334
107.828 481.514
648.955 772.362
879.896 629.413
120.122 517.483
662.238 642.326
836.125 825.04
237.432 510.371
632.701 755.207
758.333 638.312
244.893 531.649
595.72 742.452
720.069 776.436
289.027 473.996
597.059 625.3
771.838 749.167
207.571 461.589
695.298 771.812
791.372 716.702
209.65 454.264
619.774 791.562
690.736 665.562
187.775 435.076
642.429 618.056
706.804 689.67
240.859 418.852
735.432 768.898
776.735 741.854
250.788 453.107
781.526 748.601
754.061 662.219
216.391 379.015
726.52 790.755
734.951 730.629
216.703 455.38
670.246 780.433
796.694 670.55
261.68 480.73
704.592 690.388
744.96 770.977
199.842 435.104
670.164 873.836
787.144 678.238
253.564 536.144
693.63 811.268
783.759 730.853
214.292 429.11
684.422 781.112
838.306 664.632
223.709 475.592
781.859 757.444
741.595 756.856
245.1 484.739
639.976 707.811
682.926 773.794
219.237 459.762
661.411 803.492
692.806 728.329
297.403 496.969
765.113 722.487
763.366 641.395
212.642 521.287
589.884 772.915
846.95 632.465
287.553 463.123
678.955 730.881
777.665 763.538
246.674 437.46
576.63 776.418
789.635 731.166
326.371 503.397
640.048 710.41
687.208 683.795
262.696 439.067
654.714 748.126
727.872 766.094
155.438 448.059
656.713 766.997
684.237 727.594
263.436 470.393
655.144 807.429
807.693 757.846
294.863 468.994
651.782 743.748
758.738 689.616
134.304 465.915
668.628 736.105
737.799 708.967
134.442 446.19
638.547 764.348
735.993 815.627
142.637 526.657
724.786 705.671
779.905 742.191
154.198 456.555
700.225 590.6
803.811 639.24
164.254 417.846
665.146 751.215
640.037 656.743
194.573 411.603
639.357 731.109
732.141 657.477
145.137 427.376
612.565 724.185
771.573 713.591
153.481 529.799
689.829 702.09
805.539 646.784
266.083 463.803
747.544 671.801
787.997 823.45
602.074 797.18
728.152 678.002
132.565 413.612
672.497 741.04
726.411 671.981
654.463 752.502
746.213 770.709
143.527 468.799
659.06 721.603
762.119 689.628
202.386 435.613
621.413 719.707
775.677 712.043
286.981 433.795
630.426 743.316
763.913 775.937
239.014 441.783
686.15 715.748
719.238 708.293
229.093 459.426
652.913 712.395
693.267 700.528
714.61 745.675
704.902 775.37
224.394 329.323
643.731 777.628
787.565 732.511
214.726 522.066
692.192 750.648
767.267 694.809
210.978 430.827
649.381 790.086
851.962 734.262
145.873 508.995
638.774 753.849
727.093 653.559
162.063 540.208
657.965 708.717
770.844 705.838
183.299 421.425
545.585 742.973
774.388 692.789
258.725 488.757
631.031 805.052
852.87 742.253
226.061 541.988
723.042 795.678
738.945 649.837
195.227 401.284
758.795 862.441
859.22 684.414
255.288 472.723
664.263 829.708
745.712 753.377
180.576 469.554
661.371 846.598
741.544 649.184
315.747 516.167
582.275 712.984
733.297 707.29
210.451 528.49
630.467 728.891
796.933 631.559
275.273 509.497
658.642 754.121
789.317 591.994
137.713 475.809
629.118 815.032
790.146 700.08
198.906 489.61
726.359 749.716
749.433 692.106
684.575 742.843
767.473 661.271
300.55 589.495
600.654 848.355
788.206 666.784
236.016 422.999
782.63 853.746
871.988 766.034
217.996 422.298
621.04 716.574
696.553 663.671
227.617 464.788
575.456 736.214
771.27 745.195
277.215 401.624
612.895 698.399
703.424 624.068
235.664 466.385
692.735 776.158
719.315 691.859
256.945 446.68
650.017 777.151
717.301 659.581
265.799 553.3
614.342 775.929
754.815 697.213
298.203 414.996
678.675 744.429
788.559 730.566
255.6 353.617
708.93 733.763
698.949 748.098
241.382 409.675
700.215 820.349
732.098 742.189
226.854 464.099
641.49 718.339
804.619 689.476
219.503 381.876
794.355 738.987
807.08 694.459
218.805 530.55
683.005 731.895
670.105 827.415
216.55 436.929
653.73 704.251
728.298 629.176
171.255 428.225
656.018 730.469
754.03 777.34
287.381 500.809
742.217 790.897
808.99 646.353
280.475 418.303
644.571 765.946
781.992 707.123
234.175 477.612
642.777 794.405
721.186 688.207
198.257 493.418
578.165 756.157
842.328 700.319
216.945 443.192
689.543 748.725
763.254 657.282
305.657 518.312
625.013 756.38
753.321 763.551
243.367 483.108
718.69 810.219
761.137 765.731
200.275 394.891
681.153 772.66
695.789 706.188
145.213 428.745
702.844 721.414
715.931 753.905
635.535 720.164
825.061 637.616
238.747 373.859
680.417 739.848
715.592 696.079
211.402 470.446
742.24 756.996
735.299 652.859
223.028 494.618
720.786 720.372
806.486 627.094
262.367 457.513
666.092 639.095
776.468 670.931
208.613 537.352
646.676 822.715
765.331 653.835
204.951 394.508
672.987 785.893
803.864 757.431
242.28 475.332
626.15 765.419
714.198 616.409
157.243 433.648
672.791 709.621
821.747 688.33
156.266 430.791
540.808 672.792
713.48 806.196
234.177 432.897
653.578 785.1
726.181 648.391
277.269 421.085
643.092 629.816
738.305 729.029
240.927 538.165
681.242 782.711
766.215 700.597
683.172 750.975
857.301 759.498
285.18 473.363
658.924 771.081
712.891 655.662
333.82 513.308
700.101 688.908
842.181 684.354
197.171 465.223
684.585 717.304
766.974 764.677
214.411 434.34
664.147 725.75
734.596 669.547
264.585 409.408
671.06 792.354
713.381 831.767
238.99 461.557
677.969 752.307
799.906 713.807
90.229 530.695
701.64 800.527
825.509 697.921
221.567 434.808
618.618 784.499
702.661 779.326
253.997 418.53
691.722 807.652
875.781 676.746
152.804 421.79
638.185 711.723
786.529 748.559
183.957 476.826
680.925 776.044
731.561 594.781
208.685 433.768
698.656 679.825
719.346 676.238
228.158 492.136
659.437 795.622
787.399 649.559
227.417 468.476
635.942 643.998
755.777 647.338
135.937 413.076
742.316 854.523
738.912 726.714
133.719 488.628
663.941 840.684
708.678 755.987
191.598 534.488
654.684 751.438
761.627 747.696
194.537 457.01
700.482 694.535
665.094 728.61
230.075 482.631
788.17 758.374
823.291 659.547
235.494 422.696
707.304 743.464
782.823 721.358
155.638 483.587
727.534 745.953
791.506 833.114
201.356 493.452
615.168 768.794
790.502 790.443
210.454 484.478
714.39 727.094
848.944 661.995
203.496 439.392
692.226 702.739
730.407 681.007
168.384 509.937
715.947 728.095
710.048 731.483
180.63 493.263
677.19 723.709
795.731 753.298
341.747 502.885
637.959 751.612
864.478 755.637
188.519 500.574
595.919 820.732
711.723 715.834
197.728 458.166
572.182 783.427
812.95 789.954
211.243 458.611
728.5 776.378
772.981 762.97
656.279 841.752
762.027 685.411
140.748 468.091
754.882 770.969
730.363 733.162
217.809 433.452
606.435 708.322
727.517 721.024
199.813 481.607
616.925 834.866
806.942 801.939
286.25 446.81
645.078 756.103
737.734 717.118
250.689 499.145
745.037 725.857
655.718 699.709
287.742 419.954
675.867 710.184
715.501 663.267
286.35 447.215
665.973 786.131
856.282 632.772
330.188 496.436
628.872 759.552
687.217 580.101
201.829 487.625
660.756 782.644
710.091 699.462
175.66 516.07
692.988 738.663
811.547 700.122
668.31 703.956
758.359 708.3
138.355 423.969
653.276 707.003
770.008 674.26
261.678 441.032
620.336 771.622
790.769 679.679
246.38 436.755
586.896 716.291
782.403 654.564
255.132 439.336
634.99 768.417
715.305 809.971
211.485 432.767
683.206 747.4
713.113 717.989
299.222 432.917
657.623 731.137
853.655 782.602
112.891 449.311
592.098 798.185
758.367 693.628
248.683 461.821
632.152 775.996
821.925 731.171
200.421 408.948
710.281 761.706
740.545 634.317
299.031 502.389
776.516 669.561
777.326 677.842
285.026 450.082
706.377 740.955
798.382 633.063
162.559 412.216
673.994 725.432
693.742 794.416
174.729 450.902
537.787 658.471
834.704 674.714
195.259 458.288
756.782 749.644
771.111 700.013
257.252 478.996
577.091 729.211
771.816 649.393
223.376 451.869
720.093 715.339
746.37 754.138
207.812 416.784
731.878 745.322
777.815 680.068
168.794 493.642
664.102 747.497
841.194 745.083
164.242 488.395
646.314 708.016
753.985 719.826
182.546 416.807
585.04 736.075
787.336 710.469
275.943 498.53
722.063 762.553
763.726 690.77
223.151 495.182
623.782 819.18
808.998 690.035
150.817 444.387
584.777 765.447
773.873 675.78
258.888 534.2
706.64 694.481
734.523 784.054
184.997 396.836
626.167 684.878
803.783 687.891
251.22 418.489
670.809 757.551
768.342 773.452
111.674 520.799
721.919 786.698
774.177 676.355
654.679 607.405
735.903 670.252
217.787 442.325
670.581 719.947
749.988 731.371
284.771 468.732
664.551 778.804
786.213 757.392
289.782 517.441
686.692 795.176
691.254 740.584
608.776 820.07
789.998 736.291
225.828 409.305
674.304 726.426
809.719 601.997
169.457 530.402
632.444 749.725
814.339 694.124
219.495 480.863
744.044 786.624
697.274 701.273
264.868 361.395
564.285 726.238
835.288 667.435
288.546 455.58
715.918 757.43
729.668 717.366
265.087 434.967
749.717 801.948
866.797 677.198
219.185 375.398
591.22 811.417
668.692 711.474
187.206 491.052
711.916 741.338
781.449 742.025
200.676 428.969
662.636 738.814
822.176 700.419
229.152 523.962
631.327 725.163
771.969 747.123
249.004 442.5
651.792 816.398
677.15 714.533
264.5 438.763
721.257 665.563
852.449 764.763
274.763 369.937
646.18 676.407
799.832 685.14
192.589 391.858
707.672 733.598
731.803 631.585
241.998 390.384
664.424 731.325
737.895 732.607
137.26 462.181
726.181 750.489
745.715 646.706
271.488 460.424
676.191 650.83
810.929 664.409
173.173 410.92
704.069 823.103
772.1 753.266
211.056 412.868
678.452 798.842
753.274 621.025
248.074 425.373
678.202 706.533
785.82 628.495
180.237 431.543
673.432 736.336
739.338 754.377
201.251 576.588
674.488 929.693
814.02 653.633
232.159 434.012
661.449 718.973
793.215 827.798
211.355 466.366
684.905 706.044
783.227 736.644
167.98 440.494
629.632 739.136
801.293 745.621
224.987 423.386
713.919 760.34
677.475 607.95
261.671 527.763
693.368 731.133
700.387 734.66
267.221 395.233
573.35 860.796
702.975 730.833
336.019 501.519
690.76 750.143
867.995 676.717
186.325 433.535
634.333 790.028
754.983 685.192
169.077 481.033
718.313 775.21
714.889 718.683
198.607 354.275
662.334 884.303
753.053 725.265
196.545 366.551
629.115 779.759
802.685 620.97
289.556 416.189
663.93 862.92
690.468 677.701
141.247 462.376
720.496 761.716
780.956 740.027
284.054 378.309
727.442 801.467
728.846 728.125
206.907 409.612
744.387 755.478
763.002 741.077
214.743 415.964
632.573 711.802
749.812 677.084
242.639 422.758
698.941 719.147
843.271 759.678
258.439 461.574
622.64 693.014
778.72 630.715
210.066 471.854
696.212 647.494
698.823 696.867
183.59 473.206
750.183 699.101
755.323 689.973
291.534 497.844
646.997 661.751
787.119 777.437
252.199 468.006
638.36 708.865
754.793 713.242
234.899 426.947
690.641 855.76
838.197 662.552
261.455 523.973
651.592 755.827
742.453 728.66
281.211 478.256
682.23 789.212
677.77 680.766
173.158 488.841
660.037 734.31
730.589 693.527
672.985 751.494
863.815 738.596
175.08 406.084
675.384 719.08
735.429 658.535
194.703 413.951
600.769 824.755
750.553 684.456
151.652 453.731
626.083 762.605
805.652 713.989
255.03 447.339
656.835 768.776
676.64 715.245
142.317 516.254
765.567 800.255
750.454 627.928
183.918 417.476
645.713 790.015
713.477 657.857
177.098 497.302
582.966 770.981
843.118 661.962
207.477 418.312
589.962 689.356
753.132 630.614
117.252 497.94
590.249 797.636
842.12 650.666
293.167 432.369
611.816 733.313
725.845 682.815
9
177.597 98.6985
161.398 76.1988
99.6 69.0769
69.2857 89.987
63.9771 126.12
81.645 170.882
148.053 179.343
172.821 159.537
185.916 141.246
10
172.581 384.544
172.555 350.52
145.935 318.84
105.556 317.637
69.7829 336.508
63.5687 375.445
57.0923 436.591
99.5812 453.545
138.395 404.437
170.01 410.737
9
183.593 647.692
184.015 605.248
140.602 564.589
99.9161 567.753
79.4723 581.733
62.5844 624.831
83.3013 671.145
108.619 685.214
163.565 674.134
7
171.84 908.098
192.179 869.951
153.843 846.024
142.426 810.413
76.1874 812.573
64.9656 879.145
106.838 941.05
8
393.902 76.8094
313.822 57.8683
349.289 118.906
319.412 139.827
348.558 160.872
411.882 219.628
446.324 169.663
444.412 121.65
9
388.465 409.606
450.411 440.567
413.281 371.325
435.575 302.56
378.086 306.437
339.094 322.788
285.424 360.632
305.525 412.616
361.069 421.544
6
379.884 648.583
399.406 633.943
422.105 574.773
318.218 529.302
326.957 611.2
333.44 646.875
8
326.535 902.059
356.741 933.719
411.278 937.387
426.488 891.033
440.313 846.075
398.094 811.38
349.098 821.387
319.192 862.311
7
591.842 75.5126
573.592 120.879
622.585 127.535
632.483 185.265
674.993 155.15
625 125
663.862 6.19451
4
575.09 345.929
561.836 450.546
653.675 393.782
674.325 330.349
