1000 10
489.059 654.73
338.701 595.482
291.175 797.009
544.082 612.222
451.931 752.167
446.058 613.597
332.509 692.076
593.666 631.032
698.958 180.539
573.758 821.301
350.291 702.14
369.233 762.776
600.837 596.118
833.02 156.538
525.236 749.606
402.713 615.789
334.557 763.72
562.066 574.717
702.532 172.186
505.806 713.305
261.667 637.815
341.411 815.743
548.035 572.601
772.146 135
434.377 810.01
279.914 691.511
350.095 722.826
495.574 503.511
783.331 97.1688
506.086 818.828
311.001 603.485
313.252 799.485
529.839 539.38
438.678 686.489
391.873 730.707
548.501 555.482
744.073 85.5751
438.965 702.769
302.013 606.688
235.145 778.197
510.733 553.74
729.447 24.2938
544.274 767.866
303.499 831.983
550.585 637.646
742.565 188.675
508.742 714.546
356.975 711.586
517.483 412.987
681.413 77.3589
576.93 713.88
282.676 727.362
569.528 626.774
742.768 67.9441
529.672 690.912
247.181 647.625
299.128 796.781
533.003 497.778
652.231 22.9162
366.201 744.153
327.886 585.97
384.612 717.104
496.063 507.535
498.181 695.224
425.644 558.316
291.16 727.531
562.076 467.339
787.586 160.18
403.941 731.395
359.941 700.362
345.595 727.016
546.606 575.236
747.112 47.4238
474.735 680.878
340.127 733.015
535.143 588.039
755.563 172.124
573.741 773.675
286.997 591.46
321.766 776.425
535.894 582.451
789.895 111.136
458.651 744.714
326.107 681.354
367.957 768.305
506.648 563.125
766.499 131.686
480.394 794.33
282.109 732.271
615.431 582.923
732.563 119.519
452.986 732.562
442.723 560.365
281.208 765.981
574.587 513.001
708.818 55.2703
429.36 763.346
378.617 808.347
516.491 482.54
771.266 27.0666
384.348 674.485
435.811 565.599
276.117 740.832
539.148 474.767
693.886 59.4203
480.519 856.721
368.822 775.784
515.011 475.519
708.068 14.5559
381.908 798.796
329.795 679.042
290.366 782.743
558.865 584.991
755.503 125.485
437.066 775.645
389.796 690.661
316.183 802.765
531.324 456.466
707.19 77.7081
501.161 760.31
283.127 634.91
257.674 725.124
531.582 580.021
796.46 126.77
459.317 772.526
304.325 667.123
417.615 816.497
522.366 594.097
789.587 93.5931
488.811 830.541
280.984 780.881
511.502 581.479
703.242 165.185
535.982 736.745
322.725 593.345
308.247 714.891
550.004 537.464
728.657 119.454
448.996 744.938
262.622 711.024
477.783 459.779
551.772 80.7691
474.596 714.904
353.572 781.792
568.742 520.883
790.134 126.666
506.324 765.169
439.418 702.22
603.631 593.821
447.575 621.421
404.26 615.941
305.087 809.87
563.415 592.725
735.039 183.814
447.731 771.503
292.097 672.786
302.046 695.521
573.522 474.413
787.017 135.169
478.598 750.272
506.065 611.898
353.357 743.239
572.238 581.729
726.924 140.206
467.828 728.829
370.363 725.148
544.385 469.789
731.87 183.938
486.504 676.261
297.759 836.871
601.472 669.242
505.02 760.264
332.047 781.73
617.151 486.576
406.356 620.313
396.996 569.007
581.566 500.902
437.867 734.216
273.983 853.817
502.157 549.02
680.101 193.636
497.346 729.773
409.226 670.01
558.046 490.59
740.658 188.245
431.504 677.274
284.952 590.9
351.562 794.185
550.465 511.055
708.169 98.4064
536.451 816.264
300.999 630.828
284.912 745.527
515.907 579.379
759.31 64.916
481.694 755.739
254.692 543.073
352.081 765.233
522.496 592.13
782.279 88.8988
554.764 646.258
465.712 623.535
361.194 757.728
561.103 528.948
472.638 666.692
242.986 702.254
417.711 733.38
607.609 600.914
711.057 168.172
498.293 838.646
420.668 731.402
510.584 569.056
649.261 53.2173
440.245 719.473
340.636 575.35
479.692 659.628
552.027 552.071
699.612 85.3047
450.448 705.797
276.111 709.542
585.634 510.873
777.082 118.2
540.292 793.229
597.237 492.15
748.646 79.4602
533.404 691.121
390.025 565.284
263.079 803.282
559.478 545.697
478.486 669.056
313.872 770.713
566.538 570.67
840.351 67.0612
323.805 720.812
390.008 696.909
281.087 664.176
554.124 575.065
805.461 155.608
561.063 685.702
293.995 642.63
325.552 685.361
600.62 513.888
796.541 114.229
457.092 729.569
320.447 778.317
554.949 476.348
721.095 82.3113
304.566 777.419
477.879 505.962
724.604 83.0499
461.169 654.42
443.494 730.748
317.984 773.372
543.073 568.121
684.721 120.202
468.188 729.102
285.838 557.411
295.359 751.725
511.674 591.931
730.315 63.7214
510.019 742.276
406.23 674.659
408.592 798.417
622.614 596.627
755.721 120.316
468.141 648.833
315.979 774.464
586.369 556.052
736.438 75.118
605.905 820.168
297.533 802.318
570.684 509.596
805.482 154.817
502.572 663.127
333.894 577.158
416.036 743.064
564.193 543.452
786.856 232.627
544.903 754.338
270.553 583.563
386.572 683.271
542.987 557.366
781.896 111.729
283.124 612.092
360.111 707.198
490.5 571.606
604.664 808.737
255.961 764.871
597.816 541.865
710.768 71.3345
461.207 805.555
353.22 531.301
290.295 767.68
572.1 504.922
736.874 65.1306
604.957 669.152
607.062 587.647
728.353 58.2292
477.16 662.513
245.249 563.174
379.577 772.994
512.457 533.128
778.66 70.3871
501.43 654.577
367.089 782.237
514.298 596.985
788.455 74.7572
487.565 699.448
278.33 764.168
499.486 475.486
756.367 50.7257
467.445 820.129
286.699 744.669
660.686 595.971
740.116 49.4116
500.824 725.276
270.64 699.149
470.585 557.507
669.711 47.0376
487.97 757.345
290.174 731.377
615.565 646.482
779.84 70.0859
469.322 705.801
312.912 797.77
550.23 588.058
683.174 145.941
488.297 761.753
363.07 796.518
550.618 630.223
717.199 166.723
460.457 782.436
329.852 567.398
394.669 685.25
543.643 685.166
800.822 116.634
430.739 809.174
486.377 651.511
347.916 763.978
594.932 474.5
675.11 60.4573
448.487 742.02
263.366 573.304
253.804 747.966
528.844 490.976
780.842 186.125
486.088 699.218
414.363 755.666
529.165 587.787
693.174 57.7216
430.362 768.867
374.173 755.657
489.57 548.331
742.473 155.37
518.029 793.11
325.841 724.785
331.464 770.779
563.594 578.172
710.49 117.022
538.099 674.779
426.788 628.559
334.087 744.168
686.947 536.476
770.713 177.551
548.686 757.964
458.326 575.124
355.484 803.949
483.414 544.537
484.058 753.292
299.402 814.14
617.681 503.021
832.905 119.084
437.567 823.13
279.027 589.916
290.503 781.785
586.11 500.458
740.596 84.4073
520.869 723.818
289.328 700.416
337.842 746.925
649.363 583.695
731.407 111.13
493.996 784.204
277.498 593.075
366.787 808.53
669.083 459.89
777.335 96.7444
543.619 808.607
473.546 558.257
309.701 762.385
593.726 510.091
701.851 2.80395
432.808 724.565
283.334 828.467
500.581 550.645
745.994 90.294
492.578 783.171
315.931 703.032
572.048 478.098
487.369 786.862
270.894 805.048
562.15 554.049
701.297 116.082
485.603 748.091
399.784 620.534
317.553 729.521
533.434 546.324
805.55 41.0787
484.745 795.212
399.077 752.779
335.159 738.221
628.354 552.472
766.416 196.027
432.806 731.542
409.074 644.636
378.375 775.053
563.981 543.433
778.1 128.793
514.617 750.11
314.187 738.132
602.646 548.455
782.754 110.296
448.543 777.596
336.819 740.163
573.478 533.023
693.122 128.57
565.257 789.22
341.581 547.046
292.66 700.685
443.463 589.764
723.478 202.988
551.452 685.894
473.705 655.44
280.234 842.19
660.919 536.501
732.681 170.624
502.397 746.214
414.926 651.549
313.466 758.134
479.529 574.127
677.496 51.509
540.089 715.466
339.648 710.602
545.098 566.981
838.192 47.4977
522.886 807.59
297.212 720.797
481.244 532.008
707.146 107.529
521.206 743.797
331.544 731.634
567.409 558.76
543.532 740.287
336.032 789.015
623.811 569.651
737.904 166.285
478.834 773.416
305.174 606.65
349.281 703.07
579.733 576.045
534.774 797.701
406.415 595.998
383.555 775.17
524.036 564.899
735.059 148.571
544.529 743.27
284.901 587.087
599.856 514.614
687.96 125.03
471.39 697.02
259.103 783.426
565.718 521.313
697.193 167.174
520.716 789.121
299.33 571.163
260.248 796.135
532.856 494.741
757.766 78.2222
534.263 750.169
419.465 578.796
390.242 750.637
557.959 524.573
732.453 134.65
423.023 671.461
230.766 807.968
636.135 567.447
808.697 125.098
467.845 820.953
382.958 796.883
547.141 615.517
785.806 130.187
545.502 757.467
422.686 630.498
598.248 524.864
721.38 179.712
470.364 688.215
620.541 599.459
752.244 63.3627
532.15 718.113
184.662 780.264
606.669 465.593
755.44 78.4547
422.44 705.038
367.785 756.583
506.844 521.305
497.229 769.206
550.293 535.905
794.725 173.851
531.854 780.145
429.683 558.999
358.623 787.754
582.959 573.119
689.431 122.176
523.695 587.797
333.223 709.621
435.843 735.844
586.717 609.109
763.306 118.113
531.499 741.519
525.783 611.671
250.222 727.46
527.573 449.522
745.287 150.756
442.178 707.938
403.518 646.784
586.982 530.582
743.941 140.955
560.175 816.026
323.379 716.318
516.119 552.435
814.979 62.1254
504.463 724.501
327.442 571.029
333.477 737.236
519.265 640.164
517.127 739.981
291.615 654.142
371.548 698.023
548.065 433.074
705.374 172.128
457.819 761.776
550.02 543.867
724.219 104.194
515.167 824.34
303.613 562.384
341.272 774.201
526.193 541.128
474.831 827.759
466.721 618.696
402.109 721.967
544.185 502.679
778.517 92.1165
505.298 736.044
334.866 676.905
296.889 740.617
608.591 471.297
727.576 139.799
495.393 758.27
386.589 802.348
552.575 472.357
746.935 92.8556
553.922 780.947
375.488 784.6
536.16 604.813
731.488 151.754
487.899 671.498
384.329 688.169
434.378 731.867
638.234 529.532
686.27 176.385
476.163 743.924
391.182 691.347
219.606 822.528
553.346 526.983
811.943 93.6661
468.098 684.734
321.094 592.95
286.407 702.308
560.607 562.922
838.394 110.668
536.516 759.62
321.388 573.051
332.89 731.539
565.754 625.162
775.768 125.831
415.508 699.45
331.88 741.942
517.352 672.115
781.533 152.651
450.76 716.284
354.507 739.029
599.528 498.655
700.383 79.6161
496.092 829.913
297.115 605.149
307.359 739.072
511.833 508.625
758.177 79.1726
498.35 738.914
349.339 699.705
337.642 698.005
505.965 496.759
698.228 97.7848
495.216 716.053
301.149 619.432
298.078 852.733
532.684 496.775
413.531 749.206
356.955 695.282
291.949 770.412
606.805 579.453
817.006 164.165
516.923 716.226
300.318 866.896
594.849 556.432
751.131 109.804
485.062 668.073
390.685 717.689
487.305 435.068
759.59 105.649
605.778 810.513
330.956 588.022
278.967 704.735
401.205 509.142
710.635 151.793
484.856 691.683
349.638 718.588
602.336 486.449
741.037 53.3974
506.313 735.83
386.29 626.847
316.542 778.324
554.356 528.924
773.373 147.779
472.869 741.095
315.271 708.248
573.222 486.333
701.29 40.205
399.758 748.663
370.312 728.56
244.77 807.302
539.179 595.622
563.111 794.78
398.659 563.244
473.784 458.931
679.001 103.078
517.956 780.487
471.52 680.514
304.996 799.289
582.017 588.822
473.559 650.021
340.838 693.347
335.306 703.54
591.505 491.572
731.036 23.9644
522.236 729.809
258.709 689.639
316.459 779.498
410.664 548.176
732.631 166.357
520.741 751.639
408.309 633.221
339.434 773.318
608.526 578.431
823.36 175.478
523.852 728.872
214.355 799.471
544.699 479.379
826.304 117.949
495.51 691.043
337.262 553.517
366.362 775.687
573.767 501.415
804.487 89.0724
586.514 724.473
297.74 778.696
609.836 565.512
699.983 73.2489
467.76 773.54
396.174 762.206
444.875 580.785
704.748 24.6853
473.463 703.701
383.163 519.026
367.367 822.602
638.775 521.996
744.167 96.6965
515.72 814.092
439.773 588.126
298.775 738.662
484.99 552.538
642.805 61.7592
407.966 744.808
434.058 546.848
233.172 756.85
642.511 607.414
496.896 800.522
285.855 646.243
312.01 695.132
595.153 634.879
707.788 175.825
423.11 730.678
280.002 725.416
637.46 602.092
723.653 118.604
476.305 760.967
267.026 596.648
575.825 548.746
720.126 181.2
414.312 722.708
424.093 751.796
619.199 535.32
696.023 17.0393
439.217 633.042
229.981 797.393
594.561 477.461
737.236 88.0961
424.385 647.514
303.106 614.963
494.982 541.991
715.299 60.6432
514.792 705.57
426.014 768.62
554.694 513.88
841.678 99.4362
500.821 723.274
317.522 602.819
312.048 863.965
480.984 474.077
702.778 33.3979
451.642 714.726
317.974 705.498
315.704 773.874
543.238 583.247
678.647 188.958
442.113 727.374
620.28 509.062
733.81 224.04
451.145 758.137
388.733 621.303
310.085 761.367
634.659 520.731
742.624 87.1675
545.06 686.175
300.212 684.366
356.781 798.762
486.551 567.71
750.09 81.9669
518.947 746.337
381.927 722.076
202.76 774.481
545.247 530.527
817.435 100.813
471.754 705.765
362.827 724.247
595.913 608.159
739.306 79.629
477.949 797.206
386.357 583.236
391.044 749.333
462.526 538.212
743.106 79.8711
488.494 725.193
420.691 742.583
573.699 622.502
624.894 35.1434
541.668 763.677
301.295 604.464
340.221 786.634
611.713 514.047
713.298 43.0357
481.824 782.735
329.018 790.286
551.16 625.468
677.347 152.692
548.366 685.878
268.121 677.136
549.516 488.126
751.855 127.607
398.111 747.766
417.227 613.813
300.012 759.224
513.197 510.689
452.838 680.073
338.271 684.971
359.638 742.89
569.6 616.472
750.315 109.411
452.436 753.113
441.363 692.869
348.681 727.386
542.665 563.211
641.384 16.2918
476.403 695.511
435.751 597.209
375.489 800.373
494.503 539.101
520.814 773.972
408.483 657.736
406.056 706.934
602.642 606.941
720.992 131.198
445.176 729.35
439.918 696.281
533.895 539.038
817.588 106.921
477.687 824.789
390.808 667.773
378.547 793.403
518.852 545.61
855.998 68.0675
543.329 606.92
396.125 553.689
305.142 766.084
592.217 501.598
724.577 61.5909
516.054 713.123
447.643 653.094
384.508 714.657
590.676 614.973
830.114 70.1855
456.015 745.974
317.294 757.434
499.563 558.244
722.136 157.201
513.504 736.186
271.235 791.295
558.454 605.662
742.431 135.03
498.978 703.105
281.406 752.241
559.61 544.886
432.914 721.386
289.684 656.309
342.708 797.961
526.261 560.246
736.37 169.475
403.462 751.851
362.25 713.982
540.115 527.375
709.359 14.4649
459.62 678.042
371.242 734.258
296.774 721.207
630.381 526.843
552.814 784.096
289.532 748.618
532.059 579.085
777.51 207.372
479.035 755.148
321.457 678.866
304.18 834.149
528.445 615.107
742.765 50.3634
479.185 737.989
258.551 637.156
318.993 735.036
613.025 453.349
720.77 205.463
515.831 688.126
338.285 567.974
611.082 473.895
744.167 74.4158
211.727 723.466
470.306 572.989
799.522 78.0596
511.12 771.116
403.807 646.482
419.013 702.592
605.255 549.163
693.851 138.1
469.693 702.942
291.517 749.418
659.285 573.356
714.442 73.0935
451.978 727.021
376.335 708.706
462.836 636.736
752.373 144.995
530.124 711.053
285.702 690.58
552.804 509.612
772.734 131.014
533.465 809.505
327.146 711.662
526.211 581.691
574.226 754.383
406.566 757.892
457.384 470.594
739.719 192.463
437.942 694.808
317.91 668.588
407.74 699.022
502.17 578.162
743.091 156.109
465.226 783.151
334.31 529.996
345.758 812.009
581.427 622.1
837.863 37.6329
462.122 804.75
258.349 812.567
556.273 525.616
717.315 131.506
455.78 751.349
492.047 707.197
301.316 827.536
592.104 485.833
801.568 61.7346
426.574 679.619
405.904 571.309
404.966 707.082
605.703 555.266
459.421 715.606
343.394 767.365
612.617 481.319
640.454 194.298
471.785 731.281
390.283 700.005
334.621 789.874
540.761 561.117
521.779 746.669
308.893 711.706
607.607 530.187
742.035 78.2997
381.495 780.144
423.737 598.578
332.677 782.395
570.565 517.021
842.522 84.3368
422.243 673.958
262.638 609.922
445.736 647.21
712.442 68.0181
446.528 814.452
339.405 573.772
285.68 749.381
524.995 592.988
652.491 235.154
403.898 810.797
419.017 694.427
388.706 796.451
536.141 520.584
850.755 188.154
459.842 707.348
401.269 585.151
261.487 677.032
560.175 486.274
793.975 126.081
463.965 774.157
343.057 579.062
363.449 796.113
537.279 559.833
705.836 76.9401
458.947 703.939
272.161 855.257
485.436 512.655
700.91 191.884
428.389 783.603
454.571 606.621
396.622 779.905
523.299 558.453
676.674 68.5052
502.117 666.644
344.885 715.822
294.418 762.881
585.093 493.747
713.53 123.525
575.731 812.221
302.634 534.637
314.354 816.651
523.792 536.118
663.767 88.9407
457.199 722.61
418.935 586.718
284.066 697.133
518.206 642.638
729.94 76.8079
420.481 742.947
383.845 706.669
358.497 799.617
554.894 591.939
733.43 225.986
498.252 649.12
459.108 686.16
352.716 742.878
578.445 618.506
710.554 68.1167
418.857 708.607
383.364 618.383
309.184 791.248
455.364 580.738
727.755 166.648
508.784 754.845
231.827 743.493
524.592 664.914
696.673 5.03088
525.156 745.311
399.482 672.434
492.426 526.143
8
119.505 42.549
81.0393 97.4461
41.8584 119.532
90.001 175.861
131.225 192.971
190.701 155.109
186.376 120.888
153.956 60.9703
3
214.222 305.538
52.0834 327.968
128.802 443.443
5
106.056 592.484
102.485 638.046
103.438 704.422
162.558 611.774
134.648 552.135
6
132.683 873.25
149.299 799.317
58.4071 803.258
70.2402 888.201
120.559 890.28
136.335 886.373
6
434.416 109.887
407.686 52.8007
317.436 70.4086
296.612 137.805
349.053 214.993
419.435 159.671
7
360.982 334.163
327.623 339.059
298.475 371.899
349.394 435.604
411.14 413.804
435.814 386.779
407.347 317.232
7
371.847 695.171
400.357 644.562
375 625
395.258 601.813
357.485 531.18
336.503 605.345
293.663 654.746
5
428.668 902.156
443.154 860.581
352.815 816.003
315.171 898.894
391.769 931.904
10
570.456 91.3543
571.819 131.392
593.817 174.819
620.342 187.294
650.138 188.07
674.417 171.275
680.96 110.015
665.294 92.3086
651.341 62.2276
592.835 72.9458
5
672.442 396.086
662.67 330.352
591.311 312.35
566.212 384.714
617.128 440.816
