1000 10
117.515 59.0048
961.824 554.687
663.937 837.081
64.6798 596.832
197.79 885.592
182.454 118.154
924.238 503.529
753.028 780.419
125.638 915.019
166.687 206.587
947.89 340.061
626.927 896.779
58.6838 559.298
214.684 945.406
921.072 473.951
733.797 830.143
33.4563 629.303
175.067 795.441
181.872 50.8956
926.015 410.564
714.76 794.048
86.3904 662.843
163.672 965.401
195.349 58.8704
866.604 456.902
677.422 861.619
13.8914 651.375
699.32 852.027
190.113 836.687
932.315 406.507
681.17 886.946
129.745 938.65
707.338 752.265
33.5521 693.116
169.05 893.485
157.569 28.6597
866.918 430.324
727.2 872.931
78.8323 525.253
40.5024 888.238
249.081 163.305
955.596 419.231
605.732 898.319
75.729 883.856
984.174 451.92
727.702 835.879
238.285 943.032
142.027 49.3603
701.284 845.717
147.851 15.4062
687.797 797.937
175.948 873.856
215.008 133.086
891.007 471.866
637.508 820.198
43.0084 602.066
156.796 981.286
190.077 90.2353
947.696 396.855
560.547 854.201
42.1897 594.888
146.764 848.423
931.569 444.907
676.599 926.767
7.41132 612.119
211.657 936.792
231.466 103.026
630.422 915.268
7.57817 657.353
241.733 873.618
977.325 445.99
721.676 834.452
145.812 947.185
87.4903 78.2715
969.646 450.429
747.657 853.656
174.301 946.119
704.348 956.09
18.5136 657.912
134.456 959.133
971.405 385.223
714.615 800.627
154.321 971.427
848.376 398.468
677.281 806.152
88.7783 974.291
987.598 376.169
724.476 966.436
195.764 907.499
983.652 303.64
722.054 825.346
59.7207 598.843
208.968 929.22
693.123 842.807
64.9524 531.38
161.828 939.168
954.074 403.422
671.72 878.229
928.612 427.014
795.899 888.719
211.863 870.28
934.437 388.158
676.546 850.098
97.4715 677.978
233.997 838.855
176.159 28.0394
906.964 363.086
617.639 828.647
11.9289 638.923
152.506 967.72
200.345 41.2712
957.777 461.931
701.792 950.062
75.8056 835.455
252.586 88.3741
956.705 425.518
672.316 877.334
55.0786 501.944
109.61 814.153
216.755 68.1205
947.161 393.528
796.764 826.273
18.8687 665.296
106.338 925.481
193.681 161.226
910.172 429.962
737.605 875.585
206.248 950.886
150.044 59.014
939.399 406.99
717.862 830.835
43.3619 682.814
224.592 914.356
963.995 431.53
749.752 916.259
180.822 935.251
992.758 443.531
762.015 888.454
94.5953 730.862
129.485 945.35
200.534 65.5811
934.981 489.7
714.083 862.172
34.343 603.245
117.347 978.505
219.986 110.32
699.568 847.818
39.9619 589.539
92.4164 862.546
664.729 805.002
227.82 923.838
213.466 36.5548
730.683 897.799
60.137 608.074
158.408 937.849
885.224 353.085
688.071 865.634
126.559 998.972
961.606 478.666
746.832 897.087
202.037 949.767
194.899 61.8512
953.627 375.628
688.134 944.22
207.543 906.193
931.56 384.251
725.412 736.601
31.9481 532.522
178.052 776.442
187.54 194.921
970.376 433.598
650.665 843.621
76.2882 853.234
741.967 909.045
981.171 506.722
769.191 844.684
60.3623 536.015
139.527 903.538
974.909 470.742
663.201 877.005
48.3488 613.189
168.686 897.814
193.147 130.623
912.793 470.169
772.744 867.299
752.279 866.024
208.727 880.874
167.093 176.48
879.258 435.651
766.284 902.288
230.621 964.751
929.911 361.115
640.628 746.892
738.295 776.197
182.5 889.468
214.529 60.227
991.132 452.625
723.903 966.349
83.7484 815.064
704.255 841.257
65.9293 607.916
190.015 969.218
920.333 416.229
618.459 867.571
118.414 853.458
953.954 472.31
798.731 871.227
215.963 875.926
176.532 182.975
678.646 854.982
56.8637 634.823
170.464 910.096
181.796 23.9981
927.225 411.22
691.474 840.085
59.0152 871.451
685.382 980.516
193.033 846.146
174.598 16.3351
864.638 448.891
721.747 848.737
196.527 971.215
170.89 192.966
987.569 484.388
685.496 903.955
49.649 584.888
50.2406 916.943
983.534 457.719
654.425 900.622
24.5218 597.475
917.933 377.117
756.363 766.019
168.393 945.841
180.873 172.762
837.403 408.976
581.837 850.943
5.50377 583.484
106.883 824.481
206.589 176.426
924.336 344.742
722.675 812.267
178.693 945.413
88.5698 186.494
861.706 418.658
701.418 815.555
28.5416 599.429
136.092 897.728
931.824 497.505
735.669 844.786
30.0801 583.129
166.547 942.566
184.051 120.699
936.244 440.547
737.349 874.091
112.702 556.586
132.595 202.917
909.369 421.79
687.141 837.436
113.87 552.213
91.4339 923.053
168.55 36.2563
868.863 350.015
788.225 847.694
186.988 931.801
923.661 525.526
672.794 866.264
112.775 908.479
167.818 21.8577
892.908 441.27
713.052 889.503
241.608 902.82
903.889 482.151
738.521 859.58
151.189 872.72
965.316 479.941
636.787 759.324
62.3417 537.152
201.42 164.052
935.15 304.915
688.525 839.716
83.0178 561.218
961.676 434.453
692.12 872.378
40.361 531.752
117.594 920.949
250.707 115.479
747.265 885.443
17.5575 583.553
199.9 880.414
194.751 84.3135
869.686 418.84
681.688 801.753
25.8418 605.487
82.8166 855.034
926.544 493.916
687.429 830.135
44.4237 603.118
935.167 490.939
631.876 938.65
20.8698 531.323
170.209 897.936
907.495 447.657
714.499 837.417
60.2373 657.878
137.167 914.785
139.371 54.1883
637.907 943.755
2.56833 517.62
189.627 996.958
98.2274 194.468
973.631 412.151
685.203 899.357
68.4571 580.637
167.792 897.508
990.027 555.392
779.568 897.15
85.6017 968.853
206.801 113.211
953.849 481.658
679.56 826.043
30.6886 617.577
116.215 950.179
245.711 27.8232
999.971 430.64
726.801 840.464
21.4308 551.241
74.5112 865.322
198.442 165.991
972.655 476.569
738.095 884.054
169.093 958.693
189.169 24.1797
952.862 495.225
603.648 833.582
29.6659 626.908
167.723 919.621
104.328 202.695
924.135 450.168
684.784 869.531
928.366 462.592
694.898 912.552
940.524 481.623
714.726 813.794
6.78983 653.231
948.829 413.895
642.412 832.578
76.2197 555.277
117.891 985.202
276.536 90.1339
984.716 381.426
675.207 980.748
170.513 908.923
907.778 463.135
650.986 919.571
88.9647 558.412
158.404 996.559
188.764 63.6262
913.24 404.653
714.304 785.033
43.6704 558.2
147.125 873.177
186.547 125.524
932.656 416.262
709.271 755.052
68.7434 643.892
116.908 938.602
971.007 401.092
726.706 921.88
46.1907 596.671
155.351 840.376
843.921 463.32
700.383 785.233
103.584 913.777
189.178 97.6214
893.319 438.633
716.872 805.089
73.4604 944.545
200.392 52.4095
865.89 499.786
765.267 910.417
8.6654 618.511
193.159 979.862
187.441 90.3398
958.653 418.535
741.767 897.145
29.6207 679.855
208.406 926.464
724.735 844.912
14.9558 570.93
124.544 988.693
200.577 119.39
690.149 762.706
68.6231 594.323
130.961 981.313
213.37 131.981
981.455 333.487
604.645 884.087
40.8447 580.667
73.7959 922.598
196.071 95.3299
985.578 456.517
728.583 830.387
28.5454 555.504
167.201 994.271
977.727 440.058
697.057 795.958
17.7663 610.612
133.115 934.624
74.1502 205.882
875.837 465.601
662.261 853.035
30.4675 535.361
182.022 879.219
932.23 463.078
624.008 925.681
158.897 860.053
889.974 420.484
778.775 831.629
138.615 937.334
65.5929 114.282
603.421 804.76
16.1727 602.975
153.314 921.941
188.139 235.798
693.225 839.064
32.4638 631.48
172.659 882.392
899.847 490.864
698.991 865.408
246.415 60.1831
902.433 439.956
666.362 882.165
36.0601 558.154
198.082 996.545
260.24 130.363
662.626 844.432
89.2278 921.703
194.192 185.623
979.702 439.7
674.253 751.941
943.629 472.139
735.402 895.435
13.8811 554.395
93.4774 941.282
897.459 443.426
663.38 927.608
239.221 845.71
929.266 377.209
744.988 871.605
11.2881 575.901
278.695 955.306
684.327 917.104
22.2566 592.186
163.439 970.943
172.687 63.2338
655.491 862.662
73.7178 602.105
155.973 910.192
208.472 130.913
858.099 323.686
783.465 866.626
191.616 960.938
146.301 52.1229
758.021 859.415
47.5254 738.575
187.89 830.37
236.145 69.7918
973.774 453.611
714.498 885.931
177.091 950.109
202.371 75.1611
897.947 480.538
653.898 780.169
68.8317 535.152
115.21 947.945
960.819 443.792
645.219 883.183
172.419 974.578
83.2092 181.395
748.764 856.839
134.121 936.741
858.573 502.975
656.357 840.61
53.6329 679.64
153.6 965.576
193.03 33.6425
975.707 492.198
596.037 891.534
77.1838 672.871
191.825 989.379
252.611 145.271
963.663 382.509
784.329 918.268
111.64 953.144
236.115 35.7707
975.867 367.454
661.84 967.873
40.2992 519.723
145.662 976.526
979.974 491.143
747.782 868.168
147.911 921.603
937.539 369.999
690.733 872.432
189.462 897.602
890.534 414.149
696.948 765.469
247.674 878.284
966.61 524.873
723.071 798.89
158.296 909.068
799.55 382.507
673.056 830.12
106.626 968.299
201.17 183.949
897.424 313.1
587.739 807.362
18.954 656.233
181.746 972.811
918.797 363.771
695.433 862.261
11.9105 678.902
129.91 875.576
215.274 120.075
916.852 466.976
712.39 852.726
43.1653 861
215.248 0.124842
922.212 530.039
719.829 810.22
189.993 937.244
970.397 437.964
748.468 883.055
157.781 934.033
983.349 465.115
705.041 903.064
19.0233 675.246
81.6259 875.983
74.306 39.6663
760.183 874.231
204.965 152.504
987.798 485.601
671.15 883.525
31.1395 652.136
166.809 965.94
135.788 24.3322
962.73 436.3
594.47 848.234
36.1505 660.816
239.425 929.611
792.788 832.818
19.9498 562.654
150.728 858.345
106.43 27.7617
969.997 489.589
690.665 812.216
42.27 604.579
93.0058 839.298
202.017 42.5585
967.186 473.847
634.332 861.03
62.6578 538.559
229.548 872.73
46.5887 139.957
884.968 456.533
771.295 865.129
14.2995 610.462
148.794 962.155
874.193 543.984
683.949 890.058
221.375 60.5739
899.996 429.608
619.84 735.27
171.47 966.758
966.101 487.38
561.222 950.521
54.5149 914.295
192.265 156.218
696.923 902.529
30.0437 642.452
159.524 936.941
241.735 71.0052
995.068 384.428
695.195 853.364
188.693 931.011
918.573 446.663
618.556 777.74
188.673 954.834
180.909 61.5128
983.496 416.699
689.235 815.056
167.532 900.192
963.637 504.977
808.769 887.632
188.195 924.246
932.325 352.265
636.52 913.659
7.96538 565.123
210.986 839.936
908.635 343.758
685.985 869.037
169.387 896.321
208.449 71.364
924.792 464.6
781.974 748.326
31.4847 590.296
45.4654 872.349
196.235 100.06
905.776 335.192
692.71 871.292
85.8797 553.235
198.838 949.436
216.372 110.262
984.008 514.46
745.407 740.536
238.276 979.188
949.643 491.983
682.785 772.189
162.416 904.755
176.358 172.586
908.132 408.681
621.988 905.418
96.1147 983.993
899.526 489.719
705.488 746.831
39.2321 541.426
181.281 997.755
968.606 487.361
709.179 932.097
17.73 616.856
157.272 860.096
265.429 170.526
919.744 502.467
668.148 877.004
63.3463 650.468
847.831 535.484
732.122 833.718
26.591 666.599
934.85 469.334
760.746 902.226
134.853 953.463
46.3691 38.642
887.685 462.82
744.645 825.449
35.3144 639.371
158.924 958.318
851.758 497.083
563.187 911.464
133.709 962.192
933.407 513.848
751.899 772.01
34.6947 525.952
131.561 931.696
166.634 56.0788
913.426 465.978
755.102 840.716
2.84176 625.975
181.042 27.3467
892.316 500.194
798.249 804.077
73.1798 614.895
147.557 924.62
200.135 156.014
927.181 483.338
681.833 883.859
36.5222 645.016
130.34 964.038
835.958 461.767
712.736 734.981
43.5678 630.483
188.768 911.982
945.327 435.627
689.013 796.431
26.2651 606.07
156.818 930.319
915.85 440.195
695.28 796.56
158.333 930.929
164.594 182.928
977.929 449.802
709.12 867.068
953.124 479.806
767.209 925.526
47.5013 611.467
238.101 945.424
995.696 438.652
733.07 923.455
75.4321 658.247
186.998 855.537
225.261 175.395
984.63 475.142
749.597 769.104
26.4877 599.373
195.139 195.528
913.094 403.518
734.38 897.984
124.538 942.786
203.499 59.7476
969.572 406.139
668.679 904.679
669.513 910.415
16.2993 594.463
203.043 872.046
939.709 397.803
782.438 863.861
16.0586 548.16
74.2453 94.4412
713.179 924.314
147.54 892.247
185.818 105.833
636.092 742.766
142.38 503.524
145.799 901.321
620.426 859.798
52.0627 584.771
237.014 922.326
242.874 181.535
636.121 977.27
133.2 877.38
172.425 80.7931
949.865 441.198
692.097 854.486
21.0656 555.131
79.477 848.034
979.829 454.864
731.468 868.649
256.32 103.173
975.236 509.431
722.509 877.207
52.3502 585.137
190.984 909.233
194.471 86.0717
995.835 411.63
698.992 806.315
94.4033 681.375
116.089 857.404
686.228 941.153
200.486 143.798
885.294 404.323
641.279 808.654
77.1326 541.843
205.891 983.16
196.297 60.4218
963.271 391.29
738.285 856.258
48.4369 597.901
963.112 508.41
723.029 831.623
14.17 502.13
158.316 845.619
961.974 495.683
702.877 881.016
193.328 878.576
165.478 44.6379
805.084 524.862
737.107 884.158
46.3658 663.523
214.704 959.524
6.71095 138.78
944.829 398.865
704.294 881.285
43.6421 589.596
67.352 985.889
168.553 31.947
933.114 423.113
732.283 847.18
28.209 647.668
183.49 862.828
229.828 89.2306
901.755 418.258
645.693 842.443
11.3619 552.031
28.0882 925.078
712.176 894.012
49.7033 638.939
142.503 888.44
178.987 54.5038
937.989 485.732
704.709 865.579
216.026 899.708
214.724 103.344
985.24 452.825
713.064 832.999
70.8028 538.103
93.1236 971.178
136.994 194.389
980.372 400.185
656.591 942.428
4.97523 661.301
156.842 929.531
942.768 440.423
673.826 866.203
153.778 844.368
202.881 36.4074
990.103 569.821
706.862 815.794
68.4605 734.681
155.99 61.421
683.583 783.506
40.1521 554.48
77.5191 937.435
271.678 177.725
881.873 444.903
652.33 815.462
161.432 911.194
933.276 394.193
731.713 870.434
197.977 959.49
843.189 510.009
693.693 835.643
167.579 934.036
233.854 160.712
899.95 454.898
717.228 802.943
137.827 945.301
31.2588 39.7771
934.27 465.98
662.956 789.67
102.824 950.982
966.6 416.284
654.165 853.916
57.8703 889.362
937.912 472.846
715.528 852.505
16.8623 620.145
176.603 876.023
926.841 518.02
663.213 834.919
116.655 916.746
105.691 64.5946
941.695 516.993
723.551 875.518
207.568 149.654
725.8 854.508
3.31801 612.949
163.426 901.492
198.337 132.146
882.636 509.061
687.204 852.724
80.879 590.959
172.199 913.46
961.363 523.051
766.135 927.301
187.889 904.977
182.091 95.2675
895.168 483.252
737.718 836.526
139.704 954.15
210.347 116.6
911.674 458.787
691.387 900.534
221.499 870.02
879.056 550.573
728.459 887.611
20.0434 658.103
155.426 918.556
52.4175 164.878
711.043 852.171
2.62076 523.57
163.707 861.559
920.147 413.652
717.786 801.363
82.5008 568.353
129.112 934.023
185.612 66.4145
927.785 504.126
766.456 786.417
30.0669 999.595
175.132 39.1802
916.552 414.138
655.929 903.33
40.6235 620.643
153.589 946.996
708.102 899.266
249.495 951.892
102.947 66.7218
886.602 393.044
661.304 917.502
100.895 560.712
200.111 846.51
144.365 20.0764
851.71 418.393
685.305 907.972
15.9119 628.847
232.329 950.22
897.606 454.678
786.274 863.836
19.3035 510.577
119.474 206.305
798.589 460.883
647.262 937.963
1.50116 607.083
226.981 909.394
969.7 504.891
716.226 843.557
192.944 717.081
139.307 892.423
278.838 66.4302
929.82 414.403
741.611 797.033
242.218 888.044
965.184 447.948
754.087 878.599
244.76 930.547
196.442 161.59
934.742 485.285
618.981 810.663
82.5035 718.722
166.228 983.879
966.74 385.799
724.575 775.656
154.934 938.313
893.365 470.902
711.167 858.927
42.2172 626.712
192.22 907.623
948.576 435.3
683.236 830.417
11.776 533.091
156.405 867.836
187.232 144.484
626.123 879.463
27.2898 583.881
177.292 920.073
281.756 100.271
725.277 917.515
7.09721 597.223
23.5719 887.759
117.826 60.0652
920.884 399.33
693.148 967.68
5.79417 566.289
152.135 981.871
197.02 109.648
939.945 432.073
675.556 921.749
210.363 126.139
900.724 374.365
715.656 835.788
74.2131 606.963
164.05 949.137
934.147 458.95
661.59 871.467
18.1992 601.534
120.61 58.3998
974.406 424.128
664.154 883.109
10.1322 538.23
129.065 934.469
229.49 101.995
808.078 373.565
670.754 921.646
141.124 898.999
670.822 792.181
70.2709 614.194
102.043 862.676
981.641 373.178
632.741 892.888
11.8994 657.706
144.225 870.697
883.498 493.942
700.523 833.209
9.74911 588.262
210.07 921.283
906.219 466.29
739.45 817.582
65.838 579.835
205.051 928.455
161.083 26.2672
943.787 367.862
669.554 866.846
7.49535 588.546
207.827 49.5156
877.748 332.999
651.573 885.269
45.5083 549.067
147.129 887.389
915.762 480.091
666.683 855.068
26.7796 570.712
185.47 896.182
940.295 473.473
699.981 843.525
161.613 978.846
913.211 436.515
679.776 799.515
135.847 991.029
713.663 794.22
46.8039 616.389
157.238 969.776
178.729 157.34
984.228 346.931
703.274 866.741
13.9763 643.753
187.446 963.265
70.3413 69.4628
915.551 377.366
723.919 791.848
71.2898 681.63
135.847 904.765
10
69.4289 100.187
67.043 137.153
84.0864 171.415
119.392 183.649
156.732 180.078
181.067 150.589
182.198 112.391
169.594 75.6645
130.921 60.3398
95.1809 74.313
3
184.291 371.257
83.2778 311.738
91.4838 441.4
6
107.627 686.196
136.695 684.546
176.655 661.645
187.715 607.831
112.226 561.3
64.9443 639.02
3
49.9628 923.092
132.958 902.745
123.18 850.564
4
385.255 183.436
423.483 119.444
363.48 57.8257
317.329 139.649
3
379.085 331.247
369.183 377.81
389.697 377.704
9
427.312 671.348
449.051 634.766
440.653 596.304
407.792 571.668
368.982 582.983
315.878 601.994
325.577 645.753
349.167 688.714
390.138 684.278
6
285.691 918.151
364.572 999.564
424.544 909.103
410.222 843.298
382.814 833.18
332.536 823.617
5
706.852 165.683
671.313 79.089
589.307 61.0015
526.335 114.592
590.452 228.425
7
702.14 354.123
697.504 283.426
617.26 322.478
625 375
529.394 455.526
656.711 425.761
748.915 391.436
