1000 10
577.507 303.319
509.132 807.624
644.171 862.082
237.152 468.246
300.148 361.054
872.922 802.469
778.185 678.672
622.882 455.796
471.732 814.574
710.38 889.878
582.594 309.968
221.301 517.546
207.06 344.162
871.417 739.496
335.884 236.228
682.164 885.261
629.097 462.058
594.411 414.332
475.71 833.842
698.711 850.994
691.911 323.406
241.851 515.576
257.793 265.735
780.311 827.564
456.513 245.506
701.181 800.23
706.913 467.623
601.166 305.994
477.607 806.205
723.998 883.646
725.955 339.208
177.882 505.454
111.787 188.006
918.351 794.964
470.5 219.538
663.231 796.499
646.489 570.898
495.353 823.409
708.108 778.491
263.17 490.67
269.438 397.557
843.288 803.386
760.114 755.827
613.778 490.957
639.781 288.542
461.524 747.095
666.313 853.89
712.237 317.399
304.162 499.455
308.248 362.055
809.65 830.798
778.34 828.901
709.653 440.15
682.951 214.893
467.137 717.677
722.691 801.408
248.591 493.854
229.76 315.635
789.115 702.887
378.827 301.403
806.422 716.954
836.532 546.07
665.787 298.361
457.936 837.529
644.89 803.487
637.939 302.768
272.008 459.115
851.57 705.732
406.598 309.16
754.455 688.098
781.077 435.971
697.557 323.893
545.883 719.463
704.796 821.349
549.767 353.312
222.713 293.624
902.028 780.494
459.524 190.88
685.075 765.199
700.431 449.105
684.069 348.36
446.895 761.013
635.315 959.542
598.061 293.869
311.07 460.008
250.38 307.979
859.817 762.564
736.994 746.033
821.94 417.915
487.268 629.092
675.5 818.967
626.843 315.752
218.471 508.836
269.364 219.981
801.213 823.455
430.155 294.764
666.67 789.644
698.856 458.103
504.746 838.063
698.312 815.993
755.482 285.22
272.642 469.889
322.395 277.791
844.743 679.916
403.696 297.616
721.582 760.981
713.997 481.315
586.619 324.439
488.553 767.179
719.295 836.111
610.453 296.79
218.346 480.325
332.997 295.641
876.603 802.644
467.779 150.483
697.431 691.979
730.452 508.809
727.554 287.969
554.235 731.52
613.755 912.696
606.899 283.362
299.6 549.087
183.839 268.511
873.723 738.506
417.672 206.221
753.574 748.389
717.998 475.23
479.355 722.664
696.567 833
342.938 540.845
287.838 332.56
880.372 709.612
378.987 185.079
779.09 745.393
726.354 479.956
625.222 875.051
263.785 514.206
287.132 323.512
900.892 793.506
335.711 238.957
762.312 772.088
785.473 372.098
504.228 828.578
774.59 867.057
704.32 321.505
314.631 455.371
214.013 339.991
879.252 791.434
343.828 240.397
724.521 839.172
734.014 446.422
591.044 299.585
575.158 771.521
663.037 820.761
585.122 239.417
323.533 479.216
309.433 265.056
752.755 827.836
341.274 316.778
686.02 765.117
686.981 476.575
608.289 282.275
386.232 793.065
742.955 891.27
640.815 295.315
264.636 412.138
258.299 354.936
845.753 798.383
429.16 225.857
757.411 700.621
544.807 275.674
510.719 736.256
759.877 852.506
733.972 244.452
292.624 489.535
202.963 225.387
792.69 742.278
751.324 799.601
693.658 465.455
485.633 767.613
641.903 830.09
176.11 443.947
307.632 269.282
843.374 839.133
411.723 241.397
723.25 820.599
697.409 442.533
500.783 794.163
734.117 845.593
136.579 442.028
241.678 325.261
833.224 857.552
401.271 235.201
770.501 807.202
736.816 417.824
627.989 310.573
440.918 777.133
643.465 912.281
289.064 465.884
305.983 253.527
824.989 746.206
361.317 246.994
735.687 780.095
714.864 456.931
612.021 215.536
549.539 782.567
645.863 880.106
273.652 532.39
231.354 387.256
938.17 808.233
389.25 291.44
690.414 718.21
658.991 486.155
710.19 335.561
425.637 785.424
733.909 872.828
240.779 526.101
228.76 275.968
770.206 781.802
467.27 165.595
800.25 764.954
682.6 483.668
711.642 369.16
513.083 794.615
756.621 797.627
568.98 253.052
245.773 508.462
239.38 293.755
884.785 790.676
331.457 242.756
678.506 752.825
715.565 477.538
640.232 293.62
485.438 798.299
683.944 956.79
653.322 311.781
318.991 505.723
204.909 238.74
852.722 829.265
383.356 265.987
761.59 858.497
670.106 480.332
652.865 309.052
481.23 732.022
736.604 901.097
661.975 342.446
293.245 479.906
225.051 290.12
836.994 825.584
455.133 263.914
751.517 837.003
701.742 476.351
767.034 353.866
460.525 925.149
658.717 862.447
730.904 301.187
186.767 473.181
197.822 416.534
780.589 805.869
393.966 234.666
717.068 815.731
667.112 547.512
467.253 777.14
672.358 908.741
724.967 282.695
267.31 495.069
291.261 275.858
834.466 788.652
386.672 300.615
871.4 788.879
748.607 541.252
553.036 394.892
658.815 750.381
717.338 889.188
236.959 569.121
238.435 229.369
803.006 842.799
436.212 244.666
765.946 861.702
680.816 481.309
649.68 307.538
481.667 820.486
642.367 947.271
592.241 296.304
190.529 477.678
88.7388 360.711
802.73 797.889
783.165 852.076
707.894 552.069
586.932 296.252
467.4 740.619
654.516 832.205
748.746 382.94
179.576 453.851
210.149 357.842
803.324 773.977
392.021 171.6
751.631 807.606
674.995 487.797
376.503 745.99
780.555 837.874
329.843 458.726
259.259 342.705
762.941 733.485
475.2 214.605
638.518 779.385
702.459 285.961
535.557 812.264
636.524 825.883
666.723 276.443
228.071 508.169
177.734 311.188
804.895 782.39
655.93 847.607
651.251 510.733
642.668 262.364
485.226 796.412
603.77 856.465
708.314 281.947
401.432 518.911
281.474 335.593
817.489 819.948
403.466 254.353
713.511 772.329
527.684 381.921
453.11 740.142
667.965 882.96
600.973 257.125
282.862 474.953
223.647 357.792
810.634 822.273
424.178 257.693
798.328 766.678
625.378 507.433
643.629 255.662
499.888 819.971
718.194 891.033
258.102 454.14
262.561 297.941
858.451 816.988
445.736 241.619
624.343 837.437
725.901 529.771
436.068 681.709
730.6 836.535
295.208 447.567
212.1 306.806
756.043 728.558
375.147 198.909
733.01 713.667
709.37 437.847
402.71 779.074
719.729 821.31
253.955 571.695
303.906 331.299
775.427 825.821
376.772 201.452
736.742 837.062
734.041 501.794
637.961 229.912
483.512 848.863
714.325 795.261
667.691 342.915
275.493 535.705
210.319 301.522
763.495 812.973
450.163 270.801
752.262 747.535
754.118 469.065
544.509 745.109
668.221 853.462
328.262 464.709
189.939 291.072
912.053 801.555
418.46 167.02
633.924 735.704
690.074 501.867
654.091 323.061
508.45 792.575
734.137 828.929
369.478 488.219
293.896 387.949
746.383 739.873
390.268 178.59
714.568 845.921
680.726 482.238
638.615 253.363
442.765 738.729
741.334 851.012
660.113 323.448
287.219 604.989
281.897 280.557
823.677 911.399
339.96 264.472
753.602 677.428
494.152 711.906
608.503 810.127
526.859 284.089
246.041 438.695
177.357 364.372
771.472 816.549
387.492 253.181
793.619 863.914
607.383 516.441
651.659 279.766
467.58 807.87
617.022 847.395
318.907 455.87
306.076 274.572
869.292 817.554
356.745 267.227
778.492 755.282
715.458 500.296
628.428 287.09
469.586 838.775
607.345 945.734
318.657 436.292
292.559 309.253
853.407 760.408
298.912 236.919
773.615 803.263
751.509 542.384
597.889 311.162
578.518 794.109
700.607 830.683
246.419 493.364
217.123 303.796
889.318 799.784
404.178 207.842
737.933 770.833
728.093 433.685
657.408 289.798
520.544 696.63
773.358 922.506
704.754 360.978
332.489 470.372
266.002 359.844
820.67 719.295
446.654 264.356
823.507 748.7
737.513 520.873
622.581 277.251
506.071 802.624
660.965 849.657
602.099 299.957
268.299 475.457
319.176 296.793
931.013 751.189
412.559 185.925
699.147 865.235
660.729 516.474
690.834 226.347
392.838 762.373
689.63 856.256
208.598 516.014
350.957 320.192
907.514 813.974
400.024 159.728
732.158 857.36
594.663 514.552
575.512 278.414
478.806 800.017
700.013 957.673
244.927 503.877
226.936 289.642
866.89 838.936
735.302 779.219
653.828 266.921
526.258 806.275
706.514 866.287
302.239 495.195
228.347 305.275
849.259 787.839
276.142 184.471
741.71 777.758
719.937 454.236
613.954 258.488
579.496 845.833
675.362 874.546
257.127 484.316
174.304 428.147
878.844 820.959
465.304 184.334
662.748 772.505
719.051 367.471
554.649 794.515
707.923 803.644
265.374 480.423
229.101 367.087
806.569 820.345
463.312 260.652
708.892 750.987
681.682 541.304
671.863 334.535
427.589 822.92
728.043 917.758
224.697 451.189
315.546 313.081
893.467 767.104
372.224 250.64
681.779 798.828
723.461 546.946
648.592 310.77
510.162 775.246
735.267 863.348
652.155 318.686
301.228 483.912
810.766 721.995
426.827 209.118
816.856 821.289
726.044 474.363
628.982 290.805
506.519 763.442
643.584 844.447
635.542 272.08
262.331 435.508
282.887 378.447
862.573 743.371
451.004 264.401
690.51 790.512
647.798 531.669
455.85 728.528
703.329 878.187
646.465 454.501
254.778 497.555
297.681 313.728
830.75 828.147
521.555 269.932
731.443 837.304
667.707 493.789
635.294 321.193
518.715 800.948
673.171 844.092
662.926 424.414
295.943 440.587
260.481 277.3
793.836 768.578
344.095 187.493
672.907 837.145
662.052 433.718
625.189 322.411
419.752 763.571
659.007 939.113
651.008 325.994
264.175 474.989
235.015 300.08
800.903 735.185
337.901 230.019
682.157 803.838
670.811 438.242
576.937 327.628
483.326 751.572
717.542 850.862
293.544 419.248
296.908 334.936
728.036 862.881
361.673 240.806
636.289 796.408
649.996 460.061
468.12 700.97
680.842 790.41
231.108 505.21
239.628 298.712
855.668 750.812
492.018 268.382
736.775 834.78
644.794 452.902
666.942 188.59
574.374 817.871
645.731 853.444
710.385 317.032
280.519 443.999
228.771 299.746
789.225 813.192
444.339 231.034
722.477 723.123
647.758 490.864
632.279 326.918
545.012 801.566
690.248 904.522
601.346 267.237
227.291 424.756
303.2 292.316
836.662 759.019
823.54 651.952
764.443 461.587
668.386 323.724
501.607 786.619
643.662 825.794
735.444 385.292
258.95 566.209
270.858 309.922
769.15 812.724
391.164 272.814
675.088 747.327
718.464 479.116
499.226 852.535
658.167 836.87
197.268 527.681
302.052 282.219
775.408 791.24
453.543 274.454
835.527 831.482
726.299 577.613
519.478 314.307
447.149 870.932
656.917 795.988
211.342 523.472
255.974 270.006
748.432 745.198
344.96 251.112
725.043 745.345
809.001 386.519
381.804 805.141
669.177 906.207
676.591 256.2
195.097 447.074
373.003 343.004
834.612 803.571
366.916 245.081
731.379 792.47
652.91 509.306
442.201 860.744
706.433 908.465
307.937 486.633
305.597 305.567
863.943 775.955
378.211 286.043
786.712 757.257
685.77 431.929
709.065 325.234
433.591 798.175
783.034 832.346
306.789 448.552
311.323 297.1
796.485 796.375
332.622 197.345
729.448 730.635
700.309 474.309
442.501 825.12
727.228 847.547
554.223 340.237
296.641 542.058
218.999 291.089
779.838 813.682
387.129 203.388
698.333 731.447
603.261 462.321
481.609 754.322
742.23 899.608
301.743 524.197
265.649 378.005
894.687 824.923
664.842 782.183
677.154 483.096
609.523 190.595
484.553 768.095
669.059 837.267
210.83 486.315
145.555 345.071
794.08 849.404
481.367 212.634
700.177 816.535
701.529 517.043
568.96 220.054
443.692 700.602
734.862 909.998
308.607 465.554
270.417 329.616
839.988 780.167
404.538 310.821
745.033 729.905
629.715 469.781
706.902 326.248
494.178 693.665
641.473 932.831
647.168 322.358
204.507 530.251
795.157 889.402
304.104 297.251
686.699 837.546
788.603 374.799
655.599 227.423
479.786 822.237
726.33 824.601
656.452 323.378
335.864 541.651
207.222 281.458
854.856 864.549
359.199 196.343
784.601 707.054
656.819 498.621
689.125 279.571
535.438 766.755
703.084 976.4
305.125 502.088
252.379 270.071
813.162 780.524
439.686 196.524
766.985 785.521
674.599 457.89
624.895 437.755
576.819 804.332
664.302 895.295
275.461 489.279
215.366 348.379
821.442 706.142
387.265 198.967
668.626 793.108
750.844 408.045
551.381 360.297
562.225 850.114
664.488 827.207
586.523 443.134
284.079 480.368
241.732 301.336
832.455 787.551
401.835 173.905
692.521 806.467
744.914 449.578
635.573 321.324
520.251 747.077
669.239 782.816
329.181 502.973
156.411 322.77
884.05 841.626
409.125 208.629
690.85 763.243
805.074 502.731
540.344 282.822
486.573 788.402
608.182 826.543
301.978 454.127
171.715 423.455
803.94 705.437
373.042 195.374
734.444 875.377
664.702 440.597
550.567 389.746
452.96 681.89
749.087 827.71
564.42 376.325
300.17 543.638
386.569 266.541
756.486 784.556
405.723 277.162
765.582 875.102
644.829 455.05
445.33 728.974
576.682 857.619
619.71 430.407
290.956 506.426
228.834 292.454
824.558 835.488
403.643 219.554
799.687 794.164
618.266 527.996
420.435 708.017
736.136 925.811
625.406 312.698
312.148 394.842
289.124 312.934
899.597 838.609
342.358 245.913
694.948 859.644
723.922 532.074
608.809 244.296
542.022 765.187
628.001 875.326
265.339 441.851
176.893 270.795
782.957 849.834
380.622 197.573
693.602 787.31
747.762 473.179
630.214 322.307
554.684 821.673
715.33 882.914
641.002 436.217
298.401 471.7
178.968 310.819
887.991 828.499
344.553 186.611
816.672 701.851
730.748 432.154
395.381 808.176
706.832 886.87
647.92 321.904
253.022 484.455
191.643 264.634
944.957 767.521
293.03 286.657
781.22 763.723
684.754 259.844
559.587 736.229
630.43 899.004
615.615 235.257
281.243 495.92
258.807 227.596
814.327 675.707
439.61 191.361
649.663 758.106
707.404 419.884
655.566 335.45
452.271 801.024
687.583 809.86
611.855 462.81
287.776 591.987
273.595 374.574
854.404 790.73
362.595 265.033
834.355 830.077
753.686 379.897
472.308 698.97
723.976 894.792
288.905 479.547
246.255 381.025
771.193 815.28
345.424 288.166
756.696 780.511
814.37 436.326
642.685 328.806
529.299 828.646
690.506 791.602
653.543 316.016
337.273 517.787
281.128 330.28
824.501 854.938
423.937 244.478
801.293 763.753
730.375 491.351
652.256 270.335
560.427 725.99
652.449 870.282
572.631 453.001
243.807 448.627
198.293 324.81
861.974 818.656
312.554 248.37
736.905 792.367
667.371 479.311
468.5 726.091
671.288 728.747
260.208 526.77
134.383 355.445
806.065 809.831
327.922 249.93
812.329 718.567
715.701 461.163
653.049 274.587
525.445 755.003
627.324 912.23
602.837 288.948
217.993 457.674
281.069 294.19
790.819 823.504
397.144 272.93
765.651 849.768
718.818 491.304
748.257 321.208
558.636 742.829
683.919 926.425
640.815 282.146
302.651 507.114
215.695 249.536
743.648 777.461
375.208 278.453
733.943 757.358
700.873 493.953
439.203 731.632
691.332 919.264
673.876 420.148
188.286 479.207
303.488 269.996
848.923 841.401
416.316 197.393
712.736 777.652
685.195 418.073
563.622 277.968
472.9 862.484
645.242 855.598
655.365 308.607
223.095 546.402
283.015 394.691
819.864 837.606
411.206 168.151
698.509 767.068
711.087 427.949
631.255 303.326
522.081 835.917
692.966 866.517
743.158 328.125
194.17 475.846
273.189 338.622
800.983 720.921
427.29 262.584
722.533 815.225
700.096 443.377
431.6 801.263
648.683 921.208
343.162 571.66
183.419 320.7
780.451 765.2
387.134 211.052
609.609 687.161
615.422 442.997
720.973 281.154
454.643 779.926
673.042 886.259
633.168 268.769
278.558 475.904
200.869 266.977
816.027 838.288
483.121 234.538
769.636 748.65
800.383 385.654
644.116 299.664
552.877 727.211
639.676 737.533
699.145 293.304
221.016 533.167
276.92 362.653
778.267 770.152
726.788 781.019
677.334 419.557
680.877 333.917
557.282 870.693
556.561 829.24
325.575 476.294
843.823 846.243
294.823 303.193
743.832 835.682
737.011 421.826
567.245 350.064
521.113 730.007
715.953 894.025
211.879 516.023
282.219 249.3
840.522 764.492
311.897 202.13
750.877 754.682
727.838 456.055
592.005 291.61
509.231 802.082
678.2 806.859
672.476 260.388
249.353 524.841
309.149 268.382
818.145 781.532
369.585 272.077
657.001 655.375
644.925 473.616
522.422 684.391
712.006 787.9
525.883 270.506
267.25 448.683
231.839 272.384
834.829 843.997
384.585 172.214
870.545 847.638
661.702 550.896
561.161 395.279
558.396 754.447
724.281 775.508
323.637 488.071
208.091 362.09
763.474 765.227
470.871 209.01
719.704 856.269
710.001 459.935
560.982 243.482
488.607 704.675
705.141 901.768
585.828 263.508
125.496 515.439
286.52 329.84
868.337 759.729
398.432 177.969
789.158 824.599
802.918 407.529
625.747 295.023
455.041 776.247
639.151 912.664
576.293 319.48
272.834 537.643
300.011 323.091
951.246 739.649
409.977 184.176
776.401 747.907
649.67 500.862
657.053 279.699
441.357 707.155
734.885 938.818
708.711 186.491
258.261 210.433
914.06 761.82
405.473 216.178
746.386 802.789
698 455.368
645.183 310.647
3
56.5308 159.262
180.138 161.267
148.797 51.6518
3
56.5615 368.495
126.624 457.805
139.444 372.557
8
189.065 606.983
169.911 582.197
117.571 573.689
113.229 618.161
44.5264 662.18
101.81 670.568
149.964 727.551
144.546 638.947
6
122.632 818.917
75.4545 846.263
74.2159 901.25
136.534 936.813
171.424 896.676
179.604 847.315
10
373.201 174.594
395.768 159.67
434.705 155.318
444.084 110.055
416.779 66.1255
374.814 91.1
344.347 86.3818
295.764 98.9972
254.795 159.291
330.359 185.851
5
395.061 364.257
366.504 356.311
289.416 374.032
352.638 398.997
449.747 406.074
9
369.165 564.36
324.189 578.612
325.097 610.451
343.866 661.118
349.666 704.366
411.487 669.052
435.376 637.568
427.673 611.694
434.584 569.992
4
420.843 817.193
317.126 871.13
324.269 922.983
399.723 915.194
5
685.015 94.8593
603.629 80.9732
625 125
638.932 160.872
700.694 154.158
5
598.718 310.348
556.181 365.647
615.774 426.491
674.622 419.357
719.932 375.659
