1000 10
317.503 957.707
632.017 756.931
285.244 348.528
510.825 731.901
759.664 162.51
286.089 973.944
670.975 875.01
314.526 330.278
527.568 707.801
812.677 154.978
255.598 965.507
623.171 844.199
355.432 320.112
442.392 638.117
593.569 78.1843
351.645 965.345
614.369 809.698
310.8 363.909
526.864 731.841
299.404 947.993
655.577 827.149
555.924 632.312
743.913 157.601
257.498 963.132
740.608 816.323
327.075 340.234
492.845 725.08
788.883 136.099
321.479 943.766
611.392 955.865
340.694 436.52
485.579 710.965
304.232 846.041
773.86 777.591
615.731 692.619
344.489 932.176
699.121 739.248
236.837 396.69
510.907 745.33
761.147 57.0024
269.262 884.078
611.124 880.619
271.181 362.998
576.215 755.179
228.532 832.833
636.225 838.019
287.118 456.681
498.957 734.66
277.328 953.831
622.408 874.679
298.841 352.81
497.634 732.242
706.155 62.773
328.851 830.201
715.8 797.057
366.542 299.605
541.765 748.771
693.723 87.2001
288.365 955.772
648.174 844.633
565.22 724.385
327.556 923.464
583.175 814.443
305.475 419.894
612.218 730.861
304.84 911.261
655.65 882.497
544.372 731.512
848.113 108.663
552.665 796.537
304.917 429.703
516.616 750.487
717.755 76.2307
362.464 927.021
631.697 772.801
551.742 672.437
662.42 863.303
229.819 424.118
570.026 687.8
698.181 852.061
465.517 696.718
723.44 174.564
235.584 906.666
642.045 774.859
578.196 654.024
271.479 878.738
712.377 864.861
532.494 597.358
692.909 77.6614
294.606 932.642
606.599 848.304
296.503 372.091
553.954 728.165
244.695 891.385
585.047 819.566
361.413 301.716
490.792 695.617
283.272 898.357
670.064 871.961
324.213 327.476
574.348 703.888
613.093 8.62871
247.483 890.444
602.005 758.507
501.258 752.739
604.504 848.114
284.542 389.034
524.799 760.538
606.112 154.491
291.77 904.778
631.36 805.856
305.27 341.44
557.824 693.253
269.172 901.695
681.872 807.26
293.337 314.865
558.968 744.802
773.699 115.648
229.066 852.852
682.963 836.12
278.42 515.595
558.042 738.665
682.398 36.9138
262.833 919.706
641.51 864.284
303.33 431.02
498.069 745.016
751.392 114.72
267.783 873.111
654.533 821.98
306.344 385.974
486.209 710.93
657.801 51.7231
659.709 816.697
561.939 691.753
277.209 864.943
597.459 884.284
459.055 788.346
283.55 939.605
679.162 824.398
469.14 671.174
597.183 819.123
243.767 393.349
518.443 721.128
686.685 914.793
298.761 308.934
539.927 728.042
310.893 962.206
654.478 826.86
326.417 320.134
509.51 599.95
592.395 200.795
211.594 949.681
678.176 796.576
360.624 271.039
606.61 757.184
253.014 939.87
752.552 833.544
445.608 409.026
527.956 694.424
560.588 842.213
273.085 388.257
532.098 693.898
238.522 881.768
703.686 890.838
601.542 742.96
356.127 936.506
693.956 854.586
475.86 701.036
773.499 61.0614
287.814 889.476
713.092 915.034
307.048 359.861
542.959 697.406
780.056 94.4182
603.701 855.319
286.251 324.051
442.899 755.19
656.657 760.953
544.065 703.771
713.761 80.2033
224.854 886.151
662.777 820.251
485.207 729.414
737.14 104.088
325.478 921.319
720.095 876.116
540.752 614.503
313.338 946.765
747.648 817.742
321.306 415.014
544.948 608.63
636.216 903.68
296.224 367.613
469.493 724.578
749.386 101.9
264.197 948.073
635.763 800.977
272.758 394.529
584.471 685.2
750.196 159.971
197.642 921.67
661.027 813.994
292.45 362.151
526.563 781.01
291.671 812.651
710.936 819.522
211.588 848.146
672.525 778.804
295.531 427.517
533.277 704.286
274.814 884.446
677.017 769.5
290.53 409.686
575.938 677.711
778.78 174.404
581.542 800.639
256.095 400.622
620.327 658.432
232.68 918.234
555.353 801.168
332.756 434.211
515.422 718.906
292.142 886.939
641.532 787.764
256.229 345.242
589.96 738.312
281.158 972.546
602.758 773.313
499.094 685.233
718.411 86.6617
250.005 971.788
641.676 908.445
526.243 778.712
672.556 62.3206
721.696 798.616
530.332 755.627
651.231 883.797
576.07 593.41
682.814 886.201
524.71 789.544
320.417 885.035
629.047 828.056
397.025 451.804
452.68 768.576
736.935 164.328
261.178 878.369
729.058 877.311
280.094 435.321
511.352 684.951
782.622 196.604
189.396 914.893
682.88 905.503
524.57 701.349
740.845 64.2215
611.553 835.04
312.512 333.5
561.613 733.079
242.243 963.673
581.234 800.014
217.62 429.636
510.202 771.414
262.589 879.418
672.715 822.516
297.877 316.262
573.266 768.935
610.764 793.401
290.635 380.241
519.015 694.032
667.186 24.3911
272.425 866.784
700.756 869.878
500.172 777.079
731.142 120.92
236.924 972.514
631.563 855.324
263.69 383.731
424.044 652.063
737.521 53.6651
250.143 794.462
647.132 882.992
293.207 366.689
539.025 718.317
269.639 973.832
710.439 834.401
305.869 330.915
539.176 690.575
710.47 103.994
288.208 949.974
657.413 758.257
303.331 332.346
526.724 689.955
690.878 86.0029
264.99 994.831
630.817 853.863
539.749 699.47
728.226 11.0764
275.684 866.195
558.516 881.696
524.427 681.025
717.692 8.86803
245.041 988.791
676.339 905.293
551.664 751.241
662.544 65.7701
294.767 885.118
656.75 865.787
308.793 354.481
615.138 646.096
771.835 93.8371
263.723 917.121
666.203 850.642
309.633 331.906
544.322 753.285
367.933 940.452
681.349 885.566
473.582 655.747
219.254 946.17
602.604 801.848
292.712 381.107
502.107 661.627
673.294 63.3047
267.212 919.478
623.107 930.219
581.097 676.939
724.209 10.7495
274.043 898.539
590.47 816.892
658.23 723.45
279.265 799.258
668.797 884.299
521.182 605.09
706.417 76.0102
323.599 926.566
668.626 790.761
566.65 710.531
611.669 87.3437
233.682 901.731
649.687 831.883
282.832 411.288
649.98 642.869
259.23 951.829
672.724 833.865
311.544 309.114
599.469 688.569
726.56 68.0215
211.313 944.288
731.831 831.685
580.551 709.187
720.858 82.2903
242.568 934.021
699.305 831.842
309.703 363.685
548.271 638.608
665.208 57.6602
302.08 968.061
567.452 835.448
606.915 701.494
622.232 828.733
286.245 367.241
443.901 671.8
814.213 147.988
270.273 880.497
604.619 946.645
508.076 686.567
340.612 933.73
666.704 789.014
586.623 676.862
724.054 189.387
261.47 821.58
665.862 813.986
319.917 409.116
605.206 619.248
257.748 991.482
665.516 795.163
267.509 344.93
561.781 709.46
659.525 45.5983
260.981 958.252
671.022 776.017
508.015 717.949
723.26 112.768
250.496 960.019
678.169 915.399
567.059 745.549
640.31 42.497
260.714 820.043
650.426 821.335
409.623 440.022
453.245 699.306
325.188 816.917
625.445 903.069
334.192 296.155
545.447 684.702
774.785 130.121
687.62 855.43
325.925 332.373
537.745 736.798
649.366 51.9291
698.093 848.213
275.156 497.433
494.546 708.385
606.309 88.7311
232.449 944.036
695.966 936.606
607.097 630.714
253.745 961.385
690.565 865.115
447.429 755.69
326.657 988.912
588.628 786.505
300.817 437.372
519.756 780.169
676.345 847.756
544.083 706.157
628.364 18.1027
307.38 907.477
592.399 780.547
296.653 323.091
575.632 719.906
315.486 883.786
623.683 862.641
529.071 702.493
757.06 61.9876
273.4 887.441
642.577 869.326
288.748 363.119
491.213 777.371
410.424 887.99
655.577 845.335
293.482 341.346
578.182 658.639
725.777 109.173
345.029 788.285
608.93 798.681
289.441 440.056
489.028 662.155
640.055 185.709
681.075 877.497
514.205 740.438
650.158 14.2053
699.873 755.034
303.053 326.08
662.68 735.988
757.344 101.791
234.378 908.705
593.571 910.216
558.729 667.736
773.944 138.357
288.23 908.33
556.806 869.506
298.317 258.326
575.285 713.778
229.055 909.47
673.993 863.726
298.383 357.362
497.976 671.591
271.771 914.277
655.459 838.581
499.536 758.284
716.848 87.3402
249.225 967.714
567.62 879.047
318.775 408.76
516.109 654.548
255.118 842.832
696.047 883.837
313.386 356.387
480.466 637.119
305.894 880.08
657.912 833.351
317.922 340.247
513.111 664.898
826.363 227.121
276.547 965.726
605.049 875.257
265.675 408.283
601.841 666.694
240.147 971.334
602.888 917.201
301.158 439.491
524.324 613.081
686.658 19.1764
234.626 978.23
616.413 813.813
355.638 429.352
609.453 650.171
195.752 897.71
704.879 845.274
303.957 369.753
493.599 695.226
261.925 994.161
690.007 859.6
429.089 649.187
224.07 919.427
692.315 852.194
485.044 650.412
274.134 818.495
661.341 879.278
296.621 331.136
498.325 767.468
767.957 174.395
296.889 757.578
707.844 852.598
450.235 679.569
294.769 877.801
654.551 903.833
295.122 355.224
499.634 721.748
270.798 911.01
621.726 940.493
441.745 843.224
650.837 40.1977
625.597 883.162
316.029 444.48
498.219 809.377
293.783 920.602
607.921 799.889
351.331 320.198
503.669 702.414
690.442 87.5513
336.586 944.319
717.853 872.026
273.474 341.601
567.662 707.528
819.382 148.257
210.838 846.547
634.82 778.608
484.866 749.26
681.3 30.8703
237.689 816.14
709.801 830.407
298.941 433.892
509.018 695.387
305.384 947.92
674.065 935.993
321.309 416.263
522.928 666.736
729.4 86.9354
598.165 889.46
616.933 739.616
315.359 920.296
642.49 866.343
288.644 414.297
582.157 685.614
686.052 76.3964
698.722 864.693
294.356 387.865
456.886 638.008
312.626 896.137
666.554 856.095
562.172 664.118
720.354 112.978
182.058 945
682.3 774.5
273.663 307.656
523.571 724.432
733.707 75.1257
753.038 799.08
518.521 669.976
730.573 221.324
306.707 837.273
658.802 820.759
454.467 727.815
713.893 98.4508
287.26 798.241
674.989 850.11
507.848 749.596
643.19 945.595
538.002 665.615
538.108 795.63
418.64 424.495
519.383 714.287
698.346 933.483
282.845 359.915
472.883 673.287
706.422 94.0064
251.16 836.617
635.505 827.078
397.294 295.737
528.909 729.955
721.066 749.994
229.924 429.422
469.866 699.795
742.358 86.1267
245.739 809.515
574.186 841.522
276.076 356.49
552.578 756.916
245.03 917.804
598.791 903.187
367.215 300.639
631.322 713.644
653.97 60.952
574.26 916.637
718.551 690.148
727.202 82.7373
297.744 926.656
661.91 902.107
568.847 718.144
721.578 40.0467
285.16 947.181
666.518 841.873
329.424 292.879
553.63 716.717
722.109 112.231
275.728 995.291
642.339 706.963
401.485 431.243
469.567 665.185
234.696 824.092
686.231 842.447
311.022 411.183
463.056 746.187
307.268 909.011
614.849 883.696
308.302 497.353
552.967 758.184
664.879 870.153
448.989 690.981
287.685 951.461
621.616 874.063
322.253 349.06
463.894 751.048
558.338 138.278
331.512 936.49
700.274 888.809
291.655 357.002
479.498 662.335
251.051 964.983
669.832 804.234
512.007 683.653
727.997 102.492
300.955 864.947
674.315 900.845
479.091 733.651
713.001 98.0916
307.349 904.001
642.983 769.549
465.914 378.096
611.963 587.489
647.032 815.86
319.424 432.68
537.514 736.295
608.673 88.6292
632.286 879.148
286.833 391.765
462.428 768.1
720.848 89.7183
235.57 860.984
635.04 868.531
351.643 435.582
501.686 743.149
674.876 48.9445
357.843 784.234
647.617 845.568
367.284 274.12
518.003 759.198
742.095 177.85
282.264 832.938
568.576 897.515
268.035 345.972
474.615 715.964
244.007 958.403
565.113 824.326
389.138 443.361
591.933 662.274
698.512 92.7005
283.154 914.493
758.042 867.677
384.954 257.324
514.162 703.182
281.651 842.864
664.839 788.886
272.447 376.928
484.374 712.275
308.519 985.754
604.625 820.362
572.088 671.554
638.07 67.9877
250.909 910.126
637.844 883.368
294.968 375.897
468.334 684.036
752.962 118.095
617.619 817.99
482.474 683.202
771.772 88.78
266.262 976.926
603.484 894.339
285.097 334.592
586.937 749.932
679.838 73.2651
713.135 873.206
289.129 341.034
587.415 748.69
303.107 857.71
609.178 796.084
334.477 449.101
516.31 690.567
746.942 150.745
336.123 946.229
664.947 792.329
297.674 358.178
541.198 810.528
256.118 903.295
683.468 797.221
305.733 283.807
473.412 737.001
263.053 903.286
641.703 909.925
502.642 725.035
717.008 46.2906
629.155 889.154
332.672 456.849
600.102 653.939
706.904 74.8738
265.315 902.577
673.051 874.087
304.972 389.02
548.309 774.294
281.696 964.033
659.612 848.239
290.539 324.153
560.64 666.377
814.638 35.7597
285.837 787.798
644.699 824.058
350.904 318.951
516.312 764.28
722.017 73.9907
220.577 946.639
651.262 817.995
283.12 307.874
523.927 757.663
278.157 914.086
674.33 766.837
507.414 626.257
751.051 110.976
310.368 969.308
663.236 810.28
290.064 392.075
472.342 780.25
724.619 104.372
234.746 893.867
616.734 854.275
456.866 710.842
744.259 130.928
313.769 966.77
713.174 811.874
301.031 418.419
555.589 724.69
273.471 927.831
736.219 911.477
353.763 257.266
450.408 723.348
739.247 126.602
328.963 933.444
639.116 889.926
381.758 447.081
558.72 686.031
697.392 59.7702
232.991 907.363
629.323 769.484
549.514 738.093
316.278 959.807
623.692 910.678
392.55 448.675
505.511 700.376
684.583 57.2126
285.126 955.027
654.946 842
319.636 399.689
527.544 695.963
293.684 854.997
660.224 841.945
358.44 435.245
457.999 801.241
799.034 144.658
295.478 864.82
619.251 853.608
319.019 460.356
659.449 708.816
729.302 24.761
247.851 901.001
607.914 920.868
403.907 668.087
266.465 937.025
616.666 802.763
465.548 619.639
691.089 42.3585
281.884 840.846
674.159 898.767
309.584 349.854
470.107 702.013
277.424 872.806
657.423 890.279
282.644 430.442
570.371 762.282
739.623 91.6326
231.555 922.083
690.578 915.207
301.677 392.682
557.656 706.731
712.513 57.9151
303.092 814.128
700.92 801.01
315.347 338.716
536.574 734.486
749.853 117.369
690.313 850.064
578.016 742.877
228.063 958.762
663.098 837.347
235.56 356.508
527.59 684.153
707.569 86.4352
250.061 844.507
676.194 844.88
321.156 446.253
555.06 700.402
765.058 151.239
295.255 847.514
677.445 856.453
305.93 458.944
531.791 740.971
310.457 887.52
550.418 792.223
324.929 330.619
516.256 713.499
718.644 84.9717
300.209 975.76
623.197 797.46
295.087 360.885
463.015 741.21
549.385 127.546
309.646 962.227
707.46 854.384
551.792 672.172
784.272 55.3781
270.755 902.71
557.228 792.99
519.602 756.974
766.905 92.1608
287.24 796.014
697.296 944.35
251.058 386.638
481.921 610.277
631.454 36.3463
234.781 937.403
645.563 853.126
213.86 294.356
533.673 767.855
714.23 96.0343
347.922 935.028
591.805 818.327
551.891 761.122
289.323 926.66
595.166 782.618
303.179 465.041
552.353 746.04
739.807 11.998
213.717 864.032
687.89 841.633
506.348 680.292
280.565 927.504
696.869 907.017
546.207 767.06
312.347 929.437
708.925 899.401
563.973 733.786
318.356 879.44
601.896 778.417
258.503 332.082
510.965 624.485
297.969 903.974
677.853 830.579
329.425 458.043
551.835 833.938
842.42 170.27
314.081 943.974
654.99 859.861
308.997 366.353
487.043 655.887
722.676 77.6464
232.139 890.392
672.508 784.64
526.407 614.35
324.834 955.504
664.156 892.094
533.946 662.406
718.345 38.1425
264.756 907.468
650.775 809.021
546.628 784.779
315.952 831.999
681.224 875.739
255.329 393.425
525.998 753.536
757.622 161.719
281.419 926.678
612.006 896.152
622.845 726.807
700.248 76.3741
264.093 929.3
675.894 809.095
303.375 418.177
478.499 703.453
604.655 923.928
284.571 324.406
612.803 754.866
248.8 824.927
577.34 816.091
564.881 684.736
789.152 138.463
358.76 935.709
696.957 879.933
451.263 366.061
498.496 629.464
733.769 99.5812
209.173 955.781
678.118 920.08
514.459 706.889
698.845 25.9949
218.203 875.385
721.248 843.792
324.066 290.466
628.228 743.554
256.541 851.53
729.984 757.488
512.806 860.213
762.636 100.137
246.296 879.386
550.743 844.712
297.016 407.612
565.469 682.482
757.081 206.129
255.969 937.612
636.224 880.322
314.818 286.492
595.476 694.59
767.833 23.6543
628.341 883.447
607.828 716.57
655.938 27.1402
660.295 949.874
311.674 320.304
531.089 727.346
257.866 968.263
652.946 952.668
277.649 430.465
580.111 692.92
289.608 935.281
700.445 830.453
524.052 696.988
706.472 95.437
250.465 944.15
739.788 875.765
340.53 447.544
564.643 684.051
303.276 941.508
596.546 846.034
308.073 423.464
567.908 706.571
300.905 928.357
640.292 859.849
254.437 429.693
503.48 779.206
312.493 920.693
706.116 908.673
330.259 262.804
531.907 774.29
290.437 849.074
640.21 860.386
572.466 679.311
804.436 178.9
261.588 846.906
738.706 923.021
281.575 412.128
497.24 647.994
280.551 942.092
607.016 919.248
330.95 450.021
506.589 724.471
610.426 731.995
293.504 386.582
517.596 657.344
732.355 116.958
595.586 763.075
567.485 722.911
792.197 81.6135
245.591 842.999
691.534 921.495
292.808 378.707
559.999 649.025
552.681 872.331
285.446 394.848
567.194 709.736
599.505 16.6746
264.476 883.811
4
184.191 125.666
98.1588 85.3725
58.2953 141.998
166.467 178.174
7
197.405 341.264
165.814 270.139
85.3059 294.757
72.7098 365.525
73.2793 421.956
150.968 490.218
183.006 392.21
7
197.059 615.281
155.946 562.988
108.293 576.647
59.8809 594.637
100.659 633.808
101.018 705.835
180.012 694.748
8
54.6802 882.354
85.3007 935.28
143.214 949.29
171.58 909.184
212.856 863.023
160.845 824.598
100.734 788.285
79.5593 845.114
5
449.798 54.9342
359.545 98.3782
324.977 144.134
388.084 244.955
418.584 137.794
7
435.954 359.566
395.323 316.1
343.514 321.382
312.759 364.756
332.503 420.23
384.466 437.529
424.551 413.183
4
402.207 629.352
374.929 620.334
345.044 625.426
376.448 723.27
5
306.899 857.367
340.414 921.758
384.293 921.003
419.735 864.65
379.977 789.174
5
600.257 103.671
611.538 132.708
674.24 239.893
749.409 137.139
653.375 60.59
4
620.024 414.005
641.954 368.631
617.922 363.386
549.609 360.208
