3392
1.6875 5.375
1.5625 5.125
1.875 1.0625
2.875 0.5625
3.125 0.4375
3.375 0.3125
3.625 0.1875
3.875 0.0625
5.125 1.08333
5.625 1.41667
1.4375 4.875
5.625 5.04167
5.875 1.58333
6.125 5.20833
6.375 5.29167
6.875 5.45833
7.125 2.41667
7.375 2.58333
7.875 2.91667
7.875 5.79167
8.375 5.95833
0.875 1.5625
3.95833 0.125
3.79167 0.625
3.70833 0.875
6.3125 1.875
7.0625 2.375
7.4375 2.625
3.04167 2.875
0.625 1.6875
5.23438 2.875
8.02083 3.125
8.10417 3.625
0.9375 3.875
2.70833 3.875
5.35938 3.875
8.14583 3.875
5.39062 4.125
5.42188 4.375
5.45312 4.625
0.3125 2.625
5.48438 4.875
8.3125 4.875
2.29167 5.125
8.35417 5.125
2.20833 5.375
8.39583 5.375
0.4375 2.875
1.8125 5.625
8.4375 5.625
2.04167 5.875
1.9375 5.875
8.47917 5.875
0.125 1.9375
0.0625 2.125
5.07812 1.625
5.10938 1.875
5.01562 1.125
0 2
2 6
4 0
5 1
5.5 5
8.5 6
8 3
511.875 255.875
-512.125 -512.125
-256.125 -64.125
1.625 6.375
1.625 6.125
1.625 5.875
1.625 5.625
1.625 5.375
1.625 5.125
1.625 4.875
1.375 6.625
1.375 6.875
1.375 6.375
-256.125 -128.125
1.375 6.125
1.375 5.875
1.375 5.625
1.375 5.375
1.375 5.125
1.375 4.875
1.125 6.625
1.125 6.875
1.125 6.375
1.125 6.125
-256.125 -192.125
1.125 5.875
1.125 5.625
1.125 5.375
1.125 5.125
1.125 4.875
0.875 7.625
0.875 7.375
0.875 7.125
0.875 6.875
0.875 6.625
-256.125 -256.125
0.875 6.375
0.875 6.125
0.875 5.875
0.875 5.625
0.875 5.375
0.875 5.125
0.875 4.875
0.875 4.625
0.875 4.375
0.875 4.125
-256.125 -320.125
0.875 3.625
0.875 3.375
0.875 3.125
0.875 2.875
0.875 2.625
0.875 2.375
0.875 2.125
0.875 1.875
0.875 1.625
0.875 1.375
-256.125 -384.125
0.875 1.125
0.875 0.875
0.875 0.625
0.875 0.375
0.875 0.125
0.875 -0.125
0.875 -0.375
0.875 -0.625
0.875 -0.875
0.875 -1.125
-256.125 -448.125
0.875 -1.375
0.875 -1.625
0.875 -1.875
0.625 2.625
0.625 2.875
0.625 2.375
0.625 2.125
0.625 1.875
0.625 1.625
0.625 1.375
447.875 255.875
0.625 1.125
0.625 0.875
0.625 0.625
0.625 0.375
0.625 0.125
0.625 -0.125
0.625 -0.375
0.625 -0.625
0.625 -0.875
0.625 -1.125
447.875 -0.125
0.375 2.625
0.375 2.875
0.375 1.375
0.375 1.625
0.375 1.125
0.375 0.875
0.375 0.625
0.375 -0.625
0.375 -0.375
0.375 -0.875
447.875 -256.125
0.375 -1.125
0.125 2.625
0.125 2.875
0.125 1.875
0.125 2.125
0.125 1.375
0.125 1.625
0.125 1.125
0.125 0.875
0.125 0.625
255.875 511.875
383.875 255.875
0.125 -0.125
0.125 0.125
0.125 -0.625
0.125 -0.375
0.125 -0.875
0.125 -1.125
-0.125 3.625
-0.125 3.375
-0.125 3.125
-0.125 2.875
383.875 -0.125
-0.125 2.625
-0.125 1.875
-0.125 2.125
-0.125 1.375
-0.125 1.625
-0.125 1.125
-0.125 0.875
-0.125 0.625
-0.125 -0.125
-0.125 0.125
383.875 -256.125
-0.125 -0.625
-0.125 -0.375
-0.125 -0.875
-0.125 -1.125
-0.125 -1.375
-0.125 -1.625
-0.125 -1.875
-0.375 2.625
-0.375 2.875
-0.375 2.375
319.875 255.875
-0.375 2.125
-0.375 1.875
-0.375 1.625
-0.375 1.375
-0.375 1.125
-0.375 0.875
-0.375 0.625
-0.375 0.375
-0.375 0.125
-0.375 -0.125
319.875 -0.125
-0.375 -0.375
-0.375 -0.625
-0.375 -0.875
-0.375 -1.125
-0.625 2.625
-0.625 2.875
-0.625 2.375
-0.625 2.125
-0.625 1.875
-0.625 1.625
319.875 -256.125
-0.625 1.375
-0.625 1.125
-0.625 0.875
-0.625 0.625
-0.625 0.375
-0.625 0.125
-0.625 -0.125
-0.625 -0.375
-0.625 -0.625
-0.625 -0.875
-320.125 255.875
-0.625 -1.125
-0.875 2.625
-0.875 2.875
-0.875 2.375
-0.875 2.125
-0.875 1.875
-0.875 1.625
-0.875 1.375
-0.875 1.125
-0.875 0.875
-320.125 -0.125
-0.875 0.625
-0.875 0.375
-0.875 0.125
-0.875 -0.125
-0.875 -0.375
-0.875 -0.625
-0.875 -0.875
-0.875 -1.125
-1.125 3.625
-1.125 3.375
-320.125 -256.125
-1.125 3.125
-1.125 2.875
-1.125 2.625
-1.125 2.375
-1.125 2.125
-1.125 1.875
-1.125 1.625
-1.125 1.375
-1.125 1.125
-1.125 0.875
-384.125 255.875
-1.125 0.625
-1.125 0.375
-1.125 0.125
-1.125 -0.125
-1.125 -0.375
-1.125 -0.625
-1.125 -0.875
-1.125 -1.125
-1.125 -1.375
-1.125 -1.625
255.875 -512.125
-384.125 -0.125
-1.125 -1.875
10.625 6.875
10.625 5.875
10.625 4.875
10.375 6.875
10.375 5.875
10.375 4.875
10.125 6.875
10.125 5.875
10.125 4.875
-384.125 -256.125
9.625 3.875
9.625 2.875
9.625 1.875
9.375 3.875
9.375 2.875
9.375 1.875
9.125 3.875
9.125 2.875
9.125 1.875
7.625 6.875
-448.125 255.875
7.625 5.875
7.625 4.875
7.375 6.875
7.375 5.875
7.375 4.875
7.125 6.875
7.125 5.875
7.125 4.875
6.625 2.875
6.625 1.875
-448.125 -0.125
6.625 0.875
6.625 -0.125
6.375 2.875
6.375 1.875
6.375 0.875
6.375 -0.125
6.125 2.875
6.125 1.875
6.125 0.875
6.125 -0.125
-448.125 -256.125
5.625 -1.125
5.375 -1.125
5.125 -1.125
4.625 5.875
4.625 4.875
4.625 3.875
4.375 5.875
4.375 4.875
4.375 3.875
4.125 5.875
63.875 111.875
4.125 4.875
4.125 3.875
3.625 6.875
3.625 5.875
3.625 4.875
3.625 1.875
3.375 6.875
3.375 5.875
3.375 4.875
3.375 1.875
63.875 95.875
3.125 6.875
3.125 5.875
3.125 4.875
3.125 1.875
2.625 0.875
2.625 -0.125
2.625 -1.125
2.375 0.875
2.375 -0.125
2.375 -1.125
63.875 79.875
2.125 0.875
2.125 -0.125
2.125 -1.125
1.625 2.875
1.625 1.875
1.625 0.875
1.625 -0.125
1.625 -1.125
1.375 2.875
1.375 1.875
63.875 63.875
1.375 0.875
1.375 -0.125
1.375 -1.125
1.125 2.875
1.125 1.875
1.125 0.875
1.125 -0.125
1.125 -1.125
0.625 6.875
0.625 5.875
63.875 47.875
0.625 4.875
0.375 6.875
0.375 5.875
0.375 4.875
0.125 6.875
0.125 5.875
0.125 4.875
-1.375 2.875
-1.375 1.875
-1.375 0.875
-0.125 511.875
63.875 31.875
-1.375 -0.125
-1.375 -1.125
-1.625 2.875
-1.625 1.875
-1.625 0.875
-1.625 -0.125
-1.625 -1.125
-1.875 2.875
-1.875 1.875
-1.875 0.875
63.875 15.875
-1.875 -0.125
-1.875 -1.125
-512.125 -384.125
-512.125 -128.125
-512.125 127.875
-512.125 383.875
-256.125 -480.125
-256.125 -416.125
-256.125 -352.125
-256.125 -288.125
63.875 -0.125
-256.125 -224.125
-256.125 -160.125
-256.125 -96.125
-256.125 -32.125
-256.125 31.875
-256.125 95.875
-256.125 159.875
-256.125 223.875
-256.125 287.875
-256.125 351.875
63.875 -16.125
-256.125 415.875
-256.125 479.875
-192.125 -224.125
-192.125 -160.125
-192.125 -96.125
-192.125 -32.125
-192.125 31.875
-192.125 95.875
-192.125 159.875
-192.125 223.875
63.875 -32.125
-128.125 -224.125
-128.125 -160.125
-128.125 -96.125
-128.125 -32.125
-128.125 31.875
-128.125 95.875
-128.125 159.875
-128.125 223.875
-64.125 -224.125
-64.125 -160.125
63.875 -48.125
-64.125 -120.125
-64.125 -104.125
-64.125 -88.125
-64.125 -72.125
-64.125 -56.125
-64.125 -40.125
-64.125 -24.125
-64.125 -8.125
-64.125 7.875
-64.125 23.875
63.875 -64.125
-64.125 39.875
-64.125 55.875
-64.125 71.875
-64.125 87.875
-64.125 103.875
-64.125 119.875
-64.125 159.875
-64.125 223.875
-48.125 -56.125
-48.125 -40.125
63.875 -80.125
-48.125 -24.125
-48.125 -8.125
-48.125 7.875
-48.125 23.875
-48.125 39.875
-48.125 55.875
-32.125 -56.125
-32.125 -40.125
-32.125 -24.125
-32.125 -8.125
63.875 -96.125
-32.125 7.875
-32.125 23.875
-32.125 39.875
-32.125 55.875
-16.125 -56.125
-16.125 -40.125
-16.125 -30.125
-16.125 -26.125
-16.125 -22.125
-16.125 -18.125
63.875 -112.125
-16.125 -14.125
-16.125 -10.125
-16.125 -6.125
-16.125 -2.125
-16.125 1.875
-16.125 5.875
-16.125 9.875
-16.125 13.875
-16.125 17.875
-16.125 21.875
-0.125 -512.125
47.875 47.875
-16.125 25.875
-16.125 29.875
-16.125 39.875
-16.125 55.875
-12.125 -14.125
-12.125 -10.125
-12.125 -6.125
-12.125 -2.125
-12.125 1.875
-12.125 5.875
47.875 63.875
-12.125 9.875
-12.125 13.875
-8.125 -14.125
-8.125 -10.125
-8.125 -6.125
-8.125 -2.125
-8.125 1.875
-8.125 5.875
-8.125 9.875
-8.125 13.875
47.875 31.875
-4.125 -14.125
-4.125 -10.125
-4.125 -7.625
-4.125 -6.625
-4.125 -5.625
-4.125 -4.625
-4.125 -3.625
-4.125 -2.625
-4.125 -1.625
-4.125 -0.625
47.875 15.875
-4.125 0.375
-4.125 1.375
-4.125 2.375
-4.125 3.375
-4.125 4.375
-4.125 5.375
-4.125 6.375
-4.125 7.375
-4.125 8.375
-4.125 9.375
47.875 -0.125
-4.125 10.375
-4.125 11.375
-4.125 13.875
-3.125 -3.625
-3.125 -2.625
-3.125 -1.625
-3.125 -0.625
-3.125 0.375
-3.125 1.375
-3.125 2.375
47.875 -16.125
-3.125 3.375
-3.125 4.375
-3.125 5.375
-3.125 6.375
-3.125 7.375
-2.125 -3.625
-2.125 -2.625
-2.125 -1.625
-2.125 -0.625
-2.125 0.375
47.875 -32.125
-2.125 1.375
-2.125 2.375
-2.125 3.375
-2.125 4.375
-2.125 5.375
-2.125 6.375
-2.125 7.375
-1.125 -3.625
-1.125 -2.625
-1.125 -2
47.875 -48.125
-1.125 -1.75
-1.125 -1.5
-1.125 -1.25
-1.125 -1
-1.125 -0.75
-1.125 -0.5
-1.125 -0.25
-1.125 0
-1.125 0.25
-1.125 0.5
47.875 -64.125
-1.125 0.75
-1.125 1
-1.125 1.25
-1.125 1.5
-1.125 1.75
-1.125 2
-1.125 2.25
-1.125 2.5
-1.125 2.75
-1.125 3
31.875 47.875
-1.125 3.25
-1.125 3.5
-1.125 3.75
-1.125 4.375
-1.125 5.375
-1.125 6.375
-1.125 7.375
-0.875 -1
-0.875 -0.75
-0.875 -0.5
-256.125 511.875
31.875 63.875
-0.875 -0.25
-0.875 0
-0.875 0.25
-0.875 0.5
-0.875 0.75
-0.875 1
-0.875 1.25
-0.875 1.5
-0.875 1.75
-0.875 2
31.875 31.875
-0.875 2.25
-0.875 2.5
-0.875 2.75
-0.625 -1
-0.625 -0.75
-0.625 -0.5
-0.625 -0.25
-0.625 0
-0.625 0.25
-0.625 0.5
31.875 15.875
-0.625 0.75
-0.625 1
-0.625 1.25
-0.625 1.5
-0.625 1.75
-0.625 2
-0.625 2.25
-0.625 2.5
-0.625 2.75
-0.375 -1
31.875 -0.125
-0.375 -0.75
-0.375 -0.5
-0.375 -0.25
-0.375 0
-0.375 0.25
-0.375 0.5
-0.375 0.75
-0.375 1
-0.375 1.25
-0.375 1.5
31.875 -16.125
-0.375 1.75
-0.375 2
-0.375 2.25
-0.375 2.5
-0.375 2.75
-0.125 -480.125
-0.125 -416.125
-0.125 -352.125
-0.125 -288.125
-0.125 -224.125
31.875 -32.125
-0.125 -160.125
-0.125 -120.125
-0.125 -104.125
-0.125 -88.125
-0.125 -72.125
-0.125 -56.125
-0.125 -40.125
-0.125 -30.125
-0.125 -26.125
-0.125 -22.125
31.875 -48.125
-0.125 -18.125
-0.125 -14.125
-0.125 -10.125
-0.125 -7.625
-0.125 -6.625
-0.125 -5.625
-0.125 -4.625
-0.125 -3.625
-0.125 -2.625
-0.125 -2
31.875 -64.125
-0.125 -1.75
-0.125 -1.5
-0.125 -1.25
-0.125 -1
-0.125 -0.75
-0.125 -0.5
-0.125 0
-0.125 0.75
-0.125 1
-0.125 1.25
15.875 47.875
-0.125 1.5
-0.125 2
-0.125 2.75
-0.125 3
-0.125 3.25
-0.125 3.5
-0.125 3.75
-0.125 4.375
-0.125 5.375
-0.125 6.375
15.875 63.875
-0.125 7.375
-0.125 8.375
-0.125 9.375
-0.125 10.375
-0.125 11.375
-0.125 13.875
-0.125 17.875
-0.125 21.875
-0.125 25.875
-0.125 29.875
-256.125 -512.125
15.875 31.875
-0.125 39.875
-0.125 55.875
-0.125 71.875
-0.125 87.875
-0.125 103.875
-0.125 119.875
-0.125 159.875
-0.125 223.875
-0.125 287.875
-0.125 351.875
15.875 -48.125
-0.125 415.875
-0.125 479.875
0.125 -1
0.125 -0.75
0.125 -0.5
0.125 0
0.125 0.75
0.125 1
0.125 1.25
0.125 1.5
15.875 -32.125
0.125 2
0.125 2.75
0.375 -1
0.375 -0.75
0.375 -0.5
0.375 0.75
0.375 1
0.375 1.25
0.375 1.5
0.375 2.75
15.875 -64.125
0.625 -1
0.625 -0.75
0.625 -0.5
0.625 -0.25
0.625 0
0.625 0.25
0.625 0.5
0.625 0.75
0.625 1
0.625 1.25
-0.125 111.875
0.625 1.5
0.625 1.75
0.625 2
0.625 2.25
0.625 2.5
0.625 2.75
0.875 -3.625
0.875 -2.625
0.875 -2
0.875 -1.75
-0.125 95.875
0.875 -1.5
0.875 -1.25
0.875 -1
0.875 -0.75
0.875 -0.5
0.875 -0.25
0.875 0
0.875 0.25
0.875 0.5
0.875 0.75
-0.125 79.875
0.875 1
0.875 1.25
0.875 1.5
0.875 1.75
0.875 2
0.875 2.25
0.875 2.5
0.875 2.75
0.875 3
0.875 3.25
-0.125 63.875
0.875 3.5
0.875 3.75
0.875 4
0.875 4.25
0.875 4.5
0.875 4.75
0.875 5
0.875 5.25
0.875 5.5
0.875 5.75
-0.125 47.875
0.875 6
0.875 6.25
0.875 6.5
0.875 6.75
0.875 7
0.875 7.25
0.875 7.5
0.875 7.75
1.125 5
1.125 5.25
-0.125 31.875
1.125 5.5
1.125 5.75
1.125 6
1.125 6.25
1.125 6.5
1.125 6.75
1.375 5
1.375 5.25
1.375 5.5
1.375 5.75
255.875 447.875
-0.125 -48.125
1.375 6
1.375 6.25
1.375 6.5
1.375 6.75
1.625 5
1.625 5.25
1.625 5.5
1.625 5.75
1.625 6
1.625 6.25
-0.125 -32.125
1.625 6.5
1.625 6.75
1.875 -3.625
1.875 -2.625
1.875 -1.625
1.875 -0.625
1.875 0.375
1.875 1.375
1.875 2.375
1.875 3.375
-0.125 -64.125
1.875 4
1.875 4.25
1.875 4.5
1.875 4.75
1.875 5
1.875 5.25
1.875 5.5
1.875 6
1.875 6.75
1.875 7
-0.125 -80.125
1.875 7.25
1.875 7.5
1.875 7.75
2.125 5
2.125 5.25
2.125 5.5
2.125 6
2.125 6.75
2.375 5
2.375 5.25
-0.125 -96.125
2.375 5.5
2.375 6.75
2.625 5
2.625 5.25
2.625 5.5
2.625 5.75
2.625 6
2.625 6.25
2.625 6.5
2.625 6.75
-0.125 -112.125
2.875 -3.625
2.875 -2.625
2.875 -2
2.875 -1.75
2.875 -1.5
2.875 -1.25
2.875 -1
2.875 -0.75
2.875 -0.5
2.875 -0.25
-16.125 47.875
2.875 0
2.875 0.25
2.875 0.5
2.875 0.75
2.875 1
2.875 1.25
2.875 1.5
2.875 1.75
2.875 2.375
2.875 3.375
-16.125 63.875
2.875 4
2.875 4.25
2.875 4.5
2.875 4.75
2.875 5
2.875 5.25
2.875 5.5
2.875 5.75
2.875 6
2.875 6.25
-16.125 31.875
2.875 6.5
2.875 6.75
2.875 7
2.875 7.25
2.875 7.5
2.875 7.75
3.125 -1
3.125 -0.75
3.125 -0.5
3.125 -0.25
-16.125 -48.125
3.125 0
3.125 0.25
3.125 0.5
3.125 0.75
3.375 -1
3.375 -0.75
3.375 -0.5
3.375 -0.25
3.375 0
3.375 0.25
255.875 383.875
-16.125 -32.125
3.375 0.5
3.375 0.75
3.625 -1
3.625 -0.75
3.625 -0.5
3.625 -0.25
3.625 0
3.625 0.25
3.625 0.5
3.625 0.75
-16.125 -64.125
3.875 -14.125
3.875 -10.125
3.875 -7.625
3.875 -6.625
3.875 -5.625
3.875 -4.625
3.875 -3.625
3.875 -2.625
3.875 -2
3.875 -1.75
-32.125 47.875
3.875 -1.5
3.875 -1.25
3.875 -1
3.875 -0.75
3.875 -0.5
3.875 0
3.875 0.75
3.875 1
3.875 1.25
3.875 1.5
-32.125 63.875
3.875 1.75
3.875 2
3.875 2.25
3.875 2.5
3.875 2.75
3.875 3.375
3.875 4.375
3.875 5.375
3.875 6.375
3.875 7.375
-32.125 31.875
3.875 8.375
3.875 9.375
3.875 10.375
3.875 11.375
3.875 13.875
4.125 -1
4.125 -0.75
4.125 -0.5
4.125 0
4.125 0.75
-32.125 15.875
4.125 1
4.125 1.25
4.125 1.5
4.125 1.75
4.375 -1
4.375 -0.75
4.375 -0.5
4.375 0.75
4.375 1
4.375 1.25
-32.125 -0.125
4.375 1.5
4.375 1.75
4.625 -1
4.625 -0.75
4.625 -0.5
4.625 -0.25
4.625 0
4.625 0.25
4.625 0.5
4.625 0.75
-32.125 -16.125
4.625 1
4.625 1.25
4.625 1.5
4.625 1.75
4.875 -3.625
4.875 -2.625
4.875 -2
4.875 -1.75
4.875 -1.5
4.875 -1.25
-32.125 -32.125
4.875 -1
4.875 -0.75
4.875 -0.5
4.875 -0.25
4.875 0
4.875 0.25
4.875 0.5
4.875 1
4.875 1.75
4.875 2
-32.125 -48.125
4.875 2.25
4.875 2.5
4.875 2.75
4.875 3
4.875 3.25
4.875 3.5
4.875 3.75
4.875 4
4.875 4.25
4.875 4.5
255.875 319.875
-32.125 -64.125
4.875 4.75
4.875 5
4.875 5.25
4.875 5.5
4.875 5.75
4.875 6
4.875 6.25
4.875 6.5
4.875 6.75
4.875 7.375
-48.125 47.875
5.125 0
5.125 0.25
5.125 0.5
5.125 1
5.125 1.75
5.125 4
5.125 4.25
5.125 4.5
5.125 4.75
5.125 5
-48.125 63.875
5.125 5.25
5.125 5.5
5.125 5.75
5.375 0
5.375 0.25
5.375 0.5
5.375 1.75
5.375 4
5.375 4.25
5.375 4.5
-48.125 31.875
5.375 5
5.375 5.75
5.625 0
5.625 0.25
5.625 0.5
5.625 0.75
5.625 1
5.625 1.25
5.625 1.5
5.625 1.75
-48.125 15.875
5.625 4
5.625 4.25
5.625 4.5
5.625 5
5.625 5.75
5.875 -3.625
5.875 -2.625
5.875 -1.625
5.875 -1
5.875 -0.75
-48.125 -0.125
5.875 -0.5
5.875 -0.25
5.875 0
5.875 0.25
5.875 0.5
5.875 0.75
5.875 1
5.875 1.25
5.875 1.5
5.875 1.75
-48.125 -16.125
5.875 2
5.875 2.25
5.875 2.5
5.875 2.75
5.875 3
5.875 3.25
5.875 3.5
5.875 3.75
5.875 4
5.875 4.25
-48.125 -32.125
5.875 4.5
5.875 5.75
5.875 6
5.875 6.25
5.875 6.5
5.875 6.75
5.875 7.375
6.125 4
6.125 4.25
6.125 4.5
-48.125 -48.125
6.125 4.75
6.125 5
6.125 5.25
6.125 5.5
6.125 5.75
6.375 4
6.375 4.25
6.375 4.5
6.375 4.75
6.375 5
-48.125 -64.125
6.375 5.25
6.375 5.5
6.375 5.75
6.625 4
6.625 4.25
6.625 4.5
6.625 4.75
6.625 5
6.625 5.25
6.625 5.5
511.875 511.875
255.875 255.875
-64.125 111.875
6.625 5.75
6.875 -3.625
6.875 -2.625
6.875 -1.625
6.875 -0.625
6.875 0.375
6.875 1
6.875 1.25
6.875 1.5
6.875 1.75
-64.125 95.875
6.875 2
6.875 2.25
6.875 2.5
6.875 2.75
6.875 3
6.875 3.25
6.875 3.5
6.875 3.75
6.875 4
6.875 4.25
-64.125 79.875
6.875 4.5
6.875 4.75
6.875 5
6.875 5.25
6.875 5.5
6.875 5.75
6.875 6
6.875 6.25
6.875 6.5
6.875 6.75
-64.125 63.875
6.875 7.375
7.125 2
7.125 2.25
7.125 2.5
7.125 2.75
7.125 3
7.125 3.25
7.125 3.5
7.125 3.75
7.375 2
-64.125 47.875
7.375 2.25
7.375 2.5
7.375 2.75
7.375 3
7.375 3.25
7.375 3.5
7.375 3.75
7.625 2
7.625 2.25
7.625 2.5
-64.125 31.875
7.625 2.75
7.625 3
7.625 3.25
7.625 3.5
7.625 3.75
7.875 -14.125
7.875 -10.125
7.875 -7.625
7.875 -6.625
7.875 -5.625
-64.125 15.875
7.875 -4.625
7.875 -3.625
7.875 -2.625
7.875 -1.625
7.875 -0.625
7.875 0.375
7.875 1
7.875 1.25
7.875 1.5
7.875 1.75
-64.125 -0.125
7.875 2
7.875 2.25
7.875 2.5
7.875 3
7.875 3.75
7.875 4
7.875 4.25
7.875 4.5
7.875 4.75
7.875 5
-64.125 -16.125
7.875 5.25
7.875 5.5
7.875 5.75
7.875 6
7.875 6.25
7.875 6.5
7.875 6.75
7.875 7
7.875 7.25
7.875 7.5
-64.125 -32.125
7.875 7.75
7.875 8.375
7.875 9.375
7.875 10.375
7.875 11.375
7.875 13.875
8.125 2
8.125 2.25
8.125 2.5
8.125 3
255.875 191.875
-64.125 -48.125
8.125 3.75
8.125 5
8.125 5.25
8.125 5.5
8.125 5.75
8.125 6
8.125 6.25
8.125 6.5
8.125 6.75
8.375 2
-64.125 -64.125
8.375 2.25
8.375 2.5
8.375 3.75
8.375 5
8.375 5.25
8.375 5.5
8.375 6
8.375 6.75
8.625 2
8.625 2.25
-64.125 -80.125
8.625 2.5
8.625 2.75
8.625 3
8.625 3.25
8.625 3.5
8.625 3.75
8.625 5
8.625 5.25
8.625 5.5
8.625 6
-64.125 -96.125
8.625 6.75
8.875 0.375
8.875 1
8.875 1.25
8.875 1.5
8.875 1.75
8.875 2
8.875 2.25
8.875 2.5
8.875 2.75
-64.125 -112.125
8.875 3
8.875 3.25
8.875 3.5
8.875 3.75
8.875 4
8.875 4.25
8.875 4.5
8.875 4.75
8.875 5
8.875 5.25
111.875 63.875
8.875 5.5
8.875 6.75
8.875 7
8.875 7.25
8.875 7.5
8.875 7.75
9.125 5
9.125 5.25
9.125 5.5
9.125 5.75
111.875 -0.125
9.125 6
9.125 6.25
9.125 6.5
9.125 6.75
9.375 5
9.375 5.25
9.375 5.5
9.375 5.75
9.375 6
9.375 6.25
111.875 -64.125
9.375 6.5
9.375 6.75
9.625 5
9.625 5.25
9.625 5.5
9.625 5.75
9.625 6
9.625 6.25
9.625 6.5
9.625 6.75
95.875 63.875
9.875 0.375
9.875 1.375
9.875 2.375
9.875 3.375
9.875 4
9.875 4.25
9.875 4.5
9.875 4.75
9.875 5
9.875 5.25
95.875 -0.125
9.875 5.5
9.875 5.75
9.875 6
9.875 6.25
9.875 6.5
9.875 6.75
9.875 7
9.875 7.25
9.875 7.5
9.875 7.75
255.875 127.875
95.875 -64.125
10.875 0.375
10.875 1.375
10.875 2.375
10.875 3.375
10.875 4.375
10.875 5.375
10.875 6.375
10.875 7.375
11.875 -14.125
11.875 -10.125
79.875 63.875
11.875 -6.125
11.875 -3.625
11.875 -2.625
11.875 -1.625
11.875 -0.625
11.875 0.375
11.875 1.375
11.875 2.375
11.875 3.375
11.875 4.375
79.875 -0.125
11.875 5.375
11.875 6.375
11.875 7.375
11.875 8.375
11.875 9.375
11.875 10.375
11.875 11.375
11.875 13.875
15.875 -56.125
15.875 -40.125
79.875 -64.125
15.875 -30.125
15.875 -26.125
15.875 -22.125
15.875 -18.125
15.875 -14.125
15.875 -10.125
15.875 -6.125
15.875 -2.125
15.875 1.875
15.875 5.875
-80.125 63.875
15.875 9.875
15.875 13.875
15.875 17.875
15.875 21.875
15.875 25.875
15.875 29.875
15.875 39.875
15.875 55.875
31.875 -56.125
31.875 -40.125
-80.125 -0.125
31.875 -24.125
31.875 -8.125
31.875 7.875
31.875 23.875
31.875 39.875
31.875 55.875
47.875 -56.125
47.875 -40.125
47.875 -24.125
47.875 -8.125
-80.125 -64.125
47.875 7.875
47.875 23.875
47.875 39.875
47.875 55.875
63.875 -224.125
63.875 -160.125
63.875 -120.125
63.875 -104.125
63.875 -88.125
63.875 -72.125
-96.125 63.875
63.875 -56.125
63.875 -40.125
63.875 -24.125
63.875 -8.125
63.875 7.875
63.875 23.875
63.875 39.875
63.875 55.875
63.875 71.875
63.875 87.875
-96.125 -0.125
63.875 103.875
63.875 119.875
63.875 159.875
63.875 223.875
127.875 -224.125
127.875 -160.125
127.875 -96.125
127.875 -32.125
127.875 31.875
127.875 95.875
-96.125 -64.125
127.875 159.875
127.875 223.875
191.875 -224.125
191.875 -160.125
191.875 -96.125
191.875 -32.125
191.875 31.875
191.875 95.875
191.875 159.875
191.875 223.875
255.875 63.875
-112.125 63.875
255.875 -480.125
255.875 -416.125
255.875 -352.125
255.875 -288.125
255.875 -224.125
255.875 -160.125
255.875 -96.125
255.875 -32.125
255.875 31.875
255.875 95.875
-112.125 -0.125
255.875 159.875
255.875 223.875
255.875 287.875
255.875 351.875
255.875 415.875
255.875 479.875
511.875 -384.125
511.875 -128.125
511.875 127.875
511.875 383.875
-112.125 -64.125
-384.125 -512.125
-128.125 -512.125
127.875 -512.125
383.875 -512.125
-480.125 -256.125
-416.125 -256.125
-352.125 -256.125
-288.125 -256.125
-224.125 -256.125
-160.125 -256.125
15.875 27.875
-96.125 -256.125
-32.125 -256.125
31.875 -256.125
95.875 -256.125
159.875 -256.125
223.875 -256.125
287.875 -256.125
351.875 -256.125
415.875 -256.125
479.875 -256.125
15.875 23.875
-224.125 -192.125
-160.125 -192.125
-96.125 -192.125
-32.125 -192.125
31.875 -192.125
95.875 -192.125
159.875 -192.125
223.875 -192.125
-224.125 -128.125
-160.125 -128.125
15.875 19.875
-96.125 -128.125
-32.125 -128.125
31.875 -128.125
95.875 -128.125
159.875 -128.125
223.875 -128.125
-224.125 -64.125
-160.125 -64.125
-120.125 -64.125
-104.125 -64.125
15.875 15.875
-88.125 -64.125
-72.125 -64.125
-56.125 -64.125
-40.125 -64.125
-24.125 -64.125
-8.125 -64.125
7.875 -64.125
23.875 -64.125
39.875 -64.125
55.875 -64.125
15.875 11.875
71.875 -64.125
87.875 -64.125
103.875 -64.125
119.875 -64.125
159.875 -64.125
223.875 -64.125
-56.125 -48.125
-40.125 -48.125
-24.125 -48.125
-8.125 -48.125
15.875 7.875
7.875 -48.125
23.875 -48.125
39.875 -48.125
55.875 -48.125
-56.125 -32.125
-40.125 -32.125
-24.125 -32.125
-8.125 -32.125
7.875 -32.125
23.875 -32.125
15.875 3.875
39.875 -32.125
55.875 -32.125
-56.125 -16.125
-40.125 -16.125
-30.125 -16.125
-26.125 -16.125
-22.125 -16.125
-18.125 -16.125
-14.125 -16.125
-10.125 -16.125
255.875 -0.125
15.875 -0.125
-6.125 -16.125
-2.125 -16.125
1.875 -16.125
5.875 -16.125
9.875 -16.125
13.875 -16.125
17.875 -16.125
21.875 -16.125
25.875 -16.125
29.875 -16.125
15.875 -4.125
39.875 -16.125
55.875 -16.125
-14.125 -12.125
-10.125 -12.125
-6.125 -12.125
-2.125 -12.125
1.875 -12.125
5.875 -12.125
9.875 -12.125
13.875 -12.125
15.875 -8.125
-14.125 -8.125
-10.125 -8.125
-6.125 -8.125
-2.125 -8.125
1.875 -8.125
5.875 -8.125
9.875 -8.125
13.875 -8.125
-14.125 -4.125
-10.125 -4.125
15.875 -12.125
-7.625 -4.125
-6.625 -4.125
-5.625 -4.125
-4.625 -4.125
-3.625 -4.125
-2.625 -4.125
-1.625 -4.125
-0.625 -4.125
0.375 -4.125
1.375 -4.125
15.875 -16.125
2.375 -4.125
3.375 -4.125
4.375 -4.125
5.375 -4.125
6.375 -4.125
7.375 -4.125
8.375 -4.125
9.375 -4.125
10.375 -4.125
11.375 -4.125
15.875 -20.125
13.875 -4.125
-3.625 -3.125
-2.625 -3.125
-1.625 -3.125
-0.625 -3.125
0.375 -3.125
1.375 -3.125
2.375 -3.125
3.375 -3.125
4.375 -3.125
15.875 -24.125
5.375 -3.125
6.375 -3.125
7.375 -3.125
-3.625 -2.125
-2.625 -2.125
-1.625 -2.125
-0.625 -2.125
0.375 -2.125
1.375 -2.125
2.375 -2.125
15.875 -28.125
3.375 -2.125
4.375 -2.125
5.375 -2.125
6.375 -2.125
7.375 -2.125
-3.625 -1.125
-2.625 -1.125
-2 -1.125
-1.75 -1.125
-1.5 -1.125
11.875 11.875
-1.25 -1.125
-1 -1.125
-0.75 -1.125
-0.5 -1.125
-0.25 -1.125
0 -1.125
0.25 -1.125
0.5 -1.125
0.75 -1.125
1 -1.125
11.875 15.875
1.25 -1.125
1.5 -1.125
1.75 -1.125
2 -1.125
2.25 -1.125
2.5 -1.125
2.75 -1.125
3 -1.125
3.25 -1.125
3.5 -1.125
255.875 -64.125
11.875 -8.125
3.75 -1.125
4 -1.125
4.25 -1.125
4.5 -1.125
4.75 -1.125
5 -1.125
5.25 -1.125
5.5 -1.125
5.75 -1.125
6.375 -1.125
11.875 -4.125
7.375 -1.125
-1 -0.875
-0.75 -0.875
-0.5 -0.875
-0.25 -0.875
0 -0.875
0.25 -0.875
0.5 -0.875
0.75 -0.875
3 -0.875
11.875 -12.125
3.25 -0.875
3.5 -0.875
3.75 -0.875
4 -0.875
4.25 -0.875
4.5 -0.875
4.75 -0.875
-1 -0.625
-0.75 -0.625
-0.5 -0.625
11.875 -16.125
-0.25 -0.625
0 -0.625
0.25 -0.625
0.5 -0.625
0.75 -0.625
3 -0.625
3.25 -0.625
3.5 -0.625
3.75 -0.625
4 -0.625
7.875 11.875
4.25 -0.625
4.5 -0.625
4.75 -0.625
-1 -0.375
-0.75 -0.375
-0.5 -0.375
-0.25 -0.375
0 -0.375
0.25 -0.375
0.5 -0.375
7.875 15.875
0.75 -0.375
3 -0.375
3.25 -0.375
3.5 -0.375
3.75 -0.375
4 -0.375
4.25 -0.375
4.5 -0.375
4.75 -0.375
-480.125 -0.125
7.875 -12.125
-416.125 -0.125
-352.125 -0.125
-288.125 -0.125
-224.125 -0.125
-160.125 -0.125
-120.125 -0.125
-104.125 -0.125
-88.125 -0.125
-72.125 -0.125
-56.125 -0.125
7.875 -8.125
-40.125 -0.125
-30.125 -0.125
-26.125 -0.125
-22.125 -0.125
-18.125 -0.125
-14.125 -0.125
-10.125 -0.125
-7.625 -0.125
-6.625 -0.125
-5.625 -0.125
7.875 -16.125
-4.625 -0.125
-3.625 -0.125
-2.625 -0.125
-2 -0.125
-1.75 -0.125
-1.5 -0.125
-1.25 -0.125
-1 -0.125
-0.75 -0.125
-0.5 -0.125
3.875 11.875
0 -0.125
0.75 -0.125
1 -0.125
1.25 -0.125
1.5 -0.125
1.75 -0.125
2 -0.125
2.25 -0.125
2.5 -0.125
2.75 -0.125
255.875 -128.125
3.875 15.875
3 -0.125
3.25 -0.125
3.5 -0.125
4 -0.125
4.75 -0.125
5 -0.125
5.25 -0.125
5.5 -0.125
5.75 -0.125
6 -0.125
3.875 -12.125
6.25 -0.125
6.5 -0.125
6.75 -0.125
7.375 -0.125
8.375 -0.125
9.375 -0.125
10.375 -0.125
11.375 -0.125
12.375 -0.125
13.375 -0.125
3.875 -8.125
14.375 -0.125
15.375 -0.125
17.875 -0.125
21.875 -0.125
25.875 -0.125
29.875 -0.125
39.875 -0.125
55.875 -0.125
71.875 -0.125
87.875 -0.125
3.875 -16.125
103.875 -0.125
119.875 -0.125
159.875 -0.125
223.875 -0.125
287.875 -0.125
351.875 -0.125
415.875 -0.125
479.875 -0.125
-1 0.125
-0.75 0.125
-0.125 27.875
-0.5 0.125
0 0.125
0.75 0.125
3 0.125
3.25 0.125
3.5 0.125
4 0.125
4.75 0.125
5 0.125
5.25 0.125
-0.125 23.875
5.5 0.125
5.75 0.125
-1 0.375
-0.75 0.375
-0.5 0.375
0.75 0.375
3 0.375
3.25 0.375
3.5 0.375
4.75 0.375
-0.125 19.875
5 0.375
5.25 0.375
5.5 0.375
5.75 0.375
-1 0.625
-0.75 0.625
-0.5 0.625
-0.25 0.625
0 0.625
0.25 0.625
-0.125 15.875
0.5 0.625
0.75 0.625
3 0.625
3.25 0.625
3.5 0.625
3.75 0.625
4 0.625
4.25 0.625
4.5 0.625
4.75 0.625
-0.125 11.875
5 0.625
5.25 0.625
5.5 0.625
5.75 0.625
-3.625 0.875
-2.625 0.875
-2 0.875
-1.75 0.875
-1.5 0.875
-1.25 0.875
-0.125 -12.125
-1 0.875
-0.75 0.875
-0.5 0.875
-0.25 0.875
0 0.875
0.25 0.875
0.5 0.875
0.75 0.875
1 0.875
1.25 0.875
255.875 -192.125
-0.125 -8.125
1.5 0.875
1.75 0.875
2 0.875
2.25 0.875
2.5 0.875
2.75 0.875
3 0.875
3.25 0.875
3.5 0.875
3.75 0.875
-0.125 -16.125
4 0.875
4.25 0.875
4.5 0.875
5 0.875
5.75 0.875
6 0.875
6.25 0.875
6.5 0.875
6.75 0.875
7.375 0.875
-0.125 -20.125
8.375 0.875
9.375 0.875
10.375 0.875
11.375 0.875
-1 1.125
-0.75 1.125
-0.5 1.125
-0.25 1.125
0 1.125
0.25 1.125
-0.125 -24.125
0.5 1.125
0.75 1.125
4 1.125
4.25 1.125
4.5 1.125
5 1.125
5.75 1.125
-1 1.375
-0.75 1.375
-0.5 1.375
-0.125 -28.125
-0.25 1.375
0 1.375
0.25 1.375
0.5 1.375
0.75 1.375
4 1.375
4.25 1.375
4.5 1.375
5.75 1.375
-1 1.625
-4.125 11.875
-0.75 1.625
-0.5 1.625
-0.25 1.625
0 1.625
0.25 1.625
0.5 1.625
0.75 1.625
4 1.625
4.25 1.625
4.5 1.625
-4.125 15.875
4.75 1.625
5 1.625
5.25 1.625
5.5 1.625
5.75 1.625
-3.625 1.875
-2.625 1.875
-2 1.875
-1.75 1.875
-1.5 1.875
-4.125 -12.125
-1.25 1.875
-1 1.875
-0.75 1.875
-0.5 1.875
0 1.875
0.75 1.875
1 1.875
1.25 1.875
1.5 1.875
1.75 1.875
-4.125 -8.125
2.375 1.875
3 1.875
3.25 1.875
3.5 1.875
3.75 1.875
4 1.875
4.25 1.875
4.5 1.875
4.75 1.875
5 1.875
-4.125 -16.125
5.25 1.875
5.5 1.875
5.75 1.875
6 1.875
6.25 1.875
6.5 1.875
6.75 1.875
7 1.875
7.25 1.875
7.5 1.875
255.875 -256.125
-8.125 11.875
7.75 1.875
8 1.875
8.25 1.875
8.5 1.875
8.75 1.875
9 1.875
9.25 1.875
9.5 1.875
9.75 1.875
10.375 1.875
-8.125 15.875
11.375 1.875
-1 2.125
-0.75 2.125
-0.5 2.125
0 2.125
0.75 2.125
7 2.125
7.25 2.125
7.5 2.125
7.75 2.125
-8.125 7.875
8 2.125
8.25 2.125
8.5 2.125
8.75 2.125
-1 2.375
-0.75 2.375
-0.5 2.375
0.75 2.375
7 2.375
7.25 2.375
-8.125 3.875
7.5 2.375
7.75 2.375
8 2.375
8.25 2.375
8.5 2.375
8.75 2.375
-1 2.625
-0.75 2.625
-0.5 2.625
-0.25 2.625
-8.125 -0.125
0 2.625
0.25 2.625
0.5 2.625
0.75 2.625
7 2.625
7.25 2.625
7.5 2.625
7.75 2.625
8 2.625
8.25 2.625
-8.125 -4.125
8.5 2.625
8.75 2.625
-3.625 2.875
-2.625 2.875
-2 2.875
-1.75 2.875
-1.5 2.875
-1.25 2.875
-1 2.875
-0.75 2.875
-8.125 -8.125
-0.5 2.875
-0.25 2.875
0 2.875
0.25 2.875
0.5 2.875
0.75 2.875
1 2.875
1.25 2.875
1.5 2.875
1.75 2.875
-8.125 -12.125
2.375 2.875
3.375 2.875
4.375 2.875
5.375 2.875
6 2.875
6.25 2.875
6.5 2.875
6.75 2.875
7 2.875
7.25 2.875
-8.125 -16.125
7.5 2.875
8 2.875
8.75 2.875
9 2.875
9.25 2.875
9.5 2.875
9.75 2.875
10.375 2.875
11.375 2.875
7 3.125
-12.125 11.875
7.25 3.125
7.5 3.125
8 3.125
8.75 3.125
7 3.375
7.25 3.375
7.5 3.375
8.75 3.375
7 3.625
7.25 3.625
255.875 -320.125
-12.125 15.875
7.5 3.625
7.75 3.625
8 3.625
8.25 3.625
8.5 3.625
8.75 3.625
-14.125 3.875
-10.125 3.875
-7.625 3.875
-6.625 3.875
-12.125 7.875
-5.625 3.875
-4.625 3.875
-3.625 3.875
-2.625 3.875
-1.625 3.875
-0.625 3.875
0.375 3.875
1.375 3.875
2.375 3.875
3.375 3.875
-12.125 3.875
4 3.875
4.25 3.875
4.5 3.875
4.75 3.875
5 3.875
5.25 3.875
5.5 3.875
5.75 3.875
6 3.875
6.25 3.875
-12.125 -0.125
6.5 3.875
6.75 3.875
7 3.875
7.25 3.875
7.5 3.875
7.75 3.875
8 3.875
8.25 3.875
8.5 3.875
8.75 3.875
-12.125 -4.125
9 3.875
9.25 3.875
9.5 3.875
9.75 3.875
10.375 3.875
11.375 3.875
12.375 3.875
13.375 3.875
14.375 3.875
15.375 3.875
-12.125 -8.125
5 4.125
5.25 4.125
5.5 4.125
5.75 4.125
6 4.125
6.25 4.125
6.5 4.125
6.75 4.125
5 4.375
5.25 4.375
-12.125 -12.125
5.5 4.375
5.75 4.375
6 4.375
6.25 4.375
6.5 4.375
6.75 4.375
5 4.625
5.25 4.625
5.5 4.625
5.75 4.625
-12.125 -16.125
6 4.625
6.25 4.625
6.5 4.625
6.75 4.625
-3.625 4.875
-2.625 4.875
-1.625 4.875
-0.625 4.875
0 4.875
0.25 4.875
-16.125 27.875
0.5 4.875
0.75 4.875
1 4.875
1.25 4.875
1.5 4.875
1.75 4.875
2 4.875
2.25 4.875
2.5 4.875
2.75 4.875
-16.125 23.875
3 4.875
3.25 4.875
3.5 4.875
3.75 4.875
4 4.875
4.25 4.875
4.5 4.875
4.75 4.875
5 4.875
5.5 4.875
511.875 -0.125
255.875 -384.125
-16.125 19.875
6.25 4.875
6.5 4.875
6.75 4.875
7 4.875
7.25 4.875
7.5 4.875
7.75 4.875
8 4.875
8.25 4.875
8.5 4.875
-16.125 15.875
8.75 4.875
9 4.875
9.25 4.875
9.5 4.875
9.75 4.875
10 4.875
10.25 4.875
10.5 4.875
10.75 4.875
11.375 4.875
-16.125 11.875
1 5.125
1.25 5.125
1.5 5.125
1.75 5.125
2 5.125
2.25 5.125
2.5 5.125
2.75 5.125
5 5.125
5.5 5.125
-16.125 7.875
6.25 5.125
6.5 5.125
6.75 5.125
8 5.125
8.25 5.125
8.5 5.125
8.75 5.125
9 5.125
9.25 5.125
9.5 5.125
-16.125 3.875
9.75 5.125
1 5.375
1.25 5.375
1.5 5.375
1.75 5.375
2 5.375
2.25 5.375
2.5 5.375
2.75 5.375
5 5.375
-16.125 -0.125
6.25 5.375
6.5 5.375
6.75 5.375
8 5.375
8.25 5.375
8.5 5.375
8.75 5.375
9 5.375
9.25 5.375
9.5 5.375
-16.125 -4.125
9.75 5.375
1 5.625
1.25 5.625
1.5 5.625
1.75 5.625
2 5.625
2.25 5.625
2.5 5.625
2.75 5.625
5 5.625
-16.125 -8.125
5.25 5.625
5.5 5.625
5.75 5.625
6 5.625
6.25 5.625
6.5 5.625
6.75 5.625
8 5.625
8.25 5.625
8.5 5.625
-16.125 -12.125
8.75 5.625
9 5.625
9.25 5.625
9.5 5.625
9.75 5.625
-3.625 5.875
-2.625 5.875
-1.625 5.875
-0.625 5.875
0 5.875
-16.125 -16.125
0.25 5.875
0.5 5.875
0.75 5.875
1 5.875
1.25 5.875
1.5 5.875
2 5.875
2.75 5.875
3 5.875
3.25 5.875
255.875 -448.125
-16.125 -20.125
3.5 5.875
3.75 5.875
4 5.875
4.25 5.875
4.5 5.875
4.75 5.875
5 5.875
5.25 5.875
5.5 5.875
5.75 5.875
-16.125 -24.125
6 5.875
6.25 5.875
6.5 5.875
6.75 5.875
7 5.875
7.25 5.875
7.5 5.875
7.75 5.875
8 5.875
8.5 5.875
-16.125 -28.125
9.25 5.875
9.5 5.875
9.75 5.875
10 5.875
10.25 5.875
10.5 5.875
10.75 5.875
11.375 5.875
1 6.125
1.25 6.125
27.875 15.875
1.5 6.125
2 6.125
2.75 6.125
8 6.125
8.5 6.125
9.25 6.125
9.5 6.125
9.75 6.125
1 6.375
1.25 6.375
27.875 -0.125
1.5 6.375
2.75 6.375
8 6.375
9.25 6.375
9.5 6.375
9.75 6.375
1 6.625
1.25 6.625
1.5 6.625
1.75 6.625
27.875 -16.125
2 6.625
2.25 6.625
2.5 6.625
2.75 6.625
8 6.625
8.25 6.625
8.5 6.625
8.75 6.625
9 6.625
9.25 6.625
23.875 15.875
9.5 6.625
9.75 6.625
-3.625 6.875
-2.625 6.875
-1.625 6.875
-0.625 6.875
0 6.875
0.25 6.875
0.5 6.875
0.75 6.875
23.875 -0.125
1 6.875
1.25 6.875
1.5 6.875
1.75 6.875
2 6.875
2.25 6.875
2.5 6.875
2.75 6.875
3 6.875
3.25 6.875
23.875 -16.125
3.5 6.875
3.75 6.875
4.375 6.875
5.375 6.875
6.375 6.875
7 6.875
7.25 6.875
7.5 6.875
7.75 6.875
8 6.875
19.875 15.875
8.25 6.875
8.5 6.875
8.75 6.875
9 6.875
9.25 6.875
9.5 6.875
9.75 6.875
10 6.875
10.25 6.875
10.5 6.875
191.875 191.875
19.875 -0.125
10.75 6.875
11.375 6.875
-14.125 7.875
-10.125 7.875
-7.625 7.875
-6.625 7.875
-5.625 7.875
-4.625 7.875
-3.625 7.875
-2.625 7.875
19.875 -16.125
-1.625 7.875
-0.625 7.875
0.375 7.875
1.375 7.875
2.375 7.875
3.375 7.875
4.375 7.875
5.375 7.875
6.375 7.875
7.375 7.875
-20.125 15.875
8.375 7.875
9.375 7.875
10.375 7.875
11.375 7.875
12.375 7.875
13.375 7.875
14.375 7.875
15.375 7.875
-14.125 11.875
-10.125 11.875
-20.125 -0.125
-6.125 11.875
-2.125 11.875
1.875 11.875
5.875 11.875
9.875 11.875
13.875 11.875
-56.125 15.875
-40.125 15.875
-30.125 15.875
-26.125 15.875
-20.125 -16.125
-22.125 15.875
-18.125 15.875
-14.125 15.875
-10.125 15.875
-6.125 15.875
-2.125 15.875
1.875 15.875
5.875 15.875
9.875 15.875
13.875 15.875
-24.125 15.875
17.875 15.875
21.875 15.875
25.875 15.875
29.875 15.875
39.875 15.875
55.875 15.875
-56.125 31.875
-40.125 31.875
-24.125 31.875
-8.125 31.875
-24.125 -0.125
7.875 31.875
23.875 31.875
39.875 31.875
55.875 31.875
-56.125 47.875
-40.125 47.875
-24.125 47.875
-8.125 47.875
7.875 47.875
23.875 47.875
-24.125 -16.125
39.875 47.875
55.875 47.875
-224.125 63.875
-160.125 63.875
-120.125 63.875
-104.125 63.875
-88.125 63.875
-72.125 63.875
-56.125 63.875
-40.125 63.875
-28.125 15.875
-24.125 63.875
-8.125 63.875
7.875 63.875
23.875 63.875
39.875 63.875
55.875 63.875
71.875 63.875
87.875 63.875
103.875 63.875
119.875 63.875
-28.125 -0.125
159.875 63.875
223.875 63.875
-224.125 127.875
-160.125 127.875
-96.125 127.875
-32.125 127.875
31.875 127.875
95.875 127.875
159.875 127.875
223.875 127.875
191.875 255.875
-28.125 -16.125
-224.125 191.875
-160.125 191.875
-96.125 191.875
-32.125 191.875
31.875 191.875
95.875 191.875
159.875 191.875
223.875 191.875
-480.125 255.875
-416.125 255.875
11.875 10.875
-352.125 255.875
-288.125 255.875
-224.125 255.875
-160.125 255.875
-96.125 255.875
-32.125 255.875
31.875 255.875
95.875 255.875
159.875 255.875
223.875 255.875
11.875 9.875
287.875 255.875
351.875 255.875
415.875 255.875
479.875 255.875
-384.125 511.875
-128.125 511.875
127.875 511.875
383.875 511.875
11.875 8.875
11.875 7.875
11.875 6.875
11.875 5.875
11.875 4.875
11.875 3.875
11.875 2.875
191.875 127.875
11.875 1.875
11.875 0.875
11.875 -0.125
11.875 -1.125
11.875 -2.125
11.875 -3.125
10.875 6.875
10.875 7.875
10.875 5.875
10.875 4.875
191.875 63.875
10.875 3.875
10.875 2.875
10.875 1.875
10.875 0.875
10.875 -0.125
9.875 2.875
9.875 3.875
9.875 1.875
9.875 0.875
9.875 -0.125
191.875 -0.125
8.875 -0.125
8.875 0.875
7.875 10.875
7.875 9.875
7.875 8.875
7.875 7.875
7.875 -0.125
7.875 0.875
7.875 -1.125
7.875 -2.125
191.875 -64.125
7.875 -3.125
7.875 -4.125
7.875 -5.125
7.875 -6.125
7.875 -7.125
6.875 6.875
6.875 7.875
6.875 -0.125
6.875 0.875
6.875 -1.125
191.875 -128.125
6.875 -2.125
6.875 -3.125
6.875 -4.125
5.875 6.875
5.875 7.875
5.875 -2.125
5.875 -1.125
5.875 -3.125
5.875 -4.125
4.875 6.875
191.875 -192.125
4.875 7.875
4.875 -3.125
4.875 -2.125
4.875 -4.125
3.875 10.875
3.875 9.875
3.875 8.875
3.875 7.875
3.875 6.875
3.875 5.875
511.875 -256.125
191.875 -256.125
3.875 4.875
3.875 3.875
3.875 2.875
3.875 -3.125
3.875 -2.125
3.875 -4.125
3.875 -5.125
3.875 -6.125
3.875 -7.125
2.875 2.875
127.875 191.875
2.875 3.875
2.875 1.875
2.875 -3.125
2.875 -2.125
2.875 -4.125
1.875 2.875
1.875 3.875
1.875 1.875
1.875 0.875
1.875 -0.125
127.875 255.875
1.875 -1.125
1.875 -2.125
1.875 -3.125
1.875 -4.125
0.875 -3.125
0.875 -2.125
0.875 -4.125
-0.125 10.875
-0.125 9.875
-0.125 8.875
127.875 127.875
-0.125 7.875
-0.125 6.875
-0.125 5.875
-0.125 4.875
-0.125 3.875
-0.125 -3.125
-0.125 -2.125
-0.125 -4.125
-0.125 -5.125
-0.125 -6.125
127.875 63.875
-0.125 -7.125
-1.125 6.875
-1.125 7.875
-1.125 5.875
-1.125 4.875
-1.125 3.875
-1.125 -3.125
-1.125 -2.125
-1.125 -4.125
-2.125 6.875
127.875 -0.125
-2.125 7.875
-2.125 5.875
-2.125 4.875
-2.125 3.875
-2.125 2.875
-2.125 1.875
-2.125 0.875
-2.125 -0.125
-2.125 -1.125
-2.125 -2.125
127.875 -64.125
-2.125 -3.125
-2.125 -4.125
-3.125 6.875
-3.125 7.875
-3.125 5.875
-3.125 4.875
-3.125 3.875
-3.125 2.875
-3.125 1.875
-3.125 0.875
127.875 -128.125
-3.125 -0.125
-3.125 -1.125
-3.125 -2.125
-3.125 -3.125
-3.125 -4.125
-4.125 10.875
-4.125 9.875
-4.125 8.875
-4.125 7.875
-4.125 6.875
127.875 -192.125
-4.125 5.875
-4.125 4.875
-4.125 3.875
-4.125 2.875
-4.125 1.875
-4.125 0.875
-4.125 -0.125
-4.125 -1.125
-4.125 -2.125
-4.125 -3.125
127.875 -256.125
-4.125 -4.125
-4.125 -5.125
-4.125 -6.125
-4.125 -7.125
14.875 7.875
14.875 3.875
14.875 -0.125
13.875 7.875
13.875 3.875
13.875 -0.125
511.875 -512.125
63.875 191.875
12.875 7.875
12.875 3.875
12.875 -0.125
10.875 -4.125
9.875 7.875
9.875 -4.125
8.875 7.875
8.875 -4.125
4.875 2.875
5.875 2.875
63.875 255.875
2.875 7.875
1.875 7.875
0.875 7.875
0.875 3.875
-5.125 7.875
-5.125 3.875
-5.125 -0.125
-5.125 -4.125
-6.125 7.875
-6.125 3.875
63.875 127.875
-6.125 -0.125
-6.125 -4.125
-7.125 7.875
-7.125 3.875
-7.125 -0.125
-7.125 -4.125
9.875 7.625
9.875 7.375
9.875 7.125
9.875 6.875
63.875 -192.125
9.875 6.625
9.875 6.375
9.875 6.125
9.875 5.875
9.875 5.625
9.875 5.375
9.875 5.125
9.875 4.875
9.875 4.625
9.875 4.375
63.875 -128.125
9.875 4.125
9.625 6.625
9.625 6.875
9.625 6.375
9.625 6.125
9.625 5.875
9.625 5.625
9.625 5.375
9.625 5.125
9.625 4.875
63.875 -256.125
9.375 6.625
9.375 6.875
9.375 6.375
9.375 6.125
9.375 5.875
9.375 5.625
9.375 5.375
9.375 5.125
9.375 4.875
9.125 6.625
-0.125 447.875
9.125 6.875
9.125 6.375
9.125 6.125
9.125 5.875
9.125 5.625
9.125 5.375
9.125 5.125
9.125 4.875
8.875 7.625
8.875 7.375
-0.125 383.875
8.875 7.125
8.875 6.875
8.875 6.625
8.875 5.375
8.875 5.625
8.875 5.125
8.875 4.875
8.875 4.625
8.875 4.375
8.875 4.125
-0.125 319.875
8.875 3.875
8.875 3.625
8.875 3.375
8.875 3.125
8.875 2.875
8.875 2.625
8.875 2.375
8.875 2.125
8.875 1.875
8.875 1.625
-0.125 255.875
8.875 1.375
8.875 1.125
8.625 6.625
8.625 6.875
8.625 5.875
8.625 6.125
8.625 5.375
8.625 5.625
8.625 5.125
8.625 4.875
-512.125 255.875
-0.125 191.875
8.625 3.625
8.625 3.875
8.625 3.375
8.625 3.125
8.625 2.875
8.625 2.625
8.625 2.375
8.625 2.125
8.625 1.875
8.375 6.625
-0.125 127.875
8.375 6.875
8.375 5.875
8.375 6.125
8.375 5.375
8.375 5.625
8.375 5.125
8.375 4.875
8.375 3.625
8.375 3.875
8.375 2.375
-0.125 -192.125
8.375 2.625
8.375 2.125
8.375 1.875
8.125 6.625
8.125 6.875
8.125 6.375
8.125 6.125
8.125 5.875
8.125 5.625
8.125 5.375
-0.125 -128.125
8.125 5.125
8.125 4.875
8.125 3.625
8.125 3.875
8.125 2.875
8.125 3.125
8.125 2.375
8.125 2.625
8.125 2.125
8.125 1.875
-0.125 -256.125
7.875 7.625
7.875 7.375
7.875 7.125
7.875 6.875
7.875 6.625
7.875 6.375
7.875 6.125
7.875 5.875
7.875 5.625
7.875 5.375
-0.125 -320.125
7.875 5.125
7.875 4.875
7.875 4.625
7.875 4.375
7.875 4.125
7.875 3.875
7.875 3.625
7.875 2.875
7.875 3.125
7.875 2.375
-0.125 -384.125
7.875 2.625
7.875 2.125
7.875 1.875
7.875 1.625
7.875 1.375
7.875 1.125
7.625 3.625
7.625 3.875
7.625 3.375
7.625 3.125
-0.125 -448.125
7.625 2.875
7.625 2.625
7.625 2.375
7.625 2.125
7.625 1.875
7.375 3.625
7.375 3.875
7.375 3.375
7.375 3.125
7.375 2.875
-64.125 191.875
7.375 2.625
7.375 2.375
7.375 2.125
7.375 1.875
7.125 3.625
7.125 3.875
7.125 3.375
7.125 3.125
7.125 2.875
7.125 2.625
-64.125 255.875
7.125 2.375
7.125 2.125
7.125 1.875
6.875 6.625
6.875 6.375
6.875 6.125
6.875 5.875
6.875 5.625
6.875 5.375
6.875 5.125
-512.125 511.875
-64.125 127.875
6.875 4.875
6.875 4.625
6.875 4.375
6.875 4.125
6.875 3.875
6.875 3.625
6.875 3.375
6.875 3.125
6.875 2.875
6.875 2.625
-64.125 -192.125
6.875 2.375
6.875 2.125
6.875 1.875
6.875 1.625
6.875 1.375
6.875 1.125
6.625 5.625
6.625 5.875
6.625 5.375
6.625 5.125
-64.125 -128.125
6.625 4.875
6.625 4.625
6.625 4.375
6.625 4.125
6.625 3.875
6.375 5.625
6.375 5.875
6.375 5.375
6.375 5.125
6.375 4.875
-64.125 -256.125
6.375 4.625
6.375 4.375
6.375 4.125
6.375 3.875
6.125 5.625
6.125 5.875
6.125 5.375
6.125 5.125
6.125 4.875
6.125 4.625
-128.125 191.875
6.125 4.375
6.125 4.125
6.125 3.875
5.875 6.625
5.875 6.375
5.875 6.125
5.875 5.875
5.875 5.625
5.875 4.375
5.875 4.625
-128.125 255.875
5.875 4.125
5.875 3.875
5.875 3.625
5.875 3.375
5.875 3.125
5.875 2.625
5.875 2.375
5.875 2.125
5.875 1.875
5.875 1.625
-128.125 127.875
5.875 1.375
5.875 1.125
5.875 0.875
5.875 0.625
5.875 0.375
5.875 0.125
5.875 -0.125
5.875 -0.375
5.875 -0.625
5.875 -0.875
-128.125 63.875
5.625 5.625
5.625 5.875
5.625 4.875
5.625 5.125
5.625 4.375
5.625 4.625
5.625 4.125
5.625 3.875
5.625 1.625
5.625 1.875
-128.125 -0.125
5.625 1.375
5.625 1.125
5.625 0.875
5.625 0.625
5.625 0.375
5.625 0.125
5.625 -0.125
5.375 5.625
5.375 5.875
5.375 4.875
-128.125 -64.125
5.375 5.125
5.375 4.375
5.375 4.625
5.375 4.125
5.375 3.875
5.375 1.625
5.375 1.875
5.375 0.375
5.375 0.625
5.375 0.125
-512.125 -0.125
-128.125 -128.125
5.375 -0.125
5.125 5.625
5.125 5.875
5.125 5.375
5.125 5.125
5.125 4.875
5.125 4.625
5.125 4.375
5.125 4.125
5.125 3.875
-128.125 -192.125
5.125 1.625
5.125 1.875
5.125 0.875
5.125 1.125
5.125 0.375
5.125 0.625
5.125 0.125
5.125 -0.125
4.875 6.625
4.875 6.375
-128.125 -256.125
4.875 6.125
4.875 5.875
4.875 5.625
4.875 5.375
4.875 5.125
4.875 4.875
4.875 4.625
4.875 4.375
4.875 4.125
4.875 3.875
-192.125 191.875
4.875 3.625
4.875 3.375
4.875 3.125
4.875 2.625
4.875 2.375
4.875 2.125
4.875 1.875
4.875 1.625
4.875 0.875
4.875 1.125
-192.125 255.875
4.875 0.375
4.875 0.625
4.875 0.125
4.875 -0.125
4.875 -0.375
4.875 -0.625
4.875 -0.875
4.875 -1.125
4.875 -1.375
4.875 -1.625
-192.125 127.875
4.875 -1.875
4.625 1.625
4.625 1.875
4.625 1.375
4.625 1.125
4.625 0.875
4.625 0.625
4.625 0.375
4.625 0.125
4.625 -0.125
-192.125 63.875
4.625 -0.375
4.625 -0.625
4.625 -0.875
4.625 -1.125
4.375 1.625
4.375 1.875
4.375 1.375
4.375 1.125
4.375 0.875
4.375 0.625
-192.125 -0.125
4.375 -0.625
4.375 -0.375
4.375 -0.875
4.375 -1.125
4.125 1.625
4.125 1.875
4.125 1.375
4.125 1.125
4.125 0.875
4.125 0.625
-192.125 -64.125
4.125 -0.125
4.125 0.125
4.125 -0.625
4.125 -0.375
4.125 -0.875
4.125 -1.125
3.875 2.625
3.875 2.375
3.875 2.125
3.875 1.875
-192.125 -128.125
3.875 1.625
3.875 1.375
3.875 1.125
3.875 0.875
3.875 0.625
3.875 -0.125
3.875 0.125
3.875 -0.625
3.875 -0.375
3.875 -0.875
-512.125 -256.125
-192.125 -192.125
3.875 -1.125
3.875 -1.375
3.875 -1.625
3.875 -1.875
3.625 0.625
3.625 0.875
3.625 0.375
3.625 0.125
3.625 -0.125
3.625 -0.375
-192.125 -256.125
3.625 -0.625
3.625 -0.875
3.625 -1.125
3.375 0.625
3.375 0.875
3.375 0.375
3.375 0.125
3.375 -0.125
3.375 -0.375
3.375 -0.625
-256.125 447.875
3.375 -0.875
3.375 -1.125
3.125 0.625
3.125 0.875
3.125 0.375
3.125 0.125
3.125 -0.125
3.125 -0.375
3.125 -0.625
3.125 -0.875
-256.125 383.875
3.125 -1.125
2.875 7.625
2.875 7.375
2.875 7.125
2.875 6.875
2.875 6.625
2.875 6.375
2.875 6.125
2.875 5.875
2.875 5.625
-256.125 319.875
2.875 5.375
2.875 5.125
2.875 4.875
2.875 4.625
2.875 4.375
2.875 4.125
2.875 1.625
2.875 1.375
2.875 1.125
2.875 0.875
-256.125 255.875
2.875 0.625
2.875 0.375
2.875 0.125
2.875 -0.125
2.875 -0.375
2.875 -0.625
2.875 -0.875
2.875 -1.125
2.875 -1.375
2.875 -1.625
-256.125 191.875
2.875 -1.875
2.625 6.625
2.625 6.875
2.625 6.375
2.625 6.125
2.625 5.875
2.625 5.625
2.625 5.375
2.625 5.125
2.625 4.875
-256.125 127.875
2.375 6.625
2.375 6.875
2.375 5.375
2.375 5.625
2.375 5.125
2.375 4.875
2.125 6.625
2.125 6.875
2.125 5.875
2.125 6.125
-256.125 63.875
2.125 5.375
2.125 5.625
2.125 5.125
2.125 4.875
1.875 7.625
1.875 7.375
1.875 7.125
1.875 6.875
1.875 6.625
1.875 5.875
-256.125 -0.125
1.875 6.125
1.875 5.375
1.875 5.625
1.875 5.125
1.875 4.875
1.875 4.625
1.875 4.375
1.875 4.125
1.625 6.625
1.625 6.875
452
0 72
0 2338
0 2338
0 72
1 2314
1 73
1 73
1 2314
2 2747
2 863
2 863
2 2747
3 913
3 3338
3 3338
3 913
4 3309
4 946
4 946
4 3309
5 953
5 3299
5 3299
5 953
6 3290
6 963
6 963
6 3290
7 983
7 3277
7 3277
7 983
8 3186
8 1081
8 1081
8 3186
9 3149
9 1108
9 1108
9 3149
10 84
10 2270
10 2270
10 84
11 1114
11 3141
11 3141
11 1114
12 1130
12 3125
12 3125
12 1130
13 3101
13 1157
13 1157
13 3101
14 1166
14 3090
14 3090
14 1166
15 3057
15 1205
15 1205
15 3057
16 3049
16 1215
16 1215
16 3049
17 1224
17 3038
17 3038
17 1224
18 3012
18 1259
18 1259
18 3012
19 1269
19 3001
19 3001
19 1269
20 2962
20 1307
20 1307
20 2962
21 802
21 120
21 120
21 802
22 3277
22 1895
22 1895
22 3277
23 1927
23 3275
23 3275
23 1927
24 3288
24 1965
24 1965
24 3288
25 2059
25 2059
26 2097
26 3049
26 3049
26 2097
27 3038
27 2117
27 2117
27 3038
28 2737
28 2145
28 2145
28 2737
29 142
29 779
29 779
29 142
30 2847
30 2147
30 2147
30 2847
31 2168
31 2988
31 2988
31 2168
32 2180
32 2985
32 2985
32 2180
33 2853
33 2196
33 2196
33 2853
34 2197
34 2739
34 2739
34 2197
35 2205
35 3164
35 3164
35 2205
36 2986
36 2218
36 2218
36 2986
37 3163
37 2235
37 2235
37 3163
38 3161
38 2244
38 2244
38 3161
39 3162
39 2252
39 2252
39 3162
40 2112
40 156
40 156
40 2112
41 3158
41 2286
41 2286
41 3158
42 2298
42 2967
42 2967
42 2298
43 2317
43 3364
43 3364
43 2317
44 2327
44 2966
44 2966
44 2327
45 3371
45 2340
45 2340
45 3371
46 2964
46 2350
46 2350
46 2964
47 157
47 2137
47 2137
47 157
48 2360
48 3384
48 3384
48 2360
49 2965
49 2376
49 2376
49 2965
50 2395
50 3368
50 3368
50 2395
51 3380
51 2395
51 2395
51 3380
52 2962
52 2421
52 2421
52 2962
53 170
53 756
53 756
53 170
54 2082
54 171
54 171
54 2082
55 3183
55 3183
56 3184
56 3184
57 3186
57 3186
72 0
72 0
73 1
73 1
84 10
84 10
120 21
120 21
142 29
142 29
156 40
156 40
157 47
157 47
170 53
170 53
171 54
171 54
756 53
756 53
779 29
779 29
802 21
802 21
863 2
863 2
913 3
913 3
946 4
946 4
953 5
953 5
963 6
963 6
983 7
983 7
1081 8
1081 8
1108 9
1108 9
1114 11
1114 11
1130 12
1130 12
1157 13
1157 13
1166 14
1166 14
1205 15
1205 15
1215 16
1215 16
1224 17
1224 17
1259 18
1259 18
1269 19
1269 19
1307 20
1307 20
1895 22
1895 22
1927 23
1927 23
1965 24
1965 24
2059 25
2059 25
2082 54
2082 54
2097 26
2097 26
2112 40
2112 40
2117 27
2117 27
2137 47
2137 47
2145 28
2145 28
2147 30
2147 30
2168 31
2168 31
2180 32
2180 32
2196 33
2196 33
2197 34
2197 34
2205 35
2205 35
2218 36
2218 36
2235 37
2235 37
2244 38
2244 38
2252 39
2252 39
2270 10
2270 10
2286 41
2286 41
2298 42
2298 42
2314 1
2314 1
2317 43
2317 43
2327 44
2327 44
2338 0
2338 0
2340 45
2340 45
2346 3080
2346 3080
2350 46
2350 46
2360 48
2360 48
2376 49
2376 49
2395 51
2395 50
2395 50
2395 51
2421 52
2421 52
2737 28
2737 28
2739 34
2739 34
2747 2
2747 2
2847 30
2847 30
2853 33
2853 33
2962 52
2962 52
2962 20
2962 20
2964 46
2964 46
2965 49
2965 49
2966 44
2966 44
2967 42
2967 42
2985 32
2985 32
2986 36
2986 36
2988 31
2988 31
3001 19
3001 19
3012 18
3012 18
3038 17
3038 27
3038 27
3038 17
3049 26
3049 16
3049 16
3049 26
3057 15
3057 15
3080 2346
3080 2346
3090 14
3090 14
3101 13
3101 13
3125 12
3125 12
3141 11
3141 11
3149 9
3149 9
3158 41
3158 41
3161 38
3161 38
3162 39
3162 39
3163 37
3163 37
3164 35
3164 35
3183 55
3183 55
3184 56
3184 56
3186 57
3186 8
3186 8
3186 57
3275 23
3275 23
3277 7
3277 22
3277 22
3277 7
3288 24
3288 24
3290 6
3290 6
3299 5
3299 5
3309 4
3309 4
3338 3
3338 3
3364 43
3364 43
3368 50
3368 50
3371 45
3371 45
3380 51
3380 51
3384 48
3384 48
