303
5 22 27 29 23 9
5 22 27 29 23 24
5 7 27 23 24 11
5 17 22 29 23 24
5 17 7 23 24 11
5 17 22 29 25 24
5 17 22 29 26 25
5 17 22 29 23 9
5 17 16 26 25 11
5 17 16 32 1 11
5 3 16 26 25 11
5 3 27 25 24 11
5 3 7 27 24 11
5 28 12 13 2 9
5 28 3 4 27 2
5 28 4 13 27 29
5 20 17 7 24 11
5 20 17 7 26 11
5 20 3 7 24 11
5 20 3 7 26 11
5 20 17 25 24 11
5 20 17 26 25 11
5 20 3 25 24 11
5 20 3 26 25 11
5 20 17 29 25 24
5 20 17 29 26 25
5 20 17 29 23 24
5 20 17 7 23 24
5 20 3 29 26 25
5 20 3 7 27 24
5 20 3 27 25 24
5 20 28 3 7 27
5 20 28 13 29 26
5 20 28 3 29 26
5 20 28 7 13 26
5 20 28 3 7 26
5 20 27 29 23 24
5 20 7 27 23 24
5 20 28 13 27 29
5 20 28 7 13 27
5 10 12 7 23 1
5 10 28 12 7 23
5 10 28 12 7 13
5 10 20 7 13 26
5 10 20 7 27 23
5 10 20 7 13 27
5 10 28 7 27 23
5 10 28 7 13 27
5 10 17 29 23 9
5 10 20 17 29 23
5 10 20 13 29 26
5 10 21 13 29 9
5 10 21 13 29 26
5 10 27 29 23 9
5 10 20 27 29 23
5 10 20 13 27 29
5 10 28 4 27 9
5 10 28 4 13 9
5 10 28 4 13 27
5 10 4 27 29 9
5 10 4 13 29 9
5 10 4 13 27 29
5 6 21 4 22 25
5 6 21 4 22 2
5 6 3 16 26 25
5 6 21 22 32 26
5 6 17 22 26 25
5 6 17 16 26 25
5 6 17 22 32 26
5 6 17 16 32 26
5 6 22 29 26 25
5 6 21 22 29 25
5 6 21 22 29 26
5 6 21 4 29 25
5 14 10 12 7 13
5 14 28 7 13 26
5 14 28 12 7 13
5 14 28 3 7 26
5 15 28 4 27 29
5 15 28 3 4 29
5 15 28 3 4 27
5 15 3 4 29 25
5 15 3 4 27 25
5 15 20 28 27 29
5 15 20 28 3 29
5 15 20 28 3 27
5 15 20 3 29 25
5 15 20 3 27 25
5 15 22 29 25 24
5 15 22 27 29 24
5 15 21 22 29 25
5 15 21 4 29 25
5 15 21 4 22 25
5 15 21 4 22 29
5 15 22 27 29 9
5 15 4 27 29 9
5 15 4 22 29 9
5 15 20 29 25 24
5 15 20 27 25 24
5 15 20 27 29 24
5 31 21 4 22 2
5 31 4 22 29 9
5 31 21 22 29 9
5 31 21 4 22 29
5 31 21 22 32 9
5 31 6 21 30 2
5 31 28 13 2 9
5 31 28 4 2 9
5 31 28 4 13 9
5 31 4 13 29 9
5 31 21 13 29 9
5 31 12 13 2 9
5 31 30 12 2 9
5 31 6 21 30 32
5 31 30 32 1 9
5 31 14 30 32 1
5 31 12 13 1 9
5 31 14 13 1 9
5 31 14 12 13 1
5 31 30 12 1 9
5 31 14 30 12 1
5 5 7 23 1 11
5 5 17 7 23 11
5 5 20 17 7 23
5 5 10 20 7 23
5 5 10 20 17 23
5 5 17 7 26 11
5 5 20 17 7 26
5 5 10 20 7 26
5 5 17 16 1 11
5 5 17 16 26 11
5 5 10 12 7 1
5 5 14 10 12 7
5 5 10 7 13 26
5 5 14 7 13 26
5 5 14 10 7 13
5 5 20 17 29 26
5 5 10 20 29 26
5 5 10 20 17 29
5 5 17 16 32 1
5 5 17 16 32 26
5 5 10 21 13 26
5 5 17 22 29 26
5 5 10 21 29 26
5 19 14 28 12 7
5 19 14 28 3 7
5 19 3 7 27 11
5 19 28 3 7 27
5 0 31 12 13 2
5 0 31 14 12 13
5 0 28 12 13 2
5 0 14 28 12 13
5 0 31 28 13 2
5 0 31 30 12 2
5 0 31 14 30 12
5 0 19 28 12 2
5 0 19 14 28 12
5 0 19 30 12 2
5 0 19 14 30 12
5 0 31 21 30 2
5 0 31 28 4 2
5 0 31 21 4 2
5 0 14 28 13 26
5 0 31 28 4 13
5 0 31 21 13 26
5 0 31 14 13 26
5 0 19 6 30 2
5 0 6 21 30 2
5 0 31 21 30 32
5 0 31 14 30 32
5 0 6 21 4 2
5 0 28 13 29 26
5 0 21 13 29 26
5 0 28 4 13 29
5 0 31 4 13 29
5 0 31 21 13 29
5 0 31 21 4 29
5 0 19 6 30 16
5 0 19 28 3 2
5 0 19 6 3 2
5 0 28 3 4 2
5 0 6 21 32 26
5 0 6 21 30 32
5 0 6 3 16 26
5 0 19 6 3 16
5 0 6 21 29 26
5 0 6 21 4 29
5 0 3 4 2 25
5 0 6 4 2 25
5 0 6 3 2 25
5 0 28 3 29 26
5 0 28 3 4 29
5 0 3 4 29 25
5 0 6 4 29 25
5 0 3 29 26 25
5 0 6 29 26 25
5 0 6 3 26 25
5 8 10 7 23 1
5 8 5 7 23 1
5 8 5 10 7 1
5 8 5 10 7 23
5 8 10 17 23 9
5 8 5 10 17 23
5 8 17 22 23 9
5 8 5 23 1 11
5 8 5 17 1 11
5 8 5 17 23 11
5 8 12 13 1 9
5 8 10 12 1 9
5 8 10 12 13 9
5 8 14 13 1 9
5 8 10 21 13 9
5 8 5 10 21 13
5 8 5 10 12 1
5 8 10 17 29 9
5 8 5 10 17 29
5 8 17 22 29 9
5 8 5 17 22 29
5 8 5 17 32 1
5 8 31 14 1 9
5 8 31 14 13 9
5 8 14 12 13 1
5 8 5 14 12 1
5 8 31 21 13 9
5 8 10 21 29 9
5 8 5 10 21 29
5 8 14 10 12 13
5 8 5 14 10 13
5 8 5 14 10 12
5 8 31 32 1 9
5 8 21 22 32 9
5 8 21 22 29 9
5 8 17 22 32 26
5 8 5 17 32 26
5 8 5 17 22 26
5 8 31 14 32 1
5 8 5 14 32 1
5 8 31 14 13 26
5 8 5 14 13 26
5 8 31 21 32 9
5 8 31 21 13 26
5 8 5 21 13 26
5 8 21 22 32 26
5 8 21 22 29 26
5 8 5 22 29 26
5 8 5 21 29 26
5 8 31 14 32 26
5 8 5 14 32 26
5 8 31 21 32 26
5 18 6 30 16 32
5 18 0 6 30 32
5 18 0 6 30 16
5 18 6 16 32 26
5 18 0 6 32 26
5 18 0 6 16 26
5 18 0 14 30 32
5 18 30 16 32 1
5 18 14 30 32 1
5 18 31 14 32 26
5 18 0 31 14 26
5 18 0 31 14 32
5 18 0 19 30 16
5 18 0 19 14 30
5 18 5 16 32 1
5 18 5 16 32 26
5 18 5 14 32 1
5 18 5 14 32 26
5 18 31 21 32 26
5 18 0 21 32 26
5 18 0 31 21 26
5 18 0 31 21 32
5 18 0 3 16 26
5 18 0 19 3 16
5 18 5 16 1 11
5 18 5 16 26 11
5 18 30 16 1 11
5 18 19 30 1 11
5 18 19 30 16 11
5 18 14 30 12 1
5 18 19 30 12 1
5 18 19 14 30 12
5 18 3 16 26 11
5 18 19 3 16 11
5 18 14 3 7 26
5 18 19 14 3 7
5 18 14 28 3 26
5 18 0 28 3 26
5 18 0 14 28 26
5 18 19 14 28 3
5 18 0 19 28 3
5 18 0 19 14 28
5 18 5 7 1 11
5 18 5 7 26 11
5 18 5 14 7 26
5 18 19 12 1 11
5 18 3 7 26 11
5 18 19 3 7 11
5 18 19 12 7 11
5 18 19 14 12 7
5 18 12 7 1 11
5 18 5 12 7 1
5 18 5 14 12 1
5 18 5 14 12 7
