201
5 1 20 5 2 23
5 1 20 5 24 2
5 6 1 5 2 23
5 18 20 24 12 11
5 18 1 20 5 23
5 18 1 20 5 24
5 25 14 1 5 16
5 25 20 24 12 11
5 25 20 5 11 2
5 3 8 7 12 23
5 3 18 8 12 23
5 3 18 8 7 23
5 19 18 20 24 12
5 19 25 20 24 12
5 19 25 15 20 12
5 19 18 8 24 12
5 19 15 8 24 12
5 19 18 1 20 24
5 19 18 1 20 23
5 13 19 18 1 24
5 13 19 18 1 23
5 13 25 8 14 24
5 13 25 15 8 14
5 13 14 1 7 23
5 13 1 20 24 2
5 13 19 1 20 2
5 13 19 1 20 24
5 13 19 15 20 2
5 0 13 15 14 2
5 0 13 8 14 7
5 0 13 15 8 14
5 0 13 14 7 23
5 0 13 1 2 23
5 0 13 14 1 23
5 0 13 14 1 2
5 0 18 8 7 23
5 0 13 18 7 23
5 0 13 18 8 7
5 0 19 15 20 12
5 0 19 15 8 12
5 0 19 18 8 24
5 0 19 15 8 24
5 0 13 18 8 24
5 0 13 15 8 24
5 0 13 19 15 24
5 17 25 24 12 11
5 17 25 8 24 12
5 17 3 8 7 12
5 17 18 24 12 11
5 17 3 18 12 11
5 17 18 8 24 12
5 17 3 18 8 12
5 10 3 18 8 7
5 10 3 18 7 23
5 10 14 1 7 16
5 10 8 14 7 16
5 10 13 18 8 7
5 10 3 6 7 23
5 10 17 3 18 8
5 10 17 3 18 24
5 10 13 1 7 23
5 10 13 18 7 23
5 10 13 18 1 23
5 10 13 14 1 7
5 10 13 8 14 7
5 10 13 14 1 24
5 10 13 18 1 24
5 10 18 1 5 24
5 10 6 1 5 23
5 10 18 1 5 23
5 10 13 8 14 24
5 10 13 18 8 24
5 9 25 15 14 2
5 9 13 15 14 2
5 9 13 25 15 14
5 9 13 14 1 2
5 9 25 15 20 2
5 9 13 15 20 2
5 9 14 1 5 2
5 9 25 14 5 2
5 9 25 14 1 5
5 9 13 1 24 2
5 9 25 14 1 24
5 9 13 14 1 24
5 9 13 25 14 24
5 9 13 20 24 2
5 9 1 5 24 2
5 9 25 1 5 24
5 9 20 5 24 2
5 9 25 20 5 2
5 9 19 25 20 24
5 9 19 25 15 20
5 9 13 19 20 24
5 9 13 19 15 24
5 9 13 19 15 20
5 9 13 15 8 24
5 9 13 25 8 24
5 9 13 25 15 8
5 9 20 5 24 11
5 9 25 5 24 11
5 9 25 20 24 11
5 9 25 20 5 11
5 9 19 15 24 12
5 9 19 25 24 12
5 9 19 25 15 12
5 9 15 8 24 12
5 9 25 8 24 12
5 9 25 15 8 12
5 21 13 19 18 24
5 21 0 19 18 24
5 21 0 13 18 24
5 21 0 13 19 24
5 21 13 19 18 23
5 21 0 13 18 23
5 21 0 13 2 23
5 21 18 20 12 23
5 21 19 18 20 23
5 21 19 18 20 12
5 21 18 8 12 23
5 21 0 8 12 23
5 21 0 18 8 23
5 21 0 19 20 12
5 21 19 18 8 12
5 21 0 19 8 12
5 21 0 19 18 8
5 21 13 1 2 23
5 21 13 19 1 23
5 21 13 19 1 2
5 21 13 19 15 2
5 21 0 13 15 2
5 21 0 13 19 15
5 21 1 20 2 23
5 21 19 1 20 23
5 21 19 1 20 2
5 21 19 15 20 2
5 21 0 15 20 2
5 21 0 19 15 20
5 22 6 5 11 16
5 22 6 1 5 16
5 22 10 6 1 16
5 22 10 6 1 5
5 22 17 25 11 16
5 22 17 25 24 11
5 22 10 6 7 16
5 22 10 3 6 7
5 22 25 5 11 16
5 22 25 5 24 11
5 22 10 1 5 24
5 22 17 25 8 16
5 22 17 25 8 24
5 22 10 8 14 16
5 22 10 8 14 24
5 22 17 8 7 16
5 22 10 8 7 16
5 22 17 18 8 24
5 22 10 18 8 24
5 22 10 17 18 24
5 22 10 17 18 8
5 22 17 3 8 7
5 22 10 3 8 7
5 22 10 17 3 8
5 22 25 1 5 16
5 22 25 1 5 24
5 22 10 14 1 16
5 22 10 14 1 24
5 22 25 8 14 16
5 22 25 8 14 24
5 22 25 14 1 16
5 22 25 14 1 24
5 4 22 10 17 3
5 4 10 17 3 24
5 4 17 3 6 11
5 4 22 17 6 11
5 4 22 17 3 6
5 4 22 10 3 6
5 4 22 17 24 11
5 4 22 10 17 24
5 4 17 18 24 11
5 4 17 3 18 11
5 4 17 3 18 24
5 4 10 3 18 24
5 4 22 6 5 11
5 4 22 10 6 5
5 4 22 5 24 11
5 4 22 10 5 24
5 4 10 3 6 23
5 4 10 3 18 23
5 4 10 18 5 24
5 4 3 12 11 23
5 4 3 18 12 23
5 4 3 18 12 11
5 4 10 6 5 23
5 4 10 18 5 23
5 4 20 5 24 11
5 4 18 20 24 11
5 4 18 20 5 24
5 4 18 20 5 23
5 4 20 12 11 23
5 4 18 20 12 23
5 4 18 20 12 11
5 4 20 5 2 23
