214
5 12 25 6 16 2
5 14 22 4 6 2
5 3 14 4 6 2
5 21 25 23 17 13
5 21 22 23 17 13
5 21 1 25 23 17
5 8 14 22 4 6
5 7 25 23 17 13
5 7 1 25 23 17
5 7 1 12 23 17
5 7 1 0 25 16
5 20 3 18 4 16
5 20 3 14 4 2
5 20 14 22 4 2
5 20 8 22 18 4
5 20 8 14 22 4
5 20 21 22 18 2
5 15 3 0 18 16
5 15 3 0 18 17
5 15 7 12 23 16
5 15 7 12 23 17
5 15 7 1 12 16
5 15 7 1 0 16
5 15 7 1 12 17
5 5 21 25 6 2
5 5 21 18 13 2
5 5 21 25 13 2
5 5 21 25 17 13
5 5 12 25 6 2
5 5 1 12 25 6
5 5 3 12 6 2
5 5 3 1 12 6
5 5 15 3 0 17
5 5 15 3 12 17
5 5 3 1 12 17
5 5 0 18 17 13
5 5 22 18 17 13
5 5 21 22 17 13
5 5 21 22 18 13
5 5 15 7 0 17
5 5 15 3 0 16
5 5 12 25 16 2
5 5 3 12 16 2
5 5 15 3 12 16
5 5 15 1 12 17
5 5 0 18 16 2
5 5 20 18 16 2
5 5 3 0 18 17
5 5 20 3 18 17
5 5 7 25 17 13
5 5 7 0 17 13
5 5 7 0 25 13
5 5 1 0 25 16
5 5 15 1 0 16
5 5 7 1 25 17
5 5 15 7 1 17
5 5 7 1 0 25
5 5 15 7 1 0
5 5 20 3 16 2
5 5 1 12 25 16
5 5 15 1 12 16
5 5 3 0 18 16
5 5 20 3 18 16
5 19 15 12 23 17
5 19 8 3 12 17
5 19 20 8 18 4
5 19 8 22 18 4
5 19 15 3 12 17
5 19 12 23 4 16
5 19 15 12 23 16
5 19 20 8 22 18
5 19 3 12 4 16
5 19 15 3 12 16
5 19 7 0 23 16
5 19 15 7 23 16
5 19 15 7 0 16
5 9 1 12 23 17
5 9 8 21 23 6
5 9 19 8 12 17
5 9 8 3 12 17
5 9 21 25 23 6
5 9 21 1 25 23
5 9 19 12 23 4
5 9 8 14 4 6
5 9 19 3 12 4
5 9 19 8 3 4
5 9 19 8 3 12
5 9 8 3 14 4
5 9 3 1 12 6
5 9 12 23 4 16
5 9 7 1 25 23
5 9 3 14 4 6
5 9 7 12 23 16
5 9 7 1 12 16
5 9 7 1 12 23
5 10 20 21 22 18
5 10 5 21 22 18
5 10 5 22 18 17
5 10 5 20 18 17
5 10 20 21 18 2
5 10 5 21 18 2
5 10 5 20 18 2
5 10 20 21 22 2
5 10 20 14 22 2
5 10 20 8 14 22
5 10 5 21 22 17
5 10 14 22 6 2
5 10 21 22 6 2
5 10 5 21 6 2
5 10 20 3 14 2
5 10 5 20 3 2
5 10 5 20 3 17
5 10 8 14 22 6
5 10 8 21 22 6
5 10 3 14 6 2
5 10 5 3 6 2
5 10 19 8 3 17
5 10 21 22 23 17
5 10 8 21 22 23
5 10 9 8 14 6
5 10 9 8 21 6
5 10 9 8 3 17
5 10 9 8 3 14
5 10 9 8 23 17
5 10 9 8 21 23
5 10 5 3 1 6
5 10 5 3 1 17
5 10 5 1 25 6
5 10 5 21 25 6
5 10 21 1 25 17
5 10 5 1 25 17
5 10 5 21 25 17
5 10 21 1 23 17
5 10 9 1 23 17
5 10 9 21 1 23
5 10 9 3 14 6
5 10 9 3 1 6
5 10 9 1 25 6
5 10 9 21 25 6
5 10 9 21 1 25
5 10 3 1 12 17
5 10 9 1 12 17
5 10 9 3 12 17
5 10 9 3 1 12
5 24 3 18 4 16
5 24 19 18 4 16
5 24 19 3 4 16
5 24 15 3 18 16
5 24 19 15 3 16
5 24 20 3 18 4
5 24 19 20 18 4
5 24 15 0 18 16
5 24 19 0 18 16
5 24 19 15 0 16
5 24 15 3 18 17
5 24 19 15 3 17
5 24 20 3 14 4
5 24 20 3 18 17
5 24 15 0 18 17
5 24 19 0 18 17
5 24 19 15 0 17
5 24 8 3 14 4
5 24 19 8 3 4
5 24 20 8 14 4
5 24 19 20 8 4
5 24 10 20 3 14
5 24 10 20 18 17
5 24 10 20 3 17
5 24 10 19 3 17
5 24 10 8 3 14
5 24 10 19 8 3
5 24 10 20 8 14
5 24 10 22 18 17
5 24 19 20 22 18
5 24 10 20 22 18
5 24 19 20 8 22
5 24 10 20 8 22
5 11 9 8 23 4
5 11 9 19 23 4
5 11 9 19 8 4
5 11 19 8 22 4
5 11 9 8 23 17
5 11 9 19 8 17
5 11 19 12 23 17
5 11 9 12 23 17
5 11 9 19 12 17
5 11 9 19 12 23
5 11 19 22 18 4
5 11 22 23 17 13
5 11 10 22 23 17
5 11 10 8 23 17
5 11 10 8 22 23
5 11 10 19 8 17
5 11 22 18 17 13
5 11 7 23 17 13
5 11 24 10 22 17
5 11 24 10 19 17
5 11 24 19 8 22
5 11 24 10 8 22
5 11 24 10 19 8
5 11 0 18 17 13
5 11 19 0 18 17
5 11 7 0 23 13
5 11 19 7 0 23
5 11 24 22 18 17
5 11 24 19 18 17
5 11 24 19 22 18
5 11 7 0 17 13
5 11 15 7 23 17
5 11 19 15 23 17
5 11 19 15 7 23
5 11 15 7 0 17
5 11 19 15 0 17
5 11 19 15 7 0
