202
5 18 2 22 17 16
5 12 0 17 10 16
5 5 18 22 17 4
5 5 19 2 22 17
5 5 19 12 2 17
5 3 18 22 17 16
5 3 19 18 22 17
5 3 2 22 17 16
5 3 19 2 22 17
5 3 18 2 22 16
5 20 0 18 17 16
5 20 0 18 17 4
5 20 5 18 17 4
5 20 18 2 17 16
5 20 5 18 22 4
5 20 12 0 17 16
5 20 12 2 17 16
5 20 5 12 2 17
5 20 18 2 22 17
5 20 5 2 22 17
5 20 5 18 22 17
5 14 0 18 9 4
5 14 0 24 8 4
5 14 0 24 8 9
5 14 19 18 22 17
5 15 12 0 10 16
5 15 20 12 0 16
5 15 20 12 2 16
5 15 5 12 2 1
5 15 20 5 12 2
5 15 20 5 4 1
5 25 24 8 9 10
5 25 14 24 8 9
5 25 14 0 8 9
5 6 3 17 10 16
5 6 3 18 17 16
5 6 3 9 10 16
5 6 3 18 9 16
5 6 3 19 18 17
5 6 0 9 10 16
5 6 0 17 10 16
5 6 0 18 9 16
5 6 0 18 17 16
5 6 14 3 18 9
5 6 14 19 18 17
5 6 14 3 19 18
5 6 14 0 18 9
5 6 14 0 18 17
5 6 25 3 9 10
5 6 25 14 3 9
5 6 25 14 3 19
5 6 25 14 0 9
5 6 0 8 9 10
5 6 25 8 9 10
5 6 25 0 8 9
5 6 25 14 0 8
5 6 15 0 8 10
5 6 12 0 17 10
5 6 15 12 0 10
5 6 15 12 0 17
5 11 19 12 2 17
5 11 3 19 2 17
5 11 12 2 17 16
5 11 3 2 17 16
5 11 12 17 10 16
5 11 3 17 10 16
5 11 6 12 17 10
5 11 6 3 17 10
5 11 6 3 19 17
5 11 25 19 12 17
5 11 6 25 12 17
5 11 6 25 19 17
5 11 6 25 3 10
5 11 6 25 3 19
5 11 5 12 2 1
5 11 5 19 12 2
5 11 6 25 8 10
5 11 6 25 12 8
5 11 15 12 2 1
5 11 15 12 2 16
5 11 15 12 10 16
5 11 6 15 8 10
5 11 6 15 12 10
5 11 6 15 12 8
5 23 14 5 19 22
5 23 5 19 2 22
5 23 14 5 22 4
5 23 11 5 2 1
5 23 11 5 19 2
5 23 25 14 19 1
5 23 25 14 3 1
5 23 25 14 3 19
5 23 3 19 18 22
5 23 14 19 18 22
5 23 14 3 19 18
5 23 3 19 2 22
5 23 11 3 19 2
5 23 11 19 12 1
5 23 11 5 12 1
5 23 11 5 19 12
5 23 11 25 19 1
5 23 11 25 3 1
5 23 11 25 3 19
5 23 14 3 18 9
5 23 14 18 22 4
5 7 11 15 8 1
5 7 11 15 12 1
5 7 11 15 12 8
5 7 15 8 4 1
5 7 11 25 12 8
5 7 25 14 24 1
5 7 25 14 19 1
5 7 25 19 12 17
5 7 15 5 12 1
5 7 11 24 8 1
5 7 11 25 24 1
5 7 11 25 24 8
5 7 11 19 12 1
5 7 11 25 19 1
5 7 11 25 19 12
5 7 23 19 12 1
5 7 23 5 12 1
5 7 23 5 19 12
5 7 23 14 19 1
5 21 7 15 12 8
5 21 6 15 12 17
5 21 6 15 12 8
5 21 7 15 5 12
5 21 6 25 12 17
5 21 7 25 12 17
5 21 6 25 12 8
5 21 7 25 12 8
5 21 6 15 0 17
5 21 20 5 12 17
5 21 15 20 5 12
5 21 5 19 12 17
5 21 7 19 12 17
5 21 7 5 19 12
5 21 6 14 0 17
5 21 20 12 0 17
5 21 15 12 0 17
5 21 15 20 12 0
5 21 20 5 17 4
5 21 15 20 5 4
5 21 15 5 4 1
5 21 7 15 4 1
5 21 7 15 5 1
5 21 6 14 19 17
5 21 6 25 19 17
5 21 6 25 14 19
5 21 7 25 19 17
5 21 7 25 14 19
5 21 20 0 17 4
5 21 15 20 0 4
5 21 5 19 22 17
5 21 14 19 22 17
5 21 14 5 19 22
5 21 23 14 5 19
5 21 7 23 5 19
5 21 7 23 14 19
5 21 5 22 17 4
5 21 14 5 22 4
5 21 0 18 17 4
5 21 14 0 18 4
5 21 14 0 18 17
5 21 7 23 5 1
5 21 7 23 14 1
5 21 18 22 17 4
5 21 14 18 22 4
5 21 14 18 22 17
5 21 23 5 4 1
5 21 23 14 4 1
5 21 23 14 5 4
5 13 6 15 0 8
5 13 21 6 15 8
5 13 21 6 15 0
5 13 15 0 8 4
5 13 21 15 0 4
5 13 6 14 0 8
5 13 21 6 14 0
5 13 14 0 8 4
5 13 21 14 0 4
5 13 7 15 8 4
5 13 21 7 15 4
5 13 21 7 15 8
5 13 6 25 14 8
5 13 21 6 25 8
5 13 21 6 25 14
5 13 21 7 25 8
5 13 21 7 25 14
5 13 14 24 8 4
5 13 21 14 4 1
5 13 21 7 4 1
5 13 21 7 14 1
5 13 25 14 24 8
5 13 7 25 24 8
5 13 7 25 14 24
5 13 24 8 4 1
5 13 7 8 4 1
5 13 7 24 8 1
5 13 14 24 4 1
5 13 7 14 24 1
