206
5 21 24 12 4 23
5 17 0 15 10 23
5 17 24 15 10 23
5 17 0 15 7 23
5 17 21 0 4 23
5 17 21 0 7 23
5 3 21 0 4 23
5 3 24 0 4 23
5 3 21 24 4 23
5 8 21 24 12 4
5 8 3 24 11 4
5 8 3 21 24 4
5 8 14 12 4 1
5 20 8 14 12 1
5 16 17 24 15 10
5 16 17 24 15 23
5 16 24 12 4 23
5 16 17 24 4 23
5 16 17 24 12 4
5 16 17 15 7 23
5 16 17 21 7 23
5 16 21 12 4 23
5 16 17 21 4 23
5 6 16 17 21 4
5 6 16 17 15 7
5 6 16 17 21 7
5 6 20 15 7 1
5 6 20 21 7 1
5 6 16 21 12 4
5 6 16 17 12 4
5 6 8 21 4 1
5 6 20 8 21 1
5 6 8 21 12 4
5 6 16 20 21 12
5 6 16 17 15 10
5 6 8 12 4 1
5 6 20 12 15 1
5 6 20 8 12 1
5 6 20 8 21 12
5 6 24 12 10 4
5 6 17 24 12 4
5 6 16 24 15 10
5 6 16 17 24 10
5 6 16 17 24 12
5 6 14 12 15 1
5 5 3 24 0 23
5 5 3 21 0 23
5 5 3 21 24 23
5 5 3 21 0 7
5 5 3 0 7 11
5 5 3 24 0 11
5 5 20 3 21 7
5 5 8 3 21 24
5 5 20 8 3 21
5 5 8 21 24 12
5 5 20 8 21 12
5 5 3 7 11 1
5 5 20 3 11 1
5 5 20 3 7 1
5 5 8 3 24 11
5 22 8 14 12 4
5 22 8 14 4 1
5 22 20 8 14 1
5 22 20 8 14 12
5 22 5 20 11 1
5 22 5 8 3 11
5 22 5 20 3 11
5 22 5 20 8 3
5 13 5 21 24 23
5 13 5 20 21 7
5 13 16 21 7 23
5 13 21 0 7 23
5 13 5 21 0 23
5 13 5 21 0 7
5 13 16 24 15 23
5 13 16 15 7 23
5 13 5 24 0 23
5 13 24 0 10 23
5 13 5 24 0 10
5 13 24 15 10 23
5 13 0 15 10 23
5 13 0 15 7 23
5 13 0 15 7 10
5 2 5 24 0 11
5 2 5 24 0 10
5 2 5 7 11 1
5 2 13 5 24 10
5 2 22 14 11 1
5 2 22 5 11 1
5 2 5 8 24 11
5 2 22 5 8 11
5 2 22 20 14 1
5 2 22 5 20 1
5 2 22 5 20 8
5 9 8 3 11 4
5 9 22 8 11 4
5 9 22 8 3 11
5 9 22 8 4 1
5 9 20 3 11 1
5 9 22 20 11 1
5 9 22 20 3 11
5 9 8 21 4 1
5 9 8 3 21 4
5 9 22 20 8 1
5 9 22 20 8 3
5 9 20 8 21 1
5 9 20 8 3 21
5 9 20 21 7 1
5 9 20 3 7 1
5 9 20 3 21 7
5 25 5 20 21 12
5 25 13 5 20 21
5 25 16 20 21 12
5 25 5 21 24 12
5 25 13 5 21 24
5 25 16 21 12 23
5 25 13 16 21 23
5 25 6 16 20 12
5 25 21 24 12 23
5 25 13 21 24 23
5 25 5 20 8 12
5 25 2 5 20 8
5 25 16 24 12 23
5 25 13 16 24 23
5 25 6 20 12 15
5 25 6 16 24 12
5 25 22 20 8 12
5 25 2 22 20 8
5 25 6 16 24 15
5 25 22 20 14 12
5 25 2 22 20 14
5 25 14 12 15 1
5 25 20 12 15 1
5 25 20 14 12 1
5 25 2 14 15 1
5 25 2 20 14 1
5 25 6 24 15 10
5 18 25 16 20 21
5 18 25 13 20 21
5 18 25 13 16 21
5 18 6 16 20 21
5 18 25 6 16 20
5 18 6 20 21 7
5 18 13 20 21 7
5 18 6 16 21 7
5 18 13 16 21 7
5 18 25 6 20 15
5 18 25 6 16 15
5 18 6 20 15 7
5 18 6 16 15 7
5 18 13 16 15 7
5 18 13 16 24 15
5 18 25 16 24 15
5 18 25 13 16 24
5 18 20 15 7 1
5 18 25 20 15 1
5 18 13 24 15 10
5 18 25 24 15 10
5 18 25 13 24 10
5 18 25 2 15 1
5 18 5 20 7 1
5 18 13 5 20 7
5 18 25 13 5 20
5 18 2 5 7 1
5 18 2 13 5 7
5 18 25 2 13 5
5 18 2 5 20 1
5 18 25 2 20 1
5 18 25 2 5 20
5 19 25 14 12 15
5 19 25 2 14 15
5 19 25 22 14 12
5 19 25 2 22 14
5 19 25 6 15 10
5 19 25 6 12 15
5 19 18 2 15 10
5 19 18 25 15 10
5 19 18 25 2 15
5 19 22 14 12 4
5 19 25 22 8 12
5 19 25 2 22 8
5 19 6 12 10 4
5 19 24 12 10 4
5 19 6 24 12 10
5 19 25 6 24 10
5 19 25 6 24 12
5 19 18 2 13 10
5 19 18 25 13 10
5 19 18 25 2 13
5 19 2 13 24 10
5 19 25 13 24 10
5 19 25 5 24 12
5 19 22 8 12 4
5 19 25 5 8 12
5 19 25 2 5 8
5 19 8 24 12 4
5 19 2 13 5 24
5 19 25 13 5 24
5 19 25 2 13 5
5 19 5 8 24 12
5 19 2 5 8 24
5 19 2 22 11 4
5 19 8 24 11 4
5 19 22 8 11 4
5 19 2 8 24 11
5 19 2 22 8 11
