306
5 32 6 12 25 10
5 32 18 6 12 10
5 5 21 18 12 10
5 24 5 21 18 12
5 24 32 18 9 12
5 28 6 12 25 10
5 28 5 12 25 2
5 28 3 13 25 2
5 28 3 4 13 25
5 29 28 6 12 10
5 29 21 18 12 10
5 27 18 9 16 0
5 27 24 18 16 0
5 27 24 18 9 0
5 27 18 9 16 12
5 27 24 18 9 12
5 27 21 18 16 12
5 27 24 21 18 12
5 27 24 21 18 16
5 19 24 18 9 0
5 19 24 32 18 9
5 19 5 13 25 2
5 19 24 32 9 12
5 23 27 14 9 0
5 23 14 9 0 11
5 23 3 4 13 11
5 23 19 9 13 0
5 23 4 13 0 11
5 23 14 4 0 11
5 22 29 6 11 10
5 22 32 6 11 10
5 22 32 18 6 10
5 22 21 18 16 10
5 22 29 21 18 10
5 22 18 6 12 10
5 22 29 6 12 10
5 22 29 18 12 10
5 22 29 4 6 11
5 22 21 18 16 12
5 22 29 21 18 12
5 22 27 21 16 12
5 22 27 14 16 12
5 17 22 14 16 11
5 17 27 9 16 0
5 17 14 9 0 11
5 17 27 14 0 11
5 17 27 14 9 0
5 17 27 9 16 12
5 17 27 14 16 12
5 17 27 14 9 12
5 17 22 14 16 12
5 17 22 32 11 10
5 17 22 32 6 11
5 17 22 14 6 11
5 17 14 9 6 12
5 17 22 14 6 12
5 17 18 9 16 12
5 17 32 18 9 12
5 17 22 18 16 10
5 17 22 32 18 10
5 17 22 18 16 12
5 17 32 9 6 12
5 17 23 32 6 11
5 17 23 32 9 6
5 17 23 14 9 11
5 17 19 32 18 10
5 17 19 32 18 9
5 17 32 18 6 12
5 17 22 18 6 12
5 17 22 32 18 6
5 31 27 5 21 0
5 31 22 29 14 4
5 26 19 5 13 2
5 26 19 24 5 12
5 26 5 12 25 2
5 26 19 5 25 2
5 26 19 5 12 25
5 26 3 13 25 2
5 26 19 13 25 2
5 26 19 3 13 25
5 26 19 3 12 25
5 26 28 12 25 2
5 26 28 3 25 2
5 26 28 3 13 2
5 26 3 6 12 25
5 26 28 6 12 25
5 26 28 3 6 25
5 20 5 12 25 10
5 20 19 5 12 25
5 20 19 24 5 12
5 20 5 18 12 10
5 20 24 5 18 12
5 20 32 12 25 10
5 20 19 32 25 10
5 20 19 32 12 25
5 20 5 21 18 10
5 20 24 5 21 18
5 20 32 18 12 10
5 20 19 32 18 10
5 20 24 32 18 12
5 20 19 24 32 12
5 20 19 24 32 18
5 15 19 32 9 12
5 15 19 32 12 25
5 15 19 3 12 25
5 15 19 32 9 11
5 15 32 9 6 12
5 15 23 9 6 12
5 15 23 32 9 6
5 15 19 24 9 12
5 15 32 6 12 25
5 15 3 6 12 25
5 15 3 32 6 25
5 15 3 32 13 25
5 15 19 3 13 25
5 15 3 32 13 11
5 15 3 32 6 11
5 15 23 32 6 11
5 15 17 32 9 11
5 15 17 23 9 11
5 15 17 23 32 11
5 15 17 23 32 9
5 15 26 19 3 12
5 15 26 23 3 12
5 15 23 9 13 11
5 15 23 19 9 13
5 15 23 3 13 11
5 7 14 9 6 12
5 7 23 9 6 12
5 7 23 14 9 12
5 7 17 14 9 6
5 7 17 23 9 6
5 7 17 23 14 9
5 7 17 14 6 11
5 7 17 23 6 11
5 7 17 23 14 11
5 7 15 3 6 12
5 7 15 23 6 12
5 7 15 23 3 12
5 7 23 14 4 11
5 7 15 3 6 11
5 7 15 23 6 11
5 7 15 23 3 11
5 7 3 4 6 11
5 7 23 3 4 11
5 7 28 3 4 6
5 7 23 3 4 13
5 7 26 23 3 13
5 7 22 4 6 11
5 7 22 14 6 11
5 7 22 14 4 11
5 7 22 29 4 6
5 7 22 29 14 6
5 7 22 29 14 4
5 7 29 28 4 6
5 7 26 31 14 4
5 7 28 3 4 13
5 7 26 28 3 13
5 7 28 4 13 2
5 7 26 4 13 2
5 7 26 28 13 2
5 7 26 28 4 2
5 1 22 27 21 12
5 1 31 22 27 21
5 1 31 27 5 21
5 1 22 29 21 12
5 1 31 22 29 21
5 1 24 5 21 12
5 1 27 24 21 12
5 1 27 24 5 21
5 1 31 29 21 2
5 1 26 24 5 12
5 1 31 27 5 0
5 1 28 5 12 2
5 1 28 5 21 2
5 1 29 28 21 2
5 1 28 5 12 25
5 1 28 5 21 25
5 1 29 21 12 10
5 1 29 28 12 10
5 1 29 28 21 10
5 1 5 12 25 10
5 1 5 21 25 10
5 1 5 21 12 10
5 1 28 12 25 10
5 1 28 21 25 10
5 8 27 24 5 0
5 8 26 19 24 5
5 8 1 27 5 0
5 8 1 27 24 5
5 8 1 26 24 5
5 8 1 26 27 24
5 8 20 24 5 0
5 8 20 19 5 0
5 8 20 19 24 0
5 8 20 19 24 5
5 8 26 19 5 13
5 8 1 31 5 0
5 8 1 31 27 0
5 8 1 26 31 27
5 8 27 24 9 0
5 8 27 24 9 12
5 8 26 5 13 2
5 8 23 19 13 0
5 8 19 24 9 0
5 8 23 19 9 0
5 8 1 31 5 2
5 8 1 26 5 2
5 8 1 26 31 2
5 8 31 27 14 0
5 8 15 26 23 12
5 8 23 27 9 0
5 8 7 26 23 13
5 8 26 19 3 13
5 8 26 23 3 13
5 8 15 19 24 9
5 8 15 23 19 9
5 8 26 19 24 12
5 8 15 19 24 12
5 8 15 26 19 12
5 8 15 26 19 3
5 8 15 26 23 3
5 8 23 27 14 0
5 8 31 14 4 0
5 8 26 31 14 4
5 8 15 24 9 12
5 8 15 23 9 12
5 8 31 4 13 2
5 8 26 4 13 2
5 8 26 31 4 2
5 8 23 4 13 0
5 8 7 23 4 13
5 8 7 26 4 13
5 8 7 26 23 14
5 8 15 19 3 13
5 8 15 23 3 13
5 8 15 23 19 13
5 8 7 26 14 4
5 8 23 14 4 0
5 8 7 23 14 4
5 30 1 22 27 12
5 30 1 31 22 27
5 30 22 27 14 12
5 30 31 22 27 14
5 30 1 26 31 27
5 30 1 27 24 12
5 30 1 26 24 12
5 30 1 26 27 24
5 30 1 22 29 12
5 30 1 31 22 29
5 30 27 14 9 12
5 30 8 31 27 14
5 30 8 26 31 14
5 30 8 26 31 27
5 30 31 22 29 14
5 30 8 27 24 12
5 30 8 26 24 12
5 30 8 26 27 24
5 30 1 29 28 12
5 30 1 31 29 2
5 30 1 26 31 2
5 30 23 14 9 12
5 30 8 27 9 12
5 30 23 27 14 9
5 30 8 23 27 14
5 30 8 26 23 14
5 30 22 14 6 12
5 30 22 29 6 12
5 30 22 29 14 6
5 30 7 26 31 14
5 30 29 28 6 12
5 30 26 28 6 12
5 30 26 28 12 2
5 30 1 28 12 2
5 30 1 29 28 2
5 30 31 29 28 2
5 30 8 23 9 12
5 30 8 26 23 12
5 30 7 23 14 12
5 30 7 26 23 14
5 30 8 23 27 9
5 30 7 14 6 12
5 30 7 29 14 6
5 30 31 29 14 4
5 30 7 29 14 4
5 30 7 31 14 4
5 30 7 26 31 4
5 30 7 29 28 6
5 30 26 5 12 2
5 30 1 5 12 2
5 30 1 26 5 2
5 30 1 26 5 12
5 30 31 28 4 2
5 30 26 28 4 2
5 30 26 31 4 2
5 30 31 29 28 4
5 30 26 23 3 12
5 30 7 23 3 12
5 30 7 26 23 3
5 30 26 3 6 12
5 30 7 3 6 12
5 30 7 29 28 4
5 30 7 26 28 4
5 30 26 28 3 6
5 30 7 28 3 6
5 30 7 26 28 3
