306
5 21 19 27 17 18
5 28 21 16 18 7
5 28 21 16 10 18
5 28 21 19 27 18
5 28 21 19 27 10
5 4 19 11 10 17
5 4 19 11 17 31
5 29 21 16 18 7
5 29 21 16 14 18
5 29 28 21 16 10
5 29 9 28 21 10
5 29 28 21 16 7
5 29 9 28 21 7
5 32 28 16 18 7
5 32 28 19 27 18
5 12 21 19 17 18
5 12 4 21 19 17
5 12 19 17 18 31
5 12 4 19 17 31
5 12 4 21 19 10
5 12 28 21 10 18
5 12 28 21 19 18
5 12 28 21 19 10
5 12 21 16 14 18
5 12 21 16 10 18
5 12 29 21 10 14
5 12 29 21 16 14
5 12 29 21 16 10
5 5 32 20 3 7
5 5 32 28 20 7
5 15 5 29 9 0
5 15 29 9 0 10
5 15 0 16 3 7
5 15 29 0 16 7
5 15 5 0 3 7
5 15 32 16 3 7
5 15 5 32 3 7
5 15 29 28 16 10
5 15 29 9 28 10
5 15 32 28 16 7
5 15 5 32 28 7
5 15 5 9 28 7
5 15 29 28 16 7
5 15 29 9 28 7
5 1 28 16 10 18
5 1 32 28 16 18
5 1 12 16 10 18
5 1 12 28 10 18
5 1 15 28 16 10
5 1 15 32 28 16
5 1 32 28 19 18
5 1 12 28 19 18
5 1 12 28 19 10
5 1 12 16 14 18
5 1 32 19 18 31
5 1 12 19 18 31
5 1 12 14 18 31
5 1 12 4 19 31
5 1 12 4 14 31
5 6 5 20 3 7
5 6 5 0 3 7
5 6 15 22 0 3
5 6 15 5 0 3
5 6 15 5 22 3
5 6 15 9 22 0
5 6 15 5 9 0
5 6 15 5 9 22
5 24 6 5 9 22
5 24 32 22 20 3
5 24 5 32 20 3
5 24 32 19 20 27
5 24 6 5 20 3
5 24 6 5 22 3
5 24 6 5 20 27
5 24 6 5 9 27
5 24 15 5 22 3
5 24 15 5 32 3
5 24 32 28 20 27
5 24 5 28 20 27
5 24 5 32 28 20
5 24 5 9 28 27
5 24 15 5 9 28
5 24 15 5 32 28
5 24 6 9 22 0
5 24 9 28 27 10
5 24 4 19 11 10
5 24 9 22 0 10
5 24 19 11 17 31
5 24 28 19 27 10
5 24 32 28 19 27
5 25 15 0 16 3
5 25 15 29 0 16
5 25 29 0 16 14
5 25 1 16 14 18
5 25 29 0 10 14
5 25 1 32 16 18
5 25 0 11 10 14
5 25 22 0 11 10
5 25 4 11 14 31
5 25 4 11 10 14
5 25 12 4 10 14
5 25 24 22 11 10
5 23 6 5 0 7
5 23 6 5 9 0
5 23 5 29 9 0
5 23 29 9 21 7
5 23 15 29 0 7
5 23 15 5 0 7
5 23 15 5 29 0
5 23 15 29 9 7
5 23 15 5 9 7
5 23 15 5 29 9
5 23 5 9 28 7
5 23 29 9 21 10
5 23 29 9 0 10
5 23 28 21 27 7
5 23 9 28 21 7
5 23 28 21 27 10
5 23 9 28 27 10
5 23 9 28 21 10
5 13 24 6 22 0
5 13 6 22 0 3
5 13 24 22 20 3
5 13 24 6 20 3
5 13 24 6 22 3
5 13 24 22 11 31
5 13 24 22 20 31
5 13 22 0 11 10
5 13 24 22 11 10
5 13 24 22 0 10
5 13 24 6 9 0
5 13 23 6 0 7
5 13 25 22 0 11
5 13 24 9 0 10
5 13 23 6 9 0
5 13 23 9 0 10
5 30 25 32 22 3
5 30 24 32 22 3
5 30 24 15 22 3
5 30 24 15 32 3
5 30 15 22 0 3
5 30 25 22 0 3
5 30 25 15 0 3
5 30 15 32 16 3
5 30 25 32 16 3
5 30 25 15 16 3
5 30 15 9 22 0
5 30 1 15 32 16
5 30 25 1 32 16
5 30 1 15 32 28
5 30 24 15 32 28
5 30 24 1 32 28
5 30 9 22 0 10
5 30 25 22 0 10
5 30 15 9 0 10
5 30 1 15 16 10
5 30 25 24 22 10
5 30 1 15 28 10
5 30 24 1 28 10
5 30 15 29 0 10
5 30 25 29 0 10
5 30 25 15 29 0
5 30 24 9 22 10
5 30 15 29 16 10
5 30 25 15 29 16
5 30 1 12 16 10
5 30 15 9 28 10
5 30 24 9 28 10
5 30 24 15 9 28
5 30 15 5 9 22
5 30 24 5 9 22
5 30 24 15 5 22
5 30 24 15 5 9
5 30 25 29 10 14
5 30 25 29 16 14
5 30 25 12 10 14
5 30 1 12 16 14
5 30 25 1 16 14
5 30 25 1 12 14
5 30 12 29 10 14
5 30 12 29 16 14
5 30 12 29 16 10
5 2 13 6 20 3
5 2 13 23 6 7
5 2 6 5 20 7
5 2 6 5 20 27
5 2 23 27 17 7
5 2 23 6 5 7
5 2 24 6 20 27
5 2 13 24 6 20
5 2 13 23 6 9
5 2 28 20 27 7
5 2 5 28 20 7
5 2 5 28 20 27
5 2 23 28 27 7
5 2 23 5 28 7
5 2 6 5 9 27
5 2 23 6 5 9
5 2 13 24 20 31
5 2 24 6 9 27
5 2 13 24 6 9
5 2 5 9 28 27
5 2 23 9 28 27
5 2 23 5 9 28
5 2 19 20 17 31
5 2 24 19 17 31
5 2 24 19 20 31
5 2 24 11 17 31
5 2 13 11 17 31
5 2 13 24 11 31
5 2 19 20 27 17
5 2 24 19 20 27
5 2 23 9 27 10
5 2 24 9 27 10
5 2 13 24 9 10
5 2 24 19 11 17
5 2 19 27 10 17
5 2 24 19 27 10
5 2 19 11 10 17
5 2 13 11 10 17
5 2 24 19 11 10
5 2 13 24 11 10
5 26 13 23 0 10
5 26 23 29 21 10
5 26 23 29 0 10
5 26 13 0 11 10
5 26 23 29 21 7
5 26 23 29 0 7
5 26 23 21 27 10
5 26 2 13 10 17
5 26 29 21 10 14
5 26 0 11 10 14
5 26 29 0 10 14
5 26 4 11 10 14
5 26 4 11 10 17
5 26 13 11 10 17
5 26 19 27 10 17
5 26 21 19 27 17
5 26 21 19 27 10
5 26 2 27 10 17
5 26 2 23 27 17
5 26 2 23 27 10
5 26 21 27 17 7
5 26 23 27 17 7
5 26 23 21 27 7
5 26 4 19 10 17
5 26 4 21 19 17
5 26 4 21 19 10
5 26 2 23 17 7
5 26 13 23 9 10
5 26 2 23 9 10
5 26 2 13 9 10
5 26 2 13 23 9
5 26 12 21 10 14
5 26 12 4 10 14
5 26 12 4 21 10
5 26 12 21 17 14
5 26 12 4 17 14
5 26 12 4 21 17
5 8 30 25 24 22
5 8 30 24 32 22
5 8 30 24 1 32
5 8 30 25 32 22
5 8 30 25 1 32
5 8 25 32 22 31
5 8 25 1 32 31
5 8 24 22 11 31
5 8 25 22 11 31
5 8 25 24 22 11
5 8 30 25 1 12
5 8 30 25 24 10
5 8 32 22 20 31
5 8 24 22 20 31
5 8 24 32 22 20
5 8 1 32 19 31
5 8 25 4 11 31
5 8 1 4 19 31
5 8 1 4 14 31
5 8 25 4 14 31
5 8 25 1 14 31
5 8 1 12 4 19
5 8 30 1 12 10
5 8 30 24 1 10
5 8 1 12 4 14
5 8 25 12 4 14
5 8 25 1 12 14
5 8 25 12 4 10
5 8 30 25 12 10
5 8 24 4 11 10
5 8 25 4 11 10
5 8 25 24 11 10
5 8 32 19 20 31
5 8 24 19 20 31
5 8 24 32 19 20
5 8 1 32 28 19
5 8 24 32 28 19
5 8 24 1 32 28
5 8 4 19 11 31
5 8 24 19 11 31
5 8 24 4 19 11
5 8 12 4 19 10
5 8 24 4 19 10
5 8 1 12 19 10
5 8 1 28 19 10
5 8 24 28 19 10
5 8 24 1 28 10
