215
5 21 14 5 4 12
5 21 1 5 4 23
5 9 14 8 4 12
5 9 21 14 4 12
5 9 2 8 4 0
5 6 21 14 5 12
5 6 21 15 14 12
5 6 22 5 4 0
5 6 15 1 5 12
5 6 21 1 5 12
5 6 21 15 1 12
5 20 21 15 1 12
5 20 3 21 1 23
5 20 9 21 12 23
5 17 2 22 4 0
5 17 9 2 4 0
5 17 9 2 8 0
5 16 9 2 4 23
5 13 20 21 15 1
5 13 20 3 21 1
5 13 6 21 15 1
5 13 6 15 1 5
5 13 3 21 1 23
5 13 16 6 22 5
5 13 3 21 24 23
5 13 6 15 14 24
5 13 6 21 14 24
5 13 6 21 15 14
5 19 20 14 8 12
5 19 9 14 8 12
5 19 9 14 8 24
5 19 20 9 8 12
5 19 20 9 8 24
5 19 9 21 14 12
5 19 9 21 14 24
5 19 20 9 21 12
5 19 21 15 14 12
5 19 20 15 14 12
5 19 20 21 15 12
5 19 9 21 24 23
5 19 20 9 24 23
5 19 20 9 21 23
5 19 13 15 14 24
5 19 13 21 14 24
5 19 13 21 15 14
5 19 13 20 15 24
5 19 13 20 21 15
5 19 3 21 24 23
5 19 20 3 24 23
5 19 20 3 21 23
5 19 13 3 21 24
5 19 13 20 3 24
5 19 13 20 3 21
5 11 17 9 14 24
5 11 9 21 24 23
5 11 9 21 14 24
5 11 13 21 24 23
5 11 21 5 4 23
5 11 9 21 4 23
5 11 16 9 4 23
5 11 3 9 24 23
5 11 16 3 9 23
5 11 16 22 5 4
5 11 13 3 24 23
5 11 13 16 3 24
5 11 1 5 4 23
5 11 16 1 4 23
5 11 16 1 5 4
5 11 16 3 1 23
5 11 13 3 1 23
5 11 13 16 3 1
5 18 13 16 6 22
5 18 11 16 3 24
5 18 11 17 22 4
5 18 11 16 22 4
5 18 17 2 22 4
5 18 16 2 22 4
5 18 11 3 9 24
5 18 11 17 9 24
5 18 11 16 3 9
5 18 11 17 9 4
5 18 11 16 9 4
5 18 17 9 2 4
5 18 16 9 2 4
5 18 16 17 9 2
5 25 9 14 8 24
5 25 17 9 8 24
5 25 17 9 14 24
5 25 17 8 24 0
5 25 17 9 8 0
5 25 18 17 24 0
5 25 9 8 4 0
5 25 9 14 8 4
5 25 17 9 4 0
5 25 6 15 14 24
5 25 19 14 8 24
5 25 19 15 14 24
5 25 11 17 14 24
5 25 18 11 17 24
5 25 14 8 4 12
5 25 11 9 14 4
5 25 11 17 9 4
5 25 11 17 9 14
5 25 6 15 14 12
5 25 20 14 8 12
5 25 20 15 14 12
5 25 20 15 8 24
5 25 19 20 8 24
5 25 19 20 15 24
5 25 19 20 14 8
5 25 19 20 15 14
5 25 18 17 22 0
5 25 6 22 4 0
5 25 17 22 4 0
5 25 13 15 22 0
5 25 13 6 15 24
5 25 18 13 6 24
5 25 6 15 22 0
5 25 6 5 4 0
5 25 14 5 4 12
5 25 6 14 5 12
5 25 6 14 5 4
5 25 13 6 15 22
5 25 18 13 6 22
5 10 17 2 8 0
5 10 17 9 2 8
5 10 20 9 2 8
5 10 17 8 24 0
5 10 18 17 24 0
5 10 17 2 22 0
5 10 18 17 22 0
5 10 18 17 2 22
5 10 18 16 17 2
5 10 17 9 8 24
5 10 16 17 9 2
5 10 20 9 8 24
5 10 20 9 2 23
5 10 25 8 24 0
5 10 18 16 3 24
5 10 18 3 9 24
5 10 18 17 9 24
5 10 18 16 2 22
5 10 18 16 3 9
5 10 18 16 17 9
5 10 16 9 2 23
5 10 16 3 9 23
5 10 25 15 8 0
5 10 25 13 15 0
5 10 20 15 8 24
5 10 13 20 15 24
5 10 13 20 3 24
5 10 3 9 24 23
5 10 20 9 24 23
5 10 20 3 24 23
5 10 25 18 24 0
5 10 25 18 22 0
5 10 25 15 8 24
5 10 25 13 15 24
5 10 13 16 22 0
5 10 25 13 22 0
5 10 13 16 3 24
5 10 18 13 16 24
5 10 25 18 13 24
5 10 18 13 16 22
5 10 25 18 13 22
5 7 25 6 14 24
5 7 25 11 14 24
5 7 6 21 14 24
5 7 11 21 14 24
5 7 25 18 6 24
5 7 25 18 11 24
5 7 25 6 14 4
5 7 25 11 14 4
5 7 13 6 21 24
5 7 11 13 21 24
5 7 6 21 14 5
5 7 18 13 6 24
5 7 25 18 6 22
5 7 6 14 5 4
5 7 25 6 22 4
5 7 13 6 21 1
5 7 21 14 5 4
5 7 11 21 5 4
5 7 6 21 1 5
5 7 11 13 16 24
5 7 18 13 16 24
5 7 18 11 16 24
5 7 18 13 16 6
5 7 18 11 17 22
5 7 25 18 17 22
5 7 25 18 11 17
5 7 6 22 5 4
5 7 11 22 5 4
5 7 11 17 22 4
5 7 25 17 22 4
5 7 25 11 17 4
5 7 13 21 1 23
5 7 11 13 1 23
5 7 11 13 21 23
5 7 13 6 1 5
5 7 9 21 14 4
5 7 11 9 14 4
5 7 11 9 21 4
5 7 11 9 21 14
5 7 21 1 5 23
5 7 11 1 5 23
5 7 11 21 5 23
5 7 13 16 6 5
5 7 16 6 22 5
5 7 18 16 6 22
5 7 11 16 22 5
5 7 18 11 16 22
5 7 13 16 1 5
5 7 11 16 1 5
5 7 11 13 16 1
