4
33
4.67372 4.73203 -2.04201 2.80237
3.92053 -3.17165 -5.82182 2.09554
-6.25472 -2.85832 -4.66896 1.71591
5.10386 8.7274 -0.0404667 2.37757
-0.881751 6.45374 -7.65792 8.25183
-0 -9.21156 -6.28527 2.98596
-0 8.4961 5.59682 -6.36191
-0 -4.56076 6.02737 -0.842985
-0 2.68693 4.96247 4.7391
-0 -3.90913 9.94304 -4.97875
-0 9.94906 7.29903 -4.16829
-0 -9.30869 -7.63088 -6.72983
-1.88894 -0 8.49739 6.932
8.02998 -0 -8.60548 9.04809
3.72373 -0 6.31249 -4.33997
9.14193 -0 -5.449 -0.434281
7.58779 -0 -4.22185 -3.51264
7.21665 -0 0.210979 1.83194
-5.86683 -0 2.92659 0.401042
-8.58629 -7.95458 -0 0.907813
-2.96737 -1.13694 -0 -8.94387
-3.23025 -5.24975 -0 0.37915
-2.32923 -5.54324 -0 -7.05969
0.353701 7.64102 -0 -6.3493
2.77249 6.47821 -0 2.93393
3.31559 6.291 -0 -0.244847
-1.07592 -2.20502 -7.38174 -0
-0.952594 4.88782 6.29046 -0
-8.44404 -7.40219 -0.934374 -0
-6.02326 8.77671 -4.57059 -0
6.52431 6.86409 -5.72097 -0
8.50222 7.68465 -5.26572 -0
-4.45691 3.77025 3.70353 -0
