4
26
-2.74643 -8.93453 -0.662345 -7.30825
-9.96274 8.19003 0.21472 3.0408
9.31484 -2.73404 6.22609 7.32701
9.39199 3.56025 -5.44308 -3.36661
-6.97215 -5.0026 9.80382 -8.03233
3.91136 -0 8.98486 3.19591
3.52314 -0 -6.70078 -2.88247
-8.1726 -0 -1.62485 2.27064
-9.45964 -0 -6.32199 0.366164
8.42005 -0 -8.38356 -9.66092
4.64305 -0 -9.717 -2.0093
0.923182 -0 -6.40254 8.60161
1.47927 -3.77773 -0 4.98558
-7.24024 -2.84738 -0 -1.37412
-3.7954 4.47423 -0 -6.51549
-7.54802 -6.39649 -0 2.4667
9.78013 -8.49939 -0 6.38197
3.39677 -3.26539 -0 1.1686
7.44265 -1.35473 -0 -9.33382
3.83389 4.9039 2.04935 -0
1.00079 -9.49998 9.25884 -0
-4.82858 -3.49684 1.16118 -0
7.08893 3.55135 6.48602 -0
2.74221 7.81573 4.42416 -0
-9.44479 2.86646 -6.39175 -0
-3.83565 4.13128 -7.75088 -0
