4
19
4.08296 -4.42766 1.94887 0.211342
-0.684793 4.34635 3.67399 3.49514
9.9254 -7.11214 2.0959 7.99307
2.55712 2.61636 7.75931 -7.64161
-9.32436 -7.89817 1.80671 5.54654
-0 -7.13138 5.97186 9.53661
-0 7.51503 -5.47966 -7.02682
-0 -2.94377 -9.3615 0.359234
-0 -5.47017 -8.46027 6.58742
-0 -4.55643 0.242412 5.09858
-0 8.25337 -8.7102 -3.97828
-0 7.79032 4.76318 -8.86082
-1.88894 -0 8.49739 6.932
8.02998 -0 -8.60548 9.04809
3.72373 -0 6.31249 -4.33997
9.14193 -0 -5.449 -0.434281
7.58779 -0 -4.22185 -3.51264
7.21665 -0 0.210979 1.83194
-5.86683 -0 2.92659 0.401042
