4
33
4.40536 -3.17462 3.59747 -9.27851
5.75028 6.17945 4.42466 1.26197
9.62655 2.49757 0.902292 2.70195
1.80225 -5.03601 -6.29289 1.82304
6.2772 -6.84967 1.69686 7.28513
7.51418 8.89372 -0 -0.770433
0.362947 -0.792332 -0 7.97803
3.27364 -5.68521 -0 4.35622
7.43882 -1.38696 -0 -6.09754
-4.90771 -3.91831 -0 -4.89559
-9.74316 7.87256 -0 6.42247
-7.93917 -9.83314 -0 2.03246
-0.971476 4.43217 -0.447969 -0
7.63403 -6.48168 -8.81082 -0
1.71495 -5.45255 6.64328 -0
-2.7005 -2.65022 -6.87461 -0
-6.86985 5.42476 9.50376 -0
-9.73913 -3.71669 2.74709 -0
-7.20576 7.7563 4.56486 -0
-0 6.30298 -9.1623 -5.44943
-0 9.61108 -5.77726 -3.96835
-0 8.50354 9.51828 2.60148
-0 -0.0353867 8.93657 6.11882
-0 -7.00614 -2.75718 -1.49133
-0 6.92208 -0.685301 -4.41284
-0 7.12647 -9.6437 4.50402
6.90771 -0 0.743405 0.596819
1.14353 -0 7.34005 -5.52708
4.36974 -0 0.451449 9.1428
2.46854 -0 3.60761 8.59384
4.94791 -0 2.07285 1.66311
7.73834 -0 6.56278 1.31853
-8.73375 -0 -3.67434 3.94704
