4
26
-6.47456 5.82658 -0.48859 9.96895
0.501298 -5.77586 1.03397 2.58255
2.76748 -4.95096 -0.588552 -3.51968
-9.01139 -9.76058 -8.0808 0.259651
6.54229 -7.83985 -5.84689 9.03063
6.90771 -0 0.743405 0.596819
1.14353 -0 7.34005 -5.52708
4.36974 -0 0.451449 9.1428
2.46854 -0 3.60761 8.59384
4.94791 -0 2.07285 1.66311
7.73834 -0 6.56278 1.31853
-8.73375 -0 -3.67434 3.94704
-6.88433 5.60577 -0 -6.97514
-9.88883 8.38641 -0 1.28518
-7.03752 -6.21318 -0 2.01796
-8.86669 -3.35815 -0 -1.86849
7.53766 -6.64418 -0 -7.24029
-6.91566 7.56059 -0 -2.68038
1.0476 -5.39578 -0 9.17772
3.83389 4.9039 2.04935 -0
1.00079 -9.49998 9.25884 -0
-4.82858 -3.49684 1.16118 -0
7.08893 3.55135 6.48602 -0
2.74221 7.81573 4.42416 -0
-9.44479 2.86646 -6.39175 -0
-3.83565 4.13128 -7.75088 -0
