4
33
-3.07933 -2.61098 6.55019 2.7222
-5.46868 7.83136 7.36849 -5.7573
-4.62683 -5.50099 7.50192 6.07581
6.5634 0.426986 0.915394 6.29059
-3.86175 -9.13915 -3.3209 4.53107
-1.09604 5.55682 -0 -7.09845
-3.65849 3.90536 -0 7.93077
8.06008 2.61155 -0 -4.06279
-4.1996 5.11825 -0 -9.41315
-9.909 -5.16547 -0 -9.11408
1.0051 -2.3211 -0 -9.86608
9.84869 7.28394 -0 0.799326
-0 0.0468262 9.41579 -4.32006
-0 -3.32746 5.32035 -4.43287
-0 0.187931 6.89413 -2.90524
-0 -4.91094 -8.27703 4.19805
-0 6.94012 1.4135 5.18361
-0 6.28569 -6.06586 -4.15911
-0 4.30414 5.43535 -0.41864
3.91136 -0 8.98486 3.19591
3.52314 -0 -6.70078 -2.88247
-8.1726 -0 -1.62485 2.27064
-9.45964 -0 -6.32199 0.366164
8.42005 -0 -8.38356 -9.66092
4.64305 -0 -9.717 -2.0093
0.923182 -0 -6.40254 8.60161
-0.971476 4.43217 -0.447969 -0
7.63403 -6.48168 -8.81082 -0
1.71495 -5.45255 6.64328 -0
-2.7005 -2.65022 -6.87461 -0
-6.86985 5.42476 9.50376 -0
-9.73913 -3.71669 2.74709 -0
-7.20576 7.7563 4.56486 -0
