4
26
-8.97082 -5.78621 7.57904 0.261351
1.07145 2.37047 -2.8251 -7.75787
-9.78609 -9.79382 -6.14353 -8.74982
-1.68402 9.03209 0.751129 3.14526
-2.69309 8.58261 -5.18139 0.608365
-0 6.30298 -9.1623 -5.44943
-0 9.61108 -5.77726 -3.96835
-0 8.50354 9.51828 2.60148
-0 -0.0353867 8.93657 6.11882
-0 -7.00614 -2.75718 -1.49133
-0 6.92208 -0.685301 -4.41284
-0 7.12647 -9.6437 4.50402
-4.75394 0.420668 -0 8.68649
-2.77604 -4.7833 -0 -5.15804
5.02962 -4.25596 -0 -7.45527
-4.29926 -9.23796 -0 -2.23919
9.86407 6.36454 -0 -1.03553
5.36417 6.5977 -0 6.52284
-5.21882 1.88321 -0 1.51125
-7.07119 -4.57925 -1.97354 -0
-9.54827 -5.61212 -5.26813 -0
-9.98233 -3.34197 2.95553 -0
8.15614 6.93091 -0.529196 -0
-9.99541 6.32249 4.94184 -0
-2.66457 -1.40775 -2.9292 -0
2.95355 -7.06684 -2.97503 -0
