4
33
7.22246 7.86973 -1.24735 -5.26797
6.61465 0.969225 4.49102 5.35512
-9.26925 7.92803 -4.96016 4.16679
-4.57724 -7.8982 3.16727 9.7467
-3.89746 4.93821 -9.88684 2.52466
1.18592 -0 7.67871 -0.964613
-0.000365134 -0 2.84869 5.5117
5.7795 -0 -1.27773 -3.04034
6.65136 -0 -9.32316 4.08791
-5.90487 -0 -2.96532 7.62005
7.88415 -0 -5.75575 4.72503
-9.24363 -0 -0.713549 1.29904
-0 -7.13138 5.97186 9.53661
-0 7.51503 -5.47966 -7.02682
-0 -2.94377 -9.3615 0.359234
-0 -5.47017 -8.46027 6.58742
-0 -4.55643 0.242412 5.09858
-0 8.25337 -8.7102 -3.97828
-0 7.79032 4.76318 -8.86082
1.47927 -3.77773 -0 4.98558
-7.24024 -2.84738 -0 -1.37412
-3.7954 4.47423 -0 -6.51549
-7.54802 -6.39649 -0 2.4667
9.78013 -8.49939 -0 6.38197
3.39677 -3.26539 -0 1.1686
7.44265 -1.35473 -0 -9.33382
6.74577 5.33584 -3.02868 -0
-4.02782 -7.31077 8.34113 -0
-8.39027 2.57503 -6.36979 -0
5.81897 5.4152 2.42085 -0
8.86138 9.9406 2.34997 -0
1.01786 2.78441 1.45162 -0
-9.77515 7.85999 5.11478 -0
