4
26
9.42813 5.71613 9.54229 -4.70077
-9.1454 -4.33306 2.05544 -5.01611
-6.21616 -2.64562 5.16864 6.79828
2.345 -8.34563 9.60227 -4.5356
8.06928 -8.5025 -9.11307 -5.56993
-0 0.718048 8.82817 -0.873806
-0 6.32981 -9.26632 -0.656401
-0 3.79165 9.70302 -8.24584
-0 -7.01919 -3.48171 -4.71862
-0 -8.71501 1.70939 -7.01949
-0 9.20374 0.723282 9.44706
-0 -9.95167 9.79508 -2.65292
-1.07592 -2.20502 -7.38174 -0
-0.952594 4.88782 6.29046 -0
-8.44404 -7.40219 -0.934374 -0
-6.02326 8.77671 -4.57059 -0
6.52431 6.86409 -5.72097 -0
8.50222 7.68465 -5.26572 -0
-4.45691 3.77025 3.70353 -0
-4.75394 0.420668 -0 8.68649
-2.77604 -4.7833 -0 -5.15804
5.02962 -4.25596 -0 -7.45527
-4.29926 -9.23796 -0 -2.23919
9.86407 6.36454 -0 -1.03553
5.36417 6.5977 -0 6.52284
-5.21882 1.88321 -0 1.51125
