105
5 15 9 7 18 17
5 8 15 9 7 18
5 8 9 7 18 17
5 12 15 9 10 16
5 12 9 13 10 16
5 12 0 9 13 16
5 12 13 5 7 17
5 12 15 5 7 17
5 12 15 13 5 17
5 12 0 5 7 16
5 12 0 13 5 16
5 12 0 13 5 7
5 1 15 9 18 17
5 1 15 9 18 10
5 1 12 15 9 10
5 1 12 15 13 17
5 1 12 15 13 10
5 1 15 9 7 17
5 1 12 15 7 17
5 1 12 15 9 7
5 1 12 13 7 17
5 1 12 0 13 7
5 3 1 13 7 17
5 3 1 0 13 7
5 3 8 0 9 7
5 3 0 9 13 10
5 3 1 9 10 17
5 3 12 0 9 7
5 3 1 12 9 7
5 3 1 12 0 7
5 3 12 9 13 10
5 3 1 12 13 10
5 3 1 12 9 10
5 3 12 0 9 13
5 3 1 12 0 13
5 4 8 15 7 18
5 4 8 15 9 18
5 4 8 15 9 7
5 4 15 18 10 16
5 4 15 9 10 16
5 4 15 9 18 10
5 4 8 0 9 7
5 4 12 15 7 16
5 4 12 15 9 16
5 4 12 15 9 7
5 4 12 0 7 16
5 4 12 0 9 16
5 4 12 0 9 7
5 4 9 13 10 16
5 4 0 9 13 16
5 4 0 9 13 10
5 2 8 7 18 17
5 2 15 7 18 17
5 2 15 5 18 17
5 2 15 5 7 17
5 2 4 8 7 18
5 2 4 15 7 18
5 2 8 9 18 17
5 2 8 9 7 17
5 2 3 9 10 17
5 2 1 9 7 17
5 2 3 1 7 17
5 2 3 1 9 17
5 2 3 1 9 7
5 11 4 0 5 7
5 11 4 8 0 7
5 11 3 8 0 9
5 11 4 8 0 9
5 11 2 4 5 7
5 11 2 4 8 7
5 11 2 3 9 10
5 11 3 8 0 7
5 11 2 4 5 18
5 11 2 4 8 18
5 11 3 8 9 7
5 11 2 8 9 7
5 11 2 3 9 7
5 6 2 15 5 7
5 6 2 4 5 7
5 6 2 4 15 7
5 6 4 15 7 16
5 6 2 15 5 18
5 6 2 4 5 18
5 6 2 4 15 18
5 6 12 5 7 16
5 6 12 15 7 16
5 6 12 15 5 16
5 6 12 15 5 7
5 6 0 5 7 16
5 6 4 0 7 16
5 6 4 0 5 16
5 6 4 0 5 7
5 14 2 8 9 18
5 14 11 2 8 18
5 14 11 2 8 9
5 14 4 9 18 10
5 14 4 8 9 18
5 14 2 9 10 17
5 14 2 9 18 17
5 14 11 2 5 18
5 14 11 4 8 18
5 14 1 18 10 17
5 14 1 9 10 17
5 14 1 9 18 17
5 14 1 9 18 10
