217
5 17 13 25 2 15
5 17 13 25 2 23
5 9 17 3 1 23
5 12 13 16 2 15
5 4 13 25 2 23
5 4 9 3 23 14
5 8 12 13 16 2
5 8 13 25 2 15
5 8 12 13 2 15
5 8 12 13 16 15
5 8 17 13 25 15
5 18 9 3 23 14
5 18 17 25 3 23
5 18 9 3 19 14
5 24 4 13 1 23
5 24 4 13 25 23
5 24 17 13 1 23
5 24 17 13 25 23
5 24 4 9 1 23
5 24 9 17 1 23
5 24 8 17 13 1
5 24 8 17 13 25
5 24 4 13 25 2
5 24 8 13 25 2
5 7 4 13 1 23
5 7 17 13 1 23
5 7 4 16 2 14
5 7 4 13 16 2
5 7 8 13 16 2
5 0 8 12 16 2
5 0 8 12 19 16
5 10 4 9 23 14
5 10 24 4 9 23
5 10 18 9 23 14
5 10 24 18 9 23
5 10 4 25 23 14
5 10 24 4 25 23
5 10 18 25 23 14
5 10 24 18 25 23
5 10 4 25 2 14
5 10 24 4 25 2
5 10 7 4 2 14
5 10 24 4 9 1
5 10 24 4 13 2
5 10 7 4 13 2
5 10 24 4 13 1
5 10 7 4 13 1
5 10 24 8 13 2
5 10 7 8 13 2
5 10 24 8 13 1
5 10 7 8 13 1
5 10 24 8 25 2
5 6 8 12 16 15
5 6 8 12 19 16
5 6 7 8 19 16
5 6 8 13 16 15
5 6 7 8 13 16
5 6 8 17 13 15
5 6 8 17 13 1
5 6 7 17 13 1
5 6 7 8 13 1
5 6 17 3 1 23
5 6 7 3 1 23
5 6 7 17 1 23
5 20 6 7 3 1
5 20 6 7 3 19
5 20 9 3 1 23
5 20 7 3 1 23
5 20 18 9 3 19
5 20 10 4 9 1
5 20 4 9 1 23
5 20 7 4 1 23
5 20 4 9 3 23
5 20 7 4 3 23
5 20 9 3 19 14
5 20 4 9 3 14
5 20 6 17 3 1
5 22 7 16 2 14
5 22 10 7 2 14
5 22 10 25 2 14
5 22 10 18 25 14
5 22 0 8 16 2
5 22 0 8 19 16
5 22 7 19 16 14
5 22 7 8 16 2
5 22 7 8 19 16
5 22 10 7 8 2
5 22 0 8 25 2
5 22 10 8 25 2
5 22 18 9 19 14
5 22 10 18 9 14
5 22 10 24 8 25
5 22 0 8 12 19
5 22 6 0 8 12
5 5 0 25 2 15
5 5 0 12 2 15
5 5 6 8 12 15
5 5 8 25 2 15
5 5 8 12 2 15
5 5 0 8 25 2
5 5 0 8 12 2
5 5 8 17 25 15
5 5 24 8 17 25
5 5 6 0 8 12
5 5 22 24 8 25
5 5 22 0 8 25
5 5 6 8 17 15
5 5 0 12 19 15
5 5 22 6 0 8
5 5 24 8 17 1
5 5 6 8 17 1
5 5 0 3 19 15
5 5 0 18 3 19
5 5 22 0 18 19
5 5 6 17 3 15
5 5 20 6 17 3
5 5 20 6 17 1
5 5 20 17 3 1
5 11 5 17 25 15
5 11 5 0 25 15
5 11 5 17 3 15
5 11 5 0 3 15
5 11 5 0 18 3
5 11 18 17 25 3
5 11 5 24 17 25
5 11 22 0 18 25
5 11 5 22 0 25
5 11 5 22 0 18
5 11 18 17 25 23
5 11 24 17 25 23
5 11 24 18 25 23
5 11 10 24 18 25
5 11 22 10 18 25
5 11 18 17 3 23
5 11 22 10 24 25
5 11 5 22 24 25
5 11 5 22 10 24
5 11 9 17 3 23
5 11 24 9 17 23
5 11 18 9 3 23
5 11 24 18 9 23
5 11 9 17 3 1
5 11 5 17 3 1
5 11 24 9 17 1
5 11 5 24 17 1
5 11 20 18 9 3
5 11 5 20 18 3
5 11 10 24 18 9
5 11 20 9 3 1
5 11 5 20 3 1
5 21 5 20 6 1
5 21 5 24 8 1
5 21 5 6 8 1
5 21 11 5 24 1
5 21 11 5 20 1
5 21 10 24 8 1
5 21 6 7 8 1
5 21 20 6 7 1
5 21 11 24 9 1
5 21 11 20 9 1
5 21 11 5 10 24
5 21 10 7 8 1
5 21 10 24 9 1
5 21 20 10 9 1
5 21 6 7 8 19
5 21 20 6 7 19
5 21 22 10 24 8
5 21 5 22 24 8
5 21 5 22 10 24
5 21 5 22 6 8
5 21 11 10 24 9
5 21 11 5 22 10
5 21 10 7 4 1
5 21 20 7 4 1
5 21 20 10 4 1
5 21 22 10 7 8
5 21 22 7 8 19
5 21 11 10 18 9
5 21 11 20 18 9
5 21 11 22 10 18
5 21 11 5 20 18
5 21 11 5 22 18
5 21 5 22 0 19
5 21 5 22 6 0
5 21 5 22 18 19
5 21 10 7 4 14
5 21 20 7 4 14
5 21 22 10 7 14
5 21 20 7 19 14
5 21 22 7 19 14
5 21 6 8 12 19
5 21 22 8 12 19
5 21 22 6 8 12
5 21 22 10 18 9
5 21 6 3 19 15
5 21 20 6 3 19
5 21 6 12 19 15
5 21 5 12 19 15
5 21 5 6 12 15
5 21 5 3 19 15
5 21 5 6 3 15
5 21 5 20 6 3
5 21 22 0 12 19
5 21 22 6 0 12
5 21 5 0 12 19
5 21 5 6 0 12
5 21 20 18 9 19
5 21 22 18 9 19
5 21 20 18 3 19
5 21 5 18 3 19
5 21 5 20 18 3
5 21 10 4 9 14
5 21 20 4 9 14
5 21 20 10 4 9
5 21 22 10 9 14
5 21 20 9 19 14
5 21 22 9 19 14
