193
5 4 2 7 0 24
5 14 7 16 0 21
5 17 7 0 15 24
5 17 2 0 15 24
5 17 2 7 0 24
5 22 4 2 16 0
5 22 7 16 0 21
5 22 2 7 0 21
5 22 2 7 16 0
5 9 14 16 0 21
5 9 4 7 16 0
5 9 14 7 16 0
5 6 2 7 0 21
5 6 14 7 0 21
5 6 17 2 7 0
5 6 14 7 0 15
5 6 17 7 0 15
5 25 9 14 0 21
5 5 6 2 0 21
5 5 17 2 0 15
5 5 6 17 0 15
5 5 6 17 2 0
5 5 25 23 17 15
5 5 6 14 0 21
5 5 25 14 0 21
5 5 25 6 14 21
5 5 6 14 0 15
5 5 25 14 0 15
5 18 9 4 7 16
5 18 13 9 7 16
5 18 13 9 4 7
5 18 13 23 4 24
5 18 13 4 7 24
5 20 22 2 7 21
5 20 18 23 4 24
5 20 18 1 23 4
5 20 22 7 16 21
5 20 1 22 16 21
5 20 1 22 4 16
5 20 18 1 4 16
5 12 9 4 7 0
5 12 13 9 4 7
5 12 4 7 0 24
5 12 13 4 7 24
5 12 9 14 7 0
5 12 13 9 14 7
5 12 7 0 15 24
5 12 14 7 0 15
5 12 17 7 15 24
5 12 13 17 7 24
5 12 13 23 4 24
5 12 23 17 15 24
5 12 13 23 17 24
5 12 6 14 7 15
5 12 6 17 7 15
5 12 13 6 14 7
5 12 13 6 17 7
5 12 25 9 14 15
5 12 13 6 23 17
5 12 5 25 14 15
5 12 5 25 23 15
5 12 5 6 14 15
5 12 5 23 17 15
5 12 5 6 17 15
5 12 5 6 23 17
5 12 5 25 6 14
5 12 5 25 6 23
5 10 5 6 23 17
5 10 13 6 23 17
5 10 5 25 23 17
5 10 5 25 6 23
5 10 25 23 17 15
5 10 5 25 6 21
5 10 5 6 17 2
5 10 5 25 15 21
5 10 5 25 17 15
5 10 25 6 14 21
5 10 6 2 7 21
5 10 20 2 7 21
5 10 5 6 2 21
5 10 20 22 2 21
5 10 5 17 2 15
5 11 20 18 1 23
5 11 10 20 7 21
5 11 20 18 1 16
5 11 10 25 14 21
5 11 20 7 16 21
5 11 20 1 16 21
5 11 20 1 22 21
5 11 10 20 22 21
5 11 18 1 9 16
5 11 1 9 16 21
5 11 6 14 7 21
5 11 10 6 7 21
5 11 10 6 14 21
5 19 13 23 17 24
5 19 10 23 17 24
5 19 10 13 23 17
5 19 13 17 7 24
5 19 10 20 23 24
5 19 17 2 7 24
5 19 10 17 2 24
5 19 13 6 17 7
5 19 10 13 6 7
5 19 10 13 6 17
5 19 18 13 23 24
5 19 20 18 23 24
5 19 10 20 2 24
5 19 10 20 2 7
5 19 6 17 2 7
5 19 10 6 2 7
5 19 10 6 17 2
5 19 18 13 7 24
5 19 4 2 7 24
5 19 18 4 7 24
5 19 20 18 4 24
5 19 18 4 7 16
5 19 20 18 7 16
5 19 20 18 4 16
5 19 2 7 16 0
5 19 4 7 16 0
5 19 4 2 16 0
5 19 4 2 7 0
5 19 22 2 7 16
5 19 20 22 7 16
5 19 20 22 2 7
5 19 22 4 2 16
5 19 20 22 4 16
5 8 23 17 15 24
5 8 10 23 17 24
5 8 10 23 17 15
5 8 10 17 2 24
5 8 10 20 23 24
5 8 10 20 2 24
5 8 10 20 22 2
5 8 10 25 23 15
5 8 11 20 1 23
5 8 11 10 20 23
5 8 11 20 1 22
5 8 11 10 20 22
5 8 11 10 25 21
5 8 11 1 22 21
5 8 11 10 22 21
5 3 10 25 6 23
5 3 10 13 6 23
5 3 8 10 25 23
5 3 8 11 25 23
5 3 8 11 10 23
5 3 8 11 10 25
5 3 10 25 6 14
5 3 11 10 6 14
5 3 11 10 25 14
5 3 11 10 20 23
5 3 10 13 6 7
5 3 11 10 6 7
5 3 12 13 6 14
5 3 12 13 6 23
5 3 12 25 6 14
5 3 12 25 6 23
5 3 12 13 9 23
5 3 12 25 9 23
5 3 18 13 9 23
5 3 13 6 14 7
5 3 11 6 14 7
5 3 19 10 13 23
5 3 19 10 20 23
5 3 11 20 18 23
5 3 11 10 20 7
5 3 12 13 9 14
5 3 12 25 9 14
5 3 18 13 9 16
5 3 11 18 9 16
5 3 25 9 14 21
5 3 11 25 14 21
5 3 11 25 9 21
5 3 19 18 13 23
5 3 19 20 18 23
5 3 19 10 13 7
5 3 19 10 20 7
5 3 18 13 7 16
5 3 9 14 7 16
5 3 13 9 7 16
5 3 13 9 14 7
5 3 9 14 16 21
5 3 11 9 16 21
5 3 14 7 16 21
5 3 11 7 16 21
5 3 11 14 7 21
5 3 19 18 13 7
5 3 19 20 18 7
5 3 20 18 7 16
5 3 11 20 7 16
5 3 11 20 18 16
