309
5 1 9 24 17 19
5 1 14 6 17 11
5 1 30 27 17 19
5 8 1 30 17 11
5 29 1 14 6 17
5 29 1 14 9 17
5 29 1 27 6 17
5 29 25 14 23 6
5 29 1 9 17 19
5 29 1 27 17 19
5 29 1 27 6 19
5 29 23 27 6 17
5 29 2 14 9 22
5 29 9 24 17 19
5 29 27 24 17 19
5 29 27 9 24 17
5 29 25 23 27 31
5 29 25 27 9 31
5 7 1 9 24 19
5 7 1 30 24 19
5 7 14 13 12 22
5 7 1 9 24 17
5 7 2 14 13 22
5 7 2 14 9 22
5 7 14 12 22 11
5 7 2 14 13 12
5 7 14 9 17 11
5 7 1 14 17 11
5 7 1 14 9 17
5 7 2 0 13 12
5 7 2 30 0 13
5 16 1 6 17 11
5 16 8 1 17 11
5 16 1 14 6 11
5 4 29 25 23 6
5 4 16 8 23 17
5 3 14 13 12 22
5 3 2 14 13 22
5 3 29 25 14 22
5 3 29 2 14 22
5 3 29 2 25 14
5 3 29 25 9 22
5 26 27 9 24 31
5 26 29 27 9 31
5 26 29 27 9 24
5 26 29 23 27 31
5 26 4 23 27 31
5 26 29 25 9 31
5 26 3 29 25 9
5 26 3 29 2 25
5 26 29 25 23 31
5 26 4 29 25 23
5 26 29 23 27 6
5 26 4 29 23 6
5 26 3 25 9 22
5 26 3 4 25 23
5 10 7 9 24 12
5 10 7 2 13 22
5 10 7 2 9 22
5 10 26 9 24 31
5 10 26 29 9 24
5 10 7 13 12 22
5 10 7 9 12 22
5 10 29 9 24 19
5 10 26 27 24 31
5 10 3 2 13 22
5 10 26 3 2 13
5 10 26 3 9 22
5 10 26 3 29 9
5 10 26 3 29 2
5 10 27 24 19 31
5 10 29 2 9 22
5 10 3 29 9 22
5 10 3 29 2 22
5 10 29 27 24 19
5 10 26 29 27 19
5 10 26 29 27 24
5 15 4 16 23 6
5 15 4 8 23 0
5 15 4 16 8 0
5 15 4 16 8 23
5 15 4 25 23 6
5 5 16 1 14 11
5 5 7 1 30 11
5 5 7 1 14 11
5 5 7 1 14 30
5 5 8 1 30 11
5 5 16 8 1 11
5 5 16 1 14 6
5 5 29 1 14 6
5 5 7 30 0 11
5 5 7 2 0 11
5 5 7 2 30 0
5 5 8 30 0 11
5 5 15 16 14 6
5 5 29 2 25 14
5 5 4 2 0 31
5 5 4 29 25 6
5 5 15 29 25 6
5 5 15 4 25 6
5 5 3 2 25 14
5 5 26 4 2 31
5 5 26 29 2 25
5 5 26 4 29 25
5 5 26 3 2 25
5 5 26 3 4 25
5 5 26 3 4 2
5 32 3 13 12 22
5 32 10 13 12 22
5 32 10 3 13 22
5 32 10 13 12 31
5 32 10 9 12 31
5 32 10 9 12 22
5 32 10 26 3 22
5 32 3 0 13 12
5 32 10 26 3 13
5 32 10 26 9 31
5 32 10 26 9 22
5 32 26 3 25 22
5 32 2 0 13 31
5 32 3 2 0 13
5 32 26 3 2 13
5 32 10 2 13 31
5 32 10 26 2 31
5 32 10 26 2 13
5 32 26 25 23 31
5 32 26 3 25 23
5 32 26 4 23 31
5 32 26 3 4 23
5 32 26 25 9 31
5 32 26 25 9 22
5 32 4 2 0 31
5 32 3 4 2 0
5 32 26 4 2 31
5 32 26 3 4 2
5 18 16 8 17 11
5 18 15 8 23 0
5 18 15 16 8 23
5 18 16 6 17 11
5 18 16 23 6 17
5 18 15 16 23 6
5 18 14 6 17 11
5 18 16 14 6 11
5 18 15 16 14 6
5 18 25 14 23 6
5 18 15 25 23 6
5 18 14 12 22 11
5 18 15 4 23 0
5 18 3 25 23 22
5 18 3 25 14 22
5 20 5 8 1 30
5 20 5 16 8 1
5 20 8 1 30 17
5 20 16 8 1 17
5 20 5 16 1 6
5 20 16 1 6 17
5 20 5 29 1 6
5 20 1 27 6 17
5 20 1 30 27 17
5 20 30 27 0 17
5 20 8 30 0 17
5 20 4 16 8 17
5 20 26 29 27 6
5 20 15 4 16 6
5 20 5 15 16 6
5 20 5 15 4 6
5 20 4 27 0 17
5 20 4 8 0 17
5 20 4 16 8 0
5 20 23 27 6 17
5 20 4 23 27 17
5 20 16 23 6 17
5 20 4 16 23 17
5 20 4 16 23 6
5 20 26 4 29 6
5 20 5 4 29 6
5 20 5 26 4 29
5 20 26 23 27 6
5 20 26 4 23 6
5 20 26 4 23 27
5 20 26 4 27 31
5 20 5 26 4 31
5 20 15 4 16 0
5 20 5 15 4 0
5 20 15 16 8 0
5 20 5 15 8 0
5 20 5 15 16 8
5 28 5 2 30 0
5 28 20 30 27 0
5 28 5 2 0 31
5 28 2 0 13 31
5 28 2 30 0 13
5 28 5 8 30 0
5 28 20 8 30 0
5 28 20 5 8 0
5 28 20 5 8 30
5 28 5 26 2 31
5 28 10 2 13 31
5 28 10 27 19 31
5 28 4 27 0 31
5 28 20 4 27 31
5 28 20 4 27 0
5 28 5 4 0 31
5 28 20 5 4 31
5 28 20 5 4 0
5 28 20 26 27 31
5 28 20 5 26 31
5 28 1 30 27 19
5 28 20 1 30 27
5 28 10 26 27 31
5 28 10 26 2 31
5 28 5 26 29 2
5 28 26 29 27 19
5 28 5 29 2 14
5 28 7 2 30 13
5 28 10 7 30 13
5 28 10 7 2 13
5 28 10 26 27 19
5 28 20 26 29 27
5 28 20 5 26 29
5 28 1 27 6 19
5 28 20 1 27 6
5 28 29 27 6 19
5 28 20 29 27 6
5 28 20 5 1 30
5 28 20 5 29 1
5 28 10 26 29 19
5 28 10 26 29 2
5 28 29 1 9 19
5 28 10 29 9 19
5 28 10 29 2 9
5 28 29 2 14 9
5 28 5 7 14 30
5 28 5 7 2 30
5 28 5 7 2 14
5 28 5 1 14 30
5 28 5 29 1 14
5 28 7 30 24 19
5 28 10 7 30 24
5 28 10 7 2 9
5 28 29 1 6 19
5 28 20 29 1 6
5 28 7 1 9 19
5 28 7 1 30 19
5 28 7 2 14 9
5 28 29 1 14 9
5 28 7 9 24 19
5 28 10 9 24 19
5 28 10 7 9 24
5 28 7 1 14 9
5 28 7 1 14 30
5 21 5 15 16 8
5 21 18 15 16 8
5 21 5 16 8 11
5 21 18 16 8 11
5 21 5 15 8 0
5 21 18 15 8 0
5 21 5 15 16 14
5 21 18 15 16 14
5 21 5 8 0 11
5 21 18 8 0 11
5 21 5 16 14 11
5 21 18 16 14 11
5 21 5 3 2 14
5 21 5 2 0 11
5 21 18 14 12 11
5 21 3 4 2 0
5 21 5 4 2 0
5 21 5 3 4 2
5 21 5 15 4 0
5 21 18 15 4 0
5 21 5 3 25 14
5 21 18 3 25 14
5 21 7 2 0 11
5 21 5 7 14 11
5 21 5 7 2 11
5 21 5 7 2 14
5 21 7 0 12 11
5 21 7 14 12 11
5 21 5 3 4 25
5 21 5 15 4 25
5 21 2 0 13 12
5 21 3 0 13 12
5 21 3 2 0 13
5 21 7 2 0 12
5 21 7 2 14 12
5 21 5 29 25 14
5 21 5 15 29 25
5 21 2 14 13 12
5 21 3 14 13 12
5 21 3 2 14 13
5 21 3 14 12 22
5 21 18 14 12 22
5 21 18 3 12 22
5 21 18 3 14 22
5 21 18 25 14 6
5 21 18 15 14 6
5 21 18 15 25 6
5 21 3 4 25 23
5 21 18 3 25 23
5 21 18 3 4 23
5 21 15 4 25 23
5 21 18 15 25 23
5 21 18 15 4 23
5 21 29 25 14 6
5 21 15 29 25 6
5 21 5 29 14 6
5 21 5 15 14 6
5 21 5 15 29 6
