219
5 12 20 1 18 24
5 10 12 20 18 24
5 10 12 1 18 24
5 10 12 1 7 24
5 8 11 9 24 21
5 3 8 11 9 24
5 3 10 1 18 24
5 3 10 11 18 24
5 3 10 1 7 22
5 3 10 1 7 24
5 3 10 11 7 24
5 3 8 11 7 24
5 15 20 1 18 22
5 15 20 1 18 24
5 15 12 1 7 24
5 15 12 20 7 24
5 15 12 20 1 24
5 23 15 2 20 13
5 23 10 12 20 13
5 5 15 2 20 13
5 5 15 2 20 4
5 5 15 20 4 24
5 5 15 20 7 24
5 5 15 2 9 4
5 5 23 20 4 21
5 5 23 2 4 21
5 5 23 2 20 4
5 5 15 9 4 24
5 5 15 9 7 24
5 5 20 4 18 24
5 5 10 20 18 24
5 5 12 20 7 24
5 5 10 12 7 24
5 5 10 12 20 24
5 5 10 12 20 7
5 5 8 9 7 24
5 0 8 11 24 21
5 0 8 11 7 24
5 0 5 7 24 21
5 0 11 4 24 21
5 0 5 4 24 21
5 0 10 11 7 24
5 0 5 10 7 24
5 0 5 20 4 21
5 0 10 11 18 24
5 0 5 4 18 24
5 0 5 10 18 24
5 0 5 23 20 21
5 0 5 23 10 20
5 0 5 20 4 18
5 0 5 10 20 18
5 0 23 10 20 18
5 0 23 20 4 21
5 0 23 20 4 18
5 25 9 4 24 21
5 25 8 9 24 21
5 25 5 4 24 21
5 25 5 9 4 24
5 25 5 8 9 24
5 25 5 7 24 21
5 25 5 8 7 24
5 25 5 8 9 7
5 25 0 7 24 21
5 25 0 8 24 21
5 25 0 8 7 24
5 25 0 8 11 21
5 25 0 8 11 7
5 25 8 11 9 21
5 25 3 8 11 13
5 6 8 9 7 24
5 6 15 9 7 24
5 6 15 9 24 22
5 6 3 8 7 22
5 6 3 8 7 24
5 6 15 1 24 22
5 6 15 1 7 22
5 6 15 1 7 24
5 6 3 9 24 22
5 6 3 8 9 22
5 6 3 8 9 24
5 6 3 1 24 22
5 6 3 1 7 22
5 6 3 1 7 24
5 6 5 15 9 7
5 19 15 12 20 13
5 19 23 15 20 22
5 19 23 15 20 13
5 19 10 12 13 7
5 19 10 1 7 22
5 19 10 12 1 7
5 19 15 12 13 7
5 19 15 1 7 22
5 19 15 12 1 22
5 19 15 12 1 7
5 19 6 15 7 22
5 19 6 15 13 7
5 19 6 15 9 22
5 19 3 10 7 22
5 19 3 8 7 22
5 19 3 8 10 7
5 19 6 8 7 22
5 19 6 8 9 22
5 19 6 8 9 13
5 19 23 2 9 13
5 19 23 15 2 13
5 19 23 15 2 9
5 19 6 2 9 13
5 19 6 15 2 13
5 19 6 15 2 9
5 16 6 2 9 13
5 16 25 0 11 21
5 16 25 8 9 13
5 16 6 8 9 13
5 16 2 9 4 21
5 16 25 9 4 21
5 16 25 8 9 7
5 16 6 8 9 7
5 16 6 15 2 13
5 16 5 2 9 4
5 16 25 5 9 4
5 16 5 15 2 9
5 16 6 15 2 9
5 16 6 5 15 9
5 16 25 5 9 7
5 16 6 5 9 7
5 16 5 2 4 21
5 16 25 5 4 21
5 16 19 6 8 13
5 16 6 5 15 7
5 17 23 12 20 13
5 17 19 12 20 13
5 17 19 23 20 13
5 17 23 10 12 13
5 17 19 10 12 13
5 17 10 12 20 18
5 17 23 10 20 18
5 17 23 10 12 20
5 17 19 23 20 22
5 17 19 3 10 13
5 17 10 12 1 18
5 17 19 10 12 1
5 17 20 1 18 22
5 17 12 20 1 18
5 17 19 12 1 22
5 17 19 15 20 22
5 17 19 15 12 22
5 17 19 15 12 20
5 17 19 3 10 22
5 17 19 10 1 22
5 17 15 20 1 22
5 17 15 12 1 22
5 17 15 12 20 1
5 17 3 1 18 22
5 17 3 10 1 22
5 17 3 10 1 18
5 14 16 19 8 13
5 14 19 10 13 7
5 14 19 8 10 7
5 14 16 25 8 7
5 14 16 25 8 13
5 14 19 6 13 7
5 14 16 19 6 13
5 14 19 6 8 7
5 14 16 6 8 7
5 14 16 19 6 8
5 14 19 3 10 13
5 14 19 3 8 13
5 14 19 3 8 10
5 14 6 15 13 7
5 14 16 6 15 7
5 14 16 6 15 13
5 14 3 8 10 7
5 14 25 3 8 13
5 14 16 25 11 13
5 14 16 5 15 7
5 14 3 10 11 7
5 14 3 8 11 7
5 14 25 8 11 7
5 14 25 3 8 11
5 14 3 10 11 13
5 14 25 3 11 13
5 14 5 10 20 7
5 14 0 5 10 7
5 14 0 10 11 7
5 14 25 0 11 7
5 14 25 0 7 21
5 14 16 25 0 21
5 14 16 25 0 11
5 14 5 15 20 7
5 14 5 15 20 13
5 14 5 15 2 13
5 14 16 15 2 13
5 14 16 5 15 2
5 14 10 12 13 7
5 14 10 12 20 7
5 14 10 12 20 13
5 14 23 10 20 13
5 14 5 23 10 20
5 14 0 5 7 21
5 14 0 5 23 10
5 14 16 23 2 13
5 14 25 5 7 21
5 14 16 25 5 21
5 14 16 25 5 7
5 14 23 10 11 13
5 14 0 23 10 11
5 14 16 23 11 13
5 14 16 0 23 11
5 14 15 12 13 7
5 14 15 12 20 7
5 14 15 12 20 13
5 14 23 2 20 13
5 14 5 2 20 13
5 14 5 23 2 20
5 14 0 5 23 21
5 14 16 0 23 21
5 14 5 23 2 21
5 14 16 23 2 21
5 14 16 5 2 21
