218
5 7 11 3 22 17
5 5 1 4 18 17
5 14 7 0 22 17
5 14 4 0 22 17
5 20 7 11 3 22
5 16 20 7 11 3
5 16 11 13 3 17
5 16 7 11 3 17
5 16 7 11 13 17
5 16 18 13 3 17
5 16 7 18 3 17
5 16 7 18 13 17
5 21 11 13 3 17
5 21 1 18 3 17
5 21 11 3 22 17
5 21 14 4 22 17
5 21 14 1 4 22
5 21 5 1 4 17
5 21 14 5 4 17
5 8 7 11 22 17
5 8 14 7 22 17
5 8 21 11 22 17
5 8 21 14 22 17
5 8 7 11 13 17
5 8 20 7 11 22
5 8 20 14 11 22
5 8 14 7 0 22
5 8 14 7 0 17
5 15 8 14 0 22
5 15 8 20 14 22
5 15 21 14 1 22
5 15 20 14 11 22
5 15 21 14 11 22
5 15 21 20 11 22
5 15 8 20 14 11
5 10 16 7 18 13
5 10 16 5 18 13
5 10 7 18 13 17
5 10 16 7 18 24
5 10 8 7 13 17
5 10 7 4 18 17
5 10 5 4 18 17
5 10 8 7 0 17
5 10 7 4 0 17
5 10 5 4 0 24
5 10 8 14 0 17
5 10 14 4 0 17
5 10 14 5 4 17
5 10 14 5 4 0
5 23 10 16 18 24
5 23 10 16 5 24
5 23 10 16 5 18
5 23 16 20 7 24
5 23 16 20 7 3
5 23 16 20 11 3
5 6 21 14 11 22
5 6 8 14 11 22
5 6 8 21 11 22
5 6 8 21 14 22
5 6 15 8 14 11
5 6 21 11 13 17
5 6 8 11 13 17
5 6 8 21 11 17
5 6 8 21 14 17
5 6 21 11 13 3
5 6 15 21 14 11
5 6 15 21 14 1
5 6 8 20 11 13
5 6 15 8 20 13
5 6 15 8 20 11
5 6 10 8 13 17
5 6 10 8 14 17
5 6 21 1 18 3
5 6 14 5 1 4
5 6 21 5 1 4
5 6 21 14 1 4
5 6 21 14 5 4
5 6 15 8 14 0
5 6 21 14 5 17
5 6 10 14 5 17
5 6 18 13 3 17
5 6 21 13 3 17
5 6 21 18 3 17
5 6 5 1 18 17
5 6 21 1 18 17
5 6 21 5 1 17
5 6 10 8 14 0
5 6 10 18 13 17
5 6 10 5 18 17
5 6 10 5 18 13
5 19 8 20 7 11
5 19 16 20 7 24
5 19 16 20 7 11
5 19 8 7 11 13
5 19 8 20 11 13
5 19 8 20 7 22
5 19 16 7 11 13
5 19 16 20 11 13
5 19 8 7 0 22
5 19 15 8 20 22
5 19 15 8 0 22
5 9 6 10 8 0
5 9 6 15 14 0
5 9 10 14 5 0
5 9 6 10 14 0
5 9 6 10 14 5
5 9 15 14 1 0
5 9 6 14 5 1
5 9 6 15 14 1
5 9 14 1 4 0
5 9 14 5 4 0
5 9 14 5 1 4
5 2 10 8 7 13
5 2 19 8 7 13
5 2 10 16 7 13
5 2 19 16 7 13
5 2 10 8 7 0
5 2 19 8 7 0
5 2 10 16 7 24
5 2 19 16 7 24
5 2 6 10 8 13
5 2 9 6 10 8
5 2 10 7 0 24
5 2 19 7 0 24
5 2 9 6 10 5
5 2 19 15 8 0
5 2 9 10 8 0
5 2 10 16 5 24
5 2 9 6 8 0
5 2 19 15 0 24
5 2 10 5 0 24
5 2 9 5 0 24
5 2 9 10 5 0
5 12 15 8 20 13
5 12 19 8 20 13
5 12 19 15 8 20
5 12 19 16 20 13
5 12 2 19 8 13
5 12 2 19 15 8
5 12 2 19 16 13
5 12 6 15 8 13
5 12 2 6 8 13
5 12 16 20 11 13
5 12 23 16 11 13
5 12 23 16 20 11
5 12 6 15 20 13
5 12 2 19 16 24
5 12 2 19 15 24
5 12 23 16 20 24
5 12 19 16 20 24
5 12 23 15 20 24
5 12 19 15 20 24
5 12 6 15 8 0
5 12 2 15 8 0
5 12 2 6 8 0
5 12 6 20 11 13
5 12 6 23 11 13
5 12 6 15 20 11
5 12 9 6 15 0
5 12 2 9 6 0
5 12 23 16 5 13
5 12 9 6 5 13
5 12 2 9 6 5
5 12 23 16 5 24
5 12 2 16 5 24
5 12 2 15 0 24
5 12 2 9 0 24
5 12 10 16 5 13
5 12 2 10 16 13
5 12 2 10 16 5
5 12 6 10 5 13
5 12 2 6 10 13
5 12 2 6 10 5
5 12 9 23 5 24
5 12 2 9 5 24
5 25 9 5 1 4
5 25 9 23 5 4
5 25 5 1 4 18
5 25 9 6 5 1
5 25 9 6 5 13
5 25 12 9 23 15
5 25 6 5 18 13
5 25 6 5 1 18
5 25 9 6 15 1
5 25 12 9 6 15
5 25 12 6 23 13
5 25 12 9 6 13
5 25 12 23 5 13
5 25 12 9 5 13
5 25 12 9 23 5
5 25 6 18 13 3
5 25 6 1 18 3
5 25 16 18 13 3
5 25 23 16 18 3
5 25 16 5 18 13
5 25 23 16 5 13
5 25 23 16 5 18
5 25 6 11 13 3
5 25 6 23 11 13
5 25 12 6 15 11
5 25 12 6 23 11
5 25 16 11 13 3
5 25 23 16 11 3
5 25 23 16 11 13
5 25 15 21 1 22
5 25 15 21 20 22
5 25 6 21 11 3
5 25 6 21 1 3
5 25 6 15 21 11
5 25 6 15 21 1
5 25 12 15 20 11
5 25 12 23 20 11
5 25 12 23 15 20
5 25 20 11 3 22
5 25 21 11 3 22
5 25 21 20 11 22
5 25 23 20 11 3
5 25 15 21 20 11
