207
5 18 23 15 11 16
5 18 7 15 11 17
5 22 8 13 3 0
5 22 13 3 24 0
5 19 22 8 3 0
5 19 13 4 3 16
5 19 8 13 3 16
5 19 8 13 4 16
5 19 8 13 4 3
5 2 10 7 15 17
5 6 22 10 24 0
5 6 22 10 7 24
5 6 10 23 24 0
5 6 10 23 24 15
5 6 10 7 24 15
5 6 7 15 11 17
5 6 10 7 15 17
5 6 2 22 17 0
5 6 2 22 10 0
5 6 2 10 7 17
5 6 2 22 10 7
5 6 2 10 15 17
5 20 6 23 24 15
5 20 6 23 15 11
5 20 19 8 3 0
5 5 18 7 24 15
5 5 6 7 24 15
5 5 20 6 24 15
5 5 20 6 7 24
5 5 18 23 24 15
5 5 20 23 24 15
5 5 18 7 15 11
5 5 6 7 15 11
5 5 20 6 15 11
5 5 18 23 15 11
5 5 20 23 15 11
5 5 18 7 11 17
5 5 20 8 23 11
5 5 8 13 3 16
5 5 18 11 17 16
5 5 19 11 17 16
5 5 19 8 11 16
5 5 19 8 3 16
5 25 22 10 24 0
5 25 22 10 4 0
5 25 10 23 24 0
5 25 22 13 24 0
5 25 22 13 4 0
5 25 22 10 7 24
5 25 10 23 24 15
5 25 22 13 3 24
5 25 10 7 24 15
5 25 10 7 4 15
5 25 2 10 7 4
5 25 2 22 10 4
5 25 2 22 10 7
5 25 18 7 24 15
5 25 18 7 4 15
5 1 6 23 24 0
5 1 20 6 23 24
5 1 13 3 24 0
5 1 5 20 23 24
5 1 5 20 13 24
5 1 20 6 23 11
5 1 22 3 24 0
5 1 8 13 3 0
5 1 20 8 3 0
5 1 20 8 13 3
5 1 20 8 23 11
5 1 20 6 19 0
5 1 20 19 8 0
5 9 5 7 3 24
5 9 5 13 3 24
5 9 25 13 3 24
5 9 22 7 3 24
5 9 25 22 3 24
5 9 25 22 7 24
5 9 5 18 7 24
5 9 25 18 7 24
5 9 13 4 3 16
5 9 5 13 3 16
5 9 22 13 4 3
5 9 25 22 13 3
5 9 25 22 13 4
5 9 25 18 7 4
5 9 19 4 3 16
5 9 5 19 3 16
5 9 25 2 7 4
5 9 25 2 22 4
5 9 25 2 22 7
5 9 5 18 7 17
5 9 2 18 4 17
5 9 2 18 7 17
5 9 2 18 7 4
5 9 18 4 17 16
5 9 5 18 17 16
5 21 5 7 3 24
5 21 5 20 7 24
5 21 22 7 3 24
5 21 5 13 3 24
5 21 5 20 13 24
5 21 1 22 3 24
5 21 6 22 7 24
5 21 20 6 7 24
5 21 1 13 3 24
5 21 1 20 13 24
5 21 1 20 13 3
5 21 20 8 13 3
5 21 5 8 13 3
5 21 5 20 8 13
5 21 20 19 8 3
5 21 5 19 8 3
5 21 5 20 6 7
5 21 1 20 6 24
5 21 1 22 3 0
5 21 1 20 3 0
5 21 20 19 8 11
5 21 5 19 8 11
5 21 5 20 8 11
5 21 20 6 19 11
5 21 5 20 6 11
5 21 6 22 24 0
5 21 1 22 24 0
5 21 1 6 24 0
5 21 1 20 6 0
5 21 19 22 3 0
5 21 20 19 3 0
5 21 6 19 22 0
5 21 20 6 19 0
5 21 6 7 11 17
5 21 5 7 11 17
5 21 5 6 7 11
5 21 6 19 11 17
5 21 5 19 11 17
5 14 1 5 23 24
5 14 1 5 13 24
5 14 5 18 23 24
5 14 1 23 24 0
5 14 1 13 24 0
5 14 9 5 13 24
5 14 9 5 18 24
5 14 1 8 23 0
5 14 1 8 13 0
5 14 5 8 13 16
5 14 5 20 8 23
5 14 1 20 8 23
5 14 1 5 20 23
5 14 5 20 8 13
5 14 1 20 8 13
5 14 1 5 20 13
5 14 9 5 13 16
5 14 9 5 18 16
5 14 25 23 24 0
5 14 25 13 24 0
5 14 25 13 4 0
5 14 8 13 4 0
5 14 8 13 4 16
5 14 9 13 4 16
5 14 9 25 18 24
5 14 18 23 24 15
5 14 25 23 24 15
5 14 25 18 24 15
5 14 8 23 11 16
5 14 18 23 11 16
5 14 5 8 11 16
5 14 5 18 11 16
5 14 5 8 23 11
5 14 5 18 23 11
5 14 9 25 13 24
5 14 9 25 13 4
5 14 9 18 4 16
5 14 9 25 18 4
5 14 18 4 15 16
5 14 18 23 15 16
5 14 25 18 4 15
5 12 21 6 7 17
5 12 21 6 22 7
5 12 6 2 7 17
5 12 6 2 22 17
5 12 6 2 22 7
5 12 21 22 7 3
5 12 21 6 19 17
5 12 21 6 19 22
5 12 21 5 7 17
5 12 21 5 7 3
5 12 21 19 22 3
5 12 6 22 17 0
5 12 6 19 17 0
5 12 6 19 22 0
5 12 9 2 7 17
5 12 9 22 7 3
5 12 9 2 22 7
5 12 9 5 7 17
5 12 9 5 7 3
5 12 21 5 19 17
5 12 21 5 19 3
5 12 9 2 4 17
5 12 9 22 4 3
5 12 9 2 22 4
5 12 9 5 19 3
5 12 9 19 4 3
5 12 5 19 17 16
5 12 9 5 17 16
5 12 9 5 19 16
5 12 19 4 17 16
5 12 9 4 17 16
5 12 9 19 4 16
