293
5 14 5 20 18 4
5 8 14 5 20 4
5 8 29 5 20 24
5 28 29 5 20 24
5 28 29 6 5 24
5 28 29 6 5 20
5 31 28 32 13 9
5 31 28 32 25 9
5 31 28 13 9 24
5 31 28 25 9 24
5 31 28 29 13 24
5 26 15 6 5 18
5 26 5 20 18 4
5 26 6 5 20 18
5 26 8 5 20 4
5 26 8 29 5 20
5 26 29 6 5 20
5 0 8 29 13 24
5 23 26 20 18 4
5 23 14 20 18 4
5 1 0 8 13 9
5 19 32 2 13 10
5 19 23 26 20 4
5 19 26 6 20 18
5 19 26 15 6 18
5 19 26 15 18 4
5 19 23 26 18 4
5 19 23 26 20 18
5 19 23 6 20 18
5 19 23 15 6 18
5 19 23 15 6 20
5 7 28 32 25 20
5 7 28 6 5 20
5 7 28 6 20 10
5 7 28 32 20 10
5 7 23 32 25 20
5 7 23 6 20 18
5 7 28 5 20 24
5 7 28 25 20 24
5 7 28 6 5 24
5 7 31 32 25 10
5 7 31 28 32 10
5 7 31 28 32 25
5 7 23 14 20 18
5 7 23 25 14 20
5 7 14 5 20 18
5 7 6 5 20 18
5 7 25 14 5 18
5 7 32 25 14 18
5 7 23 32 14 18
5 7 23 32 25 14
5 7 23 15 6 18
5 7 23 15 6 20
5 7 14 5 20 24
5 7 25 14 20 24
5 7 25 14 5 24
5 7 31 28 25 24
5 7 19 6 20 10
5 7 19 15 6 10
5 7 19 15 6 20
5 7 19 23 15 20
5 7 15 6 5 18
5 7 29 6 5 24
5 7 28 29 6 24
5 7 26 15 6 5
5 7 26 29 6 5
5 21 28 29 6 20
5 21 26 29 6 20
5 16 7 31 28 10
5 16 7 26 29 5
5 16 7 26 29 6
5 16 21 26 29 6
5 16 7 15 6 10
5 16 7 26 15 6
5 16 7 28 6 10
5 16 31 28 29 24
5 16 7 28 29 24
5 16 7 31 28 24
5 16 7 28 29 6
5 16 21 28 29 6
5 16 7 29 5 24
5 16 28 6 20 10
5 16 21 28 6 20
5 16 19 6 20 10
5 11 26 8 29 20
5 11 0 26 8 29
5 11 21 26 29 20
5 11 26 8 20 4
5 11 0 8 20 4
5 11 0 26 8 4
5 11 21 28 29 20
5 11 21 28 29 13
5 11 21 0 29 13
5 17 19 23 15 18
5 17 19 15 18 4
5 17 19 2 15 4
5 17 19 23 18 4
5 17 19 23 2 4
5 17 23 32 14 18
5 17 19 2 15 10
5 17 19 32 15 10
5 17 19 32 2 10
5 17 23 14 18 4
5 17 1 23 14 4
5 17 1 0 2 4
5 17 32 2 13 9
5 17 1 2 13 9
5 3 23 25 14 20
5 3 25 14 20 24
5 3 1 8 14 24
5 3 25 14 9 24
5 3 1 14 9 24
5 3 8 14 20 4
5 3 23 14 20 4
5 3 1 8 14 4
5 3 1 23 14 4
5 3 23 32 25 20
5 3 32 25 14 9
5 3 23 32 25 14
5 3 17 1 14 9
5 3 17 1 23 14
5 3 14 5 20 24
5 3 8 5 20 24
5 3 8 14 5 24
5 3 8 14 5 20
5 3 1 8 9 24
5 3 28 25 9 24
5 3 28 25 20 24
5 3 17 1 23 4
5 3 28 32 25 9
5 3 28 32 25 20
5 3 17 32 14 9
5 3 17 23 32 14
5 3 1 0 8 9
5 3 8 13 9 24
5 3 0 8 13 24
5 3 0 8 13 9
5 3 28 13 9 24
5 22 19 2 15 4
5 22 19 26 15 4
5 22 11 19 2 4
5 22 11 0 2 4
5 22 11 0 26 4
5 22 19 26 20 4
5 22 11 26 20 4
5 22 11 19 20 4
5 22 19 26 6 20
5 22 19 2 15 10
5 22 19 26 15 6
5 22 11 0 2 13
5 22 11 21 0 13
5 22 16 26 15 6
5 22 16 21 26 6
5 22 11 0 26 29
5 22 11 21 26 29
5 22 11 21 0 29
5 22 21 26 6 20
5 22 11 21 26 20
5 22 16 19 6 20
5 22 16 21 6 20
5 22 16 21 19 20
5 22 19 15 6 10
5 22 16 15 6 10
5 22 16 19 6 10
5 27 17 19 23 2
5 27 11 19 20 4
5 27 11 19 2 4
5 27 11 0 2 13
5 27 19 23 20 4
5 27 19 23 2 4
5 27 17 23 2 4
5 27 3 28 32 20
5 27 17 32 13 9
5 27 11 0 20 4
5 27 11 0 2 4
5 27 17 0 2 4
5 27 1 0 2 13
5 27 17 1 2 13
5 27 17 1 0 2
5 27 3 23 20 4
5 27 3 17 23 4
5 27 28 32 13 9
5 27 3 28 13 9
5 27 3 28 32 9
5 27 17 1 13 9
5 27 3 17 1 9
5 27 1 0 13 9
5 27 3 0 13 9
5 27 3 1 0 9
5 27 11 28 29 20
5 27 11 28 29 13
5 27 11 0 29 13
5 27 3 28 13 24
5 27 3 0 13 24
5 27 0 8 20 4
5 27 3 8 20 4
5 27 3 1 0 8
5 27 11 8 29 20
5 27 11 0 8 20
5 27 11 0 8 29
5 27 3 8 20 24
5 27 3 28 20 24
5 27 3 0 8 24
5 27 28 29 13 24
5 27 0 29 13 24
5 27 1 0 8 4
5 27 17 1 0 4
5 27 3 1 8 4
5 27 3 17 1 4
5 27 8 29 20 24
5 27 28 29 20 24
5 27 0 8 29 24
5 12 22 16 19 10
5 12 22 16 21 19
5 12 16 31 13 10
5 12 16 31 28 10
5 12 16 28 20 10
5 12 16 21 28 20
5 12 19 2 13 10
5 12 22 19 2 10
5 12 22 11 21 13
5 12 16 19 20 10
5 12 16 21 19 20
5 12 27 28 32 13
5 12 11 21 28 13
5 12 27 11 28 13
5 12 31 32 13 10
5 12 31 28 32 10
5 12 31 28 32 13
5 12 31 28 29 13
5 12 21 28 29 13
5 12 16 31 29 13
5 12 16 21 29 13
5 12 16 31 28 29
5 12 16 21 28 29
5 12 19 32 13 10
5 12 22 11 2 13
5 12 22 11 19 2
5 12 22 21 19 20
5 12 22 11 19 20
5 12 22 11 21 20
5 12 11 21 28 20
5 12 27 11 28 20
5 12 27 11 19 20
5 12 27 19 2 13
5 12 27 11 2 13
5 12 27 11 19 2
5 30 3 17 23 32
5 30 27 3 17 23
5 30 27 17 19 23
5 30 3 23 32 20
5 30 27 3 32 20
5 30 27 3 23 20
5 30 3 17 32 9
5 30 27 17 32 9
5 30 27 3 32 9
5 30 27 3 17 9
5 30 17 19 32 15
5 30 17 19 23 15
5 30 27 19 23 20
5 30 17 19 32 2
5 30 27 17 19 2
5 30 7 19 23 15
5 30 17 32 15 18
5 30 17 23 15 18
5 30 17 23 32 18
5 30 7 23 32 20
5 30 7 19 23 20
5 30 12 27 19 20
5 30 19 32 2 13
5 30 27 19 2 13
5 30 17 32 2 13
5 30 27 17 2 13
5 30 27 17 32 13
5 30 7 32 15 18
5 30 7 23 15 18
5 30 7 23 32 18
5 30 19 32 15 10
5 30 7 32 15 10
5 30 7 19 15 10
5 30 7 32 20 10
5 30 7 19 20 10
5 30 12 19 20 10
5 30 12 19 32 10
5 30 27 28 32 20
5 30 12 27 28 20
5 30 12 27 28 32
5 30 12 19 32 13
5 30 12 27 32 13
5 30 12 27 19 13
5 30 28 32 20 10
5 30 12 28 20 10
5 30 12 28 32 10
