4
33
3.0779 -1.01849 8.74527 -2.02526
9.61921 -3.26749 0.693791 6.62252
-8.7501 3.23623 3.54015 -3.05271
-3.8108 6.51303 -7.35119 3.62471
2.46246 -4.50594 -5.05273 -8.42146
4.91 8.52749 -1.40703 -0
7.49368 9.10618 0.874872 -0
7.68875 3.3409 1.05889 -0
-3.92727 -3.41397 -3.02132 -0
-5.10766 -9.01345 0.84028 -0
8.63371 -7.69756 3.59175 -0
-2.94732 0.338451 -9.08635 -0
-0 -5.55053 -1.14991 0.248145
-0 -1.84326 3.83736 -0.76034
-0 -1.21106 7.78016 -4.337
-0 8.97872 0.633481 9.7483
-0 -0.39385 3.64526 -6.99143
-0 -0.402608 -7.51038 -0.358497
-0 8.26412 -9.63589 7.35089
0.443115 -0 -2.28257 -5.79541
-4.71221 -0 -4.01225 8.17197
0.487901 -0 1.87892 2.7617
1.70144 -0 -1.10809 8.65782
-0.215368 -0 -8.1419 9.38511
-2.33812 -0 9.08268 1.24733
9.28228 -0 7.15826 3.68622
-7.96881 -7.89527 -0 -2.48075
2.64379 -7.7595 -0 -4.77905
-5.63605 4.66439 -0 -2.61111
-2.03118 3.4242 -0 4.38673
-2.27172 -6.97125 -0 2.03057
-7.27975 6.86078 -0 9.32154
-4.37625 2.88283 -0 -0.188554
