4
26
-7.10661 -8.60745 -9.68488 1.17847
-1.26118 7.51369 7.35273 -1.41666
-0.182052 4.99595 -7.67543 8.16067
4.4105 -2.10229 5.30759 -4.00886
8.21471 7.38173 -7.86651 -8.73254
-0 -6.29719 0.784131 5.68312
-0 -6.08149 0.506934 5.56913
-0 -1.4683 -6.47756 -3.48934
-0 4.84683 8.49767 3.19221
-0 -8.98847 5.31747 -7.76631
-0 0.693297 5.24963 6.45231
-0 3.84134 8.05086 -1.11468
8.2612 -7.4447 -0 -1.98909
7.51774 -3.82034 -0 -4.7649
-0.928506 -9.25526 -0 -1.93214
5.73622 -8.557 -0 8.87355
-2.09814 3.18043 -0 -9.9202
4.50234 -5.47335 -0 8.27435
5.03999 3.07335 -0 -9.05631
4.3421 7.35488 -6.13333 -0
0.879997 9.24352 3.31373 -0
-9.49737 1.75326 5.96884 -0
-6.4695 9.41182 5.05003 -0
9.1579 -4.15451 4.53019 -0
9.4938 4.48244 -9.61656 -0
3.18717 -7.52929 8.22622 -0
