4
26
-7.12144 6.82328 -2.74406 6.42528
-1.29004 -4.72836 1.87971 -0.652991
-4.99339 3.60365 -8.33601 -7.9172
4.99587 -4.49407 7.70491 6.29365
6.53124 -4.00572 0.471282 -6.13974
-2.69913 -0 -2.66464 5.79131
-6.66077 -0 3.53196 1.12885
-5.14998 -0 4.14246 -5.98727
-7.39846 -0 1.30061 -2.48099
6.83944 -0 3.07551 -0.114606
3.60804 -0 -4.27268 -1.69311
-0.705092 -0 -3.63873 5.61834
-9.39243 4.78776 -0 5.07778
-7.63549 -1.09297 -0 -6.49567
9.60546 2.59034 -0 -4.86148
-9.85895 0.964883 -0 7.52122
-8.17338 9.9679 -0 -9.36315
-1.80077 -8.69568 -0 4.98197
6.15029 4.23447 -0 3.15655
-2.17355 6.85279 6.55862 -0
0.734797 0.521834 6.28129 -0
-0.745384 2.08339 5.25324 -0
2.96759 7.91793 -1.62627 -0
3.4093 -9.6073 2.44071 -0
1.23478 -2.24128 -4.88937 -0
0.698827 -1.15 -7.18008 -0
