4
33
9.38806 -7.76035 8.29489 8.83201
-3.51178 2.1663 9.60263 -4.55241
9.31294 0.906364 -9.95513 7.95507
7.96939 4.01508 -7.64419 9.26773
8.87201 -0.410483 0.120463 0.0982835
-7.96881 -7.89527 -0 -2.48075
2.64379 -7.7595 -0 -4.77905
-5.63605 4.66439 -0 -2.61111
-2.03118 3.4242 -0 4.38673
-2.27172 -6.97125 -0 2.03057
-7.27975 6.86078 -0 9.32154
-4.37625 2.88283 -0 -0.188554
-3.30559 -8.73651 -6.32375 -0
9.45037 4.72985 3.80593 -0
-9.4344 4.25833 8.61218 -0
9.24777 -8.52021 0.692712 -0
1.23033 -4.1101 3.30248 -0
-7.5161 1.98537 9.30452 -0
8.29997 -9.21724 -6.79702 -0
-0 -6.29719 0.784131 5.68312
-0 -6.08149 0.506934 5.56913
-0 -1.4683 -6.47756 -3.48934
-0 4.84683 8.49767 3.19221
-0 -8.98847 5.31747 -7.76631
-0 0.693297 5.24963 6.45231
-0 3.84134 8.05086 -1.11468
-2.69913 -0 -2.66464 5.79131
-6.66077 -0 3.53196 1.12885
-5.14998 -0 4.14246 -5.98727
-7.39846 -0 1.30061 -2.48099
6.83944 -0 3.07551 -0.114606
3.60804 -0 -4.27268 -1.69311
-0.705092 -0 -3.63873 5.61834
