4
26
-6.17315 -0.985141 -2.92669 0.683498
-6.01813 4.09347 2.84005 -8.98404
-1.39317 -7.77719 -3.35837 1.32078
-7.60996 5.92424 8.09873 -6.39299
4.7345 -3.49894 -0.197756 9.23732
-0 -5.55053 -1.14991 0.248145
-0 -1.84326 3.83736 -0.76034
-0 -1.21106 7.78016 -4.337
-0 8.97872 0.633481 9.7483
-0 -0.39385 3.64526 -6.99143
-0 -0.402608 -7.51038 -0.358497
-0 8.26412 -9.63589 7.35089
-0.328593 9.59285 7.10266 -0
3.25052 1.03788 -4.34488 -0
-5.4627 -2.74756 0.549279 -0
-9.69573 6.45111 -0.97985 -0
5.57282 -2.96096 -1.23409 -0
-8.11419 -7.01357 -0.552757 -0
2.36678 -9.1647 -1.555 -0
8.2612 -7.4447 -0 -1.98909
7.51774 -3.82034 -0 -4.7649
-0.928506 -9.25526 -0 -1.93214
5.73622 -8.557 -0 8.87355
-2.09814 3.18043 -0 -9.9202
4.50234 -5.47335 -0 8.27435
5.03999 3.07335 -0 -9.05631
