4
33
8.60005 -3.65122 0.237989 0.925287
-5.35 8.07789 4.68073 6.40751
-7.94581 8.99878 1.24711 -6.57081
-1.11327 -6.62715 -7.90114 -5.34827
4.14411 -5.52617 2.49988 -4.89458
-0 6.98837 8.88612 -5.50193
-0 2.00892 7.91121 1.462
-0 -0.742869 8.69135 1.06419
-0 8.80934 -6.6072 -9.92989
-0 -9.69509 -8.2217 -5.06776
-0 -3.6845 2.96718 8.30473
-0 5.92575 -4.13607 3.35301
1.27087 -0 1.82263 -5.69634
-4.86159 -0 -3.48378 -7.17866
7.36327 -0 -4.8743 6.74529
3.51459 -0 -1.14724 -9.98019
-5.33477 -0 -3.27441 9.21922
-2.47325 -0 6.09159 9.07411
8.99192 -0 -8.96057 -4.57219
-9.85559 -3.27846 -0 8.31269
5.93948 -5.44002 -0 4.84725
-4.39181 -6.07545 -0 6.01333
9.44945 -8.69068 -0 4.90378
5.56795 4.59536 -0 2.96901
6.04765 -8.56241 -0 5.48094
6.92829 -6.30739 -0 0.570431
4.91 8.52749 -1.40703 -0
7.49368 9.10618 0.874872 -0
7.68875 3.3409 1.05889 -0
-3.92727 -3.41397 -3.02132 -0
-5.10766 -9.01345 0.84028 -0
8.63371 -7.69756 3.59175 -0
-2.94732 0.338451 -9.08635 -0
