4
33
0.866317 8.18602 -7.97105 0.816165
7.44432 0.469833 -9.10924 -8.44946
7.10924 5.28202 -7.09157 3.57651
3.31726 -2.67743 -4.29394 -6.56524
9.78706 9.62023 -4.95702 -3.56724
-0 6.98837 8.88612 -5.50193
-0 2.00892 7.91121 1.462
-0 -0.742869 8.69135 1.06419
-0 8.80934 -6.6072 -9.92989
-0 -9.69509 -8.2217 -5.06776
-0 -3.6845 2.96718 8.30473
-0 5.92575 -4.13607 3.35301
-3.10606 -0 -1.70934 7.83617
-4.52824 -0 -8.53242 6.48023
8.89341 -0 5.39978 -9.07812
5.16427 -0 7.42077 6.49614
-4.64445 -0 3.58594 7.77344
9.40049 -0 -6.12596 -2.491
8.61263 -0 9.36155 -4.2885
5.24244 0.542794 -0 4.17761
2.02604 0.576503 -0 -0.951075
-4.15799 4.16821 -0 6.69872
0.933592 6.05309 -0 6.28333
6.94579 -1.62603 -0 -2.331
-9.81904 -1.91214 -0 -6.91685
-5.37617 -9.20708 -0 -4.61025
-0.328593 9.59285 7.10266 -0
3.25052 1.03788 -4.34488 -0
-5.4627 -2.74756 0.549279 -0
-9.69573 6.45111 -0.97985 -0
5.57282 -2.96096 -1.23409 -0
-8.11419 -7.01357 -0.552757 -0
2.36678 -9.1647 -1.555 -0
