4
26
8.92237 2.21046 2.16994 -1.23656
5.57951 -1.72053 4.65114 -1.40487
-1.8463 8.89023 -5.00722 6.46423
-0.451107 5.5579 2.15158 -3.33991
-4.98277 2.33686 -9.50842 -7.96931
-4.97417 -0 3.06349 -1.8493
3.23187 -0 3.43341 7.18341
-3.77331 -0 -4.56532 3.96674
1.45805 -0 6.26475 -8.69461
-5.05706 -0 -5.05614 -3.73466
1.99482 -0 -7.6769 4.65871
-8.46274 -0 9.9378 1.84732
-1.01603 9.69853 -0 3.26446
-0.709006 1.63575 -0 -7.72048
1.0574 -5.95279 -0 -7.36812
-3.38903 -9.6773 -0 7.77975
-9.2405 -3.33891 -0 -8.02898
-3.3748 9.43639 -0 7.78886
-8.87048 -4.73817 -0 -1.13335
-2.17355 6.85279 6.55862 -0
0.734797 0.521834 6.28129 -0
-0.745384 2.08339 5.25324 -0
2.96759 7.91793 -1.62627 -0
3.4093 -9.6073 2.44071 -0
1.23478 -2.24128 -4.88937 -0
0.698827 -1.15 -7.18008 -0
