4
26
8.92891 0.774255 4.88659 -1.20913
-8.50353 -2.72856 5.5889 3.38127
-1.86581 6.217 -5.0107 -8.13296
-1.11317 -4.04828 5.7495 9.20842
2.8692 -2.07497 -5.73445 -9.81358
0.443115 -0 -2.28257 -5.79541
-4.71221 -0 -4.01225 8.17197
0.487901 -0 1.87892 2.7617
1.70144 -0 -1.10809 8.65782
-0.215368 -0 -8.1419 9.38511
-2.33812 -0 9.08268 1.24733
9.28228 -0 7.15826 3.68622
-8.09023 -1.46536 5.94318 -0
-6.61038 9.66175 1.2214 -0
2.081 5.45091 2.48637 -0
-7.51327 -1.01001 -2.57796 -0
4.20829 6.91275 -0.491994 -0
-9.55838 -0.19945 9.34309 -0
-8.87082 -3.75792 9.78961 -0
-9.39243 4.78776 -0 5.07778
-7.63549 -1.09297 -0 -6.49567
9.60546 2.59034 -0 -4.86148
-9.85895 0.964883 -0 7.52122
-8.17338 9.9679 -0 -9.36315
-1.80077 -8.69568 -0 4.98197
6.15029 4.23447 -0 3.15655
