4
33
-3.73022 0.875975 5.51676 -0.43802
-0.160529 -9.04495 -6.11017 -5.64914
9.59357 5.06547 -6.23623 -3.90138
-5.81618 9.08983 -9.84541 -4.86062
8.78092 -3.67857 -5.99014 -2.96881
-9.85559 -3.27846 -0 8.31269
5.93948 -5.44002 -0 4.84725
-4.39181 -6.07545 -0 6.01333
9.44945 -8.69068 -0 4.90378
5.56795 4.59536 -0 2.96901
6.04765 -8.56241 -0 5.48094
6.92829 -6.30739 -0 0.570431
-0 -5.58735 -2.71925 3.54271
-0 1.46421 0.757694 1.7587
-0 6.13488 -9.94659 -8.23674
-0 5.78042 -4.06068 1.75475
-0 -3.00971 -0.626652 6.82156
-0 -3.37141 -6.209 0.523908
-0 5.44668 3.14351 -1.71704
-4.97417 -0 3.06349 -1.8493
3.23187 -0 3.43341 7.18341
-3.77331 -0 -4.56532 3.96674
1.45805 -0 6.26475 -8.69461
-5.05706 -0 -5.05614 -3.73466
1.99482 -0 -7.6769 4.65871
-8.46274 -0 9.9378 1.84732
-3.30559 -8.73651 -6.32375 -0
9.45037 4.72985 3.80593 -0
-9.4344 4.25833 8.61218 -0
9.24777 -8.52021 0.692712 -0
1.23033 -4.1101 3.30248 -0
-7.5161 1.98537 9.30452 -0
8.29997 -9.21724 -6.79702 -0
