331
5 17 26 30 1 32
5 22 17 20 11 16
5 29 20 11 2 16
5 10 20 11 32 3
5 10 20 24 32 3
5 23 12 26 9 30
5 23 26 30 1 32
5 23 26 9 30 1
5 31 17 26 30 1
5 31 17 30 1 32
5 31 10 24 30 32
5 31 10 20 30 32
5 31 10 20 24 32
5 31 0 26 8 1
5 31 0 8 1 4
5 15 10 20 11 3
5 15 6 29 2 3
5 15 6 12 11 3
5 15 20 11 2 3
5 15 29 20 2 3
5 15 29 20 11 2
5 7 23 12 9 30
5 7 12 26 9 30
5 7 23 10 12 30
5 7 12 24 9 3
5 7 23 12 9 3
5 7 10 26 24 30
5 7 10 12 26 30
5 7 6 12 24 9
5 7 10 24 30 32
5 7 23 10 30 32
5 7 23 10 12 32
5 7 23 24 32 3
5 7 23 12 32 3
5 7 10 24 32 3
5 7 10 12 32 3
5 7 6 12 24 3
5 7 15 10 12 3
5 7 15 6 12 3
5 7 15 6 10 12
5 7 15 6 29 3
5 7 29 24 2 3
5 7 6 24 2 3
5 7 6 29 2 3
5 7 6 29 24 2
5 21 23 10 12 32
5 21 10 11 32 3
5 21 10 12 32 3
5 21 10 12 11 3
5 21 23 10 30 32
5 21 10 20 11 32
5 21 10 20 30 32
5 21 23 26 30 32
5 21 15 11 2 4
5 21 15 6 2 4
5 21 22 17 20 11
5 21 17 20 30 32
5 21 22 17 20 30
5 21 23 26 1 32
5 21 23 26 8 1
5 21 20 11 16 32
5 21 17 20 16 32
5 21 17 20 11 16
5 21 17 8 16 32
5 21 22 17 11 16
5 19 23 12 26 9
5 19 6 12 26 9
5 19 23 6 12 9
5 19 0 26 9 1
5 19 0 26 8 1
5 19 23 26 9 1
5 19 23 26 8 1
5 19 6 0 9 2
5 19 6 0 2 4
5 19 21 23 6 4
5 14 31 26 30 1
5 14 31 26 24 30
5 14 26 9 30 1
5 14 31 30 1 32
5 14 31 24 30 32
5 14 23 9 30 1
5 14 7 26 9 30
5 14 7 26 24 30
5 14 7 26 24 9
5 14 23 30 1 32
5 14 0 26 9 1
5 14 31 0 26 1
5 14 7 23 9 30
5 14 7 24 30 32
5 14 7 23 30 32
5 14 7 23 24 32
5 14 23 24 32 3
5 14 7 24 9 3
5 14 7 23 9 3
5 14 7 23 24 3
5 13 17 26 8 1
5 13 31 26 8 1
5 13 31 17 26 1
5 13 17 8 16 1
5 13 31 17 1 32
5 13 31 0 8 4
5 13 31 0 26 8
5 13 17 20 16 32
5 13 22 17 26 30
5 13 31 17 26 30
5 13 17 20 30 32
5 13 31 20 30 32
5 13 31 17 30 32
5 13 22 17 20 16
5 13 22 17 20 30
5 13 29 20 2 16
5 13 31 10 20 30
5 25 19 6 0 26
5 25 19 6 0 4
5 25 0 26 8 4
5 25 19 0 8 4
5 25 19 0 26 8
5 25 19 21 23 6
5 25 21 15 6 4
5 25 19 21 6 4
5 25 19 21 8 4
5 25 19 6 12 26
5 25 19 23 12 26
5 25 19 23 6 12
5 25 21 23 26 8
5 25 19 23 26 8
5 25 19 21 23 8
5 25 21 23 26 30
5 25 21 23 10 30
5 25 10 12 26 30
5 25 23 12 26 30
5 25 23 10 12 30
5 18 21 10 12 11
5 18 10 12 11 3
5 18 15 12 11 3
5 18 15 10 11 3
5 18 15 10 12 3
5 18 15 6 12 11
5 18 21 6 12 11
5 18 21 15 6 11
5 18 25 21 15 6
5 18 15 22 20 11
5 18 15 10 20 11
5 18 21 22 20 11
5 18 21 10 20 11
5 18 15 6 10 12
5 18 21 23 10 12
5 18 25 23 10 12
5 18 25 21 23 10
5 18 21 23 6 12
5 18 25 23 6 12
5 18 25 21 23 6
5 18 10 22 20 30
5 18 21 22 20 30
5 18 21 10 20 30
5 18 21 15 11 4
5 18 25 21 11 4
5 18 25 21 15 4
5 18 25 21 10 30
5 18 6 10 12 26
5 18 25 10 12 26
5 18 25 6 12 26
5 18 10 22 26 30
5 18 25 22 26 30
5 18 25 10 26 30
5 5 17 26 30 32
5 5 21 26 30 32
5 5 21 17 30 32
5 5 21 17 8 32
5 5 22 17 26 30
5 5 21 22 17 30
5 5 17 8 1 32
5 5 17 26 1 32
5 5 17 26 8 1
5 5 21 8 1 32
5 5 21 26 1 32
5 5 21 26 8 1
5 5 25 21 26 8
5 5 25 22 26 30
5 5 25 21 26 30
5 5 21 17 8 16
5 5 18 21 22 30
5 5 18 25 22 30
5 5 18 25 21 30
5 5 21 22 17 16
5 5 13 17 26 8
5 5 13 22 17 26
5 5 21 8 16 4
5 5 25 21 8 4
5 5 18 21 22 11
5 5 18 25 21 11
5 5 21 22 11 16
5 5 13 26 8 4
5 5 25 26 8 4
5 5 13 8 16 4
5 5 13 17 8 16
5 5 21 11 16 4
5 5 25 21 11 4
5 5 18 22 11 4
5 5 18 25 11 4
5 5 18 25 22 4
5 5 13 22 16 4
5 5 13 22 17 16
5 5 22 11 16 4
5 28 14 31 0 26
5 28 14 0 26 9
5 28 14 31 26 24
5 28 14 26 24 9
5 28 14 31 24 2
5 28 13 22 26 30
5 28 13 31 26 30
5 28 13 29 20 2
5 28 13 31 20 2
5 28 19 0 26 9
5 28 19 6 26 9
5 28 19 6 0 9
5 28 19 6 0 26
5 28 25 6 0 26
5 28 14 6 24 9
5 28 14 6 9 2
5 28 7 10 26 24
5 28 10 26 24 30
5 28 31 26 24 30
5 28 31 10 24 30
5 28 31 10 20 24
5 28 31 20 24 2
5 28 6 29 24 2
5 28 14 6 24 2
5 28 18 10 22 26
5 28 10 22 26 30
5 28 13 31 10 30
5 28 13 22 20 16
5 28 13 29 20 16
5 28 13 31 10 20
5 28 7 26 24 9
5 28 7 6 24 9
5 28 7 6 29 24
5 28 18 25 6 26
5 28 20 24 2 3
5 28 29 24 2 3
5 28 29 20 2 3
5 28 18 25 22 26
5 28 10 22 20 30
5 28 13 22 20 30
5 28 13 10 20 30
5 28 22 20 11 16
5 28 29 20 11 16
5 28 29 22 11 16
5 28 6 12 26 9
5 28 7 12 26 9
5 28 7 6 12 9
5 28 7 29 24 3
5 28 7 15 29 3
5 28 7 10 24 3
5 28 7 15 10 3
5 28 7 15 6 29
5 28 7 15 6 10
5 28 6 10 12 26
5 28 7 10 12 26
5 28 7 6 10 12
5 28 15 29 20 3
5 28 10 20 24 3
5 28 15 10 20 3
5 28 18 6 10 26
5 28 18 15 6 10
5 28 18 10 22 20
5 28 18 15 22 20
5 28 18 15 10 20
5 28 15 22 20 11
5 28 15 29 20 11
5 28 15 29 22 11
5 27 0 26 8 4
5 27 13 26 8 4
5 27 13 0 8 4
5 27 13 0 26 8
5 27 25 0 26 4
5 27 28 25 0 26
5 27 5 13 26 4
5 27 13 31 0 4
5 27 13 31 0 26
5 27 28 31 0 26
5 27 28 13 31 26
5 27 5 25 26 4
5 27 5 13 22 4
5 27 5 13 22 26
5 27 28 13 22 26
5 27 28 13 31 2
5 27 5 25 22 4
5 27 5 25 22 26
5 27 28 25 22 26
5 27 28 25 6 0
5 27 13 22 16 4
5 27 28 13 22 16
5 27 28 14 31 2
5 27 28 14 31 0
5 27 28 13 29 2
5 27 18 25 22 4
5 27 28 18 25 22
5 27 25 6 0 4
5 27 25 15 6 4
5 27 18 25 15 4
5 27 6 0 2 4
5 27 28 6 29 2
5 27 28 15 6 29
5 27 28 29 22 16
5 27 28 13 29 16
5 27 14 0 9 2
5 27 28 14 9 2
5 27 28 14 0 9
5 27 13 2 16 4
5 27 13 29 2 16
5 27 15 6 2 4
5 27 15 6 29 2
5 27 6 0 9 2
5 27 28 6 9 2
5 27 28 6 0 9
5 27 28 15 29 22
5 27 28 18 15 22
5 27 18 25 15 6
5 27 28 18 15 6
5 27 28 18 25 6
5 27 22 11 16 4
5 27 29 22 11 16
5 27 11 2 16 4
5 27 29 11 2 16
5 27 15 11 2 4
5 27 15 29 11 2
5 27 15 29 22 11
5 27 18 22 11 4
5 27 18 15 11 4
5 27 18 15 22 11
