198
5 0 8 22 7 6
5 13 0 14 22 15
5 13 0 21 22 6
5 13 0 22 7 6
5 19 8 22 7 6
5 19 20 1 6 16
5 12 13 22 7 6
5 12 13 4 7 6
5 12 13 4 21 6
5 12 13 4 7 15
5 3 20 21 6 16
5 3 9 21 6 16
5 3 9 21 22 16
5 17 23 20 1 16
5 17 19 20 1 16
5 17 19 23 1 16
5 17 19 23 22 16
5 17 20 21 6 16
5 17 19 20 6 16
5 17 3 21 22 16
5 17 3 20 21 16
5 17 3 20 21 22
5 17 9 21 6 16
5 17 9 21 22 16
5 17 0 21 22 6
5 17 9 0 21 6
5 17 9 0 21 22
5 17 9 8 6 16
5 17 19 8 6 16
5 17 9 8 22 16
5 17 19 8 22 16
5 17 19 8 22 6
5 17 0 8 22 6
5 17 9 0 8 6
5 17 9 0 8 22
5 10 23 14 8 7
5 10 12 14 7 15
5 10 0 8 22 7
5 10 14 8 7 15
5 10 0 8 7 15
5 10 0 14 8 15
5 10 13 0 7 15
5 10 12 13 7 15
5 10 13 0 22 7
5 10 12 13 22 7
5 25 10 12 14 1
5 25 23 20 1 16
5 25 17 23 22 16
5 25 17 23 20 16
5 18 9 0 21 6
5 18 13 0 21 6
5 18 0 14 8 15
5 18 9 14 8 15
5 18 13 0 14 15
5 18 3 9 21 22
5 18 9 0 21 22
5 18 13 0 21 22
5 18 13 0 14 22
5 18 0 14 8 22
5 18 9 0 8 22
5 18 3 9 22 16
5 18 14 8 22 16
5 18 9 8 22 16
5 18 9 14 8 16
5 2 25 10 12 1
5 2 10 12 1 7
5 2 10 12 22 7
5 2 12 22 7 6
5 2 25 10 23 1
5 2 10 23 22 7
5 2 19 22 7 6
5 2 12 4 7 6
5 2 12 4 1 7
5 2 20 21 1 6
5 2 4 21 1 6
5 2 12 4 21 6
5 2 25 17 20 22
5 2 19 23 22 7
5 2 25 17 23 22
5 2 17 19 22 6
5 2 17 21 22 6
5 2 17 20 21 6
5 2 17 20 21 22
5 2 17 23 20 1
5 2 25 23 20 1
5 2 25 17 23 20
5 2 17 19 23 1
5 2 17 19 23 22
5 2 19 20 1 6
5 2 17 19 20 6
5 2 17 19 20 1
5 24 25 10 12 14
5 24 10 12 14 15
5 24 25 10 23 14
5 24 0 14 22 15
5 24 10 0 14 15
5 24 12 13 22 15
5 24 10 12 13 15
5 24 10 12 13 22
5 24 10 23 14 8
5 24 25 14 22 16
5 24 25 23 22 16
5 24 25 23 14 16
5 24 2 10 23 22
5 24 2 25 23 22
5 24 2 25 10 23
5 24 13 0 22 15
5 24 10 13 0 15
5 24 10 13 0 22
5 24 0 14 8 22
5 24 10 0 8 22
5 24 10 0 14 8
5 24 14 8 22 16
5 24 23 14 8 16
5 24 19 8 22 16
5 24 19 23 22 16
5 24 19 23 8 16
5 24 19 8 22 7
5 24 10 8 22 7
5 24 19 23 22 7
5 24 10 23 22 7
5 24 19 23 8 7
5 24 10 23 8 7
5 11 12 4 14 15
5 11 24 25 12 14
5 11 12 4 14 1
5 11 25 12 14 1
5 11 12 13 4 15
5 11 12 13 4 21
5 11 2 4 21 1
5 11 2 12 4 1
5 11 2 12 4 21
5 11 2 25 12 1
5 11 13 14 22 15
5 11 12 13 22 15
5 11 24 14 22 15
5 11 24 12 22 15
5 11 24 12 14 15
5 11 2 20 21 1
5 11 2 25 20 1
5 11 24 2 25 22
5 11 13 21 22 6
5 11 12 13 22 6
5 11 12 13 21 6
5 11 2 20 21 22
5 11 2 25 20 22
5 11 25 17 20 22
5 11 2 21 22 6
5 11 2 12 22 6
5 11 2 12 21 6
5 11 2 10 12 22
5 11 24 10 12 22
5 11 24 2 10 22
5 11 2 25 10 12
5 11 24 25 10 12
5 11 24 2 25 10
5 5 11 4 14 15
5 5 11 4 14 1
5 5 3 13 4 15
5 5 3 13 4 21
5 5 11 13 4 15
5 5 11 13 4 21
5 5 11 25 14 1
5 5 18 3 13 15
5 5 18 3 13 21
5 5 18 13 14 15
5 5 11 13 14 15
5 5 18 3 21 22
5 5 3 20 21 1
5 5 3 4 21 1
5 5 11 20 21 1
5 5 11 4 21 1
5 5 3 20 21 22
5 5 11 20 21 22
5 5 11 25 20 1
5 5 18 9 14 16
5 5 18 3 9 16
5 5 18 13 21 22
5 5 11 13 21 22
5 5 18 13 14 22
5 5 11 13 14 22
5 5 18 14 22 16
5 5 18 3 22 16
5 5 17 3 20 22
5 5 11 17 20 22
5 5 3 20 1 16
5 5 25 20 1 16
5 5 11 25 17 20
5 5 25 14 22 16
5 5 11 25 17 22
5 5 17 3 20 16
5 5 25 17 20 16
5 5 24 25 14 22
5 5 11 24 14 22
5 5 11 24 25 22
5 5 11 24 25 14
5 5 17 3 22 16
5 5 25 17 22 16
