104
5 7 18 4 6 17
5 7 18 4 6 13
5 15 7 18 4 17
5 15 7 18 4 13
5 15 0 18 4 13
5 2 15 7 18 17
5 2 7 18 6 17
5 2 15 14 0 17
5 3 2 0 1 13
5 3 2 0 18 13
5 3 2 0 18 1
5 5 15 7 4 17
5 5 15 7 4 13
5 5 15 0 4 13
5 5 15 14 4 17
5 5 15 14 0 17
5 5 2 0 1 13
5 5 2 14 1 17
5 5 2 14 0 17
5 5 2 14 0 1
5 5 2 15 7 17
5 5 2 15 0 17
5 5 15 7 18 13
5 5 2 7 18 13
5 5 2 15 7 18
5 5 15 0 18 13
5 5 2 0 18 13
5 5 2 15 0 18
5 16 18 4 6 13
5 16 0 18 4 13
5 16 3 18 6 13
5 16 3 0 18 13
5 16 3 0 18 1
5 16 3 0 1 13
5 10 3 2 18 6
5 10 3 2 18 1
5 10 2 14 1 17
5 10 2 18 6 17
5 10 16 3 18 6
5 10 16 3 18 1
5 12 7 18 6 13
5 12 3 18 6 13
5 12 2 7 18 13
5 12 3 2 18 13
5 12 2 7 18 6
5 12 3 2 18 6
5 12 10 3 1 6
5 12 5 2 7 13
5 12 10 2 7 6
5 12 10 3 2 6
5 12 3 2 1 13
5 12 5 2 1 13
5 12 10 3 2 1
5 9 10 14 1 17
5 9 16 3 1 6
5 9 10 3 1 6
5 9 10 16 3 6
5 9 10 16 3 1
5 9 10 16 18 6
5 8 16 18 4 6
5 8 15 18 4 17
5 8 15 14 4 17
5 8 15 0 18 4
5 8 16 0 18 4
5 8 18 4 6 17
5 8 14 4 6 17
5 8 5 15 0 4
5 8 5 15 14 4
5 8 5 15 14 0
5 11 8 9 16 14
5 11 9 16 14 1
5 11 8 16 0 18
5 11 8 16 14 0
5 11 9 16 18 6
5 11 8 16 18 6
5 11 8 9 16 6
5 11 16 0 18 1
5 11 16 14 0 1
5 11 9 10 14 1
5 11 10 16 18 1
5 11 9 10 16 1
5 11 9 10 16 18
5 11 8 15 0 18
5 11 8 15 14 0
5 11 9 10 18 6
5 11 9 10 14 17
5 11 2 0 18 1
5 11 2 14 0 1
5 11 10 2 18 1
5 11 10 2 14 1
5 11 2 15 0 18
5 11 2 15 14 0
5 11 8 15 18 17
5 11 8 15 14 17
5 11 10 2 18 17
5 11 10 2 14 17
5 11 10 18 6 17
5 11 8 18 6 17
5 11 9 10 6 17
5 11 9 14 6 17
5 11 8 14 6 17
5 11 8 9 14 6
5 11 2 15 18 17
5 11 2 15 14 17
