202
5 22 13 7 1 8
5 17 22 7 1 8
5 25 17 22 1 8
5 25 22 13 1 8
5 23 25 4 13 8
5 11 25 17 22 8
5 11 23 16 17 8
5 0 2 17 7 8
5 0 23 16 17 8
5 21 24 25 4 1
5 15 25 4 13 1
5 15 24 25 4 1
5 15 25 22 13 1
5 15 24 25 22 1
5 15 4 13 7 1
5 15 22 13 7 1
5 15 5 22 13 7
5 9 11 25 17 8
5 9 11 23 16 8
5 9 3 11 23 16
5 20 11 17 22 8
5 20 17 22 7 8
5 20 2 17 7 8
5 20 0 2 17 8
5 20 0 17 22 7
5 20 0 2 17 7
5 20 11 23 17 8
5 20 0 23 17 8
5 20 0 23 2 8
5 20 22 13 7 8
5 20 5 22 13 7
5 20 2 13 7 8
5 20 5 2 13 7
5 20 0 5 22 7
5 20 0 5 2 7
5 20 25 22 13 8
5 20 11 25 22 8
5 20 23 2 13 8
5 20 5 23 2 13
5 20 11 23 16 17
5 20 0 23 16 17
5 20 0 23 2 16
5 20 15 25 22 13
5 20 15 5 22 13
5 10 0 17 22 7
5 10 20 0 5 22
5 10 17 22 7 1
5 10 21 24 1 12
5 10 15 22 7 1
5 10 15 24 22 1
5 10 0 5 22 7
5 10 15 5 22 7
5 10 21 24 4 1
5 10 15 4 7 1
5 10 15 24 4 1
5 10 0 5 2 7
5 10 15 4 13 7
5 10 15 5 13 7
5 6 11 16 17 8
5 6 9 16 17 8
5 6 9 11 17 8
5 6 9 11 16 8
5 6 20 11 17 22
5 6 20 11 16 17
5 6 20 0 17 22
5 6 20 0 16 17
5 6 10 0 17 22
5 6 10 0 16 17
5 6 9 16 17 12
5 6 10 16 17 12
5 6 25 17 22 1
5 6 11 25 17 22
5 6 9 17 1 12
5 6 9 25 17 1
5 6 9 11 25 17
5 6 10 20 0 22
5 6 10 20 0 16
5 6 10 17 1 12
5 6 10 17 22 1
5 6 24 25 22 1
5 6 11 24 25 22
5 6 10 24 1 12
5 6 10 24 22 1
5 6 21 24 1 12
5 6 9 21 1 12
5 6 9 21 24 12
5 6 21 24 25 1
5 6 9 21 25 1
5 6 9 21 24 25
5 14 10 3 16 12
5 14 10 0 5 2
5 14 10 3 0 16
5 14 10 15 5 13
5 14 10 15 4 13
5 14 20 0 2 16
5 14 20 0 5 2
5 14 20 23 2 16
5 14 20 3 23 16
5 14 20 5 23 2
5 14 15 5 23 13
5 14 0 23 2 16
5 14 3 0 23 16
5 14 3 0 23 2
5 14 10 0 2 7
5 14 5 23 2 13
5 14 5 2 13 7
5 14 10 5 13 7
5 14 10 5 2 7
5 14 15 23 4 13
5 14 10 4 13 7
5 19 6 11 24 22
5 19 11 24 25 22
5 19 20 11 25 22
5 19 20 15 25 22
5 19 6 20 11 16
5 19 9 21 24 25
5 19 11 23 25 8
5 19 20 11 25 8
5 19 20 11 23 8
5 19 20 15 25 13
5 19 6 9 24 12
5 19 14 20 3 23
5 19 14 15 5 23
5 19 14 20 5 23
5 19 14 20 3 16
5 19 6 11 24 25
5 19 6 9 24 25
5 19 6 9 11 25
5 19 23 25 13 8
5 19 20 25 13 8
5 19 20 23 13 8
5 19 23 25 4 13
5 19 15 25 4 13
5 19 15 23 4 13
5 19 15 5 23 13
5 19 20 5 23 13
5 19 20 15 5 13
5 19 14 15 23 4
5 19 3 11 23 16
5 19 20 11 23 16
5 19 20 3 23 16
5 19 9 3 11 16
5 19 6 9 11 16
5 19 9 3 11 23
5 19 9 21 24 12
5 19 14 3 23 4
5 19 9 3 16 12
5 19 6 9 16 12
5 18 6 10 20 22
5 18 20 15 5 22
5 18 10 15 5 22
5 18 10 20 5 22
5 18 19 20 15 22
5 18 10 15 24 22
5 18 6 10 24 22
5 18 14 10 15 5
5 18 19 6 24 22
5 18 6 20 11 22
5 18 19 20 11 22
5 18 19 6 11 22
5 18 19 6 20 11
5 18 19 20 15 5
5 18 19 14 15 5
5 18 19 14 20 5
5 18 10 20 0 5
5 18 14 20 0 5
5 18 14 10 0 5
5 18 15 24 25 22
5 18 19 24 25 22
5 18 19 15 25 22
5 18 6 10 24 12
5 18 19 6 24 12
5 18 6 10 20 16
5 18 19 6 20 16
5 18 19 14 20 16
5 18 10 20 0 16
5 18 14 20 0 16
5 18 14 10 0 16
5 18 19 21 24 25
5 18 10 15 24 4
5 18 14 10 15 4
5 18 19 14 15 4
5 18 6 10 16 12
5 18 19 6 16 12
5 18 14 10 16 12
5 18 21 24 25 4
5 18 15 24 25 4
5 18 19 21 25 4
5 18 19 15 25 4
5 18 10 21 24 4
5 18 10 21 24 12
5 18 19 21 24 12
5 18 14 3 16 12
5 18 19 3 16 12
5 18 19 14 3 16
5 18 10 21 4 12
5 18 14 10 4 12
5 18 19 3 21 4
5 18 19 14 3 4
5 18 19 3 21 12
5 18 3 21 4 12
5 18 14 3 4 12
