323
5 31 15 11 16 13
5 12 19 5 10 22
5 25 5 16 13 22
5 25 19 5 13 22
5 25 19 5 11 13
5 25 12 19 5 22
5 24 5 15 16 13
5 24 30 5 10 29
5 14 24 30 5 29
5 6 31 19 13 22
5 6 25 19 13 22
5 6 25 19 11 13
5 6 31 16 13 22
5 6 31 11 16 13
5 6 25 16 13 22
5 6 25 11 16 22
5 6 25 11 16 13
5 6 25 12 11 22
5 6 31 15 11 16
5 1 6 11 16 22
5 1 6 15 11 16
5 1 6 31 16 22
5 1 6 31 15 16
5 1 6 12 11 22
5 1 6 31 15 11
5 1 30 26 0 29
5 1 24 15 0 29
5 1 24 30 0 29
5 1 24 30 26 29
5 18 12 19 5 10
5 18 25 12 19 5
5 18 12 19 10 22
5 20 25 11 16 22
5 20 1 11 16 22
5 20 1 24 15 29
5 20 25 12 11 22
5 20 1 12 11 22
5 20 1 24 26 29
5 7 18 19 10 22
5 7 18 12 10 22
5 4 18 30 26 10
5 4 30 26 10 29
5 4 18 19 5 10
5 4 30 5 10 29
5 4 14 30 5 29
5 4 24 30 5 10
5 4 24 19 5 13
5 4 14 24 5 13
5 4 14 24 30 13
5 4 14 24 30 5
5 21 1 24 15 0
5 21 14 24 30 0
5 28 18 12 5 10
5 28 18 25 12 5
5 28 20 18 25 5
5 28 20 18 25 12
5 28 24 5 10 29
5 28 20 24 5 29
5 28 4 24 5 10
5 28 4 18 5 10
5 28 4 18 24 5
5 28 4 24 30 10
5 28 4 18 30 10
5 28 4 18 24 30
5 28 24 30 10 29
5 28 20 24 26 29
5 28 7 26 10 29
5 28 30 26 10 29
5 28 18 30 26 10
5 28 7 18 12 10
5 28 24 30 26 29
5 28 20 24 30 26
5 23 20 25 5 16
5 23 24 5 16 29
5 23 20 24 5 29
5 23 20 24 5 16
5 23 20 25 16 22
5 23 28 20 5 29
5 23 28 20 25 5
5 23 24 15 16 29
5 23 20 24 15 29
5 23 20 24 15 16
5 23 20 1 16 22
5 23 20 25 12 22
5 23 28 25 12 5
5 23 28 20 25 12
5 23 20 1 15 29
5 23 20 1 15 16
5 23 20 1 12 22
5 23 28 5 10 29
5 23 28 12 26 29
5 23 28 20 26 29
5 23 28 20 12 26
5 23 20 1 26 29
5 23 20 1 12 26
5 9 20 1 12 11
5 9 20 1 24 26
5 9 20 25 12 11
5 9 20 18 25 12
5 9 1 24 30 26
5 9 20 24 30 26
5 9 20 1 24 15
5 9 28 18 30 26
5 9 28 20 30 26
5 9 28 20 18 5
5 9 20 18 25 5
5 9 28 20 24 30
5 9 20 24 15 16
5 9 1 15 11 16
5 9 20 1 11 16
5 9 20 1 15 16
5 9 28 18 24 30
5 9 28 18 24 5
5 9 28 20 24 5
5 9 25 19 5 11
5 9 18 25 19 11
5 9 18 25 19 5
5 9 20 25 11 16
5 9 20 25 5 16
5 9 15 11 16 13
5 9 24 15 16 13
5 9 20 24 5 16
5 9 4 18 24 30
5 9 4 18 24 5
5 9 25 11 16 13
5 9 25 5 16 13
5 9 25 5 11 13
5 9 24 5 16 13
5 9 19 5 11 13
5 32 7 18 19 22
5 32 18 12 19 22
5 32 7 18 12 22
5 32 25 12 19 22
5 32 6 25 19 22
5 32 6 25 12 22
5 32 18 25 12 19
5 32 1 6 12 22
5 32 6 25 19 11
5 32 18 25 19 11
5 32 6 25 12 11
5 32 1 6 12 11
5 32 9 25 12 11
5 32 9 18 25 11
5 32 9 18 25 12
5 32 28 7 12 26
5 32 28 7 18 26
5 32 28 7 18 12
5 32 9 1 12 11
5 32 9 28 18 26
5 32 20 1 12 26
5 32 9 20 1 26
5 32 9 20 1 12
5 32 28 20 12 26
5 32 9 28 20 26
5 32 28 20 18 12
5 32 9 20 18 12
5 32 9 28 20 18
5 2 21 14 30 0
5 2 1 24 30 0
5 2 21 24 30 0
5 2 21 1 24 0
5 2 32 9 1 26
5 2 1 30 26 0
5 2 9 1 30 26
5 17 32 7 18 26
5 17 32 7 18 19
5 17 4 7 14 19
5 17 4 18 26 10
5 17 7 18 19 10
5 17 4 18 19 10
5 17 4 7 19 10
5 17 2 7 14 19
5 17 4 7 14 10
5 17 28 18 26 10
5 17 28 7 26 10
5 17 28 7 18 10
5 17 28 7 18 26
5 17 2 7 26 0
5 17 2 7 14 0
5 17 4 30 26 29
5 17 4 14 30 29
5 17 7 26 10 29
5 17 7 14 10 29
5 17 4 26 10 29
5 17 4 14 10 29
5 17 2 30 26 0
5 17 2 14 30 0
5 17 7 26 0 29
5 17 7 14 0 29
5 17 30 26 0 29
5 17 14 30 0 29
5 27 9 18 19 11
5 27 32 18 19 11
5 27 32 9 18 11
5 27 9 4 18 30
5 27 17 32 18 19
5 27 9 18 30 26
5 27 32 9 18 26
5 27 9 19 11 13
5 27 9 4 24 30
5 27 17 4 18 19
5 27 4 18 19 5
5 27 9 18 19 5
5 27 9 4 18 5
5 27 17 32 18 26
5 27 2 21 24 30
5 27 9 15 11 13
5 27 9 24 15 13
5 27 24 19 5 13
5 27 9 19 5 13
5 27 9 24 5 13
5 27 9 1 24 30
5 27 2 1 24 30
5 27 2 9 1 30
5 27 4 30 19 13
5 27 4 24 19 13
5 27 4 24 30 13
5 27 4 24 19 5
5 27 9 4 24 5
5 27 17 2 14 19
5 27 17 2 14 30
5 27 32 6 19 11
5 27 17 2 32 26
5 27 17 32 7 19
5 27 17 2 7 19
5 27 2 9 30 26
5 27 17 2 30 26
5 27 2 32 9 26
5 27 17 4 14 19
5 27 17 4 14 30
5 27 4 18 30 26
5 27 17 4 30 26
5 27 17 4 18 26
5 27 2 21 14 30
5 27 2 21 1 24
5 27 31 15 11 13
5 27 9 1 15 11
5 27 9 1 24 15
5 27 32 9 1 11
5 27 2 32 9 1
5 27 32 1 6 11
5 27 2 21 1 6
5 27 6 19 11 13
5 27 6 31 11 13
5 27 6 31 19 13
5 27 21 31 15 13
5 27 21 24 15 13
5 27 21 1 24 15
5 27 1 6 31 11
5 27 21 1 6 31
5 27 1 31 15 11
5 27 21 1 31 15
5 8 27 2 7 19
5 8 27 6 31 19
5 8 27 32 6 19
5 8 27 32 7 19
5 8 27 21 6 31
5 8 27 2 21 6
5 8 2 21 1 0
5 8 32 6 19 22
5 8 32 7 19 22
5 8 1 6 31 22
5 8 21 1 6 31
5 8 2 21 1 6
5 8 27 32 1 6
5 8 27 2 1 6
5 8 27 2 32 1
5 8 27 17 32 7
5 8 27 17 2 7
5 8 27 17 2 32
5 8 2 1 26 0
5 8 2 7 26 0
5 8 32 1 6 22
5 8 2 32 1 26
5 8 17 32 7 26
5 8 17 2 7 26
5 8 17 2 32 26
5 8 1 12 26 0
5 8 7 12 26 0
5 8 32 1 12 22
5 8 32 7 12 22
5 8 32 1 12 26
5 8 32 7 12 26
5 3 27 2 14 19
5 3 27 2 21 14
5 3 27 31 19 13
5 3 27 21 31 13
5 3 2 7 14 19
5 3 8 2 7 19
5 3 8 27 31 19
5 3 8 27 21 31
5 3 8 27 2 19
5 3 8 27 2 21
5 3 2 21 14 0
5 3 8 2 21 0
5 3 31 19 13 22
5 3 27 30 19 13
5 3 27 21 14 30
5 3 2 7 14 0
5 3 8 2 7 0
5 3 8 7 19 22
5 3 6 31 19 22
5 3 8 6 19 22
5 3 8 6 31 22
5 3 8 6 31 19
5 3 4 30 19 13
5 3 4 14 30 13
5 3 27 4 30 19
5 3 27 4 14 19
5 3 27 4 14 30
5 3 14 24 30 13
5 3 21 14 24 13
5 3 21 14 24 30
5 3 27 24 30 13
5 3 27 21 24 13
5 3 27 21 24 30
5 3 19 5 13 22
5 3 4 19 5 13
5 3 4 14 5 13
5 3 4 19 5 10
5 3 4 7 19 10
5 3 4 7 14 10
5 3 4 7 14 19
