214
5 4 10 1 13 16
5 4 10 15 13 16
5 4 10 15 1 16
5 4 0 1 13 16
5 7 3 0 1 16
5 7 4 0 1 16
5 7 4 15 1 16
5 7 4 15 0 16
5 20 7 15 1 16
5 20 7 3 1 16
5 20 5 3 15 16
5 20 7 3 0 1
5 14 4 10 1 13
5 14 25 10 13 12
5 14 4 0 1 13
5 14 7 4 0 1
5 2 10 15 13 16
5 2 4 15 13 16
5 2 3 10 13 16
5 2 5 3 13 16
5 2 5 3 10 13
5 2 20 5 15 16
5 2 20 3 10 16
5 2 20 5 3 16
5 2 20 5 3 10
5 2 5 25 13 12
5 24 4 0 13 16
5 24 3 0 13 16
5 24 2 5 25 13
5 22 10 15 1 16
5 22 20 15 1 16
5 22 20 10 1 16
5 22 2 10 15 16
5 22 2 20 15 16
5 22 2 20 10 16
5 22 20 7 15 1
5 22 2 20 5 10
5 22 2 20 5 15
5 22 20 5 3 10
5 18 14 7 0 1
5 18 22 10 15 1
5 18 22 7 15 1
5 18 4 10 15 1
5 18 14 4 10 1
5 18 14 4 10 15
5 18 7 4 15 1
5 18 14 7 4 1
5 23 2 4 15 16
5 23 2 5 15 16
5 23 2 4 13 16
5 23 2 5 13 16
5 23 24 4 0 16
5 23 24 4 13 16
5 23 24 2 5 13
5 23 2 4 15 13
5 23 5 3 13 16
5 23 24 3 13 16
5 23 24 5 3 13
5 23 4 10 15 13
5 23 14 4 10 13
5 23 14 4 10 15
5 23 2 10 15 13
5 23 24 2 25 13
5 23 18 14 4 15
5 23 14 25 10 13
5 23 25 10 13 12
5 23 2 10 13 12
5 23 2 25 13 12
5 23 14 25 10 12
5 19 2 5 25 12
5 19 23 2 25 12
5 19 2 10 15 12
5 19 23 2 10 12
5 19 23 2 10 15
5 19 18 14 25 12
5 19 23 14 25 12
5 19 23 18 14 25
5 19 18 14 10 12
5 19 23 14 10 12
5 19 18 14 10 15
5 19 23 14 10 15
5 19 23 18 14 15
5 17 22 20 7 1
5 17 18 22 7 1
5 17 18 22 10 1
5 17 19 18 10 12
5 17 19 18 25 12
5 17 19 18 7 25
5 17 18 22 7 15
5 17 19 18 7 15
5 17 22 2 5 12
5 17 19 2 5 12
5 17 19 10 15 12
5 17 18 22 10 15
5 17 19 18 10 15
5 17 19 2 15 12
5 17 2 10 15 12
5 17 22 2 10 12
5 17 22 2 10 15
5 11 23 24 0 16
5 11 24 3 0 16
5 11 23 5 15 16
5 11 23 5 3 16
5 11 23 24 3 16
5 11 23 24 5 3
5 11 7 3 0 16
5 11 7 15 0 16
5 11 4 15 0 16
5 11 23 4 0 16
5 11 23 4 15 16
5 11 5 3 15 16
5 11 7 4 15 0
5 11 23 2 5 15
5 11 20 3 15 16
5 11 20 7 15 16
5 11 20 7 3 16
5 11 20 5 3 15
5 11 22 2 5 15
5 11 17 19 2 5
5 11 22 20 7 15
5 11 22 20 5 15
5 11 17 20 7 3
5 11 17 20 5 3
5 11 17 22 7 15
5 11 17 22 2 15
5 11 17 22 2 5
5 11 17 19 7 15
5 11 17 19 2 15
5 11 19 18 7 15
5 11 17 22 20 7
5 11 17 22 20 5
5 6 14 4 0 13
5 6 24 4 0 13
5 6 23 14 25 13
5 6 23 24 25 13
5 21 24 2 5 25
5 21 19 2 5 25
5 21 11 19 2 5
5 21 19 5 25 12
5 21 17 19 25 12
5 21 17 19 5 12
5 21 11 17 19 5
5 21 23 24 2 25
5 21 6 23 24 25
5 21 17 19 7 25
5 21 11 17 19 7
5 21 19 23 2 25
5 21 19 18 7 25
5 21 6 18 7 25
5 8 11 23 24 0
5 8 23 24 4 0
5 8 6 24 4 0
5 8 6 14 4 0
5 8 23 24 4 13
5 8 6 24 4 13
5 8 6 23 24 13
5 8 11 7 4 0
5 8 11 23 4 0
5 8 14 7 4 0
5 8 23 14 4 13
5 8 6 14 4 13
5 8 6 23 14 13
5 8 21 6 18 7
5 8 11 7 4 15
5 8 11 23 4 15
5 8 18 14 7 0
5 8 6 18 7 0
5 8 6 18 14 0
5 8 11 18 7 15
5 8 21 6 18 25
5 8 21 6 23 25
5 8 18 14 7 4
5 8 23 18 14 4
5 8 11 19 18 7
5 8 21 19 18 7
5 8 21 11 19 7
5 8 18 7 4 15
5 8 23 18 4 15
5 8 23 18 14 25
5 8 6 18 14 25
5 8 6 23 14 25
5 8 19 23 18 15
5 8 11 19 18 15
5 8 11 23 2 15
5 8 21 11 23 2
5 8 19 23 18 25
5 8 21 19 18 25
5 8 21 19 23 25
5 8 19 23 2 15
5 8 21 19 23 2
5 8 11 19 2 15
5 8 21 11 19 2
5 9 8 11 24 0
5 9 11 24 3 0
5 9 8 6 24 0
5 9 21 11 7 0
5 9 8 11 7 0
5 9 8 21 11 7
5 9 8 11 23 24
5 9 8 21 11 23
5 9 11 24 5 3
5 9 21 6 7 0
5 9 8 6 7 0
5 9 8 21 6 7
5 9 21 6 23 24
5 9 8 6 23 24
5 9 8 21 6 23
5 9 21 23 24 2
5 9 21 11 23 2
5 9 21 24 2 5
5 9 21 11 2 5
5 9 23 24 2 5
5 9 11 23 2 5
5 9 11 23 24 5
