224
5 11 1 4 23 16
5 2 11 1 4 16
5 2 10 1 23 16
5 2 11 1 23 16
5 6 2 11 4 16
5 6 2 1 4 16
5 6 2 1 4 0
5 9 6 1 4 0
5 9 1 4 23 16
5 9 10 1 23 16
5 9 6 2 1 0
5 9 6 1 4 16
5 9 2 10 1 14
5 9 2 10 1 16
5 9 6 2 1 16
5 9 6 2 10 16
5 21 11 4 7 16
5 21 6 4 7 16
5 20 2 10 23 16
5 20 2 11 23 16
5 20 5 11 23 16
5 20 2 10 1 23
5 20 2 11 1 23
5 20 2 10 1 14
5 20 11 4 7 23
5 20 11 1 4 23
5 20 9 10 1 14
5 20 18 11 1 4
5 13 9 2 14 0
5 13 9 6 2 0
5 13 9 6 2 14
5 17 25 5 11 14
5 17 13 25 21 0
5 17 20 2 10 14
5 17 20 2 11 14
5 17 13 9 6 14
5 17 9 10 14 0
5 17 13 9 14 0
5 17 20 10 23 16
5 17 20 2 10 16
5 17 20 2 11 16
5 17 6 2 10 16
5 17 9 2 10 14
5 17 9 6 2 14
5 17 9 6 2 10
5 17 9 6 10 0
5 17 13 9 6 0
5 19 21 11 7 16
5 19 17 25 5 11
5 19 17 25 21 5
5 19 5 11 23 16
5 19 17 5 11 16
5 19 17 21 11 16
5 19 20 11 7 23
5 19 20 5 7 23
5 19 20 5 11 23
5 19 4 7 23 16
5 19 11 4 23 16
5 19 11 4 7 16
5 19 11 4 7 23
5 19 17 5 23 16
5 8 25 18 5 10
5 8 25 5 11 14
5 8 17 20 10 14
5 8 17 25 10 14
5 8 17 25 5 14
5 8 17 25 5 10
5 8 17 5 11 14
5 8 17 20 11 14
5 8 19 20 5 11
5 8 19 25 5 11
5 8 19 20 5 7
5 8 17 5 10 23
5 8 17 20 10 23
5 8 20 5 11 16
5 8 17 5 11 16
5 8 17 20 11 16
5 8 20 5 23 16
5 8 17 5 23 16
5 8 17 20 23 16
5 22 18 2 1 0
5 22 9 2 14 0
5 22 9 2 1 0
5 22 9 2 1 14
5 22 18 9 1 0
5 22 25 18 10 0
5 22 13 25 11 14
5 22 13 2 11 14
5 22 9 10 14 0
5 22 18 9 10 0
5 22 20 9 1 14
5 22 20 18 9 1
5 22 17 10 14 0
5 22 17 25 10 0
5 22 17 25 10 14
5 22 8 25 10 14
5 22 8 25 18 10
5 22 8 25 11 14
5 22 20 2 1 14
5 22 20 2 11 14
5 22 20 2 11 1
5 22 20 18 11 1
5 22 20 9 10 14
5 22 20 18 9 10
5 22 8 20 10 14
5 22 8 20 18 10
5 22 8 20 11 14
5 3 8 25 18 5
5 3 13 21 4 7
5 3 13 11 4 7
5 3 22 8 25 18
5 3 20 5 7 23
5 3 8 20 5 7
5 3 19 25 5 7
5 3 8 19 5 7
5 3 8 19 25 5
5 3 13 6 4 0
5 3 13 21 6 0
5 3 13 21 6 4
5 3 20 11 4 7
5 3 20 18 4 7
5 3 20 18 11 4
5 3 19 21 11 7
5 3 19 25 21 7
5 3 22 8 20 18
5 3 22 8 25 11
5 3 22 20 18 11
5 3 8 19 25 11
5 3 22 8 20 11
5 3 19 20 11 7
5 3 8 19 20 7
5 3 8 19 20 11
5 15 17 13 14 0
5 15 17 13 25 0
5 15 17 13 25 14
5 15 22 13 25 14
5 15 22 17 14 0
5 15 22 17 25 0
5 15 22 17 25 14
5 15 13 2 14 0
5 15 22 2 14 0
5 15 22 13 2 14
5 15 22 25 18 0
5 15 22 18 2 0
5 15 3 25 18 0
5 15 3 22 25 18
5 15 22 18 2 1
5 15 3 18 4 0
5 15 3 13 4 0
5 15 13 25 21 0
5 15 3 13 21 0
5 15 3 13 25 21
5 15 3 22 18 11
5 15 22 13 25 11
5 15 3 13 25 11
5 15 3 22 25 11
5 15 2 1 4 0
5 15 18 1 4 0
5 15 18 2 1 0
5 15 6 2 4 0
5 15 13 6 4 0
5 15 13 6 2 0
5 15 13 6 2 4
5 15 22 2 11 1
5 15 22 13 2 11
5 15 3 18 11 4
5 15 3 13 11 4
5 15 2 11 1 4
5 15 13 2 11 4
5 15 18 11 1 4
5 15 22 18 11 1
5 24 6 2 11 4
5 24 13 2 11 4
5 24 13 6 2 4
5 24 13 21 6 4
5 24 13 2 11 14
5 24 6 11 4 16
5 24 21 11 4 16
5 24 21 6 4 16
5 24 21 11 4 7
5 24 13 11 4 7
5 24 13 21 4 7
5 24 13 25 11 14
5 24 3 21 11 7
5 24 3 13 11 7
5 24 3 13 21 7
5 24 3 13 25 11
5 24 3 13 25 21
5 24 3 19 21 11
5 24 3 19 25 11
5 24 3 19 25 21
5 12 13 21 6 0
5 12 17 21 6 0
5 12 17 13 6 0
5 12 17 13 21 0
5 12 24 13 21 6
5 12 17 21 6 16
5 12 24 21 6 16
5 12 24 13 6 2
5 12 17 13 25 21
5 12 24 13 25 21
5 12 17 6 2 16
5 12 17 21 11 16
5 12 24 21 11 16
5 12 13 6 2 14
5 12 17 6 2 14
5 12 17 13 6 14
5 12 24 13 2 14
5 12 19 17 25 21
5 12 24 19 25 21
5 12 17 13 25 14
5 12 24 13 25 14
5 12 6 2 11 16
5 12 24 6 11 16
5 12 24 6 2 11
5 12 17 2 11 16
5 12 19 17 21 11
5 12 24 19 21 11
5 12 17 2 11 14
5 12 24 2 11 14
5 12 19 17 25 11
5 12 24 19 25 11
5 12 17 25 11 14
5 12 24 25 11 14
