339
5 16 13 8 10 30
5 15 19 8 29 10
5 5 3 16 8 30
5 5 3 16 0 30
5 24 16 13 10 30
5 24 16 8 10 30
5 24 5 16 8 30
5 24 27 16 0 30
5 24 5 16 0 30
5 17 1 15 10 22
5 21 19 8 10 22
5 21 1 8 10 22
5 21 5 3 19 8
5 21 1 15 10 22
5 21 13 8 10 30
5 21 1 13 8 10
5 21 5 3 8 30
5 21 17 19 10 22
5 21 17 15 10 22
5 21 17 15 19 10
5 21 15 19 29 10
5 21 24 8 10 30
5 21 24 5 8 30
5 21 24 13 10 30
5 21 24 1 13 10
5 4 17 1 15 22
5 18 24 15 16 10
5 18 24 16 8 10
5 18 24 1 15 10
5 18 15 16 29 6
5 18 24 15 16 6
5 18 21 24 8 10
5 18 24 5 16 8
5 18 21 15 29 10
5 18 21 1 15 10
5 18 21 24 1 10
5 18 27 16 29 6
5 18 24 27 16 6
5 18 19 8 29 10
5 18 21 19 29 10
5 18 21 19 8 10
5 18 21 24 5 8
5 18 24 5 16 0
5 18 24 27 16 0
5 18 5 19 8 29
5 18 21 5 19 29
5 18 21 5 19 8
5 18 5 3 29 0
5 18 21 24 5 30
5 18 5 3 0 30
5 18 24 5 0 30
5 18 24 12 0 30
5 18 5 12 3 30
5 18 12 3 0 30
5 23 27 12 13 30
5 23 24 12 13 30
5 23 24 27 12 30
5 23 27 16 13 30
5 23 24 16 13 30
5 23 24 27 16 30
5 23 27 16 13 6
5 23 24 27 16 6
5 23 16 13 10 6
5 23 24 16 13 10
5 23 18 24 15 6
5 23 15 16 10 6
5 23 24 15 16 6
5 23 24 15 16 10
5 23 18 15 29 6
5 23 18 24 1 13
5 23 18 24 1 15
5 23 1 13 10 6
5 23 1 15 10 6
5 23 24 1 13 10
5 23 24 1 15 10
5 14 15 16 10 6
5 14 1 15 10 6
5 14 17 1 15 10
5 14 15 16 29 6
5 14 17 15 29 6
5 14 17 1 10 22
5 14 15 8 29 10
5 14 15 19 8 10
5 14 17 15 19 10
5 14 19 8 10 22
5 14 17 19 10 22
5 14 15 19 8 29
5 14 17 15 19 29
5 14 18 8 29 10
5 14 18 16 8 10
5 14 18 15 29 10
5 14 18 15 16 10
5 14 18 15 16 29
5 14 18 16 29 0
5 14 18 5 29 0
5 14 18 5 16 0
5 14 18 5 8 29
5 14 18 5 16 8
5 14 5 19 8 29
5 14 17 5 19 29
5 14 3 16 8 0
5 14 5 3 16 0
5 14 5 3 16 8
5 14 5 3 19 8
5 32 18 5 3 29
5 32 18 5 12 3
5 32 14 5 3 0
5 11 4 21 1 22
5 11 5 3 19 22
5 11 21 5 3 19
5 11 5 12 3 30
5 11 21 5 3 30
5 11 21 24 13 30
5 28 23 27 12 13
5 28 23 24 27 12
5 28 14 27 0 6
5 28 18 24 12 0
5 28 18 24 27 0
5 28 27 12 0 30
5 28 24 12 0 30
5 28 24 27 0 30
5 28 24 27 12 30
5 2 21 1 15 22
5 2 4 1 15 22
5 2 4 21 1 22
5 2 23 18 15 29
5 2 23 18 1 15
5 2 21 17 15 22
5 2 4 17 15 22
5 2 18 21 15 29
5 2 18 21 1 15
5 2 17 15 19 29
5 2 21 15 19 29
5 2 21 17 15 19
5 2 21 17 19 22
5 26 14 1 15 6
5 26 14 17 15 6
5 26 14 17 1 15
5 26 4 17 1 15
5 26 2 17 15 6
5 26 4 17 1 22
5 26 28 14 0 6
5 26 32 14 3 0
5 7 11 5 3 22
5 7 11 32 3 22
5 7 32 5 12 3
5 7 11 5 12 3
5 7 11 32 12 3
5 7 11 5 19 22
5 7 11 21 19 22
5 7 11 21 5 19
5 7 32 18 5 12
5 7 11 4 21 22
5 7 2 4 21 22
5 7 18 21 5 29
5 7 32 18 5 29
5 7 18 5 12 30
5 7 11 5 12 30
5 7 21 5 19 29
5 7 2 21 19 29
5 7 11 4 21 1
5 7 2 4 21 1
5 7 2 18 21 29
5 7 18 21 5 30
5 7 11 21 5 30
5 7 18 24 12 30
5 7 2 18 21 1
5 7 2 23 18 29
5 7 18 21 24 30
5 7 11 21 24 30
5 7 24 12 13 30
5 7 11 12 13 30
5 7 11 24 13 30
5 7 23 18 24 12
5 7 11 21 1 13
5 7 11 21 24 13
5 7 23 24 12 13
5 7 23 18 24 13
5 7 21 24 1 13
5 7 18 24 1 13
5 7 18 21 24 1
5 7 23 18 1 13
5 7 2 23 1 13
5 7 2 23 18 1
5 25 2 4 1 15
5 25 26 1 15 6
5 25 23 1 15 6
5 25 2 23 1 15
5 25 7 2 4 1
5 25 23 15 29 6
5 25 2 15 29 6
5 25 2 23 15 29
5 25 23 1 13 6
5 25 2 23 1 13
5 25 7 2 1 13
5 25 7 2 32 4
5 25 7 2 23 29
5 25 7 2 23 13
5 25 7 11 1 13
5 25 7 11 4 1
5 25 7 11 32 4
5 25 7 11 12 13
5 25 23 27 13 6
5 25 28 23 27 6
5 25 28 23 27 13
5 25 28 23 12 13
5 25 7 23 12 13
5 25 7 11 32 12
5 25 7 28 32 12
5 25 28 27 12 13
5 31 32 14 5 3
5 31 26 32 14 3
5 31 14 5 3 19
5 31 26 32 14 17
5 31 14 17 5 19
5 31 5 3 19 22
5 31 14 17 5 29
5 31 32 14 5 29
5 31 32 14 17 29
5 31 14 17 19 22
5 31 26 14 17 22
5 31 7 5 19 22
5 31 7 5 3 22
5 31 7 32 3 22
5 31 7 32 5 3
5 31 2 17 19 22
5 31 26 4 17 22
5 31 17 5 19 29
5 31 2 17 19 29
5 31 7 32 5 29
5 31 7 2 32 29
5 31 2 21 19 22
5 31 7 21 19 22
5 31 7 2 21 22
5 31 7 2 21 19
5 31 7 2 4 22
5 31 7 2 32 4
5 31 7 5 19 29
5 31 7 2 19 29
5 31 2 4 17 22
5 31 7 11 4 22
5 31 7 11 32 22
5 31 7 11 32 4
5 9 7 32 18 29
5 9 7 32 18 12
5 9 7 23 18 29
5 9 7 23 18 12
5 9 7 28 32 12
5 9 28 18 12 0
5 9 28 32 12 0
5 9 25 7 28 32
5 9 23 18 29 6
5 9 23 18 24 12
5 9 28 18 24 12
5 9 28 23 24 12
5 9 18 3 29 0
5 9 32 18 3 29
5 9 18 16 29 0
5 9 18 12 3 0
5 9 32 12 3 0
5 9 32 18 12 3
5 9 25 7 23 29
5 9 25 28 23 12
5 9 25 7 23 12
5 9 25 7 28 12
5 9 7 2 32 29
5 9 25 7 2 29
5 9 25 7 2 32
5 9 18 27 29 6
5 9 25 23 29 6
5 9 25 28 23 6
5 9 23 18 24 6
5 9 5 3 29 0
5 9 32 5 3 0
5 9 32 5 3 29
5 9 14 16 29 0
5 9 18 27 16 0
5 9 28 18 27 0
5 9 18 27 16 29
5 9 14 5 29 0
5 9 32 14 5 0
5 9 32 14 5 29
5 9 26 32 14 0
5 9 26 28 14 0
5 9 26 28 32 0
5 9 25 2 29 6
5 9 25 26 28 6
5 9 25 26 28 32
5 9 28 14 27 6
5 9 18 24 27 6
5 9 28 18 24 27
5 9 23 24 27 6
5 9 28 23 27 6
5 9 28 23 24 27
5 9 14 27 16 0
5 9 28 14 27 0
5 9 32 14 17 29
5 9 26 32 14 17
5 9 26 28 14 6
5 9 27 16 29 6
5 9 14 16 29 6
5 9 14 27 16 6
5 9 14 17 29 6
5 9 26 14 17 6
5 9 31 32 17 29
5 9 31 26 32 17
5 9 26 2 17 6
5 9 31 2 32 29
5 9 31 2 17 29
5 9 31 26 2 17
5 9 17 15 29 6
5 9 2 15 29 6
5 9 2 17 15 6
5 9 2 17 15 29
5 20 26 4 1 15
5 20 25 4 1 15
5 20 25 26 1 15
5 20 25 26 4 1
5 20 25 2 4 15
5 20 2 4 17 15
5 20 26 4 17 15
5 20 26 2 17 15
5 20 26 2 15 6
5 20 25 2 15 6
5 20 25 26 15 6
5 20 31 2 4 17
5 20 31 26 4 17
5 20 31 26 2 17
5 20 9 26 2 6
5 20 9 25 2 6
5 20 9 25 26 6
5 20 25 2 32 4
5 20 31 2 32 4
5 20 31 26 4 22
5 20 9 25 2 32
5 20 9 25 26 32
5 20 9 31 2 32
5 20 9 31 26 32
5 20 9 31 26 2
