192
5 13 24 0 2 9
5 14 24 0 22 2
5 14 12 0 22 2
5 14 22 2 17 19
5 14 24 22 2 19
5 14 24 0 22 19
5 14 12 0 2 3
5 11 14 12 0 3
5 11 14 12 0 22
5 11 14 0 19 3
5 11 14 0 22 19
5 11 14 17 19 3
5 11 5 7 4 3
5 11 5 12 7 3
5 1 11 5 4 22
5 1 11 4 22 19
5 1 24 0 22 19
5 1 11 0 22 19
5 1 24 0 19 3
5 1 11 0 19 3
5 1 11 5 4 3
5 1 20 7 4 9
5 1 20 5 7 9
5 1 20 5 7 4
5 15 13 24 0 9
5 15 1 24 0 22
5 15 1 13 24 22
5 15 1 13 24 0
5 15 12 0 22 2
5 15 12 2 9 3
5 15 12 0 2 3
5 15 11 12 0 22
5 15 1 5 9 3
5 15 1 13 9 3
5 15 13 2 9 3
5 15 13 0 2 3
5 15 13 0 2 9
5 15 1 13 0 3
5 15 1 11 0 22
5 15 1 11 5 22
5 15 5 7 9 3
5 15 11 12 0 3
5 15 11 5 12 3
5 15 1 11 0 3
5 15 1 11 5 3
5 16 14 22 2 17
5 16 22 2 17 19
5 16 11 14 12 22
5 16 14 22 17 19
5 16 11 14 17 19
5 16 11 14 22 19
5 16 20 4 17 19
5 16 11 4 17 19
5 16 20 4 22 19
5 16 11 4 22 19
5 16 20 7 4 17
5 16 11 7 4 17
5 16 20 5 4 22
5 16 11 5 4 22
5 16 11 5 7 4
5 6 15 12 2 9
5 6 15 7 9 3
5 6 15 12 9 3
5 6 20 5 7 9
5 6 15 5 7 9
5 6 24 0 2 9
5 6 15 0 2 9
5 6 15 24 0 9
5 6 24 0 22 2
5 6 15 0 22 2
5 6 15 24 0 22
5 25 1 13 24 22
5 25 13 24 2 9
5 25 6 24 22 2
5 25 15 13 24 9
5 25 15 13 24 22
5 25 20 5 4 22
5 25 1 5 4 22
5 25 1 20 5 4
5 25 1 20 5 9
5 25 15 1 13 9
5 25 15 1 13 22
5 25 6 24 2 9
5 25 6 15 24 9
5 25 6 15 24 22
5 25 15 20 5 9
5 25 15 20 5 22
5 25 15 1 5 9
5 25 15 1 5 22
5 21 11 5 12 7
5 21 6 15 5 7
5 21 15 11 5 12
5 21 5 12 7 3
5 21 15 5 7 3
5 21 15 5 12 3
5 21 6 15 7 3
5 21 6 15 12 3
5 21 15 11 12 22
5 21 16 11 12 22
5 21 15 11 5 22
5 18 6 14 12 2
5 18 11 12 7 3
5 18 11 14 17 3
5 18 11 14 12 3
5 18 16 11 7 17
5 18 16 11 14 17
5 18 16 11 14 12
5 18 21 16 7 17
5 18 21 16 14 17
5 18 21 16 14 12
5 18 21 11 12 7
5 18 21 16 11 7
5 18 21 16 11 12
5 23 1 24 22 19
5 23 25 1 24 22
5 23 24 22 2 19
5 23 25 24 22 2
5 23 1 4 22 19
5 23 25 1 4 22
5 23 25 20 22 2
5 23 20 4 22 19
5 23 25 20 4 22
5 23 25 13 24 2
5 23 25 1 13 24
5 23 16 22 2 19
5 23 16 20 22 19
5 23 16 20 22 2
5 23 20 2 17 19
5 23 16 2 17 19
5 23 16 20 17 19
5 23 16 20 2 17
5 8 16 20 7 17
5 8 21 16 7 17
5 8 6 20 5 7
5 8 21 6 5 7
5 8 20 5 7 4
5 8 16 5 7 4
5 8 16 20 7 4
5 8 16 20 5 4
5 8 16 11 5 7
5 8 21 11 5 7
5 8 21 16 11 7
5 8 16 20 5 22
5 8 21 15 5 22
5 8 16 11 5 22
5 8 21 11 5 22
5 8 21 16 11 22
5 10 8 16 20 17
5 10 16 20 2 17
5 10 6 20 2 17
5 10 8 16 20 22
5 10 16 14 2 17
5 10 6 14 2 17
5 10 16 20 22 2
5 10 21 16 14 17
5 10 8 21 16 17
5 10 21 6 14 17
5 10 8 21 16 22
5 10 16 14 22 2
5 10 25 20 22 2
5 10 25 6 22 2
5 10 25 6 20 2
5 10 21 16 14 12
5 10 25 15 20 22
5 10 25 6 15 22
5 10 25 6 20 9
5 10 21 16 12 22
5 10 8 21 15 22
5 10 14 12 22 2
5 10 6 14 12 2
5 10 16 14 12 22
5 10 18 6 14 12
5 10 18 21 14 12
5 10 18 21 6 12
5 10 18 21 6 14
5 10 15 20 5 22
5 10 8 20 5 22
5 10 8 15 5 22
5 10 25 15 20 9
5 10 25 6 15 9
5 10 6 20 5 9
5 10 8 6 20 5
5 10 21 15 12 22
5 10 21 6 15 12
5 10 21 6 15 5
5 10 8 21 15 5
5 10 8 21 6 5
5 10 15 12 22 2
5 10 6 15 22 2
5 10 6 15 12 2
5 10 15 20 5 9
5 10 6 15 5 9
