335
5 22 18 21 1 30
5 3 14 1 2 4
5 31 14 22 11 2
5 16 15 0 11 32
5 10 18 4 30 32
5 10 0 18 30 32
5 10 31 0 11 26
5 10 16 0 11 32
5 10 31 14 22 30
5 10 0 22 21 30
5 10 31 0 22 30
5 10 31 0 22 21
5 10 31 0 11 21
5 10 16 15 0 32
5 10 22 11 21 30
5 10 14 22 11 30
5 10 31 22 11 21
5 10 31 14 22 11
5 8 0 18 30 32
5 8 0 18 21 30
5 9 3 18 26 1
5 7 16 15 11 2
5 7 16 14 11 2
5 7 9 15 26 2
5 7 9 16 15 2
5 7 16 15 0 26
5 7 16 15 0 11
5 7 31 22 11 2
5 28 10 31 0 30
5 28 10 31 0 26
5 28 10 0 18 30
5 28 10 18 4 30
5 28 31 0 22 30
5 28 22 18 1 30
5 28 18 1 4 30
5 28 3 18 1 4
5 28 31 22 21 26
5 28 31 0 21 26
5 28 31 0 22 21
5 28 22 18 21 30
5 28 0 18 21 30
5 28 0 22 21 30
5 28 22 18 21 26
5 28 8 18 21 26
5 28 8 0 21 26
5 28 8 0 18 26
5 28 8 0 18 21
5 13 10 4 30 32
5 13 10 14 11 30
5 13 28 14 4 30
5 13 28 10 4 30
5 13 28 10 14 30
5 13 10 16 11 32
5 24 8 0 18 32
5 24 7 15 0 11
5 24 15 0 11 32
5 24 8 0 11 32
5 12 24 15 0 26
5 12 10 15 0 32
5 12 9 18 26 1
5 12 9 3 18 26
5 12 24 8 0 18
5 12 24 15 0 32
5 12 9 3 18 1
5 6 3 1 2 4
5 6 3 14 2 4
5 6 9 16 15 2
5 6 13 16 14 4
5 20 3 14 1 2
5 20 10 31 14 30
5 20 28 10 14 30
5 20 28 10 31 30
5 20 3 14 1 4
5 20 28 3 1 4
5 20 6 3 14 2
5 20 6 9 3 2
5 20 31 14 11 2
5 20 7 14 11 2
5 20 7 31 11 2
5 20 7 31 14 11
5 20 14 22 1 2
5 20 31 22 1 2
5 20 31 14 22 2
5 20 6 3 14 4
5 20 28 31 22 30
5 20 14 1 4 30
5 20 28 1 4 30
5 20 28 14 4 30
5 20 14 22 1 30
5 20 31 14 22 30
5 27 13 10 4 32
5 27 13 28 10 4
5 27 10 18 4 32
5 27 28 10 18 4
5 27 6 13 4 32
5 27 10 0 18 32
5 27 12 0 18 32
5 27 12 10 0 32
5 27 13 16 15 32
5 27 6 13 16 32
5 27 6 9 16 15
5 19 12 24 15 32
5 19 12 3 18 1
5 19 27 12 3 18
5 19 27 12 18 32
5 19 27 12 15 32
5 19 24 0 18 32
5 19 12 0 18 32
5 19 12 24 0 32
5 19 12 24 0 18
5 19 27 18 4 32
5 19 3 18 1 4
5 19 27 3 18 4
5 19 12 9 3 1
5 19 27 12 9 3
5 19 27 12 9 15
5 19 6 3 1 4
5 19 27 6 3 4
5 19 12 9 1 2
5 19 12 9 15 2
5 19 27 6 9 3
5 19 27 6 9 15
5 19 27 16 15 32
5 19 27 6 16 15
5 5 8 0 18 26
5 5 12 0 18 26
5 5 12 8 0 18
5 5 12 24 8 18
5 5 12 24 0 26
5 5 12 24 8 0
5 5 12 18 26 1
5 5 8 18 21 1
5 5 8 18 21 26
5 5 19 24 18 1
5 5 19 12 18 1
5 5 19 12 24 18
5 5 7 0 11 26
5 5 7 15 0 26
5 5 24 15 0 26
5 5 24 7 15 0
5 5 24 8 0 11
5 5 24 7 0 11
5 5 22 18 21 1
5 5 22 18 21 26
5 5 19 12 24 15
5 5 8 0 21 26
5 5 8 0 11 21
5 5 12 24 15 26
5 5 31 22 21 26
5 5 9 26 1 2
5 5 12 9 1 2
5 5 12 9 26 1
5 5 19 12 1 2
5 5 19 12 15 2
5 5 31 0 21 26
5 5 31 0 11 26
5 5 31 0 11 21
5 5 7 31 11 26
5 5 7 15 26 2
5 5 31 22 1 2
5 5 7 31 26 2
5 5 9 15 26 2
5 5 12 9 15 2
5 5 12 9 15 26
5 5 31 22 11 21
5 5 7 31 22 11
5 5 24 7 15 11
5 5 7 31 22 2
5 5 7 22 11 2
5 29 12 9 3 26
5 29 27 12 9 3
5 29 27 6 9 3
5 29 28 3 18 1
5 29 20 28 3 4
5 29 20 6 3 4
5 29 12 3 18 26
5 29 27 12 3 18
5 29 27 13 28 10
5 29 27 6 3 4
5 29 20 28 14 4
5 29 20 6 14 4
5 29 28 0 18 26
5 29 12 0 18 26
5 29 28 10 0 26
5 29 12 10 0 26
5 29 27 28 10 18
5 29 28 3 18 4
5 29 27 3 18 4
5 29 27 28 18 4
5 29 27 13 28 4
5 29 27 6 13 4
5 29 13 28 14 4
5 29 6 13 14 4
5 29 28 10 0 18
5 29 27 10 0 18
5 29 27 12 0 18
5 29 27 12 10 0
5 17 29 9 3 26
5 17 9 3 26 1
5 17 9 26 1 2
5 17 9 3 1 2
5 17 20 3 1 2
5 17 20 9 3 2
5 17 3 18 26 1
5 17 29 3 18 1
5 17 29 3 18 26
5 17 20 28 3 1
5 17 29 28 3 1
5 17 29 20 28 3
5 17 20 31 1 2
5 17 29 28 18 1
5 17 29 28 18 26
5 17 5 26 1 2
5 17 5 31 1 2
5 17 5 31 26 2
5 17 7 31 26 2
5 17 20 7 31 2
5 17 20 7 31 26
5 17 20 31 22 1
5 17 5 18 26 1
5 17 5 22 18 1
5 17 5 22 18 26
5 17 28 22 18 1
5 17 28 22 18 26
5 17 28 10 31 26
5 17 20 10 31 26
5 17 20 28 10 31
5 17 5 31 22 1
5 17 5 31 22 26
5 17 28 31 22 26
5 17 20 28 31 22
5 17 28 22 1 30
5 17 20 22 1 30
5 17 20 28 1 30
5 17 20 28 22 30
5 23 6 16 14 2
5 23 6 9 16 2
5 23 6 13 16 14
5 23 27 6 9 16
5 23 29 27 6 9
5 23 7 9 26 2
5 23 29 13 28 10
5 23 7 16 14 2
5 23 7 9 16 2
5 23 27 6 13 16
5 23 29 27 6 13
5 23 7 16 15 26
5 23 7 9 15 26
5 23 7 9 16 15
5 23 27 9 16 15
5 23 29 12 9 26
5 23 29 27 12 9
5 23 10 31 11 26
5 23 10 31 14 11
5 23 29 27 13 10
5 23 12 9 15 26
5 23 27 12 9 15
5 23 29 12 10 26
5 23 29 27 12 10
5 23 27 13 16 15
5 23 7 16 0 26
5 23 7 16 14 11
5 23 13 16 14 11
5 23 13 10 14 11
5 23 13 10 16 11
5 23 10 0 11 26
5 23 7 0 11 26
5 23 10 16 15 32
5 23 13 16 15 32
5 23 13 10 16 32
5 23 27 13 15 32
5 23 27 13 10 32
5 23 16 15 0 26
5 23 10 16 15 0
5 23 10 16 0 11
5 23 7 16 0 11
5 23 12 15 0 26
5 23 12 10 0 26
5 23 12 10 15 0
5 23 12 10 15 32
5 23 27 12 15 32
5 23 27 12 10 32
5 25 29 20 6 14
5 25 20 6 14 2
5 25 23 6 14 2
5 25 29 6 13 14
5 25 23 6 13 14
5 25 23 29 6 13
5 25 29 20 28 14
5 25 29 20 6 3
5 25 20 7 14 2
5 25 23 7 14 2
5 25 20 6 9 2
5 25 23 6 9 2
5 25 29 13 28 14
5 25 23 29 13 28
5 25 20 28 10 14
5 25 17 29 20 28
5 25 20 6 9 3
5 25 29 6 9 3
5 25 23 29 6 9
5 25 17 29 20 3
5 25 17 20 7 2
5 25 20 7 31 14
5 25 17 20 9 2
5 25 13 28 10 14
5 25 23 13 10 14
5 25 23 13 28 10
5 25 20 10 31 14
5 25 23 10 31 14
5 25 17 20 28 10
5 25 17 29 28 26
5 25 17 20 9 3
5 25 17 29 9 3
5 25 17 7 26 2
5 25 23 7 26 2
5 25 17 20 7 26
5 25 7 31 14 11
5 25 23 31 14 11
5 25 23 7 14 11
5 25 20 7 31 26
5 25 17 9 26 2
5 25 23 9 26 2
5 25 20 10 31 26
5 25 23 10 31 26
5 25 17 28 10 26
5 25 17 20 10 26
5 25 29 28 10 26
5 25 23 29 10 26
5 25 23 29 28 10
5 25 17 29 9 26
5 25 23 29 9 26
5 25 7 31 11 26
5 25 23 31 11 26
5 25 23 7 11 26
