335
5 10 22 0 2 11
5 10 22 0 20 11
5 14 10 0 28 2
5 14 10 0 21 2
5 14 10 0 21 28
5 19 14 15 13 21
5 19 14 0 21 2
5 8 15 24 21 26
5 27 10 0 21 28
5 27 14 15 13 21
5 27 14 15 13 16
5 18 27 14 21 28
5 18 15 24 21 26
5 18 14 15 21 26
5 18 27 14 15 21
5 9 10 0 20 11
5 9 24 16 28 11
5 9 27 24 16 28
5 9 10 22 20 11
5 32 6 26 30 11
5 32 6 22 26 11
5 32 6 30 20 11
5 32 6 22 20 11
5 32 19 15 26 30
5 32 6 15 26 30
5 7 6 22 20 11
5 7 8 6 22 11
5 7 9 6 20 11
5 7 6 24 16 11
5 7 9 24 16 11
5 7 9 6 16 11
5 7 8 6 24 16
5 7 9 6 16 20
5 7 6 13 16 20
5 7 8 6 13 16
5 31 7 9 10 20
5 31 7 6 22 20
5 31 7 8 6 20
5 31 7 8 6 22
5 31 32 6 22 20
5 31 32 6 30 20
5 29 6 24 16 11
5 29 6 26 30 11
5 29 6 16 30 11
5 29 8 6 24 26
5 29 8 6 24 16
5 29 6 15 26 30
5 29 8 6 15 26
5 29 18 14 15 26
5 29 6 13 16 30
5 29 6 15 13 30
5 29 8 6 15 13
5 29 19 15 26 30
5 29 19 14 15 26
5 29 14 15 13 16
5 3 29 18 16 11
5 3 29 18 14 16
5 3 10 28 2 11
5 3 14 10 28 2
5 3 18 14 10 28
5 3 29 16 30 11
5 3 29 18 14 26
5 3 29 13 16 30
5 3 29 14 13 16
5 3 29 19 14 26
5 3 29 26 30 11
5 3 29 19 26 30
5 3 29 19 15 30
5 3 29 19 14 15
5 3 29 15 13 30
5 3 29 14 15 13
5 3 22 2 30 11
5 3 32 26 30 11
5 3 32 19 26 30
5 3 19 15 13 30
5 3 19 14 13 30
5 3 19 14 15 13
5 3 32 22 26 11
5 3 32 19 22 26
5 3 32 22 30 11
5 3 32 22 2 30
5 3 32 19 2 30
5 3 32 19 22 2
5 25 27 24 10 28
5 25 9 27 10 28
5 25 9 27 24 28
5 25 9 27 24 16
5 25 7 9 24 16
5 25 27 10 0 21
5 25 9 27 10 0
5 25 8 24 13 16
5 25 7 8 13 16
5 25 7 8 24 16
5 25 7 13 16 20
5 25 7 9 16 20
5 25 8 15 13 21
5 25 8 15 24 21
5 5 10 22 0 2
5 5 31 22 0 2
5 5 31 10 22 0
5 5 10 0 21 2
5 5 19 0 21 2
5 5 14 10 21 2
5 5 19 14 21 2
5 5 3 19 22 2
5 5 3 19 22 26
5 5 3 14 10 2
5 5 3 19 14 2
5 5 3 19 14 26
5 5 3 18 14 26
5 5 3 18 14 10
5 5 8 24 21 26
5 5 18 14 21 26
5 5 14 15 21 26
5 5 19 14 15 26
5 5 19 14 15 21
5 5 18 24 21 26
5 5 25 8 24 21
5 5 14 10 21 28
5 5 18 14 21 28
5 5 18 14 10 28
5 5 18 27 24 21
5 5 25 27 10 21
5 5 25 27 24 21
5 5 25 27 24 10
5 5 27 10 21 28
5 5 18 27 21 28
5 5 27 24 10 28
5 5 18 27 24 28
5 17 31 32 6 30
5 17 6 15 13 30
5 17 32 6 15 30
5 17 19 15 13 30
5 17 32 19 15 30
5 17 8 6 15 13
5 17 5 19 0 21
5 17 19 15 13 21
5 17 8 15 13 21
5 17 8 6 15 26
5 17 32 19 15 26
5 17 32 6 15 26
5 17 5 19 15 21
5 17 5 19 0 2
5 17 5 31 0 2
5 17 19 22 0 2
5 17 31 22 0 2
5 17 32 19 22 26
5 17 8 6 22 26
5 17 31 8 6 22
5 17 5 19 15 26
5 17 32 6 22 26
5 17 31 32 6 22
5 17 5 19 22 2
5 17 5 31 22 2
5 17 5 19 22 26
5 17 8 15 21 26
5 17 5 15 21 26
5 17 5 8 21 26
5 17 5 8 22 26
5 17 5 31 8 22
5 12 29 24 16 11
5 12 29 18 16 11
5 12 29 18 24 16
5 12 24 16 28 11
5 12 18 16 28 11
5 12 18 24 16 28
5 12 29 18 24 26
5 12 3 18 28 11
5 12 29 6 26 11
5 12 29 6 24 11
5 12 29 6 24 26
5 12 3 29 26 11
5 12 3 29 18 11
5 12 3 29 18 26
5 12 3 10 28 11
5 12 3 18 10 28
5 12 5 18 24 26
5 12 5 3 18 26
5 12 8 6 24 26
5 12 9 10 28 11
5 12 9 24 28 11
5 12 5 24 10 28
5 12 5 18 10 28
5 12 5 18 24 28
5 12 5 3 18 10
5 12 5 8 24 26
5 12 3 22 26 11
5 12 5 3 22 26
5 12 6 22 26 11
5 12 8 6 22 11
5 12 8 6 22 26
5 12 7 6 24 11
5 12 7 8 6 11
5 12 7 8 6 24
5 12 7 9 24 11
5 12 25 24 10 28
5 12 25 9 10 28
5 12 25 9 24 28
5 12 25 9 24 10
5 12 5 7 24 10
5 12 5 8 22 26
5 12 5 7 8 24
5 12 9 10 22 11
5 12 10 22 2 11
5 12 3 22 2 11
5 12 3 10 2 11
5 12 5 10 22 2
5 12 5 3 22 2
5 12 5 3 10 2
5 12 7 8 22 11
5 12 9 22 20 11
5 12 7 22 20 11
5 12 7 9 20 11
5 12 31 7 9 10
5 12 5 31 10 22
5 12 5 31 7 10
5 12 31 7 8 22
5 12 5 31 8 22
5 12 5 31 7 8
5 12 31 7 22 20
5 12 31 7 9 20
5 12 9 10 22 20
5 12 31 10 22 20
5 12 31 9 10 20
5 4 29 18 24 16
5 4 29 8 24 16
5 4 29 14 15 16
5 4 29 18 14 16
5 4 29 18 14 15
5 4 18 15 24 26
5 4 29 18 24 26
5 4 29 18 15 26
5 4 25 27 24 16
5 4 27 24 16 28
5 4 18 24 16 28
5 4 18 27 24 28
5 4 27 14 15 16
5 4 18 27 14 15
5 4 18 15 24 21
5 4 18 27 24 21
5 4 18 27 15 21
5 4 8 24 13 16
5 4 29 15 13 16
5 4 29 8 15 13
5 4 8 15 24 26
5 4 29 8 24 26
5 4 29 8 15 26
5 4 25 24 13 16
5 4 27 15 13 16
5 4 25 27 13 16
5 4 25 15 24 21
5 4 25 27 24 21
5 4 27 14 16 28
5 4 18 14 16 28
5 4 18 27 14 28
5 4 25 8 24 13
5 4 25 8 15 13
5 4 25 8 15 24
5 4 8 6 13 16
5 4 29 6 13 16
5 4 29 8 6 16
5 4 29 8 6 13
5 4 27 15 13 21
5 4 25 15 13 21
5 4 25 27 13 21
5 1 25 7 9 20
5 1 25 9 10 0
5 1 25 9 24 10
5 1 25 7 9 24
5 1 31 7 8 20
5 1 5 31 7 10
5 1 12 9 24 10
5 1 12 7 24 10
5 1 12 7 9 10
5 1 12 7 9 24
5 1 5 7 24 10
5 1 5 25 24 10
5 1 25 7 13 20
5 1 25 7 8 13
5 1 5 31 7 8
5 1 5 25 10 21
5 1 25 7 8 24
5 1 5 7 8 24
5 1 5 25 8 24
5 1 7 6 13 20
5 1 7 8 6 20
5 1 7 8 6 13
5 1 31 8 6 20
5 1 5 25 8 21
5 1 17 8 6 13
5 1 17 31 8 6
5 1 25 8 13 21
5 1 17 8 13 21
5 23 25 10 0 21
5 23 1 25 10 21
5 23 1 25 10 0
5 23 5 10 0 21
5 23 1 5 10 21
5 23 5 31 10 0
5 23 1 5 31 10
5 23 1 25 13 20
5 23 1 25 13 21
5 23 25 9 0 20
5 23 1 25 9 20
5 23 1 25 9 0
5 23 17 5 0 21
5 23 17 5 31 0
5 23 9 10 0 20
5 23 1 9 10 0
5 23 1 17 13 21
5 23 17 5 8 21
5 23 1 5 8 21
5 23 1 17 8 21
5 23 17 5 31 8
5 23 1 5 31 8
5 23 1 17 31 8
5 23 10 22 0 20
5 23 31 10 22 20
5 23 31 10 22 0
5 23 31 7 10 20
5 23 1 31 7 20
5 23 1 31 7 10
5 23 1 6 13 20
5 23 1 31 6 20
5 23 7 9 10 20
5 23 1 7 9 20
5 23 1 7 9 10
5 23 1 17 6 13
5 23 1 17 31 6
5 23 31 32 30 20
5 23 31 6 30 20
5 23 17 31 6 30
5 23 17 31 32 30
5 23 6 13 30 20
5 23 17 6 13 30
