327
5 1 0 29 2 17
5 1 27 25 5 9
5 1 27 0 25 17
5 18 24 14 23 19
5 21 18 29 23 2
5 32 14 28 19 15
5 32 27 28 19 15
5 32 27 25 19 15
5 32 18 24 14 5
5 32 18 24 29 5
5 16 32 27 25 5
5 16 32 27 25 15
5 16 27 25 19 15
5 16 32 25 19 15
5 11 21 0 28 19
5 11 32 27 25 19
5 11 1 27 25 9
5 11 1 27 0 9
5 11 1 27 0 25
5 11 32 27 9 15
5 11 27 25 5 9
5 11 32 27 5 9
5 11 32 27 25 5
5 11 32 0 25 5
5 11 1 25 5 9
5 11 1 0 5 9
5 11 1 0 25 5
5 10 27 3 25 17
5 10 16 27 25 19
5 10 16 27 3 25
5 10 11 0 25 19
5 10 11 27 25 19
5 10 11 27 0 25
5 10 18 3 29 17
5 10 0 29 2 17
5 10 16 27 19 15
5 10 16 27 3 15
5 10 3 29 2 17
5 10 18 3 29 2
5 10 18 3 23 2
5 10 21 0 29 2
5 10 21 3 23 2
5 10 21 3 23 19
5 10 21 18 29 2
5 10 21 18 29 19
5 10 21 18 23 2
5 10 21 18 23 19
5 8 1 27 5 9
5 8 1 27 31 9
5 8 1 29 31 2
5 8 1 29 31 5
5 8 32 27 9 15
5 8 32 27 5 9
5 8 16 27 31 15
5 8 16 32 5 15
5 8 16 32 27 15
5 8 16 32 27 5
5 30 1 27 25 17
5 30 1 27 25 5
5 30 8 1 31 5
5 30 8 1 27 5
5 30 8 1 27 31
5 30 8 16 31 5
5 30 8 16 27 5
5 30 8 16 27 31
5 30 27 3 25 17
5 30 16 27 3 25
5 30 10 3 25 17
5 22 1 0 29 2
5 22 1 0 29 5
5 22 21 0 29 2
5 22 8 1 29 2
5 22 8 1 29 5
5 22 1 0 2 9
5 22 1 0 5 9
5 22 21 0 2 9
5 22 11 0 5 9
5 22 32 24 29 5
5 22 8 1 2 9
5 22 8 1 5 9
5 22 8 32 5 9
5 22 8 32 24 5
5 22 11 21 0 9
5 22 11 32 5 9
5 22 11 32 0 5
5 22 32 21 0 19
5 22 0 29 25 5
5 22 32 29 25 19
5 22 32 29 25 5
5 22 32 0 25 19
5 22 32 0 25 5
5 22 10 21 29 19
5 22 10 21 0 19
5 22 10 21 0 29
5 22 32 18 29 19
5 22 32 18 24 29
5 22 10 29 25 19
5 22 10 0 25 19
5 22 10 0 29 25
5 22 18 24 14 19
5 22 32 18 14 19
5 22 32 18 24 14
5 22 32 14 28 19
5 22 32 24 14 28
5 7 16 3 31 15
5 7 30 16 3 31
5 7 8 16 31 15
5 7 8 16 31 5
5 26 22 8 29 2
5 26 7 8 29 5
5 26 22 8 2 9
5 26 22 24 29 5
5 26 22 8 29 5
5 26 22 8 24 5
5 26 22 8 32 24
5 26 8 32 24 5
5 4 32 27 28 15
5 4 11 27 28 15
5 4 11 32 27 15
5 4 11 28 9 15
5 4 11 32 9 15
5 4 32 27 28 19
5 4 11 27 28 19
5 4 11 32 27 19
5 4 8 32 9 15
5 4 22 11 32 9
5 4 11 21 28 19
5 4 11 21 28 9
5 4 22 11 21 9
5 4 22 21 28 19
5 4 22 32 28 19
5 4 22 32 21 19
5 4 32 21 0 19
5 4 11 21 0 19
5 4 26 8 2 9
5 4 32 14 28 15
5 4 22 8 32 9
5 4 26 22 8 9
5 4 26 22 8 32
5 4 26 22 2 9
5 4 26 22 28 2
5 4 22 32 24 28
5 4 26 22 24 28
5 4 26 22 32 24
5 4 21 28 2 9
5 4 22 21 2 9
5 4 22 21 28 2
5 4 22 32 21 0
5 4 22 11 21 0
5 4 22 11 32 0
5 4 32 0 25 19
5 4 11 0 25 19
5 4 11 32 25 19
5 4 11 32 0 25
5 13 30 1 31 17
5 13 30 1 31 5
5 13 1 29 31 5
5 13 30 1 25 17
5 13 30 1 25 5
5 13 0 29 25 5
5 13 1 0 25 5
5 13 1 0 29 5
5 13 7 18 29 5
5 13 10 18 29 17
5 13 1 0 25 17
5 13 10 0 25 17
5 13 1 0 29 17
5 13 10 0 29 17
5 13 10 0 29 25
5 13 30 10 25 17
5 13 32 29 25 5
5 13 32 18 29 5
5 13 30 16 31 5
5 13 7 16 31 5
5 13 7 30 16 31
5 13 10 29 25 19
5 13 10 18 25 19
5 13 10 18 29 19
5 13 10 18 3 17
5 13 30 10 3 17
5 13 30 10 3 25
5 13 16 32 25 5
5 13 32 29 25 19
5 13 32 18 25 19
5 13 32 18 29 19
5 13 16 27 25 5
5 13 30 27 25 5
5 13 30 16 27 5
5 13 30 16 27 25
5 13 30 16 3 25
5 13 7 30 16 3
5 13 10 16 3 25
5 6 18 3 29 2
5 6 3 29 2 17
5 6 18 3 23 2
5 6 7 18 3 23
5 6 13 7 18 29
5 6 13 7 18 3
5 6 18 3 29 17
5 6 13 18 29 17
5 6 13 18 3 17
5 6 1 31 2 17
5 6 1 29 2 17
5 6 1 29 31 2
5 6 8 29 31 2
5 6 7 8 31 2
5 6 26 8 29 2
5 6 26 7 8 2
5 6 26 7 8 29
5 6 13 1 31 17
5 6 13 1 29 17
5 6 13 1 29 31
5 6 13 29 31 5
5 6 13 7 31 5
5 6 13 7 29 5
5 6 8 29 31 5
5 6 7 8 31 5
5 6 7 8 29 5
5 6 30 3 31 17
5 6 13 30 31 17
5 6 13 30 3 17
5 6 7 30 3 31
5 6 13 7 30 31
5 6 13 7 30 3
5 12 7 18 14 23
5 12 7 14 23 15
5 12 7 18 3 23
5 12 7 18 14 5
5 12 18 14 23 19
5 12 7 16 3 15
5 12 13 7 18 3
5 12 13 7 16 3
5 12 13 7 18 5
5 12 13 7 16 5
5 12 10 18 23 19
5 12 10 18 25 19
5 12 32 18 25 19
5 12 32 18 14 19
5 12 10 16 25 19
5 12 16 32 25 19
5 12 13 10 18 25
5 12 13 10 16 25
5 12 13 32 18 25
5 12 13 16 32 25
5 12 28 23 19 15
5 12 14 28 19 15
5 12 14 28 23 15
5 12 14 28 23 19
5 12 10 16 19 15
5 12 32 14 19 15
5 12 16 32 19 15
5 12 10 16 3 15
5 12 16 32 5 15
5 12 7 8 14 15
5 12 7 8 14 5
5 12 8 16 5 15
5 12 7 8 16 15
5 12 7 8 16 5
5 12 10 18 3 23
5 12 13 10 18 3
5 12 13 10 16 3
5 12 32 18 14 5
5 12 13 32 18 5
5 12 13 16 32 5
5 12 3 23 19 15
5 12 10 3 19 15
5 12 10 3 23 19
5 12 8 32 5 15
5 12 8 32 14 15
5 12 8 32 14 5
5 20 18 29 23 2
5 20 6 18 23 2
5 20 6 18 29 2
5 20 6 26 29 2
5 20 21 29 23 2
5 20 6 26 7 2
5 20 6 7 18 23
5 20 6 7 18 29
5 20 6 26 7 29
5 20 22 21 29 2
5 20 26 22 29 2
5 20 21 18 29 23
5 20 18 24 14 23
5 20 18 24 29 5
5 20 26 24 29 5
5 20 7 18 14 23
5 20 7 18 29 5
5 20 26 7 29 5
5 20 22 21 28 2
5 20 26 22 28 2
5 20 26 22 24 29
5 20 18 24 23 19
5 20 21 18 23 19
5 20 21 18 29 19
5 20 18 24 14 5
5 20 7 14 23 15
5 20 7 18 14 5
5 20 26 22 24 28
5 20 21 28 23 19
5 20 22 21 29 19
5 20 26 7 8 2
5 20 22 18 29 19
5 20 22 18 24 19
5 20 22 18 24 29
5 20 14 28 23 19
5 20 24 14 23 19
5 20 4 26 24 28
5 20 32 24 14 5
5 20 26 32 24 5
5 20 7 8 14 15
5 20 7 8 14 5
5 20 26 7 8 5
5 20 22 21 28 19
5 20 4 14 28 15
5 20 22 14 28 19
5 20 22 24 14 19
5 20 22 24 14 28
5 20 32 24 14 28
5 20 4 32 14 28
5 20 4 32 24 28
5 20 4 26 32 24
5 20 8 32 14 5
5 20 26 8 32 5
5 20 8 32 14 15
5 20 4 8 32 15
5 20 4 26 8 32
5 20 4 32 14 15
