4
26
6.17118 9.67766 4.1394 -3.57683
3.75966 -3.07304 5.11665 -2.83795
-1.20708 -1.18277 5.43912 -0.40444
-3.42508 9.14336 -6.28419 -7.61809
-5.33197 -4.99143 5.13105 -9.79848
0.297329 -0 -8.00107 2.64234
-6.7141 -0 9.37998 -1.37454
-7.66081 -0 -8.97812 -7.9331
3.91699 -0 -4.47244 1.59807
5.8407 -0 9.35308 1.89178
5.59674 -0 3.31797 9.98038
-5.33841 -0 -2.20106 -0.00267558
-6.20396 5.40803 -0 0.775551
-3.86025 7.49232 -0 -1.55963
0.87248 3.3955 -0 2.07259
0.875829 8.81426 -0 -2.90992
-8.87413 -4.06934 -0 1.352
-3.02562 2.74595 -0 6.73907
5.93617 7.12383 -0 -3.72644
-5.86464 -0.664864 -5.95457 -0
4.96961 -2.01111 -3.07211 -0
-7.97315 6.7402 -1.40854 -0
3.44926 4.60427 -0.000149257 -0
-2.45481 -9.45174 -9.04096 -0
-5.90817 5.53579 -0.209056 -0
-2.577 7.92041 -4.80467 -0
