4
19
7.19696 -3.20224 -6.22761 3.0333
8.45351 -5.10717 3.29487 8.86967
-1.30257 -2.55906 3.30117 -0.892778
6.89273 -0.810155 7.27824 0.330406
0.32265 5.25042 -8.64439 -2.77454
-0 -2.91769 -5.46849 -8.64231
-0 7.21128 6.70754 6.29696
-0 4.86181 8.73653 -9.43387
-0 2.72482 -7.85973 2.79466
-0 3.28449 3.02164 9.62647
-0 2.45934 4.65161 7.32756
-0 0.910925 -5.45223 3.94847
5.74961 -0 8.6648 -3.31182
9.11483 -0 -0.491626 -8.84257
-3.26535 -0 -6.29068 5.70155
-2.31881 -0 -4.89082 -2.53675
7.53082 -0 -5.79469 4.83031
-6.60313 -0 -3.10385 0.580059
1.78889 -0 0.546334 -0.0436703
