4
33
3.91768 9.95957 9.50109 1.2774
7.5926 -0.386911 6.21677 -8.99643
4.822 7.29298 8.34792 0.670444
5.45546 -1.72411 5.70564 9.68916
-4.62543 5.14051 3.20697 7.50596
-7.69351 -2.36691 -0 8.24639
6.88112 -0.124786 -0 -2.07199
5.43665 9.4144 -0 2.99628
7.84769 7.55139 -0 1.57386
1.38794 -0.701464 -0 -3.97685
-5.35857 6.59952 -0 6.96984
1.74829 -0.730282 -0 -3.81456
-0 4.45769 -7.44884 -3.31756
-0 -8.65369 5.47763 5.73187
-0 7.83111 8.55931 6.58441
-0 -6.37745 7.6474 -8.75156
-0 -8.52132 1.35996 -9.17512
-0 9.11725 3.7718 2.53499
-0 5.7191 -3.1934 0.962422
3.38685 -0 0.418464 5.77929
-2.57068 -0 -3.43579 -6.90341
8.32165 -0 9.82868 -0.807403
9.98829 -0 -9.04256 -4.42588
-4.19899 -0 -5.63579 -7.49318
-4.83046 -0 8.14128 -2.69352
-0.908695 -0 -7.01634 -4.72111
-2.57774 9.34509 2.07027 -0
3.32906 1.04606 2.91339 -0
-2.31447 6.70335 -4.2836 -0
-9.45748 9.23647 4.03133 -0
-4.02765 4.92168 7.88441 -0
9.72759 -2.88402 7.43788 -0
2.98728 5.13448 -2.28112 -0
