4
26
6.1027 3.02842 7.29533 9.26571
7.83035 3.14306 9.86366 -0.403287
-1.12871 -0.247211 -2.43408 1.3428
5.37169 9.02328 -3.16733 3.76616
6.89231 -3.39383 2.79443 -0.162683
-0 4.00547 -3.94839 3.50546
-0 -7.58359 1.94302 7.85141
-0 3.46223 6.92233 7.07515
-0 -5.25798 2.79649 6.7234
-0 -5.43263 0.0269253 9.12081
-0 -3.40196 3.09924 -7.46526
-0 2.04025 0.716403 7.90492
-9.43706 -4.55958 -0.742188 -0
8.86547 -9.46896 0.184981 -0
2.34705 -7.93649 4.95582 -0
0.720534 -0.491004 0.4164 -0
9.82592 2.10067 2.1811 -0
-9.38534 0.0495096 1.31055 -0
-2.56896 -4.03086 6.97857 -0
-6.79199 -3.39846 -0 2.35413
0.826611 9.03057 -0 -1.36669
-3.04546 -4.86409 -0 8.24634
-2.67665 5.09761 -0 -2.6707
2.35919 -5.0794 -0 2.65885
1.42883 -7.04579 -0 9.00494
-6.39709 -6.88741 -0 4.36707
