4
26
4.40919 -7.0205 6.92206 -4.81749
0.98607 9.50411 0.580629 -0.245762
7.10248 -8.18225 2.08718 3.64113
-7.60165 -9.57096 -4.62457 -0.949856
-7.51448 9.06351 -0.00695419 7.36364
3.38685 -0 0.418464 5.77929
-2.57068 -0 -3.43579 -6.90341
8.32165 -0 9.82868 -0.807403
9.98829 -0 -9.04256 -4.42588
-4.19899 -0 -5.63579 -7.49318
-4.83046 -0 8.14128 -2.69352
-0.908695 -0 -7.01634 -4.72111
-8.58497 -0.138069 -0 -6.01868
4.04631 2.18714 -0 7.55159
-5.24128 -7.63012 -0 4.27781
-0.44612 2.79782 -0 6.2059
-5.95953 -5.73168 -0 -7.08716
7.73197 1.7306 -0 -8.59692
-6.2002 0.0706139 -0 2.24048
-5.86464 -0.664864 -5.95457 -0
4.96961 -2.01111 -3.07211 -0
-7.97315 6.7402 -1.40854 -0
3.44926 4.60427 -0.000149257 -0
-2.45481 -9.45174 -9.04096 -0
-5.90817 5.53579 -0.209056 -0
-2.577 7.92041 -4.80467 -0
