4
26
0.217974 7.38992 1.98168 -0.563513
6.40405 5.12051 0.579446 -9.68097
-0.235086 8.37283 -2.77203 9.26296
-8.43993 0.668181 6.0098 -9.91858
8.32798 -1.71857 -2.47616 -9.75047
-0 -0.876196 -3.17073 -9.14446
-0 3.46745 -8.60133 2.69005
-0 -4.30714 -6.71659 -8.34372
-0 -2.56496 -7.39846 -0.0198791
-0 9.12805 -4.11239 -1.5397
-0 0.129817 -7.57034 1.9414
-0 -3.20463 3.43911 -5.72933
-6.79199 -3.39846 -0 2.35413
0.826611 9.03057 -0 -1.36669
-3.04546 -4.86409 -0 8.24634
-2.67665 5.09761 -0 -2.6707
2.35919 -5.0794 -0 2.65885
1.42883 -7.04579 -0 9.00494
-6.39709 -6.88741 -0 4.36707
8.39983 0.70651 2.90169 -0
5.81505 -0.256459 -8.0863 -0
-1.79751 -3.63199 -6.60187 -0
3.47384 1.73469 1.38896 -0
7.63442 5.6289 0.864329 -0
1.78161 7.43494 1.75433 -0
5.34023 6.9015 -2.09848 -0
