4
33
8.65576 5.78116 7.29405 -7.40982
7.98887 -0.537295 -4.26225 -0.659301
-3.2098 6.79713 9.05375 -0.745535
-5.10695 5.30093 2.20692 4.51838
0.125881 -4.50505 0.378597 8.44909
2.05883 2.37576 1.95494 -0
-3.03516 -6.68454 -3.89281 -0
4.51388 -1.06536 -5.86935 -0
2.17909 -2.69485 -3.48903 -0
9.57982 3.71253 -8.17518 -0
6.39596 6.59817 0.996783 -0
-9.80432 4.98867 -8.15079 -0
-0 4.00547 -3.94839 3.50546
-0 -7.58359 1.94302 7.85141
-0 3.46223 6.92233 7.07515
-0 -5.25798 2.79649 6.7234
-0 -5.43263 0.0269253 9.12081
-0 -3.40196 3.09924 -7.46526
-0 2.04025 0.716403 7.90492
-2.89807 -0 9.8762 -0.567897
9.77086 -0 -9.77259 -6.12555
7.06258 -0 6.12217 3.53692
-6.87338 -0 -1.06334 -8.70478
7.78187 -0 0.493993 -9.07199
3.31153 -0 -3.39006 4.94024
9.1727 -0 -2.3648 3.6875
-1.20694 -1.43265 -0 3.16481
7.57226 2.68089 -0 8.68878
5.18118 5.01641 -0 9.31599
-1.6655 -3.36636 -0 6.8816
-8.68352 -9.37747 -0 -1.56392
2.64825 -1.81173 -0 -9.01771
-7.93757 -7.97876 -0 -4.09357
