4
33
1.82188 -6.93234 -0.552922 -7.52083
5.55198 -8.80219 3.08049 2.31435
7.47492 -6.80716 -9.42744 4.37986
9.36982 8.97925 7.74358 0.312416
-8.06138 -3.51757 -5.75025 -3.4832
-1.20694 -1.43265 -0 3.16481
7.57226 2.68089 -0 8.68878
5.18118 5.01641 -0 9.31599
-1.6655 -3.36636 -0 6.8816
-8.68352 -9.37747 -0 -1.56392
2.64825 -1.81173 -0 -9.01771
-7.93757 -7.97876 -0 -4.09357
-2.57774 9.34509 2.07027 -0
3.32906 1.04606 2.91339 -0
-2.31447 6.70335 -4.2836 -0
-9.45748 9.23647 4.03133 -0
-4.02765 4.92168 7.88441 -0
9.72759 -2.88402 7.43788 -0
2.98728 5.13448 -2.28112 -0
-0 -0.876196 -3.17073 -9.14446
-0 3.46745 -8.60133 2.69005
-0 -4.30714 -6.71659 -8.34372
-0 -2.56496 -7.39846 -0.0198791
-0 9.12805 -4.11239 -1.5397
-0 0.129817 -7.57034 1.9414
-0 -3.20463 3.43911 -5.72933
0.297329 -0 -8.00107 2.64234
-6.7141 -0 9.37998 -1.37454
-7.66081 -0 -8.97812 -7.9331
3.91699 -0 -4.47244 1.59807
5.8407 -0 9.35308 1.89178
5.59674 -0 3.31797 9.98038
-5.33841 -0 -2.20106 -0.00267558
