178
5 13 12 19 3 21
5 13 12 0 3 21
5 13 12 0 3 7
5 9 2 0 3 7
5 9 13 0 3 7
5 8 12 19 3 21
5 8 12 0 3 7
5 8 24 12 20 16
5 8 24 12 7 16
5 8 12 20 0 7
5 8 24 12 20 7
5 8 25 2 3 7
5 4 12 20 0 7
5 4 9 20 0 7
5 4 13 12 0 7
5 4 9 13 0 7
5 4 13 12 0 21
5 4 18 20 0 21
5 6 2 3 17 7
5 6 9 2 3 7
5 6 9 2 3 17
5 6 4 9 13 7
5 6 4 9 13 5
5 6 13 3 17 7
5 6 9 13 3 7
5 6 9 13 3 17
5 10 18 24 20 16
5 10 24 9 20 5
5 10 6 13 5 17
5 10 6 9 5 17
5 10 6 9 13 17
5 10 6 9 13 5
5 10 4 9 13 5
5 10 4 9 13 0
5 10 4 9 20 5
5 10 4 9 20 0
5 23 8 19 3 21
5 23 13 0 3 21
5 23 13 19 3 21
5 23 12 0 3 21
5 23 8 12 3 21
5 23 8 12 0 3
5 23 8 25 19 3
5 23 8 25 19 16
5 23 9 13 0 3
5 23 10 9 13 0
5 23 18 20 0 21
5 23 10 25 19 16
5 23 18 20 19 16
5 23 10 18 19 16
5 23 10 18 20 16
5 23 10 24 20 16
5 23 10 9 20 0
5 1 4 20 0 21
5 1 4 12 0 21
5 1 4 12 20 0
5 1 23 20 0 21
5 1 23 12 0 21
5 1 4 18 20 21
5 1 23 8 12 21
5 1 8 12 20 0
5 1 23 8 20 0
5 1 23 8 12 0
5 1 8 12 19 21
5 1 23 8 19 21
5 1 23 18 19 21
5 1 23 18 20 21
5 1 23 18 20 19
5 1 23 20 19 16
5 1 23 8 19 16
5 1 23 8 20 16
5 11 6 2 17 7
5 11 6 2 5 17
5 11 6 13 17 7
5 11 6 13 5 17
5 11 6 9 2 7
5 11 6 9 2 5
5 11 6 4 13 7
5 11 6 4 13 5
5 11 6 4 9 7
5 11 6 4 9 5
5 11 24 9 20 7
5 11 24 9 20 5
5 11 4 9 20 7
5 11 4 9 20 5
5 15 23 10 18 19
5 15 18 13 19 21
5 15 23 13 19 21
5 15 23 18 19 21
5 15 23 13 19 3
5 15 23 10 13 3
5 15 23 10 13 0
5 15 23 13 0 21
5 15 23 18 0 21
5 15 23 25 19 3
5 15 23 10 25 3
5 15 23 10 25 19
5 15 10 4 13 0
5 15 23 18 20 0
5 15 23 10 20 0
5 15 23 10 18 20
5 15 10 13 5 17
5 15 4 13 0 21
5 15 4 18 0 21
5 15 4 18 13 21
5 15 4 18 20 0
5 15 10 4 20 0
5 15 10 4 13 5
5 15 4 18 20 5
5 15 10 4 20 5
5 14 23 10 25 3
5 14 23 9 13 3
5 14 23 10 13 3
5 14 23 10 9 13
5 14 25 2 3 17
5 14 9 2 3 17
5 14 15 25 3 17
5 14 15 10 25 3
5 14 9 13 3 17
5 14 10 9 13 17
5 14 23 10 25 16
5 14 23 10 24 16
5 14 10 24 9 20
5 14 23 10 9 20
5 14 23 10 24 20
5 14 15 13 3 17
5 14 15 10 13 17
5 14 15 10 13 3
5 14 10 9 5 17
5 14 10 24 9 5
5 14 24 2 5 17
5 14 6 2 5 17
5 14 6 9 5 17
5 14 6 9 2 17
5 14 6 9 2 5
5 22 14 24 2 16
5 22 14 23 24 16
5 22 14 25 2 16
5 22 14 23 25 16
5 22 24 2 7 16
5 22 8 2 7 16
5 22 8 24 7 16
5 22 8 25 2 16
5 22 23 8 25 16
5 22 8 24 20 16
5 22 23 24 20 16
5 22 23 8 20 16
5 22 14 25 2 3
5 22 14 23 25 3
5 22 14 9 2 5
5 22 14 24 2 5
5 22 14 24 9 5
5 22 14 9 2 3
5 22 14 23 9 3
5 22 14 24 9 20
5 22 14 23 9 20
5 22 14 23 24 20
5 22 8 25 2 3
5 22 23 8 25 3
5 22 23 8 20 0
5 22 23 8 0 3
5 22 9 2 0 7
5 22 9 2 0 3
5 22 23 9 0 3
5 22 23 9 20 0
5 22 11 9 2 5
5 22 11 24 2 5
5 22 11 24 9 5
5 22 2 0 3 7
5 22 8 0 3 7
5 22 8 2 3 7
5 22 8 20 0 7
5 22 8 24 20 7
5 22 9 20 0 7
5 22 24 9 20 7
5 22 11 9 2 7
5 22 11 24 2 7
5 22 11 24 9 7
