228
5 12 5 19 4 14
5 12 21 5 4 14
5 12 21 5 8 4
5 12 5 19 10 14
5 12 16 19 10 14
5 12 21 5 10 14
5 12 21 5 8 10
5 12 5 8 10 18
5 23 5 8 10 18
5 23 5 8 18 4
5 23 21 5 8 4
5 23 21 5 8 10
5 11 12 16 19 14
5 11 12 8 18 20
5 11 12 8 10 18
5 11 12 16 8 10
5 25 11 16 10 18
5 25 23 5 10 18
5 25 23 8 10 18
5 25 23 17 8 18
5 25 11 8 10 18
5 25 11 17 18 20
5 13 23 17 2 4
5 3 25 16 10 18
5 3 25 16 19 10
5 3 11 16 10 18
5 3 25 5 10 18
5 3 25 11 16 18
5 3 11 12 10 18
5 3 12 16 19 10
5 3 11 12 16 10
5 3 11 12 16 19
5 3 12 5 10 18
5 3 12 5 19 10
5 3 12 5 8 18
5 3 12 5 19 8
5 9 25 23 8 10
5 9 23 21 8 10
5 9 11 16 8 10
5 9 25 11 8 10
5 9 25 11 16 10
5 9 23 21 8 4
5 9 25 23 17 8
5 9 23 17 2 4
5 9 23 17 8 4
5 9 13 21 2 4
5 9 13 23 2 4
5 9 13 23 21 4
5 9 13 23 17 2
5 9 13 25 17 2
5 9 13 25 23 17
5 7 25 16 19 10
5 7 9 25 16 2
5 7 9 13 16 2
5 7 9 13 25 2
5 7 11 16 19 14
5 7 13 11 16 14
5 7 13 25 17 2
5 7 25 11 16 2
5 7 13 11 16 2
5 7 13 19 0 14
5 7 13 11 2 14
5 1 13 21 4 14
5 1 23 21 5 4
5 1 21 5 4 14
5 1 21 5 10 14
5 1 7 13 19 14
5 1 5 19 4 14
5 1 5 19 10 14
5 1 13 4 0 14
5 1 13 19 0 14
5 1 5 19 4 0
5 1 7 13 19 0
5 15 3 5 19 10
5 15 3 25 19 10
5 15 3 25 5 10
5 15 1 5 19 10
5 15 7 25 19 10
5 15 1 7 19 10
5 15 1 7 25 10
5 15 25 23 5 10
5 15 1 23 5 10
5 15 1 25 23 10
5 15 3 5 19 0
5 15 3 25 5 18
5 15 3 25 17 18
5 15 1 5 19 0
5 15 25 23 5 18
5 15 25 23 17 18
5 15 1 7 19 0
5 15 7 13 25 17
5 15 13 25 23 17
5 15 23 5 18 4
5 15 1 7 13 0
5 15 7 13 25 23
5 15 1 7 25 23
5 15 1 7 13 23
5 15 1 5 4 0
5 15 1 23 5 4
5 15 13 23 17 4
5 15 1 13 23 4
5 15 7 13 2 0
5 15 7 13 17 2
5 15 1 13 4 0
5 15 17 2 4 0
5 15 13 2 4 0
5 15 13 17 2 4
5 22 3 11 16 19
5 22 3 25 16 19
5 22 3 25 11 16
5 22 7 11 16 19
5 22 7 25 16 19
5 22 7 25 11 16
5 22 15 3 25 19
5 22 15 7 25 19
5 22 3 11 12 19
5 22 7 11 19 14
5 22 25 11 18 20
5 22 3 25 11 18
5 22 7 25 11 2
5 22 11 12 19 14
5 22 11 12 18 20
5 22 3 11 12 18
5 22 7 19 0 14
5 22 7 11 2 14
5 22 15 3 0 20
5 22 15 3 19 0
5 22 15 7 19 0
5 22 15 3 17 20
5 22 15 3 25 17
5 22 15 7 25 17
5 22 25 17 18 20
5 22 3 17 18 20
5 22 3 25 17 18
5 22 11 17 2 20
5 22 25 11 17 20
5 22 25 11 17 2
5 22 7 25 17 2
5 22 11 12 2 20
5 22 11 12 2 14
5 22 15 7 2 0
5 22 15 7 17 2
5 22 13 2 0 14
5 22 7 13 0 14
5 22 7 13 2 14
5 22 7 13 2 0
5 22 17 2 0 20
5 22 15 17 0 20
5 22 15 17 2 0
5 6 9 25 17 8
5 6 9 25 11 8
5 6 25 17 8 18
5 6 25 11 8 18
5 6 25 11 17 18
5 6 25 11 17 2
5 6 9 25 17 2
5 6 17 8 18 20
5 6 11 8 18 20
5 6 11 17 18 20
5 6 11 17 2 20
5 6 25 11 16 2
5 6 9 25 16 2
5 6 9 25 11 16
5 6 11 12 2 20
5 6 11 12 8 20
5 6 13 11 16 2
5 6 9 13 16 2
5 6 9 21 2 4
5 6 9 21 8 4
5 6 9 12 21 8
5 6 11 12 16 8
5 6 9 12 16 8
5 6 9 11 16 8
5 6 9 13 21 2
5 6 9 13 16 21
5 6 12 21 2 14
5 6 11 12 2 14
5 6 9 12 16 21
5 6 13 21 2 14
5 6 13 11 2 14
5 6 13 16 21 14
5 6 13 11 16 14
5 6 12 16 21 14
5 6 11 12 16 14
5 24 9 13 25 23
5 24 7 13 25 23
5 24 7 9 13 25
5 24 7 9 25 16
5 24 7 9 13 16
5 24 9 25 16 10
5 24 9 25 23 10
5 24 7 25 16 10
5 24 9 13 16 21
5 24 9 13 23 21
5 24 1 7 13 23
5 24 9 23 21 10
5 24 1 25 23 10
5 24 1 7 25 10
5 24 1 7 25 23
5 24 7 13 16 14
5 24 1 7 13 14
5 24 9 12 16 21
5 24 7 16 19 10
5 24 1 7 19 10
5 24 13 16 21 14
5 24 1 13 21 14
5 24 13 23 21 4
5 24 1 23 21 4
5 24 1 13 21 4
5 24 1 13 23 4
5 24 7 16 19 14
5 24 1 7 19 14
5 24 1 21 10 14
5 24 23 21 5 10
5 24 1 21 5 10
5 24 1 23 5 10
5 24 1 23 21 5
5 24 12 21 10 14
5 24 12 16 10 14
5 24 12 16 21 14
5 24 12 21 8 10
5 24 9 21 8 10
5 24 9 12 21 8
5 24 12 16 8 10
5 24 9 16 8 10
5 24 9 12 16 8
5 24 16 19 10 14
5 24 1 19 10 14
