299
5 30 14 28 1 3
5 32 14 28 1 24
5 13 32 12 2 22
5 20 30 14 28 3
5 20 14 28 1 3
5 19 31 30 12 22
5 19 23 30 28 22
5 19 23 31 28 22
5 19 23 31 30 22
5 19 23 31 30 28
5 11 13 32 2 22
5 11 23 2 28 22
5 11 23 30 28 22
5 11 23 30 2 28
5 11 19 30 28 22
5 11 30 14 28 1
5 11 19 30 28 1
5 11 19 30 12 22
5 11 19 13 12 22
5 11 23 12 2 22
5 11 13 12 2 22
5 11 23 30 12 22
5 11 30 14 1 3
5 11 31 30 12 3
5 11 19 31 12 3
5 11 19 31 30 3
5 11 19 31 30 12
5 18 32 12 2 24
5 18 13 32 12 2
5 18 11 13 12 2
5 18 32 12 1 24
5 18 32 14 1 24
5 18 11 14 1 3
5 18 11 13 14 1
5 18 11 19 13 1
5 18 11 19 13 12
5 18 11 19 12 3
5 5 32 14 28 24
5 5 20 10 2 24
5 5 14 28 1 24
5 5 20 14 28 1
5 5 26 32 10 24
5 5 26 10 0 24
5 5 32 28 1 24
5 5 26 32 1 24
5 5 26 32 28 1
5 21 20 23 30 28
5 21 20 30 28 3
5 21 23 30 2 3
5 21 20 23 30 2
5 4 19 31 12 3
5 4 18 19 12 3
5 4 18 19 12 1
5 4 26 31 28 0
5 4 19 26 31 28
5 4 18 11 1 3
5 4 18 11 19 3
5 4 18 11 19 1
5 4 30 28 1 3
5 4 19 30 28 1
5 4 19 31 30 3
5 4 19 31 30 28
5 4 5 26 28 0
5 4 5 26 28 1
5 4 11 30 1 3
5 4 11 19 30 3
5 4 11 19 30 1
5 4 20 28 1 3
5 4 21 20 28 3
5 4 21 30 28 3
5 4 21 31 30 3
5 4 21 31 30 28
5 4 5 20 28 1
5 4 5 1 0 24
5 4 5 26 0 24
5 4 5 26 1 24
5 27 4 31 0 3
5 27 21 31 0 3
5 27 21 31 30 3
5 27 21 23 30 3
5 27 21 31 28 0
5 27 31 30 12 3
5 27 23 31 30 28
5 27 21 31 30 28
5 27 21 23 30 28
5 27 31 30 12 22
5 27 23 31 30 22
5 17 27 31 12 22
5 17 19 31 12 22
5 17 19 26 31 12
5 17 27 26 31 0
5 17 19 31 28 22
5 17 19 26 31 28
5 17 26 31 28 0
5 17 23 31 28 22
5 17 27 23 31 22
5 17 27 23 31 28
5 17 27 31 28 0
5 25 26 32 12 1
5 25 18 32 12 1
5 25 18 19 12 1
5 25 4 26 12 1
5 25 4 19 12 1
5 25 4 19 26 12
5 25 26 32 28 1
5 25 17 26 32 12
5 25 17 19 26 12
5 25 4 26 28 1
5 25 4 19 28 1
5 25 4 19 26 28
5 25 17 26 32 28
5 25 17 19 26 28
5 25 17 32 12 22
5 25 17 19 12 22
5 25 19 13 12 22
5 25 17 19 28 22
5 7 5 32 14 28
5 7 5 20 2 24
5 7 11 2 28 22
5 7 23 30 2 28
5 7 20 23 30 28
5 7 20 23 30 2
5 7 5 32 14 24
5 7 21 20 23 28
5 7 5 20 10 2
5 7 5 26 32 28
5 7 5 26 32 10
5 7 5 10 2 24
5 7 5 32 10 24
5 7 23 2 28 22
5 7 5 20 28 0
5 7 5 26 28 0
5 7 5 26 10 0
5 7 27 21 28 0
5 7 27 21 23 0
5 7 27 21 23 28
5 8 20 14 2 3
5 8 20 30 14 3
5 8 11 30 2 3
5 8 11 30 14 3
5 8 7 20 30 2
5 8 20 30 14 28
5 8 11 30 14 28
5 8 21 30 2 3
5 8 21 20 2 3
5 8 21 20 30 3
5 8 21 20 30 2
5 8 20 14 2 24
5 8 7 20 2 24
5 8 11 30 2 28
5 8 7 30 2 28
5 8 7 11 2 28
5 8 7 20 30 28
5 8 7 32 2 24
5 8 7 32 14 24
5 8 5 20 14 24
5 8 7 5 14 24
5 8 7 5 20 24
5 8 11 13 32 2
5 8 11 32 2 22
5 8 7 32 2 22
5 8 7 11 2 22
5 8 7 32 14 28
5 8 5 20 14 28
5 8 7 5 14 28
5 8 7 5 20 28
5 8 18 11 13 2
5 8 18 11 13 14
5 8 11 32 28 22
5 8 7 32 28 22
5 8 7 11 28 22
5 8 18 32 2 24
5 8 18 13 32 2
5 8 18 32 14 24
5 16 11 32 28 22
5 16 11 13 32 22
5 16 25 32 28 22
5 16 8 11 32 28
5 16 8 11 13 32
5 16 13 32 12 22
5 16 25 32 12 22
5 16 25 13 12 22
5 16 11 19 28 22
5 16 25 19 28 22
5 16 11 19 13 22
5 16 25 19 13 22
5 16 8 11 14 28
5 16 8 11 13 14
5 16 18 13 32 12
5 16 25 18 32 12
5 16 8 32 14 28
5 16 11 19 28 1
5 16 11 19 13 1
5 16 25 19 28 1
5 16 11 14 28 1
5 16 11 13 14 1
5 16 18 19 13 12
5 16 25 19 13 12
5 16 25 18 19 12
5 16 25 18 32 1
5 16 32 14 28 1
5 16 25 32 28 1
5 16 8 18 32 14
5 16 8 18 13 14
5 16 8 18 13 32
5 16 18 19 13 1
5 16 25 18 19 1
5 16 18 32 14 1
5 16 18 13 14 1
5 15 4 21 20 3
5 15 4 20 1 3
5 15 21 31 0 3
5 15 4 31 0 3
5 15 4 21 31 3
5 15 21 20 2 3
5 15 20 14 1 3
5 15 4 5 1 0
5 15 4 5 20 1
5 15 21 31 28 0
5 15 4 31 28 0
5 15 4 21 31 28
5 15 4 21 20 28
5 15 5 10 0 24
5 15 5 20 10 24
5 15 5 1 0 24
5 15 5 20 28 0
5 15 4 5 28 0
5 15 4 5 20 28
5 15 7 20 28 0
5 15 7 21 28 0
5 15 7 21 20 28
5 15 5 14 1 24
5 15 5 20 14 24
5 15 5 20 14 1
5 15 7 5 20 0
5 29 27 21 23 0
5 29 15 7 21 0
5 29 7 27 23 0
5 29 20 10 2 24
5 29 15 20 10 24
5 29 15 21 20 2
5 29 7 21 23 0
5 29 7 5 10 0
5 29 15 5 10 0
5 29 15 7 5 0
5 29 15 7 21 20
5 29 21 20 23 2
5 29 7 21 20 23
5 29 7 5 20 10
5 29 15 5 20 10
5 29 15 7 5 20
5 29 7 20 10 2
5 29 7 20 23 2
5 6 17 32 12 22
5 6 17 23 28 22
5 6 7 23 28 22
5 6 29 17 27 23
5 6 29 7 27 23
5 6 17 27 23 28
5 6 7 27 23 28
5 6 29 7 10 0
5 6 29 17 27 0
5 6 29 7 27 0
5 6 25 32 28 22
5 6 25 17 28 22
5 6 25 17 32 22
5 6 25 17 32 28
5 6 17 27 28 0
5 6 7 27 28 0
5 6 7 26 10 0
5 6 29 26 10 0
5 6 29 17 26 0
5 6 17 26 32 28
5 6 7 26 32 28
5 6 7 26 32 10
5 6 17 26 28 0
5 6 7 26 28 0
5 9 7 23 2 22
5 9 6 23 2 22
5 9 6 7 23 22
5 9 7 32 2 22
5 9 29 7 23 2
5 9 6 29 23 2
5 9 6 29 7 23
5 9 32 12 2 22
5 9 6 12 2 22
5 9 6 32 12 22
5 9 7 32 28 22
5 9 6 32 28 22
5 9 6 7 28 22
5 9 6 7 32 28
5 9 6 7 32 10
5 9 29 7 10 2
5 9 6 29 7 10
5 9 7 10 2 24
5 9 7 32 2 24
5 9 7 32 10 24
5 9 6 32 10 24
5 9 29 10 2 24
