337
5 21 2 28 24 5
5 27 23 21 28 5
5 8 23 21 28 5
5 8 23 21 16 5
5 8 21 28 24 5
5 8 21 16 24 5
5 8 27 23 28 5
5 15 9 16 2 29
5 15 31 16 29 5
5 15 23 21 16 5
5 15 16 2 24 5
5 15 21 2 24 5
5 15 21 16 24 5
5 6 15 9 2 29
5 6 30 31 16 29
5 6 15 31 16 29
5 6 30 23 31 16
5 6 15 23 21 5
5 6 27 30 23 11
5 6 27 30 23 31
5 6 23 31 16 5
5 6 15 31 16 5
5 6 15 23 16 5
5 6 27 23 21 5
5 6 27 23 21 11
5 6 15 27 21 5
5 6 27 23 31 5
5 7 6 9 10 29
5 7 21 10 2 24
5 7 9 10 2 24
5 7 15 9 16 29
5 7 6 15 9 29
5 7 6 21 10 2
5 7 6 15 21 2
5 7 6 9 10 2
5 7 6 15 9 2
5 7 9 16 2 24
5 7 15 16 2 24
5 7 15 9 16 2
5 7 15 21 2 24
5 32 30 23 31 16
5 32 27 30 23 31
5 32 23 31 16 5
5 32 8 23 16 5
5 32 8 27 28 5
5 32 27 23 31 5
5 32 8 27 23 5
5 3 6 27 21 11
5 3 9 10 2 24
5 3 21 2 28 24
5 3 6 9 2 29
5 3 6 9 10 29
5 3 6 9 10 2
5 3 27 31 28 5
5 3 21 2 28 5
5 3 27 21 28 5
5 3 6 15 21 2
5 3 6 15 27 21
5 3 15 31 2 29
5 3 6 15 2 29
5 3 6 15 31 29
5 3 15 31 2 5
5 3 6 27 31 5
5 3 6 15 31 5
5 3 6 15 27 5
5 3 15 21 2 5
5 3 15 27 21 5
5 25 7 6 21 11
5 25 6 23 21 11
5 25 8 23 21 16
5 25 7 6 15 21
5 25 15 21 16 24
5 25 7 15 16 24
5 25 7 15 21 24
5 25 6 30 23 11
5 25 6 30 23 16
5 25 15 23 21 16
5 25 6 15 23 16
5 25 6 15 23 21
5 25 6 30 16 29
5 25 6 15 16 29
5 25 7 15 16 29
5 25 7 6 15 29
5 26 7 9 10 4
5 26 7 9 16 24
5 26 25 7 16 24
5 26 25 7 21 24
5 26 25 21 16 24
5 26 8 21 16 24
5 26 25 8 21 16
5 26 8 21 28 24
5 22 32 30 31 18
5 22 32 27 30 31
5 22 3 30 31 18
5 22 3 27 30 31
5 22 3 27 31 28
5 22 3 31 28 5
5 22 27 31 28 5
5 22 32 27 28 5
5 22 32 27 31 5
5 22 32 30 18 4
5 22 32 8 27 28
5 0 22 32 18 4
5 0 22 32 28 5
5 0 32 8 16 5
5 0 22 1 18 4
5 0 32 8 28 5
5 0 22 32 8 28
5 0 26 1 16 4
5 0 8 16 24 5
5 0 26 8 16 24
5 0 26 8 1 28
5 0 26 25 1 16
5 0 26 25 8 16
5 0 26 25 8 1
5 0 32 8 23 16
5 13 3 6 10 29
5 13 9 10 18 29
5 13 3 9 10 29
5 13 3 6 31 29
5 13 1 10 18 4
5 13 3 9 2 29
5 13 9 10 18 4
5 13 3 31 2 29
5 19 1 10 18 4
5 19 22 30 18 4
5 19 26 1 10 4
5 19 26 7 10 4
5 19 26 7 1 10
5 19 0 1 16 4
5 19 26 1 16 4
5 19 25 30 16 29
5 19 25 7 16 29
5 19 9 18 29 4
5 19 9 10 18 4
5 19 9 10 18 29
5 19 7 9 10 4
5 19 7 9 10 29
5 19 26 25 7 16
5 19 0 32 16 4
5 19 32 30 18 4
5 19 30 31 18 29
5 19 30 31 16 29
5 19 22 32 30 4
5 19 0 22 32 4
5 19 0 22 32 30
5 19 7 9 16 29
5 19 26 7 9 4
5 19 26 7 9 16
5 19 32 31 18 4
5 19 32 31 16 4
5 19 32 30 31 18
5 19 32 30 31 16
5 14 13 1 10 18
5 14 3 6 21 11
5 14 25 7 10 11
5 14 19 7 1 10
5 14 19 25 7 10
5 14 7 6 10 11
5 14 7 6 21 11
5 14 7 6 21 10
5 14 25 7 21 11
5 14 7 21 10 24
5 14 6 21 10 2
5 14 3 6 10 2
5 14 3 6 21 2
5 14 3 27 21 11
5 14 3 27 21 28
5 14 21 10 2 24
5 14 3 10 2 24
5 14 3 21 2 24
5 14 19 26 7 1
5 14 19 26 25 1
5 14 19 26 25 7
5 14 26 25 7 21
5 14 26 7 21 24
5 14 8 23 21 28
5 14 27 23 21 11
5 14 27 23 21 28
5 14 25 23 21 11
5 14 25 8 23 21
5 14 8 27 23 28
5 12 14 13 1 10
5 12 14 13 3 10
5 12 13 3 9 10
5 12 14 3 10 24
5 12 13 3 1 18
5 12 14 13 1 18
5 12 14 13 3 18
5 12 3 9 10 24
5 12 13 9 10 4
5 12 13 1 10 4
5 12 13 3 9 24
5 12 22 3 1 18
5 12 14 22 1 18
5 12 14 22 3 18
5 12 26 9 10 4
5 12 26 1 10 4
5 12 14 7 10 24
5 12 14 26 7 24
5 12 14 26 21 24
5 12 26 7 1 10
5 12 14 7 1 10
5 12 14 26 7 1
5 12 3 21 28 24
5 12 14 3 21 24
5 12 14 3 21 28
5 12 22 3 1 28
5 12 7 9 10 24
5 12 26 7 9 24
5 12 26 7 9 10
5 12 26 21 28 24
5 12 26 1 28 24
5 12 14 26 25 21
5 12 14 26 25 1
5 12 14 8 21 28
5 12 0 22 1 28
5 12 22 3 27 28
5 12 14 3 27 28
5 12 14 22 3 27
5 12 26 8 21 28
5 12 26 8 1 28
5 12 26 25 8 21
5 12 26 25 8 1
5 12 14 25 8 21
5 12 0 8 1 28
5 12 0 22 8 28
5 12 22 8 27 28
5 12 14 8 27 28
5 17 14 25 10 11
5 17 14 19 25 10
5 17 25 6 30 11
5 17 14 13 3 10
5 17 14 13 10 18
5 17 19 10 18 29
5 17 19 30 18 29
5 17 19 1 10 18
5 17 14 1 10 18
5 17 14 19 1 10
5 17 13 3 6 10
5 17 13 6 10 29
5 17 7 6 10 11
5 17 25 7 10 11
5 17 25 7 6 11
5 17 19 25 7 10
5 17 25 6 30 29
5 17 19 25 30 29
5 17 7 6 10 29
5 17 19 7 10 29
5 17 14 6 10 11
5 17 14 3 6 11
5 17 14 3 6 10
5 17 14 3 27 11
5 17 14 13 3 18
5 17 13 10 18 29
5 17 6 27 30 11
5 17 3 6 27 11
5 17 13 3 6 31
5 17 6 30 31 29
5 17 13 6 31 29
5 17 25 7 6 29
5 17 19 25 7 29
5 17 22 3 27 30
5 17 14 22 3 27
5 17 3 30 31 18
5 17 13 3 31 18
5 17 22 3 30 18
5 17 14 22 3 18
5 17 30 31 18 29
5 17 13 31 18 29
5 17 6 27 30 31
5 17 3 27 30 31
5 17 3 6 27 31
5 20 17 25 30 11
5 20 17 14 25 11
5 20 17 27 30 11
5 20 17 14 27 11
5 20 17 19 25 30
5 20 17 14 19 25
5 20 27 30 23 11
5 20 25 30 23 11
5 20 14 27 23 11
5 20 14 25 23 11
5 20 17 22 27 30
5 20 17 14 22 27
5 20 14 19 25 1
5 20 17 14 19 1
5 20 14 8 27 23
5 20 14 25 8 23
5 20 17 22 30 18
5 20 17 14 22 18
5 20 17 19 30 18
5 20 17 19 1 18
5 20 17 14 1 18
5 20 32 27 30 23
5 20 32 8 27 23
5 20 22 32 27 30
5 20 0 22 32 30
5 20 12 14 22 27
5 20 0 25 8 1
5 20 12 14 8 27
5 20 14 22 1 18
5 20 19 0 22 30
5 20 19 25 30 16
5 20 0 25 1 16
5 20 19 0 1 16
5 20 19 22 30 18
5 20 0 32 8 23
5 20 25 8 23 16
5 20 0 8 23 16
5 20 0 25 8 16
5 20 22 32 8 27
5 20 0 22 32 8
5 20 12 0 22 1
5 20 12 14 22 1
5 20 12 22 8 27
5 20 12 0 22 8
5 20 12 25 8 1
5 20 12 14 25 1
5 20 12 14 25 8
5 20 12 0 8 1
5 20 0 22 1 4
5 20 19 0 1 4
5 20 19 0 22 4
5 20 19 32 30 16
5 20 19 0 32 16
5 20 19 0 32 30
5 20 26 25 1 16
5 20 19 26 1 16
5 20 19 26 25 16
5 20 19 26 25 1
5 20 22 1 18 4
5 20 19 1 18 4
5 20 19 22 18 4
5 20 32 30 23 16
5 20 25 30 23 16
5 20 0 32 23 16
