102
5 7 2 0 3 18
5 7 2 0 3 1
5 17 7 2 0 18
5 9 2 0 3 18
5 9 4 0 3 18
5 16 7 2 3 18
5 16 9 2 3 18
5 16 9 5 3 18
5 16 17 7 2 18
5 12 7 2 3 1
5 12 9 5 2 1
5 12 2 0 3 1
5 12 9 2 0 1
5 12 9 2 0 3
5 12 16 9 2 3
5 12 16 9 5 3
5 12 16 9 5 2
5 12 9 4 0 1
5 12 9 4 0 3
5 12 9 5 3 18
5 12 9 4 3 18
5 12 9 4 5 18
5 6 12 16 5 2
5 6 12 7 3 1
5 6 16 7 2 3
5 6 12 7 2 3
5 6 12 16 2 3
5 6 7 0 3 1
5 6 12 16 5 3
5 6 16 5 3 18
5 15 9 4 0 18
5 15 17 2 0 1
5 15 17 5 11 18
5 15 17 2 0 18
5 15 9 2 0 18
5 15 9 2 0 1
5 15 9 4 0 1
5 15 17 5 2 1
5 15 16 17 5 18
5 15 16 17 2 18
5 15 16 9 2 18
5 15 9 5 2 1
5 15 16 17 5 2
5 15 9 4 5 18
5 15 16 9 5 18
5 15 12 9 5 1
5 15 12 9 4 1
5 15 12 9 4 5
5 15 16 9 5 2
5 13 17 8 0 11
5 13 17 7 0 18
5 13 17 7 8 0
5 13 16 17 7 18
5 13 17 7 8 2
5 13 16 7 8 2
5 13 16 17 8 2
5 13 16 17 7 2
5 14 17 7 8 2
5 14 12 7 2 1
5 14 6 12 7 1
5 14 6 12 7 2
5 14 6 7 0 1
5 14 6 16 7 2
5 14 7 2 0 1
5 14 17 2 0 1
5 14 17 7 2 0
5 14 17 7 8 0
5 14 17 5 2 1
5 14 12 5 2 1
5 14 6 12 5 2
5 14 17 8 0 11
5 14 15 17 5 1
5 14 15 12 5 1
5 10 16 7 8 2
5 10 14 7 8 2
5 10 14 16 7 2
5 10 6 16 7 8
5 10 14 6 7 8
5 10 14 6 16 7
5 10 16 17 5 2
5 10 16 17 8 2
5 10 14 17 5 2
5 10 14 17 8 2
5 10 6 16 5 2
5 10 14 6 5 2
5 10 14 6 16 2
5 10 13 16 17 8
5 10 14 17 5 11
5 10 14 17 8 11
5 10 6 16 8 11
5 10 14 6 5 11
5 10 14 6 8 11
5 10 13 17 8 11
5 10 13 16 8 11
5 10 16 17 5 18
5 10 13 16 17 18
5 10 6 5 11 18
5 10 6 16 11 18
5 10 6 16 5 18
5 10 17 5 11 18
5 10 13 17 11 18
5 10 13 16 11 18
