348
5 6 7 0 19 14
5 6 7 0 29 14
5 22 7 25 0 19
5 22 6 7 0 19
5 20 6 7 19 14
5 20 5 27 25 0
5 20 30 31 27 14
5 20 7 0 19 14
5 20 7 25 0 19
5 26 6 31 11 14
5 26 20 6 7 14
5 32 22 7 25 0
5 32 30 5 27 0
5 32 13 10 1 29
5 32 22 6 7 29
5 23 20 30 31 27
5 3 22 6 1 29
5 3 22 6 7 29
5 9 23 20 31 27
5 9 23 26 31 11
5 9 23 26 20 31
5 16 13 10 1 29
5 16 13 10 1 11
5 16 26 31 11 14
5 16 23 26 31 11
5 16 26 6 29 14
5 16 26 6 11 14
5 16 32 10 1 29
5 16 32 10 5 1
5 16 3 6 1 29
5 16 3 13 1 11
5 18 32 10 5 1
5 18 32 22 5 1
5 18 32 13 10 1
5 18 32 22 25 0
5 18 32 22 5 0
5 18 32 13 1 29
5 18 32 13 10 29
5 18 22 5 0 19
5 18 5 27 25 0
5 18 32 27 25 0
5 18 32 5 27 0
5 18 9 20 5 25
5 21 20 27 25 0
5 21 32 30 27 0
5 21 30 27 0 14
5 21 20 27 0 14
5 21 20 30 27 14
5 21 23 20 30 31
5 21 32 7 25 0
5 21 20 7 0 14
5 21 20 7 25 0
5 21 32 30 5 27
5 21 20 30 31 14
5 21 32 7 0 29
5 21 32 30 0 29
5 21 7 0 29 14
5 21 30 0 29 14
5 21 16 31 29 14
5 21 16 26 29 14
5 21 16 26 31 14
5 21 32 30 5 29
5 17 16 26 6 29
5 17 16 3 6 29
5 17 9 20 13 25
5 17 9 26 20 25
5 17 16 13 10 29
5 17 3 13 1 29
5 17 16 13 1 29
5 17 16 3 1 29
5 17 16 3 13 1
5 17 3 26 6 11
5 17 16 26 6 11
5 17 16 3 6 11
5 17 16 3 13 11
5 17 16 13 10 11
5 15 20 7 25 19
5 15 20 6 7 19
5 15 22 7 25 19
5 15 22 6 7 19
5 15 3 22 6 19
5 15 3 22 6 7
5 15 32 22 7 25
5 15 18 32 22 25
5 15 18 32 22 1
5 15 18 3 22 1
5 8 18 13 10 25
5 8 18 9 13 25
5 8 17 13 10 11
5 8 17 9 13 11
5 8 17 9 26 11
5 8 17 16 10 11
5 8 16 10 5 11
5 8 16 23 5 11
5 8 9 5 27 11
5 8 9 23 5 27
5 8 5 31 27 11
5 8 23 5 31 11
5 8 23 5 31 27
5 8 9 31 27 11
5 8 9 23 31 11
5 8 9 23 31 27
5 4 18 3 22 1
5 4 18 22 5 19
5 4 18 22 5 1
5 4 15 3 22 19
5 4 15 18 3 22
5 4 3 13 1 11
5 4 18 3 13 1
5 4 15 22 25 19
5 4 15 18 22 25
5 4 13 10 1 11
5 4 18 13 10 1
5 4 15 20 25 19
5 4 8 18 9 5
5 4 10 5 1 11
5 4 8 10 5 11
5 4 18 10 5 1
5 4 8 18 10 5
5 4 8 9 13 11
5 4 8 13 10 11
5 4 8 18 13 10
5 4 15 18 3 13
5 4 18 9 20 25
5 4 3 6 11 19
5 4 8 18 9 13
5 4 9 20 13 25
5 4 18 9 13 25
5 4 15 18 13 25
5 28 18 13 25 29
5 28 17 13 25 29
5 28 17 18 13 29
5 28 18 32 25 29
5 28 32 7 25 29
5 28 21 32 7 29
5 28 21 32 7 25
5 28 21 16 26 29
5 28 17 16 26 29
5 28 21 7 29 14
5 28 21 26 29 14
5 28 26 20 7 25
5 28 21 20 7 25
5 28 6 7 29 14
5 28 26 6 29 14
5 28 26 6 7 14
5 28 26 20 7 14
5 28 21 20 7 14
5 28 26 20 31 14
5 28 21 20 31 14
5 28 21 26 31 14
5 28 23 26 20 31
5 28 21 23 20 31
5 28 21 23 26 31
5 2 4 20 25 19
5 2 4 18 20 25
5 2 20 25 0 19
5 2 4 22 25 19
5 2 4 18 22 19
5 2 4 18 22 25
5 2 4 18 5 19
5 2 22 25 0 19
5 2 18 22 0 19
5 2 18 22 25 0
5 2 18 5 0 19
5 2 20 5 25 0
5 2 18 5 25 0
5 2 18 20 5 25
5 2 18 9 20 5
5 2 4 18 9 5
5 2 4 18 9 20
5 2 20 5 27 0
5 2 9 20 5 27
5 2 4 9 20 11
5 2 20 0 19 14
5 2 20 27 0 14
5 2 9 20 31 27
5 2 8 9 5 11
5 2 4 8 5 11
5 2 4 8 9 11
5 2 4 8 9 5
5 2 4 15 20 19
5 2 20 31 27 14
5 2 9 26 31 11
5 2 9 26 20 11
5 2 9 26 20 31
5 2 26 20 31 14
5 2 26 6 31 11
5 2 6 11 19 14
5 2 6 31 11 14
5 2 26 6 31 14
5 2 20 6 19 14
5 2 26 20 6 14
5 12 4 3 6 11
5 12 3 26 6 11
5 12 4 3 13 11
5 12 4 15 3 13
5 12 15 3 6 19
5 12 4 3 6 19
5 12 4 15 3 19
5 12 2 26 6 11
5 12 17 3 26 11
5 12 17 3 26 6
5 12 4 6 11 19
5 12 2 6 11 19
5 12 2 4 11 19
5 12 2 4 20 11
5 12 2 4 15 20
5 12 2 4 15 19
5 12 17 3 13 11
5 12 2 26 20 11
5 12 2 26 20 6
5 12 17 26 6 29
5 12 17 3 6 29
5 12 15 20 6 19
5 12 2 20 6 19
5 12 2 15 20 19
5 12 17 3 13 29
5 12 4 9 13 11
5 12 4 9 20 11
5 12 4 9 20 13
5 12 4 20 13 25
5 12 4 15 13 25
5 12 4 15 20 25
5 12 26 20 6 7
5 12 15 20 6 7
5 12 17 9 13 11
5 12 17 9 26 11
5 12 28 26 6 29
5 12 28 17 26 29
5 12 3 6 7 29
5 12 15 3 6 7
5 12 3 13 1 29
5 12 17 13 25 29
5 12 9 26 20 11
5 12 17 20 13 25
5 12 28 26 6 7
5 12 26 20 7 25
5 12 15 20 7 25
5 12 17 9 20 13
5 12 17 9 26 20
5 12 17 26 20 25
5 12 28 6 7 29
5 12 28 17 25 29
5 12 28 17 26 25
5 12 3 22 7 29
5 12 15 3 22 7
5 12 18 13 1 29
5 12 3 22 1 29
5 12 15 3 22 1
5 12 18 3 13 1
5 12 15 18 3 1
5 12 15 18 3 13
5 12 18 13 25 29
5 12 15 18 13 25
5 12 28 26 7 25
5 12 28 7 25 29
5 12 32 22 7 29
5 12 15 32 22 7
5 12 18 32 1 29
5 12 15 18 32 1
5 12 32 22 1 29
5 12 15 32 22 1
5 12 18 32 25 29
5 12 15 18 32 25
5 12 32 7 25 29
5 12 15 32 7 25
5 24 28 18 32 29
5 24 28 21 32 29
5 24 18 32 10 29
5 24 28 18 32 25
5 24 28 21 32 25
5 24 16 32 10 29
5 24 18 32 10 5
5 24 28 17 18 29
5 24 28 21 16 29
5 24 18 32 27 25
5 24 16 32 5 29
5 24 21 32 5 29
5 24 21 16 5 29
5 24 16 32 10 5
5 24 8 18 10 5
5 24 18 32 5 27
5 24 21 32 5 27
5 24 18 13 10 29
5 24 17 13 10 29
5 24 17 18 13 29
5 24 17 16 10 29
5 24 28 17 16 29
5 24 28 17 18 13
5 24 8 18 10 25
5 24 32 27 25 0
5 24 21 27 25 0
5 24 21 32 25 0
5 24 21 32 27 0
5 24 18 5 27 25
5 24 18 9 5 25
5 24 8 18 9 25
5 24 8 18 9 5
5 24 18 13 10 25
5 24 28 18 13 25
5 24 28 21 23 26
5 24 28 21 16 26
5 24 28 21 20 25
5 24 28 21 23 20
5 24 8 16 10 5
5 24 8 16 23 5
5 24 16 23 30 5
5 24 21 16 30 5
5 24 21 16 23 30
5 24 8 9 23 5
5 24 8 17 16 10
5 24 28 17 16 26
5 24 8 17 13 10
5 24 8 17 9 13
5 24 17 9 13 25
5 24 28 17 13 25
5 24 16 23 26 31
5 24 21 23 26 31
5 24 21 16 26 31
5 24 21 16 23 31
5 24 8 13 10 25
5 24 8 9 13 25
5 24 20 5 27 25
5 24 9 20 5 25
5 24 9 20 5 27
5 24 9 23 5 27
5 24 9 23 20 27
5 24 21 20 27 25
5 24 9 26 20 25
5 24 28 26 20 25
5 24 9 23 26 20
5 24 28 23 26 20
5 24 23 30 5 27
5 24 21 30 5 27
5 24 8 17 9 26
5 24 17 9 26 25
5 24 28 17 26 25
5 24 9 23 26 11
5 24 8 9 26 11
5 24 8 9 23 11
5 24 23 20 30 27
5 24 21 20 30 27
5 24 21 23 20 30
5 24 16 23 26 11
5 24 8 16 23 11
5 24 17 16 26 11
5 24 8 17 26 11
5 24 8 17 16 11
