189
5 17 4 9 8 5
5 2 17 10 9 8
5 2 17 4 9 8
5 2 17 4 10 9
5 13 17 4 9 5
5 13 17 4 10 9
5 14 2 4 9 8
5 14 20 2 4 25
5 3 2 10 9 11
5 3 2 0 10 9
5 3 2 4 0 25
5 3 2 4 0 9
5 3 14 2 4 9
5 18 13 17 4 10
5 18 2 17 4 10
5 18 20 2 17 4
5 18 13 0 10 9
5 18 13 4 10 9
5 18 13 4 0 9
5 18 16 13 0 10
5 18 16 13 17 10
5 18 13 17 4 5
5 18 2 0 10 9
5 18 2 4 10 9
5 18 2 4 0 9
5 18 2 4 0 25
5 18 20 2 4 25
5 23 17 10 9 8
5 23 16 1 12 10
5 15 3 0 10 11
5 15 18 20 2 25
5 15 16 12 10 11
5 15 16 12 0 11
5 15 18 16 0 10
5 15 18 2 0 10
5 15 18 20 0 25
5 15 18 2 17 10
5 15 18 20 2 17
5 19 1 12 10 11
5 19 15 12 10 11
5 19 15 3 10 11
5 19 15 3 12 11
5 19 3 2 10 11
5 19 23 1 12 10
5 19 2 17 10 8
5 19 23 17 10 8
5 21 1 12 10 11
5 21 16 12 10 11
5 21 16 1 12 10
5 21 3 10 9 11
5 21 3 0 9 11
5 21 3 0 10 11
5 21 3 0 10 9
5 21 15 0 10 11
5 21 15 16 10 11
5 21 15 16 0 11
5 21 15 16 0 10
5 21 13 0 10 9
5 21 16 13 0 10
5 21 23 17 10 9
5 21 23 1 10 9
5 21 13 17 10 9
5 21 16 13 17 10
5 21 23 16 17 10
5 21 23 16 1 10
5 21 13 17 9 5
5 21 16 13 17 5
5 21 23 16 17 5
5 6 18 16 17 10
5 6 15 18 17 10
5 6 15 18 16 10
5 6 16 13 17 5
5 6 18 13 17 5
5 6 18 16 13 17
5 6 15 18 20 17
5 6 15 18 16 0
5 6 16 13 0 5
5 6 18 13 0 5
5 6 18 16 13 0
5 6 23 16 17 5
5 6 20 17 4 5
5 6 18 17 4 5
5 6 18 20 4 5
5 6 18 20 17 4
5 6 15 18 20 0
5 7 19 2 10 11
5 7 19 1 10 11
5 7 2 10 9 11
5 7 19 2 10 8
5 7 21 10 9 11
5 7 21 1 9 11
5 7 21 1 10 11
5 7 21 1 10 9
5 7 2 10 9 8
5 7 19 3 2 11
5 7 19 23 10 8
5 7 19 23 1 10
5 7 14 2 9 8
5 7 23 10 9 8
5 7 23 1 9 8
5 7 23 1 10 9
5 7 3 14 11 8
5 7 3 14 2 11
5 7 19 14 2 8
5 7 1 12 11 8
5 7 3 12 11 8
5 7 19 1 12 11
5 7 19 3 12 11
5 7 23 1 12 8
5 7 19 23 1 12
5 24 7 3 14 2
5 24 7 19 14 2
5 24 7 19 3 2
5 24 14 2 4 25
5 24 3 2 4 25
5 24 3 14 4 25
5 24 3 14 2 4
5 24 14 20 2 25
5 24 3 14 20 25
5 24 15 20 2 25
5 24 19 15 20 2
5 24 3 2 0 25
5 24 15 3 0 25
5 24 15 3 20 25
5 24 19 3 2 10
5 24 19 15 2 10
5 24 19 15 3 10
5 24 18 2 0 25
5 24 15 18 0 25
5 24 15 18 2 25
5 24 15 18 2 0
5 24 3 2 0 10
5 24 15 2 0 10
5 24 15 3 0 10
5 22 24 7 19 3
5 22 7 19 3 12
5 22 24 15 3 20
5 22 24 19 15 20
5 22 24 19 15 3
5 22 24 3 14 20
5 22 24 7 3 14
5 22 24 7 19 14
5 22 15 3 20 12
5 22 19 15 3 12
5 22 3 20 12 8
5 22 7 3 12 8
5 22 7 19 23 12
5 22 3 14 20 8
5 22 7 3 14 8
5 22 7 19 14 8
5 22 24 14 20 2
5 22 24 19 20 2
5 22 24 19 14 2
5 22 7 23 12 8
5 22 7 19 23 8
5 22 19 14 2 8
5 22 6 15 20 12
5 22 19 23 17 8
5 22 14 2 4 8
5 22 14 20 4 8
5 22 14 20 2 4
5 22 19 2 17 8
5 22 6 23 12 5
5 22 6 23 16 12
5 22 6 15 16 12
5 22 23 16 12 10
5 22 19 23 12 10
5 22 15 16 12 10
5 22 19 15 12 10
5 22 6 15 20 17
5 22 23 17 8 5
5 22 2 17 4 8
5 22 20 2 17 4
5 22 15 20 2 17
5 22 19 15 20 2
5 22 6 20 17 5
5 22 6 23 17 5
5 22 6 15 16 10
5 22 19 23 17 10
5 22 6 15 17 10
5 22 17 4 8 5
5 22 20 4 8 5
5 22 20 17 4 5
5 22 15 2 17 10
5 22 19 2 17 10
5 22 19 15 2 10
5 22 23 16 17 10
5 22 6 16 17 10
5 22 6 23 16 17
