190
5 5 12 19 7 16
5 5 12 19 15 16
5 5 12 19 15 7
5 5 13 19 15 16
5 11 12 19 15 16
5 11 13 19 15 16
5 11 12 19 14 16
5 11 12 19 15 7
5 21 5 7 23 16
5 21 5 12 7 16
5 21 5 12 15 16
5 1 21 19 14 16
5 1 21 8 0 23
5 1 21 0 23 16
5 3 5 7 23 16
5 3 1 7 23 16
5 3 1 0 23 16
5 3 21 0 23 16
5 3 21 5 23 16
5 3 21 5 0 16
5 3 5 19 7 16
5 3 1 19 7 16
5 3 5 13 0 16
5 3 5 13 19 16
5 3 1 8 0 23
5 3 5 25 15 23
5 3 13 0 4 16
5 3 13 19 4 16
5 18 5 25 15 7
5 6 11 12 15 7
5 6 18 11 15 7
5 6 5 12 15 7
5 6 18 5 15 7
5 2 21 5 7 23
5 2 21 5 12 7
5 2 6 5 12 7
5 2 6 18 5 7
5 2 21 5 12 15
5 2 6 5 12 15
5 2 5 25 7 23
5 2 18 5 25 7
5 2 6 18 5 15
5 2 6 12 25 14
5 2 6 21 12 14
5 2 5 25 15 23
5 2 18 5 25 15
5 2 8 25 14 20
5 2 6 25 14 20
5 2 6 8 14 20
5 2 6 18 25 20
5 24 1 21 19 14
5 24 1 19 7 16
5 24 1 21 19 16
5 24 1 25 7 23
5 24 2 25 7 23
5 24 2 21 12 14
5 24 2 21 12 7
5 24 12 19 14 16
5 24 21 19 14 16
5 24 21 12 14 16
5 24 12 19 7 16
5 24 21 12 7 16
5 24 2 21 7 23
5 24 21 7 23 16
5 24 1 7 23 16
5 24 1 21 23 16
5 24 1 21 8 14
5 24 2 8 25 14
5 24 2 21 8 14
5 24 1 8 25 23
5 24 2 8 25 23
5 24 1 21 8 23
5 24 2 21 8 23
5 10 24 1 19 14
5 10 24 1 19 7
5 10 24 1 25 7
5 10 24 8 25 14
5 10 24 1 8 14
5 10 24 1 8 25
5 10 11 12 19 14
5 10 24 12 19 14
5 10 25 19 15 7
5 10 18 25 15 7
5 10 6 18 11 7
5 10 11 19 15 7
5 10 18 11 15 7
5 10 18 11 19 15
5 10 6 12 25 14
5 10 6 11 12 14
5 10 2 12 25 14
5 10 24 2 25 14
5 10 24 2 12 14
5 10 11 12 19 7
5 10 6 11 12 7
5 10 24 12 19 7
5 10 2 6 12 25
5 10 2 6 12 7
5 10 24 2 12 7
5 10 2 18 25 7
5 10 24 2 25 7
5 10 2 6 18 7
5 10 2 6 18 25
5 9 10 1 8 25
5 9 10 1 19 14
5 9 1 0 4 16
5 9 13 19 15 4
5 9 1 19 14 16
5 9 1 19 4 16
5 9 11 19 14 16
5 9 13 19 4 16
5 17 3 25 15 20
5 17 3 5 25 15
5 17 9 8 4 20
5 17 5 25 15 7
5 17 3 13 15 4
5 17 3 5 13 15
5 17 9 1 8 4
5 17 9 1 8 25
5 17 1 8 0 4
5 17 3 1 8 0
5 17 1 8 25 23
5 17 3 8 25 23
5 17 3 1 8 23
5 17 25 19 15 7
5 17 5 19 15 7
5 17 13 19 15 4
5 17 5 13 19 15
5 17 3 13 19 4
5 17 3 5 13 19
5 17 3 5 19 7
5 17 5 25 7 23
5 17 3 5 7 23
5 17 3 5 25 23
5 17 3 1 19 7
5 17 1 25 7 23
5 17 3 1 7 23
5 17 9 19 15 4
5 17 9 25 19 15
5 17 9 1 19 4
5 17 10 1 25 7
5 17 9 10 1 25
5 17 1 0 4 16
5 17 1 19 4 16
5 17 3 0 4 16
5 17 3 19 4 16
5 17 3 1 0 16
5 17 3 1 19 16
5 17 10 25 19 7
5 17 9 10 25 19
5 17 10 1 19 7
5 17 9 10 1 19
5 22 17 15 4 20
5 22 17 25 15 20
5 22 13 15 4 20
5 22 9 13 15 4
5 22 17 9 4 20
5 22 9 25 19 15
5 22 17 9 15 4
5 22 17 9 25 15
5 22 9 13 19 15
5 22 17 8 25 20
5 22 17 9 8 20
5 22 17 9 8 25
5 22 10 25 19 15
5 22 9 10 25 19
5 22 11 13 19 15
5 22 9 10 8 25
5 22 10 18 19 15
5 22 18 25 15 20
5 22 10 18 25 15
5 22 18 11 15 20
5 22 18 11 19 15
5 22 8 25 14 20
5 22 10 8 25 14
5 22 10 18 11 19
5 22 6 18 25 20
5 22 10 6 18 25
5 22 10 11 19 14
5 22 9 11 19 14
5 22 9 10 19 14
5 22 6 25 14 20
5 22 10 6 25 14
5 22 10 1 8 14
5 22 9 1 8 14
5 22 9 10 1 14
5 22 9 10 1 8
5 22 6 18 11 20
5 22 10 6 18 11
5 22 6 11 14 20
5 22 10 6 11 14
