342
5 12 11 3 23 16
5 26 12 4 23 16
5 26 12 11 23 16
5 26 12 11 4 16
5 26 12 11 4 23
5 24 32 7 18 1
5 24 12 4 23 16
5 24 26 4 23 16
5 24 26 28 16 19
5 24 26 28 23 19
5 10 2 13 9 1
5 10 32 2 13 1
5 5 32 13 18 1
5 31 32 13 18 1
5 31 32 2 13 1
5 31 5 32 13 18
5 31 5 10 32 13
5 22 12 3 9 16
5 22 12 11 3 16
5 22 10 12 3 9
5 22 2 13 9 1
5 21 26 4 16 0
5 21 26 11 4 16
5 21 26 11 3 16
5 21 26 11 4 23
5 21 26 28 3 0
5 25 24 7 4 18
5 25 24 4 18 1
5 25 24 32 7 23
5 25 24 32 7 18
5 25 24 7 23 19
5 25 24 7 4 19
5 25 12 4 18 1
5 25 24 32 23 1
5 25 24 32 18 1
5 25 24 12 23 1
5 25 24 12 4 1
5 25 24 12 4 23
5 25 24 26 23 19
5 25 24 26 4 19
5 25 24 26 4 23
5 25 21 26 4 23
5 25 26 28 23 19
5 29 24 12 23 1
5 29 24 32 23 1
5 29 32 7 2 1
5 29 24 7 2 1
5 29 24 32 7 1
5 29 10 12 3 23
5 29 12 3 23 16
5 29 24 12 23 16
5 29 10 12 3 9
5 29 10 12 2 9
5 29 26 3 23 16
5 29 24 26 23 16
5 29 2 3 9 16
5 29 12 3 9 16
5 29 12 2 9 16
5 29 26 28 3 16
5 29 24 26 28 16
5 29 26 28 3 23
5 29 24 26 28 23
5 29 24 28 16 19
5 29 28 2 9 19
5 15 32 7 18 1
5 15 31 32 18 1
5 15 32 7 2 1
5 15 31 32 2 1
5 15 31 5 32 18
5 15 25 32 7 18
5 15 31 7 18 0
5 15 25 32 7 23
5 15 7 4 18 0
5 15 25 7 4 18
5 15 25 7 23 19
5 15 24 32 7 23
5 15 31 5 10 32
5 15 7 4 0 19
5 15 25 7 4 19
5 15 29 24 32 23
5 15 29 24 32 7
5 15 26 4 0 19
5 15 25 26 4 19
5 15 25 26 28 19
5 15 21 26 4 0
5 15 25 21 26 4
5 17 22 12 18 1
5 17 25 12 4 18
5 17 5 13 18 1
5 17 22 13 18 1
5 17 12 11 3 23
5 17 22 12 11 3
5 17 25 12 4 23
5 17 25 12 23 1
5 17 25 12 18 1
5 17 5 32 18 1
5 17 10 12 3 23
5 17 15 25 5 23
5 17 15 25 5 18
5 17 25 32 23 1
5 17 25 32 18 1
5 17 15 5 32 23
5 17 15 5 32 18
5 17 10 32 13 1
5 17 5 32 13 1
5 17 5 10 32 13
5 17 10 13 9 1
5 17 22 13 9 1
5 17 22 10 13 9
5 17 22 12 2 1
5 17 15 25 32 23
5 17 15 25 32 18
5 17 10 32 2 1
5 17 10 2 9 1
5 17 22 2 9 1
5 17 29 12 23 1
5 17 29 12 2 1
5 17 29 10 12 23
5 17 29 10 12 2
5 17 10 12 2 9
5 17 22 12 2 9
5 17 22 10 12 9
5 17 29 32 23 1
5 17 29 32 2 1
5 17 29 10 32 23
5 17 29 10 32 2
5 20 21 11 3 16
5 20 22 3 9 0
5 14 29 28 3 9
5 14 29 10 3 9
5 14 29 28 3 23
5 14 29 10 3 23
5 14 29 10 32 23
5 14 20 21 31 0
5 14 20 21 31 5
5 14 17 10 3 23
5 14 17 10 32 23
5 14 17 5 32 23
5 14 17 5 10 32
5 14 21 31 5 0
5 14 26 28 3 23
5 14 21 26 28 3
5 14 29 24 28 23
5 14 25 28 23 19
5 14 15 25 23 19
5 14 15 25 28 19
5 14 17 11 3 23
5 14 17 5 11 23
5 14 20 17 5 11
5 14 20 5 11 23
5 14 20 21 11 23
5 14 20 21 11 3
5 14 21 26 11 23
5 14 21 26 11 3
5 14 25 26 28 23
5 14 15 25 26 28
5 14 25 21 26 23
5 14 11 3 23 16
5 14 26 3 23 16
5 14 26 11 23 16
5 14 26 11 3 16
5 30 15 32 7 2
5 30 29 7 2 19
5 30 29 32 7 2
5 30 15 29 32 7
5 30 15 31 32 2
5 30 29 24 7 19
5 30 15 29 24 7
5 30 29 2 9 19
5 30 15 31 10 32
5 30 29 10 32 2
5 30 14 29 10 32
5 30 15 29 32 23
5 30 14 29 32 23
5 30 24 7 23 19
5 30 15 7 23 19
5 30 15 24 7 23
5 30 29 28 9 19
5 30 14 29 28 9
5 30 29 10 2 9
5 30 14 29 10 9
5 30 15 5 10 32
5 30 14 5 10 32
5 30 15 31 5 10
5 30 29 24 28 19
5 30 14 29 24 28
5 30 14 15 23 19
5 30 15 29 24 23
5 30 14 29 24 23
5 30 15 5 32 23
5 30 14 5 32 23
5 30 14 15 5 23
5 30 10 2 13 9
5 30 31 10 13 9
5 30 10 32 2 13
5 30 31 32 2 13
5 30 31 10 32 13
5 30 24 28 23 19
5 30 14 28 23 19
5 30 14 24 28 23
5 8 17 5 13 18
5 8 17 22 13 18
5 8 17 22 5 13
5 8 31 5 13 18
5 8 17 22 5 11
5 8 20 22 5 11
5 8 22 12 11 18
5 8 17 22 12 18
5 8 17 22 12 11
5 8 15 31 18 0
5 8 15 31 5 18
5 8 20 22 31 0
5 8 12 11 4 18
5 8 17 12 4 18
5 8 17 25 4 18
5 8 17 25 5 18
5 8 15 25 5 18
5 8 21 31 5 0
5 8 20 21 31 0
5 8 20 21 31 5
5 8 17 25 4 23
5 8 17 25 5 23
5 8 12 11 4 23
5 8 17 12 4 23
5 8 17 12 11 23
5 8 17 5 11 23
5 8 15 4 18 0
5 8 15 25 4 18
5 8 21 11 4 0
5 8 20 21 11 0
5 8 21 11 4 23
5 8 20 5 11 23
5 8 20 21 11 23
5 8 25 21 4 23
5 8 15 21 4 0
5 8 15 25 21 4
5 8 14 21 5 0
5 8 15 25 5 23
5 8 14 20 5 23
5 8 14 20 21 23
5 8 14 20 21 5
5 8 14 15 5 23
5 8 14 25 21 23
5 8 14 15 25 23
5 8 15 25 21 26
5 8 14 25 21 26
5 8 14 15 21 26
5 8 14 15 25 26
5 6 17 5 10 13
5 6 17 22 10 13
5 6 17 22 5 13
5 6 31 5 10 13
5 6 8 31 5 13
5 6 8 22 5 13
5 6 8 22 31 13
5 6 14 17 5 10
5 6 14 20 17 5
5 6 17 22 5 11
5 6 20 22 5 11
5 6 20 17 5 11
5 6 31 10 13 9
5 6 22 10 13 9
5 6 8 20 31 5
5 6 8 20 22 5
5 6 8 20 22 31
5 6 14 20 31 5
5 6 14 20 17 11
5 6 17 22 11 3
5 6 20 22 11 3
5 6 22 10 3 9
5 6 20 22 3 9
5 6 31 13 9 0
5 6 22 13 9 0
5 6 22 31 13 0
5 6 20 22 9 0
5 6 20 22 31 0
5 6 30 31 5 10
5 6 30 14 5 10
5 6 30 14 31 5
5 6 14 17 11 3
5 6 14 17 10 3
5 6 14 20 11 3
5 6 22 10 12 3
5 6 17 10 12 3
5 6 17 22 12 3
5 6 17 22 10 12
5 6 14 10 3 9
5 6 20 3 9 0
5 27 30 2 9 19
5 27 30 15 7 19
5 27 30 15 31 7
5 27 30 28 9 19
5 27 30 2 13 9
5 27 30 31 13 9
5 27 30 31 2 13
5 27 15 7 0 19
5 27 15 31 7 0
5 27 30 14 28 9
5 27 30 14 15 19
5 27 30 14 28 19
5 27 6 30 14 31
5 27 14 15 28 19
5 27 14 31 5 0
5 27 30 15 31 5
5 27 30 14 31 5
5 27 30 14 15 5
5 27 14 28 3 9
5 27 6 31 9 0
5 27 30 31 10 9
5 27 6 31 10 9
5 27 6 30 31 10
5 27 30 14 10 9
5 27 6 14 10 9
5 27 6 30 14 10
5 27 26 28 0 19
5 27 15 26 0 19
5 27 15 26 28 19
5 27 14 15 26 28
5 27 8 31 5 0
5 27 8 15 31 0
5 27 8 15 31 5
5 27 8 14 5 0
5 27 8 14 15 5
5 27 6 3 9 0
5 27 6 14 3 9
5 27 21 28 3 0
5 27 14 21 28 3
5 27 14 20 31 0
5 27 6 20 31 0
5 27 6 14 20 31
5 27 21 26 28 0
5 27 14 21 26 28
5 27 15 21 26 0
5 27 14 15 21 26
5 27 8 15 21 0
5 27 8 14 21 0
5 27 8 14 15 21
5 27 6 20 3 0
5 27 6 14 20 3
5 27 20 21 3 0
5 27 14 20 21 0
5 27 14 20 21 3
