302
5 5 11 12 0 4
5 23 17 26 32 4
5 23 17 27 32 4
5 31 5 12 18 0
5 29 5 27 32 4
5 29 31 5 18 0
5 29 18 32 0 30
5 29 31 5 12 0
5 28 5 12 18 0
5 28 31 12 18 0
5 28 31 16 18 0
5 28 16 18 0 30
5 28 25 5 12 0
5 28 29 18 0 30
5 28 29 5 18 0
5 28 25 16 0 30
5 13 28 17 16 30
5 13 29 18 32 30
5 13 28 29 18 30
5 13 28 29 17 30
5 13 28 29 17 18
5 14 23 17 26 4
5 14 23 17 27 4
5 14 23 1 20 4
5 14 23 1 26 4
5 14 23 1 26 20
5 22 25 11 0 30
5 22 28 25 12 0
5 22 28 31 12 0
5 22 14 12 20 4
5 22 14 1 20 4
5 22 25 16 0 30
5 22 28 25 16 0
5 22 28 31 16 0
5 22 16 18 0 30
5 22 31 16 18 0
5 15 22 31 16 20
5 15 22 28 31 16
5 15 22 31 12 20
5 15 22 28 31 12
5 15 31 27 12 20
5 15 22 14 12 20
5 15 14 17 16 20
5 15 22 14 16 20
5 15 22 28 25 12
5 15 22 28 25 16
5 15 28 25 5 12
5 15 29 31 27 12
5 15 31 17 27 18
5 15 27 12 20 4
5 15 14 12 20 4
5 15 14 23 17 20
5 15 14 23 17 27
5 15 29 5 27 12
5 15 29 17 27 18
5 15 28 29 17 18
5 15 28 31 12 18
5 15 29 31 27 18
5 15 28 5 12 18
5 15 28 29 5 18
5 15 23 27 20 4
5 15 14 23 20 4
5 15 14 23 27 4
5 15 5 27 12 4
5 15 31 5 12 18
5 15 29 31 5 18
5 15 29 31 5 12
5 15 29 5 27 4
5 15 14 17 27 4
5 15 29 27 32 4
5 15 29 17 27 32
5 24 28 16 18 30
5 24 13 16 18 30
5 24 13 28 18 30
5 24 13 28 16 30
5 24 13 28 17 18
5 24 13 28 17 16
5 24 28 31 16 18
5 24 15 31 17 18
5 24 15 28 17 18
5 24 15 28 31 18
5 24 15 28 17 16
5 24 15 28 31 16
5 24 31 17 27 18
5 24 29 17 18 32
5 24 13 29 18 32
5 24 13 29 17 32
5 24 13 29 17 18
5 19 5 11 12 4
5 19 15 5 12 4
5 19 15 14 12 4
5 19 15 25 5 12
5 19 29 5 32 4
5 19 15 29 32 4
5 19 15 29 5 4
5 3 14 23 17 26
5 3 14 23 17 20
5 3 23 17 26 32
5 3 13 17 26 32
5 3 24 13 17 32
5 3 14 17 16 20
5 3 23 17 27 32
5 3 24 17 27 18
5 3 24 31 17 27
5 3 31 23 27 20
5 3 24 15 31 17
5 3 15 17 16 20
5 3 24 15 17 16
5 3 24 31 27 18
5 3 15 23 27 20
5 3 15 23 17 20
5 3 15 23 17 27
5 3 15 31 27 20
5 3 15 31 17 27
5 3 15 31 16 20
5 3 24 31 16 20
5 3 24 15 31 16
5 2 14 1 26 4
5 2 14 17 26 4
5 10 22 25 12 0
5 10 22 25 11 0
5 10 5 11 12 0
5 10 19 5 11 0
5 10 19 5 11 12
5 10 19 11 12 4
5 10 22 14 12 4
5 10 19 14 12 4
5 10 15 22 25 12
5 10 15 22 14 12
5 10 19 15 25 12
5 10 19 15 14 12
5 10 19 15 14 25
5 10 22 14 1 4
5 10 2 19 11 4
5 10 2 19 14 4
5 10 15 14 25 16
5 10 15 22 25 16
5 10 15 22 14 16
5 10 25 16 11 30
5 10 22 16 11 30
5 10 22 25 11 30
5 10 22 25 16 30
5 10 2 1 11 4
5 10 2 14 1 4
5 10 22 14 16 20
5 10 2 1 11 26
5 10 2 14 11 26
5 10 2 14 1 26
5 10 14 1 26 20
5 10 22 14 1 20
5 6 24 13 16 18
5 6 13 16 18 30
5 6 24 31 16 20
5 6 24 31 16 18
5 6 13 16 11 30
5 6 23 1 26 20
5 6 10 14 26 20
5 6 10 14 16 20
5 6 14 13 16 11
5 6 14 23 26 20
5 6 10 22 16 20
5 6 10 1 26 20
5 6 10 22 1 20
5 6 10 14 11 26
5 6 10 14 16 11
5 6 2 14 11 26
5 6 2 14 13 26
5 6 2 14 13 11
5 6 10 22 16 11
5 6 10 1 11 26
5 6 10 22 1 11
5 21 19 15 32 4
5 21 19 15 14 4
5 21 15 14 17 4
5 21 2 19 32 4
5 21 2 19 14 4
5 21 19 15 14 17
5 21 2 14 17 4
5 21 17 27 32 4
5 21 15 27 32 4
5 21 15 17 27 4
5 21 15 17 27 32
5 21 15 29 17 32
5 21 19 15 29 32
5 21 17 26 32 4
5 21 2 26 32 4
5 21 2 17 26 4
5 21 13 17 26 32
5 21 14 13 17 26
5 21 2 14 17 26
5 21 2 14 13 26
5 21 13 29 32 30
5 21 13 29 17 30
5 21 13 29 17 32
5 21 2 19 11 32
5 21 6 2 11 26
5 21 6 2 13 26
5 21 6 2 13 11
5 8 25 5 12 0
5 8 10 5 12 0
5 8 10 25 12 0
5 8 10 19 5 0
5 8 19 25 5 12
5 8 10 19 5 12
5 8 10 19 25 12
5 8 10 25 11 0
5 8 10 19 11 0
5 8 25 11 0 30
5 8 21 19 11 32
5 8 5 11 32 0
5 8 19 5 11 0
5 8 19 5 11 32
5 8 10 2 14 11
5 8 10 2 19 11
5 8 10 2 19 14
5 7 3 24 16 20
5 7 6 24 16 20
5 7 6 3 24 20
5 7 3 14 16 20
5 7 6 14 16 20
5 7 6 24 13 16
5 7 6 3 24 13
5 7 3 14 23 20
5 7 6 14 23 20
5 7 6 3 23 20
5 7 6 14 13 16
5 7 24 13 17 16
5 7 3 24 17 16
5 7 3 24 13 17
5 7 3 14 23 26
5 7 6 14 23 26
5 7 6 3 23 26
5 7 14 13 17 16
5 7 3 14 17 16
5 7 6 14 13 26
5 7 6 3 13 26
5 7 14 13 17 26
5 7 3 13 17 26
5 7 3 14 17 26
5 9 21 19 14 17
5 9 14 13 17 16
5 9 21 14 13 17
5 9 15 14 17 16
5 9 15 14 25 16
5 9 19 15 14 17
5 9 19 15 14 25
5 9 13 17 16 30
5 9 21 13 17 30
5 9 21 2 14 13
5 9 15 28 17 16
5 9 28 17 16 30
5 9 21 19 15 17
5 9 21 2 19 14
5 9 8 2 19 14
5 9 15 28 25 16
5 9 10 14 25 16
5 9 10 19 14 25
5 9 8 10 19 25
5 9 8 10 19 14
5 9 13 16 11 30
5 9 21 13 11 30
5 9 14 13 16 11
5 9 2 14 13 11
5 9 21 2 13 11
5 9 28 29 17 30
5 9 21 29 17 30
5 9 15 28 29 17
5 9 21 15 29 17
5 9 10 14 16 11
5 9 8 10 14 11
5 9 8 2 14 11
5 9 21 2 19 11
5 9 8 2 19 11
5 9 8 21 19 11
5 9 15 28 25 5
5 9 19 15 25 5
5 9 10 25 16 11
5 9 8 10 25 11
5 9 28 25 16 30
5 9 8 19 25 5
5 9 8 19 5 32
5 9 8 21 19 32
5 9 15 28 29 5
5 9 19 15 29 5
5 9 21 19 15 29
5 9 25 16 11 30
5 9 8 25 11 30
5 9 8 11 0 30
5 9 19 29 5 32
5 9 21 19 29 32
5 9 8 11 32 0
5 9 8 21 11 32
5 9 28 25 0 30
5 9 28 25 5 0
5 9 8 25 0 30
5 9 8 25 5 0
5 9 28 29 0 30
5 9 28 29 5 0
5 9 29 32 0 30
5 9 21 29 32 30
5 9 29 5 32 0
5 9 8 5 32 0
