209
5 6 17 19 7 4
5 6 17 19 18 4
5 16 6 17 13 7
5 16 17 18 4 10
5 16 6 18 4 10
5 16 6 17 18 4
5 2 19 9 8 21
5 2 6 17 19 18
5 2 16 6 17 18
5 2 19 9 7 21
5 2 17 19 7 21
5 2 6 17 19 7
5 2 9 12 8 21
5 2 16 6 17 7
5 2 17 13 7 21
5 2 16 17 13 21
5 2 16 17 13 7
5 5 2 19 8 21
5 5 2 12 8 21
5 5 2 17 19 21
5 5 2 17 19 18
5 5 17 19 18 4
5 1 5 11 12 8
5 1 5 2 12 8
5 1 16 17 13 21
5 1 5 11 17 21
5 1 2 16 17 21
5 1 2 16 17 18
5 1 5 2 17 21
5 1 5 2 17 18
5 1 11 20 12 8
5 1 24 20 12 8
5 1 24 11 20 8
5 1 17 13 21 10
5 1 11 13 21 10
5 1 11 17 21 10
5 1 16 17 13 10
5 1 16 20 13 10
5 1 11 20 13 10
5 1 24 16 20 10
5 1 24 11 20 10
5 1 5 11 17 4
5 1 5 24 11 4
5 1 5 2 19 18
5 1 16 17 18 10
5 1 24 16 18 10
5 1 11 17 4 10
5 1 24 11 4 10
5 1 5 17 18 4
5 1 24 19 18 4
5 1 5 19 18 4
5 1 5 24 19 4
5 1 17 18 4 10
5 1 24 18 4 10
5 23 9 12 14 8
5 23 2 6 19 18
5 23 6 19 18 4
5 23 2 19 9 7
5 23 2 6 19 7
5 23 19 9 7 4
5 23 6 19 7 4
5 22 2 9 12 8
5 22 23 9 12 8
5 22 23 2 9 8
5 22 13 12 14 21
5 22 9 12 14 21
5 22 9 13 14 21
5 22 9 13 14 7
5 22 2 9 12 21
5 22 23 1 2 8
5 22 2 16 13 7
5 22 9 13 7 21
5 22 2 13 7 21
5 22 2 9 7 21
5 22 1 2 16 18
5 22 23 1 2 18
5 22 2 16 6 7
5 22 23 2 9 7
5 22 23 2 6 7
5 22 2 16 6 18
5 22 23 2 6 18
5 15 20 12 14 8
5 15 23 12 14 8
5 15 23 9 14 8
5 15 23 1 24 8
5 15 24 20 4 10
5 15 24 18 4 10
5 15 23 24 18 4
5 15 6 18 4 10
5 15 23 6 18 4
5 15 23 6 7 4
5 15 22 23 9 7
5 15 1 24 16 18
5 15 23 1 24 18
5 15 22 1 16 18
5 15 22 23 1 18
5 15 24 16 18 10
5 15 24 16 20 10
5 15 16 6 18 10
5 15 22 23 6 7
5 15 22 16 6 18
5 15 22 23 6 18
5 0 24 11 20 8
5 0 15 24 20 4
5 0 15 23 24 4
5 0 15 24 20 8
5 0 15 23 24 8
5 0 15 23 9 8
5 0 23 19 9 4
5 0 24 19 18 4
5 0 23 19 18 4
5 0 23 24 18 4
5 0 23 1 24 8
5 0 5 11 19 4
5 0 5 24 19 4
5 0 5 24 11 4
5 0 2 19 9 8
5 0 23 2 9 8
5 0 23 2 19 9
5 0 1 24 19 18
5 0 23 1 24 18
5 0 1 5 24 19
5 0 23 1 2 8
5 0 1 24 11 8
5 0 1 5 11 8
5 0 1 5 24 11
5 0 1 2 19 18
5 0 23 2 19 18
5 0 23 1 2 18
5 0 5 2 19 8
5 0 1 5 2 8
5 0 1 5 2 19
5 25 23 9 12 14
5 25 22 9 12 14
5 25 22 23 9 12
5 25 15 23 12 14
5 25 15 23 9 14
5 25 15 22 23 9
5 25 15 20 12 14
5 25 22 23 12 8
5 25 15 23 12 8
5 25 22 9 14 7
5 25 15 22 9 7
5 25 15 23 1 8
5 25 15 22 23 1
5 25 15 22 6 7
5 25 15 20 14 10
5 25 15 16 20 10
5 25 15 22 16 6
5 25 15 22 1 16
5 25 1 24 12 8
5 25 15 1 24 8
5 25 22 16 6 7
5 25 20 13 14 10
5 25 16 20 13 10
5 25 15 16 6 10
5 25 1 24 16 20
5 25 15 24 16 20
5 25 15 1 24 16
5 25 24 20 12 8
5 25 15 20 12 8
5 25 15 24 20 8
5 25 22 13 14 7
5 25 22 16 13 7
5 3 22 1 2 16
5 3 25 22 1 16
5 3 22 2 16 13
5 3 25 22 16 13
5 3 2 16 13 21
5 3 1 16 13 21
5 3 1 2 16 21
5 3 1 16 20 13
5 3 25 16 20 13
5 3 25 1 16 20
5 3 22 2 13 21
5 3 1 2 12 8
5 3 22 2 12 8
5 3 22 1 2 8
5 3 22 2 12 21
5 3 25 1 12 8
5 3 25 22 12 8
5 3 25 20 13 14
5 3 22 13 12 21
5 3 5 2 12 21
5 3 1 5 2 21
5 3 1 5 2 12
5 3 22 23 1 8
5 3 25 23 1 8
5 3 25 22 23 8
5 3 25 22 23 1
5 3 11 20 13 14
5 3 1 11 20 13
5 3 25 20 12 14
5 3 11 13 14 21
5 3 1 11 13 21
5 3 13 12 14 21
5 3 22 13 12 14
5 3 25 22 12 14
5 3 25 22 13 14
5 3 5 11 12 21
5 3 1 5 11 21
5 3 1 5 11 12
5 3 11 12 14 21
5 3 11 20 12 14
5 3 1 11 20 12
5 3 1 24 20 12
5 3 25 24 20 12
5 3 25 1 24 12
5 3 25 1 24 20
