4
33
-7.5277 5.61609 -5.99538 1.40904
9.03666 -4.4721 4.59344 6.67686
0.551655 -4.25238 6.48665 -0.694636
5.40746 -8.23038 5.01697 -0.340358
9.89819 9.055 -5.64666 1.96717
5.71876 7.67677 -0 -8.09513
7.76363 7.95648 -0 8.64835
0.306212 0.290833 -0 -1.7188
-9.39563 9.3855 -0 3.71501
3.89866 -6.11654 -0 8.89687
9.18998 7.14749 -0 1.63192
-6.72973 -0.145388 -0 -6.80227
-9.16062 -9.33351 0.70811 -0
6.22746 1.65368 1.28095 -0
9.64578 -4.13247 -2.29338 -0
-3.42407 9.94021 2.9274 -0
2.69842 2.45731 5.27426 -0
6.30289 7.05314 4.90057 -0
8.76269 -0.543095 5.64526 -0
-0 -1.76703 -4.61591 2.30789
-0 9.77443 -5.21926 3.51463
-0 4.49138 2.19378 -4.75099
-0 7.73584 -7.15973 7.89122
-0 7.21783 -6.04523 1.89294
-0 0.540452 -3.05495 1.86934
-0 9.00833 1.57629 3.5118
-8.83394 -0 5.23587 -5.44993
-7.79623 -0 3.34727 1.21692
8.64742 -0 -3.10373 -0.849666
9.89023 -0 1.54558 -5.06856
-7.67573 -0 -6.10916 -8.36254
0.334648 -0 -4.61385 -0.548513
8.16755 -0 -9.38787 8.07015
