4
26
-5.70689 -6.899 9.69685 -9.5325
3.26051 -2.50471 -1.8618 -2.98607
-4.90952 9.15919 2.63102 -9.25007
-6.70269 -1.16691 2.07109 6.88733
5.00934 -1.93086 -9.73137 -3.83192
-0 -1.76703 -4.61591 2.30789
-0 9.77443 -5.21926 3.51463
-0 4.49138 2.19378 -4.75099
-0 7.73584 -7.15973 7.89122
-0 7.21783 -6.04523 1.89294
-0 0.540452 -3.05495 1.86934
-0 9.00833 1.57629 3.5118
6.21178 9.18195 -0 4.55459
1.9969 4.50455 -0 -7.9908
8.14566 6.38296 -0 0.256898
-8.13108 0.422548 -0 -1.89909
1.36746 5.89249 -0 1.11552
-9.55887 4.99908 -0 -2.99247
-7.46698 1.68025 -0 8.57647
2.47223 -2.80553 3.88261 -0
-9.7492 9.40233 8.68331 -0
6.90376 6.43876 -5.92015 -0
-6.23039 7.56352 8.63445 -0
-0.0269439 0.88161 -6.90376 -0
1.8717 3.74869 -2.09503 -0
-4.58707 4.31329 -1.47076 -0
