4
19
5.21236 7.84285 -2.56367 1.98684
5.99126 4.33308 -3.52107 3.98312
0.859001 4.13449 -1.48634 2.2599
-9.19309 5.98198 -8.56679 7.46559
1.68526 -0.0429576 -8.06485 1.94424
-0 -3.90231 -4.44629 2.1199
-0 -3.52983 9.98592 8.27967
-0 6.70582 2.3966 1.75184
-0 1.64804 7.58598 -3.28604
-0 1.85541 -7.48429 3.85879
-0 -4.84462 1.98739 0.0391575
-0 -7.15588 7.57852 -8.06437
-0.081121 -0 -8.35629 7.90261
-1.18019 -0 4.8806 -7.7004
5.47034 -0 4.17668 4.59715
2.3422 -0 -7.31874 1.183
-7.16261 -0 2.03903 -0.681407
3.56651 -0 -1.88292 -4.41013
-9.84048 -0 -9.23035 -6.87048
