4
33
8.829 -7.7171 5.62546 0.735414
-2.04968 -8.6801 0.871779 6.13819
-1.43872 8.30368 -7.07888 -8.3212
3.1066 4.2893 -2.51497 7.00922
-9.43472 -7.214 7.36916 6.07645
9.69041 3.7738 -0 -8.4425
1.22418 4.82046 -0 -1.77451
-7.58482 2.61693 -0 0.0643945
8.67837 -4.17489 -0 -2.09404
-8.27144 6.3647 -0 1.36452
-5.40767 3.53266 -0 2.91097
1.11727 2.49211 -0 -0.900519
-0 -3.96988 -3.70214 4.22091
-0 6.22314 0.367231 8.76096
-0 -0.614302 -2.46751 2.07709
-0 7.47533 -4.20152 -8.00449
-0 -0.983821 6.47968 -6.70137
-0 3.83831 1.86648 1.15037
-0 5.82023 4.90047 9.63491
-4.53639 -0 6.16764 -0.355579
1.48153 -0 4.46716 -0.801992
0.838716 -0 -5.36199 -5.60279
8.66419 -0 4.5951 4.41488
4.90176 -0 1.02391 -4.26199
-4.18629 -0 -8.83697 -8.1046
-0.732399 -0 2.69338 -3.48864
-9.16062 -9.33351 0.70811 -0
6.22746 1.65368 1.28095 -0
9.64578 -4.13247 -2.29338 -0
-3.42407 9.94021 2.9274 -0
2.69842 2.45731 5.27426 -0
6.30289 7.05314 4.90057 -0
8.76269 -0.543095 5.64526 -0
