4
26
-6.85827 7.35829 -2.43686 3.03116
7.3501 -8.46762 -2.66972 3.95518
3.77989 3.12424 -3.20398 -2.45452
6.64909 6.65527 -3.89322 3.55936
-2.48306 8.41871 1.993 -7.74641
-8.83394 -0 5.23587 -5.44993
-7.79623 -0 3.34727 1.21692
8.64742 -0 -3.10373 -0.849666
9.89023 -0 1.54558 -5.06856
-7.67573 -0 -6.10916 -8.36254
0.334648 -0 -4.61385 -0.548513
8.16755 -0 -9.38787 8.07015
6.15515 -6.5421 -0 7.8958
-8.48986 0.545757 -0 -6.18924
7.04124 6.25978 -0 -2.2795
-2.11869 5.39985 -0 4.20213
-7.9835 -2.65734 -0 2.52552
-4.96477 -1.96311 -0 -5.79951
-5.63793 7.84858 -0 0.287761
4.54348 0.745203 -2.66516 -0
3.48112 5.52644 7.76879 -0
-7.04189 -3.78115 -7.95455 -0
4.35468 -0.829893 6.22067 -0
5.20718 -7.89367 1.23706 -0
5.61967 5.5001 -2.24954 -0
4.07245 9.52179 0.917079 -0
