4
33
8.45246 7.28574 2.69179 0.0541534
-5.34106 -7.26374 9.42938 3.40614
-7.37839 -3.48764 8.84222 6.50362
-0.490224 4.3943 -2.12774 6.5155
-1.34528 -3.50735 -6.66172 -5.74195
3.76268 -0 5.51211 -0.645103
1.68814 -0 5.1424 6.79947
-9.45541 -0 3.84378 -9.34071
5.36835 -0 4.5066 -1.18286
-2.37506 -0 6.84002 9.9396
-0.926612 -0 6.62235 5.88088
4.05004 -0 -2.87103 4.66718
-0 -3.90231 -4.44629 2.1199
-0 -3.52983 9.98592 8.27967
-0 6.70582 2.3966 1.75184
-0 1.64804 7.58598 -3.28604
-0 1.85541 -7.48429 3.85879
-0 -4.84462 1.98739 0.0391575
-0 -7.15588 7.57852 -8.06437
-9.84853 9.29376 -0 -4.54125
5.88576 2.56827 -0 3.88065
6.35234 5.45067 -0 1.57598
3.88058 -1.66624 -0 7.20214
-3.04246 -2.86485 -0 -2.05706
-9.54039 -1.4973 -0 -3.02324
-2.97221 -4.25134 -0 -5.80567
-1.97385 7.03512 -6.41696 -0
1.26715 9.19266 5.60169 -0
-4.88202 9.6798 -3.31248 -0
-9.70729 -0.685272 1.32877 -0
-1.71691 5.69115 6.46307 -0
6.55421 4.78296 9.08132 -0
-2.66183 -1.09326 7.86029 -0
