4
26
-4.06362 -2.85205 -5.85493 -6.68825
1.33819 -5.69315 2.47574 3.49461
-2.46066 -5.30554 2.50624 9.35117
5.50555 3.29996 -0.543065 6.1346
1.31949 -3.89996 4.11288 -1.39083
-4.53639 -0 6.16764 -0.355579
1.48153 -0 4.46716 -0.801992
0.838716 -0 -5.36199 -5.60279
8.66419 -0 4.5951 4.41488
4.90176 -0 1.02391 -4.26199
-4.18629 -0 -8.83697 -8.1046
-0.732399 -0 2.69338 -3.48864
-9.84853 9.29376 -0 -4.54125
5.88576 2.56827 -0 3.88065
6.35234 5.45067 -0 1.57598
3.88058 -1.66624 -0 7.20214
-3.04246 -2.86485 -0 -2.05706
-9.54039 -1.4973 -0 -3.02324
-2.97221 -4.25134 -0 -5.80567
4.54348 0.745203 -2.66516 -0
3.48112 5.52644 7.76879 -0
-7.04189 -3.78115 -7.95455 -0
4.35468 -0.829893 6.22067 -0
5.20718 -7.89367 1.23706 -0
5.61967 5.5001 -2.24954 -0
4.07245 9.52179 0.917079 -0
