4
33
-0.957638 -2.25209 -9.06836 -9.4602
6.42732 -7.53562 2.33832 5.55416
5.03347 9.30614 -2.57301 -2.10595
6.12251 -1.22153 6.67293 1.28619
9.23595 5.01012 2.27354 2.7181
-0 6.23038 -8.02377 7.38053
-0 -2.61004 9.0801 -6.16217
-0 -2.78917 3.54788 -6.73868
-0 8.01083 0.905336 8.2723
-0 9.07797 -0.191494 5.00165
-0 0.834759 3.93525 9.31426
-0 9.41901 7.60636 9.25779
3.76268 -0 5.51211 -0.645103
1.68814 -0 5.1424 6.79947
-9.45541 -0 3.84378 -9.34071
5.36835 -0 4.5066 -1.18286
-2.37506 -0 6.84002 9.9396
-0.926612 -0 6.62235 5.88088
4.05004 -0 -2.87103 4.66718
9.69041 3.7738 -0 -8.4425
1.22418 4.82046 -0 -1.77451
-7.58482 2.61693 -0 0.0643945
8.67837 -4.17489 -0 -2.09404
-8.27144 6.3647 -0 1.36452
-5.40767 3.53266 -0 2.91097
1.11727 2.49211 -0 -0.900519
-4.49435 2.88786 5.89742 -0
-7.56373 6.95983 -3.54138 -0
-4.8517 1.7592 2.89541 -0
-3.164 -8.54297 3.88643 -0
-8.42437 6.03293 -2.187 -0
-9.25012 7.119 1.50776 -0
1.48153 -8.25141 -3.80424 -0
