4
33
3.75768 9.56395 6.16344 2.69055
6.23411 -3.56899 7.04924 -9.36285
-7.61746 -5.76588 -2.77542 9.40528
9.5196 -9.54648 7.13118 9.48758
9.45222 1.96893 4.67855 -7.71815
-4.49435 2.88786 5.89742 -0
-7.56373 6.95983 -3.54138 -0
-4.8517 1.7592 2.89541 -0
-3.164 -8.54297 3.88643 -0
-8.42437 6.03293 -2.187 -0
-9.25012 7.119 1.50776 -0
1.48153 -8.25141 -3.80424 -0
-0 -6.54689 -8.45682 -8.1149
-0 -7.08753 -7.01664 -6.15385
-0 -9.80462 7.96582 -3.55735
-0 2.01753 9.36781 5.8854
-0 -2.92146 -3.73807 -6.06938
-0 7.48201 -7.76462 -1.70674
-0 -7.67549 -7.43422 -7.91269
4.66167 -0 -3.6858 -4.43286
-1.90417 -0 8.09901 4.42037
1.83524 -0 6.57203 9.74236
-1.71781 -0 -8.4983 0.246184
-2.26418 -0 -5.97299 9.2763
-9.7716 -0 5.3105 -5.96183
0.690422 -0 -4.60898 -7.12792
5.71876 7.67677 -0 -8.09513
7.76363 7.95648 -0 8.64835
0.306212 0.290833 -0 -1.7188
-9.39563 9.3855 -0 3.71501
3.89866 -6.11654 -0 8.89687
9.18998 7.14749 -0 1.63192
-6.72973 -0.145388 -0 -6.80227
