4
26
-3.79275 -4.24721 -6.12682 -1.40501
-0.438353 0.415688 -0.565578 -5.35329
2.25519 2.07067 -1.76342 2.41148
-0.877126 7.15916 -1.25751 -1.11108
-8.32148 -8.69669 9.6261 -1.11323
4.66167 -0 -3.6858 -4.43286
-1.90417 -0 8.09901 4.42037
1.83524 -0 6.57203 9.74236
-1.71781 -0 -8.4983 0.246184
-2.26418 -0 -5.97299 9.2763
-9.7716 -0 5.3105 -5.96183
0.690422 -0 -4.60898 -7.12792
-1.97385 7.03512 -6.41696 -0
1.26715 9.19266 5.60169 -0
-4.88202 9.6798 -3.31248 -0
-9.70729 -0.685272 1.32877 -0
-1.71691 5.69115 6.46307 -0
6.55421 4.78296 9.08132 -0
-2.66183 -1.09326 7.86029 -0
6.15515 -6.5421 -0 7.8958
-8.48986 0.545757 -0 -6.18924
7.04124 6.25978 -0 -2.2795
-2.11869 5.39985 -0 4.20213
-7.9835 -2.65734 -0 2.52552
-4.96477 -1.96311 -0 -5.79951
-5.63793 7.84858 -0 0.287761
